-5.615554778382107770e+01 -3.187912994151974289e+01
-5.618221532664465201e+01 -3.167590748918088650e+01
-5.619519634105103734e+01 -3.146866532765994151e+01
-5.619492477295296595e+01 -3.125842175453268723e+01
-5.618193966684833640e+01 -3.104617047532635965e+01
-5.615687773677924355e+01 -3.083286664113858677e+01
-5.612046457246101738e+01 -3.061941386350892103e+01
-5.607350462403628200e+01 -3.040665241149337916e+01
-5.601687012825394874e+01 -3.019534877134370987e+01
-5.595148915534303313e+01 -2.998618672167665622e+01
-5.587833296914688930e+01 -2.977976004708732916e+01
-5.579840290302509942e+01 -2.957656698139859230e+01
-5.571271696043147870e+01 -2.937700643878634921e+01
-5.562229635187925680e+01 -2.918137605750231600e+01
-5.552815217916654689e+01 -2.898987204748399549e+01
-5.543127247330567542e+01 -2.880259080042254638e+01
-5.533260978469050428e+01 -2.861953218947050459e+01
-5.523306951280637378e+01 -2.844060445628707257e+01
-5.513349914847346156e+01 -2.826563055607356389e+01
-5.503467858448809125e+01 -2.809435580712699476e+01
-5.493731163092373038e+01 -2.792645667065289317e+01
-5.484201884963734130e+01 -2.776155046947019400e+01
-5.474933179910996017e+01 -2.759920584108974850e+01
-5.465968875605290833e+01 -2.743895371163516117e+01
-5.457343195469381669e+01 -2.728029857230850297e+01
-5.449080635877417933e+01 -2.712272983960598438e+01
-5.441195995550052089e+01 -2.696573308419332093e+01
-5.433694553545923611e+01 -2.680880092111371127e+01
-5.426572389825891207e+01 -2.665144336560322103e+01
-5.419816840083225884e+01 -2.649319747392464919e+01
-5.413407074428128851e+01 -2.633363610695533197e+01
-5.407314787626019381e+01 -2.617237567534290932e+01
-5.401504986943058384e+01 -2.600908274842302603e+01
-5.395936862278467316e+01 -2.584347943426002914e+01
-5.390564722180012325e+01 -2.567534746460154693e+01
-5.385338978560596246e+01 -2.550453094567337331e+01
-5.380207162472649429e+01 -2.533093776303760691e+01
-5.375114953151732777e+01 -2.515453965563783356e+01
-5.370007202712780270e+01 -2.497537100013586908e+01
-5.364828939360524629e+01 -2.479352637119781733e+01
-5.359526332748117028e+01 -2.460915696604731906e+01
-5.354047606163452855e+01 -2.442246600195273842e+01
-5.348343881520079179e+01 -2.423370321298458308e+01
-5.342369944647992241e+01 -2.404315858706418396e+01
-5.336084920089830774e+01 -2.385115549578758731e+01
-5.329452846473800776e+01 -2.365804337757996478e+01
-5.322443145518967356e+01 -2.346419013931702224e+01
-5.315030979794533295e+01 -2.326997444261809989e+01
-5.307197496460425867e+01 -2.307577803862752930e+01
-5.298929956324146673e+01 -2.288197830936006838e+01
-5.290221749619644953e+01 -2.268894116480131373e+01
-5.281072301909154731e+01 -2.249701443315430538e+01
-5.271486875394485594e+01 -2.230652186723077079e+01
-5.261476272666963894e+01 -2.211775787334256549e+01
-5.251056451495856692e+01 -2.193098305055864827e+01
-5.240248060627772730e+01 -2.174642060827905254e+01
-5.229075907723887440e+01 -2.156425370919180295e+01
-5.217568371479558209e+01 -2.138462376328167736e+01
-5.205756770642064879e+01 -2.120762967712258984e+01
-5.193674703057261866e+01 -2.103332804165781411e+01
-5.181357368035631339e+01 -2.086173422150818269e+01
-5.168840885233236548e+01 -2.069282428995441947e+01
-5.156161622901960584e+01 -2.052653773650490976e+01
-5.143355547789400362e+01 -2.036278085872487154e+01
-5.130457608176003959e+01 -2.020143073705876446e+01
-5.117501160548822270e+01 -2.004233968096505691e+01
-5.104517449248761807e+01 -1.988534002698194314e+01
-5.091535147119802929e+01 -1.973024916447775468e+01
-5.078579963761924176e+01 -1.957687466286104083e+01
-5.065674326476495537e+01 -1.942501937493283037e+01
-5.052837137422817193e+01 -1.927448639478756220e+01
-5.040083608912761548e+01 -1.912508375507802327e+01
-5.027425177184822758e+01 -1.897662875737284693e+01
-5.014869493453484495e+01 -1.882895184051348636e+01
-5.002420489552677907e+01 -1.868189990503820752e+01
-4.990078514109848129e+01 -1.853533902656529975e+01
-4.977840533926858768e+01 -1.838915650715356875e+01
-4.965700394124720418e+01 -1.824326223071819797e+01
-4.953649129652619365e+01 -1.809758930617135064e+01
-4.941675319979658099e+01 -1.795209399968438291e+01
-4.929765478194072870e+01 -1.780675497492969583e+01
-4.917904465334270014e+01 -1.766157187696857278e+01
-4.906075920572995841e+01 -1.751656331123869137e+01
-4.894262697869338297e+01 -1.737176428351299506e+01
-4.882447299886294445e+01 -1.722722317944442949e+01
-4.870612300338646605e+01 -1.708299837311032476e+01
-4.858740746470870420e+01 -1.693915456259357910e+01
-4.846816534055189862e+01 -1.679575893692052801e+01
-4.834824748126263216e+01 -1.665287728248780397e+01
-4.822751963609760395e+01 -1.651057013838921250e+01
-4.810586501036968343e+01 -1.636888910878692016e+01
-4.798318633639934916e+01 -1.622787343670555416e+01
-4.785940743269279096e+01 -1.608754693745720132e+01
-4.773447423742294404e+01 -1.594791538149079635e+01
-4.760835531389009390e+01 -1.580896440598481689e+01
-4.748104183693537550e+01 -1.567065802222578519e+01
-4.735254708004297441e+01 -1.553293777200084236e+01
-4.722290543288587372e+01 -1.539572257120407173e+01
-4.709217098814716707e+01 -1.525890926293992855e+01
-4.696041574442372735e+01 -1.512237388595817400e+01
-4.682772747874154362e+01 -1.498597364763478978e+01
-4.669420734758078595e+01 -1.484954957428620226e+01
-4.655996727923975698e+01 -1.471292979571966875e+01
-4.642512722281004045e+01 -1.457593340593571263e+01
-4.628981231998749735e+01 -1.443837482811709272e+01
-4.615415006541902443e+01 -1.430006859976519706e+01
-4.601826751932357240e+01 -1.416083448333952077e+01
-4.588228863283379155e+01 -1.402050279923190601e+01
-4.574633174196341656e+01 -1.387891987155241580e+01
-4.561050728046179614e+01 -1.373595347314070914e+01
-4.547491575522742124e+01 -1.359149815453283594e+01
-4.533964602057736926e+01 -1.344548034233532796e+01
-4.520477387970063177e+01 -1.329786309556857482e+01
-4.507036103325867771e+01 -1.314865041397307266e+01
-4.493645438652270485e+01 -1.299789099989808783e+01
-4.480308571786386551e+01 -1.284568138506530310e+01
-4.467027170302824146e+01 -1.269216834499782642e+01
-4.453801428161963827e+01 -1.253755053700185229e+01
-4.440630134475627244e+01 -1.238207931200543754e+01
-4.427510771611298424e+01 -1.222605866599511160e+01
-4.414439639265535931e+01 -1.206984431294064031e+01
-4.401412000642250177e+01 -1.191384187762029079e+01
-4.388422246482040379e+01 -1.175850422332965550e+01
-4.375464072410730410e+01 -1.160432794573785920e+01
-4.362530664912779343e+01 -1.145184907982403644e+01
-4.349614891189423815e+01 -1.130163808158163974e+01
-4.336709488230167864e+01 -1.115429415971889249e+01
-4.323807246606357069e+01 -1.101043904466799006e+01
-4.310901184778425943e+01 -1.087071029260018484e+01
-4.297984710086971916e+01 -1.073575423064805534e+01
-4.285051763059423990e+01 -1.060621865600574232e+01
-4.272096942195916824e+01 -1.048274540590500692e+01
-4.259115606986798497e+01 -1.036596291758099575e+01
-4.246103957542400309e+01 -1.025647889723949469e+01
-4.233059089869260561e+01 -1.015487321472583737e+01
-4.219979026487661145e+01 -1.006169113616140187e+01
-4.206862722736991600e+01 -9.977437000351544683e+00
-4.193710049743025081e+01 -9.902568436441582023e+00
-4.180521755606962131e+01 -9.837491210280827403e+00
-4.167299406909327075e+01 -9.782554775464873842e+00
-4.154045313086330538e+01 -9.738048592311022489e+00
-4.140762436624143561e+01 -9.704199264330554797e+00
-4.127454292316932793e+01 -9.681168527379107047e+00
-4.114124839042100490e+01 -9.669052111875393152e+00
-4.100778367615621534e+01 -9.667879483563600829e+00
-4.087419388301095324e+01 -9.677614453540410722e+00
-4.074052521457385723e+01 -9.698156633953155747e+00
-4.060682394626230973e+01 -9.729343702156198148e+00
-4.047313549086231887e+01 -9.770954423432389291e+00
-4.033950358544263537e+01 -9.822712370862657139e+00
-4.020596962204668756e+01 -9.884290270747346341e+00
-4.007257213967414344e+01 -9.955314893309976654e+00
-3.993934648966789780e+01 -1.003537240136179776e+01
-3.980632468090647080e+01 -1.012401406428114647e+01
-3.967353540528297628e+01 -1.022076224109448361e+01
-3.954100423801745023e+01 -1.032511653467516588e+01
-3.940875400152636132e+01 -1.043656001906334829e+01
-3.927680527604654515e+01 -1.055456544361214455e+01
-3.914517703510690438e+01 -1.067860132099330883e+01
-3.901388737940688856e+01 -1.080813781092749259e+01
-3.888295433883107677e+01 -1.094265231770540758e+01
-3.875239670929808256e+01 -1.108163472696628737e+01
-3.862223488901072699e+01 -1.122459221561801179e+01
-3.849249167751248280e+01 -1.137105357801941707e+01
-3.836319300080467798e+01 -1.152057302139756700e+01
-3.823436852666488761e+01 -1.167273339372628804e+01
-3.810605213622645948e+01 -1.182714881773874538e+01
-3.797828222080455163e+01 -1.198346671518330986e+01
-3.785110177682958721e+01 -1.214136921565599536e+01
-3.772455827650107096e+01 -1.230057395417855304e+01
-3.759870329730255634e+01 -1.246083427097011409e+01
-3.747359189970136129e+01 -1.262193883543110928e+01
-3.734928174905492426e+01 -1.278371072410563158e+01
-3.722583198481973454e+01 -1.294600598920700030e+01
-3.710330184741663118e+01 -1.310871176010205552e+01
-3.698174908041100650e+01 -1.327174392491714983e+01
-3.686122813281291855e+01 -1.343504444311587775e+01
-3.674178819312652422e+01 -1.359857834251323361e+01
-3.662347109310685767e+01 -1.376233045576534586e+01
-3.650630912484906787e+01 -1.392630195194323406e+01
-3.639032281968342630e+01 -1.409050671844621760e+01
-3.627551874124431919e+01 -1.425496764730734256e+01
-3.616188734790438986e+01 -1.441971287800090806e+01
-3.604940098141150884e+01 -1.458477204627912371e+01
-3.593801203896767760e+01 -1.475017258547019416e+01
-3.582765138509369507e+01 -1.491593612317181439e+01
-3.571822705741619330e+01 -1.508207501250543814e+01
-3.560962331698889471e+01 -1.524858903316414427e+01
-3.550170008897515572e+01 -1.541546229351013686e+01
-3.539429283352053801e+01 -1.558266036105088048e+01
-3.528721287953072050e+01 -1.575012764484276317e+01
-3.518024824597320332e+01 -1.591778504980388753e+01
-3.507316496636082093e+01 -1.608552791963237283e+01
-3.496570892243551043e+01 -1.625322428205591763e+01
-3.485760818293005059e+01 -1.642071340751598640e+01
-3.474857583283242235e+01 -1.658780469011346170e+01
-3.463831326803462218e+01 -1.675427685771182595e+01
-3.452651391982528395e+01 -1.691987751647125648e+01
-3.441286736358842546e+01 -1.708432303374043926e+01
-3.429706375654620132e+01 -1.724729876210291479e+01
-3.417879854060467437e+01 -1.740845960639776635e+01
-3.405777733855167355e+01 -1.756743093463859751e+01
-3.393372096518819347e+01 -1.772380983286377187e+01
-3.380637046961884096e+01 -1.787716670298017618e+01
-3.367549212100691847e+01 -1.802704720154596529e+01
-3.354088224776435112e+01 -1.817297451608529713e+01
-3.340237183943617083e+01 -1.831445197389086488e+01
-3.325983082155386228e+01 -1.845096597628235813e+01
-3.311317191646033109e+01 -1.858198924890882608e+01
-3.296235400755622891e+01 -1.870698439589223838e+01
-3.280738493053524962e+01 -1.882540774238561454e+01
-3.264832362288318990e+01 -1.893671344648057442e+01
-3.248528157210307654e+01 -1.904035785736960662e+01
-3.231842351365332888e+01 -1.913580409229330215e+01
-3.214796734127843791e+01 -1.922252680015217408e+01
-3.197418320507752298e+01 -1.930001707482009365e+01
-3.179739178607038852e+01 -1.936778747625669439e+01
-3.161796174996390718e+01 -1.942537711260878197e+01
-3.143630639702094243e+01 -1.947235673172911419e+01
-3.125287953915377415e+01 -1.950833376606999181e+01
-3.106817064933007799e+01 -1.953295727087527922e+01
-3.088269934182708454e+01 -1.954592269213278044e+01
-3.069700925455427054e+01 -1.954697639801219111e+01
-3.051166141633104800e+01 -1.953591990563657177e+01
-3.032722719243290044e+01 -1.951261373414470768e+01
-3.014428091068578652e+01 -1.947698081521300395e+01
-2.996339227773077951e+01 -1.942900939361671320e+01
-2.978511870061242206e+01 -1.936875535309392049e+01
-2.960999763247591687e+01 -1.929634390678609535e+01
-2.943853906276105903e+01 -1.921197059689233555e+01
-2.927121827183477265e+01 -1.911590155487717624e+01
-2.910846896746353707e+01 -1.900847298159686716e+01
-2.895067691593264314e+01 -1.889008981596704473e+01
-2.879817417401561030e+01 -1.876122357121223416e+01
-2.865123401949288251e+01 -1.862240932916755654e+01
-2.851006666762861741e+01 -1.847424189539857053e+01
-2.837481584912899635e+01 -1.831737113087809377e+01
-2.824555631178550286e+01 -1.815249648939800409e+01
-2.812229229351754256e+01 -1.798036080357459454e+01
-2.800495699907330405e+01 -1.780174337597446765e+01
-2.789341309653212875e+01 -1.761745244528748344e+01
-2.778745423321955244e+01 -1.742831711034086339e+01
-2.768680755401850746e+01 -1.723517880680982373e+01
-2.759113718859598308e+01 -1.703888244247328387e+01
-2.750004865808990573e+01 -1.684026730653606663e+01
-2.741309413656663097e+01 -1.664015787664796520e+01
-2.732977848835945522e+01 -1.643935465357878201e+01
-2.724956598947590436e+01 -1.623862515786630212e+01
-2.717188762984917716e+01 -1.603869522497581457e+01
-2.709614888352077955e+01 -1.584024073547753275e+01
-2.702173782603469476e+01 -1.564387991436551140e+01
-2.694803347256053527e+01 -1.545016632887979213e+01
-2.687441420664067593e+01 -1.525958270703805297e+01
-2.680026616802726736e+01 -1.507253568959502665e+01
-2.672499146890350019e+01 -1.488935161641519933e+01
-2.664801611081251664e+01 -1.471027343440814583e+01
-2.656879747983529327e+01 -1.453545879842375221e+01
-2.648683130484269554e+01 -1.436497941906159070e+01
-2.640165797289301608e+01 -1.419882169248544201e+01
-2.631286810687465305e+01 -1.403688862734510856e+01
-2.622010732311509429e+01 -1.387900306313300547e+01
-2.612308010067217268e+01 -1.372491215309020518e+01
-2.602155270913498697e+01 -1.357429306349906106e+01
-2.591535515772760334e+01 -1.342675982024822545e+01
-2.580438214504876626e+01 -1.328187121330281961e+01
-2.568859300559255843e+01 -1.313913965055410493e+01
-2.556801066599452810e+01 -1.299804083482177575e+01
-2.544271964042656009e+01 -1.285802412189064192e+01
-2.531286311044712889e+01 -1.271852340370752366e+01
-2.517863914960628335e+01 -1.257896834953671572e+01
-2.504029616696390903e+01 -1.243879582922423843e+01
-2.489812765615090839e+01 -1.229746133695333299e+01
-2.475246634748640062e+01 -1.215445023115906764e+01
-2.460367786975886517e+01 -1.200928860668843967e+01
-2.445215403545526556e+01 -1.186155361891027304e+01
-2.429830586834279416e+01 -1.171088308627095032e+01
-2.414255649530746339e+01 -1.155698420768821499e+01
-2.398533402519184676e+01 -1.139964124404655266e+01
-2.382706453604387420e+01 -1.123872202870780157e+01
-2.366816528873371439e+01 -1.107418319014689700e+01
-2.350903827939474411e+01 -1.090607399025514113e+01
-2.335006423569945611e+01 -1.073453870419505485e+01
-2.319159715276223466e+01 -1.055981749155426108e+01
-2.303395945361569019e+01 -1.038224573351617686e+01
-2.287743784697737226e+01 -1.020225183640460287e+01
-2.272227994161075770e+01 -1.002035352781624233e+01
-2.256869166225846612e+01 -9.837152697150420622e+00
-2.241683549714651491e+01 -9.653328857226274096e+00
-2.226682959169514220e+01 -9.469631327381373254e+00
-2.211874768762235988e+01 -9.286870260527130938e+00
-2.197261989134856464e+01 -9.105906656695767154e+00
-2.182843424080068928e+01 -8.927641523257143774e+00
-2.168613902562426432e+01 -8.753004356881589842e+00
-2.154564580269185115e+01 -8.582941134194655319e+00
-2.140683303688591010e+01 -8.418402006661265702e+00
-2.126955028662269243e+01 -8.260328900395881746e+00
-2.113362284467078922e+01 -8.109643223196345119e+00
-2.099885673762484473e+01 -7.967233879107684658e+00
-2.086504398207419086e+01 -7.833945785252454996e+00
-2.073196799208852070e+01 -7.710569076617706408e+00
-2.059940903122754818e+01 -7.597829172107576134e+00
-2.046714960282965734e+01 -7.496377859688115208e+00
-2.033497967484509772e+01 -7.406785540135958357e+00
-2.020270163988117318e+01 -7.329534748094197916e+00
-2.007013491731392918e+01 -7.265015046214940320e+00
-1.993712011217393254e+01 -7.213519363555850994e+00
-1.980352265487032781e+01 -7.175241823547593434e+00
-1.966923585647842643e+01 -7.150277080247873229e+00
-1.953418332609506791e+01 -7.138621154731406904e+00
-1.939832070941941922e+01 -7.140173736849018127e+00
-1.926163672100702939e+01 -7.154741891705007184e+00
-1.912415345632085106e+01 -7.182045085546951313e+00
-1.898592598351827831e+01 -7.221721422789084244e+00
-1.884704122858968489e+01 -7.273334965033551036e+00
-1.870761618077598598e+01 -7.336383984598781716e+00
-1.856779545788003816e+01 -7.410309989553342191e+00
-1.842774828292543887e+01 -7.494507344874298482e+00
-1.828766493440160446e+01 -7.588333305327290113e+00
-1.814775274186046161e+01 -7.691118270161484638e+00
-1.800823170675882778e+01 -7.802176067823494598e+00
-1.786932983500077299e+01 -7.920814080639060784e+00
-1.773127827254671018e+01 -8.046343024754712303e+00
-1.759430633863286531e+01 -8.178086209442303911e+00
-1.745863655253513258e+01 -8.315388111982503716e+00
-1.732447974942278890e+01 -8.457622119502934410e+00
-1.719203037868701500e+01 -8.604197307047517285e+00
-1.706146207425335248e+01 -8.754564141451771420e+00
-1.693292358089511396e+01 -8.908219022873131721e+00
-1.680653511355552254e+01 -9.064707599655280390e+00
-1.668238521830444299e+01 -9.223626817106950426e+00
-1.656052819398155407e+01 -9.384625686271016676e+00
-1.644098212297169681e+01 -9.547404784343825668e+00
-1.632372754815220617e+01 -9.711714523583408365e+00
-1.620870682103433680e+01 -9.877352249825282371e+00
-1.609582413373833631e+01 -1.004415825464070267e+01
-1.598494623491650835e+01 -1.021201080627965396e+01
-1.587590381729074451e+01 -1.038082032343507777e+01
-1.576849355234995009e+01 -1.055052283218965670e+01
-1.566248073615157921e+01 -1.072107285995039305e+01
-1.555760249931866923e+01 -1.089243593049192427e+01
-1.545357152439449600e+01 -1.106458083122782732e+01
-1.535008020489443581e+01 -1.123747182739295880e+01
-1.524680517282488168e+01 -1.141106099788943773e+01
-1.514341211524647157e+01 -1.158528086414913894e+01
-1.503956079575250371e+01 -1.176003747657176746e+01
-1.493491019356615546e+01 -1.193520411307052242e+01
-1.482912367140708909e+01 -1.211061573120229617e+01
-1.472187408330828440e+01 -1.228606429955802426e+01
-1.461284873520890848e+01 -1.246129511586085492e+01
-1.450175411432573824e+01 -1.263600419894092752e+01
-1.438832030796412731e+01 -1.280983681983603084e+01
-1.427230503845799880e+01 -1.298238721415380859e+01
-1.415349724822163324e+01 -1.315319949397273547e+01
-1.403172017727934318e+01 -1.332176975345003100e+01
-1.390683388498815276e+01 -1.348754933840644910e+01
-1.377873717777407592e+01 -1.364994922694680213e+01
-1.364736891538766095e+01 -1.380834544610868875e+01
-1.351270867925061481e+01 -1.396208542903073990e+01
-1.337477679770723427e+01 -1.411049519859677126e+01
-1.323363373420204425e+01 -1.425288724729348999e+01
-1.308937885539442547e+01 -1.438856896942353991e+01
-1.294214860676462386e+01 -1.451685149108921102e+01
-1.279211413322370916e+01 -1.463705873570210159e+01
-1.263947839139191309e+01 -1.474853655830687948e+01
-1.248447280843668672e+01 -1.485066178079421917e+01
-1.232735354950661488e+01 -1.494285096213035757e+01
-1.216839746175554815e+01 -1.502456874296501788e+01
-1.200789776761373062e+01 -1.509533561228753129e+01
-1.184615958328475749e+01 -1.515473495497935552e+01
-1.168349534035853488e+01 -1.520241925292124741e+01
-1.152022018893986122e+01 -1.523811532846583106e+01
-1.135664745978349366e+01 -1.526162853723232260e+01
-1.119308426065454753e+01 -1.527284583695571918e+01
-1.102982727854156586e+01 -1.527173768011829580e+01
-1.086715885452880670e+01 -1.525835869988101479e+01
-1.070534339218366249e+01 -1.523284718098931911e+01
-1.054462415335352077e+01 -1.519542332940187990e+01
-1.038522048744588488e+01 -1.514638637596244308e+01
-1.022732553171988634e+01 -1.508611057007420442e+01
-1.007110441103056608e+01 -1.501504013866575526e+01
-9.916692955997792325e+00 -1.493368330337500360e+01
-9.764196948905560447e+00 -1.484260546452147977e+01
-9.613691896948301618e+00 -1.474242167378894486e+01
-9.465223322908778769e+00 -1.463378852837960942e+01
-9.318807554150987826e+00 -1.451739562755525270e+01
-9.174432982098034373e+00 -1.439395673781901230e+01
-9.032061756305470368e+00 -1.426420081546766028e+01
-8.891631869959253365e+00 -1.412886303484743422e+01
-8.753059587264838015e+00 -1.398867596743882835e+01
-8.616242157839101523e+00 -1.384436105099010206e+01
-8.481060758971654678e+00 -1.369662047948679451e+01
-8.347383603535245555e+00 -1.354612963399468484e+01
-8.215069149459596431e+00 -1.339353016161659582e+01
-8.083969346034024284e+00 -1.323942379525551694e+01
-7.953932852891694161e+00 -1.308436699090204947e+01
-7.824808169317505779e+00 -1.292886644213016289e+01
-7.696446614458999136e+00 -1.277337551375036639e+01
-7.568705103049492067e+00 -1.261829161852070946e+01
-7.441448666286500924e+00 -1.246395454282460236e+01
-7.314552673425186669e+00 -1.231064570966694660e+01
-7.187904716353918921e+00 -1.215858835056893028e+01
-7.061406126754246060e+00 -1.200794854227883590e+01
-6.934973103294482577e+00 -1.185883704997732480e+01
-6.808537434485407047e+00 -1.171131190609009565e+01
-6.682046811207089654e+00 -1.156538164315566597e+01
-6.555464731318205729e+00 -1.142100909061426073e+01
-6.428770007037884149e+00 -1.127811563899711444e+01
-6.301955893781725493e+00 -1.113658587089818575e+01
-6.175028866698533569e+00 -1.099627245631092798e+01
-6.048007078140575032e+00 -1.085700121039492139e+01
-5.920918535593706622e+00 -1.071857621441173158e+01
-5.793799045068254827e+00 -1.058078490532352944e+01
-5.666689969517009651e+00 -1.044340304619463566e+01
-5.539635855416968901e+00 -1.030619949788053624e+01
-5.412681983159493448e+00 -1.016894072227054302e+01
-5.285871898316488959e+00 -1.003139495830942174e+01
-5.159244981133222829e+00 -9.893336023846687866e+00
-5.032834110768859226e+00 -9.754546708759720630e+00
-4.906663478874803808e+00 -9.614821737423906001e+00
-4.780746604088252916e+00 -9.473970291168612334e+00
-4.655084595018334603e+00 -9.331818093524441693e+00
-4.529664704358378202e+00 -9.188209072558256807e+00
-4.404459210980482986e+00 -9.043006625117007147e+00
-4.279424660369539168e+00 -8.896094517124048195e+00
-4.154501486639825991e+00 -8.747377461967626999e+00
-4.029614031795571094e+00 -8.596781425319091952e+00
-3.904670969983255802e+00 -8.444253709282598663e+00
-3.779566136381882213e+00 -8.289762871521961785e+00
-3.654179752245390045e+00 -8.133298535880291169e+00
-3.528380029591696943e+00 -7.974871150027500022e+00
-3.402025131283496151e+00 -7.814511742871204980e+00
-3.274965454899353645e+00 -7.652271729963318059e+00
-3.147046202005912452e+00 -7.488222809057103468e+00
-3.018110188310261233e+00 -7.322456980508354363e+00
-2.888000844850038717e+00 -7.155086718575978111e+00
-2.756565355926310801e+00 -6.986245310121367069e+00
-2.623657876028108404e+00 -6.816087366992682917e+00
-2.489142765566574766e+00 -6.644789507805670681e+00
-2.352897783915521845e+00 -6.472551194191744628e+00
-2.214817178047324475e+00 -6.299595696185702032e+00
-2.074814605980303650e+00 -6.126171151567570305e+00
-1.932825836316186541e+00 -5.952551674934943193e+00
-1.788811168282752773e+00 -5.779038464356072602e+00
-1.642757520902537349e+00 -5.605960846859410651e+00
-1.494680145067384114e+00 -5.433677198987134638e+00
-1.344623918366204096e+00 -5.262575675350490201e+00
-1.192664189360902016e+00 -5.093074676704749670e+00
-1.038907145523694897e+00 -4.925622989618072545e+00
-8.834896871218976822e-01 -4.760699532373513954e+00
-7.265787977990202373e-01 -4.598812646323303888e+00
-5.683704113339651531e-01 -4.440498878450372722e+00
-4.090877828904097568e-01 -4.286321209286872325e+00
-2.489793818579316143e-01 -4.136866690440722749e+00
-8.831633195666162284e-02 -3.992743467596795881e+00
7.261056748592172039e-02 -3.854577177755527995e+00
2.334941974722927749e-01 -3.723006723379213234e+00
3.940148037832508221e-01 -3.598679440735539803e+00
5.538439549395434147e-01 -3.482245694731088470e+00
7.126487132567256300e-01 -3.374352947582937468e+00
8.700959541484003523e-01 -3.275639363428512585e+00
1.025856765484770117e+00 -3.186727025069756802e+00
1.179610856600929125e+00 -3.108214852153534657e+00
1.331050905537879192e+00 -3.040671321860951348e+00
1.479886773293341840e+00 -2.984627103321192187e+00
1.625849515295260783e+00 -2.940567725186035375e+00
1.768695122939107467e+00 -2.908926401869480038e+00
1.908207931853782569e+00 -2.890077147659693146e+00
2.044203638490341923e+00 -2.884328309100408383e+00
2.176531872609983598e+00 -2.891916644604769271e+00
2.305078280180049788e+00 -2.913002076164126652e+00
2.429766078959694653e+00 -2.947663231243022874e+00
2.550557057541103401e+00 -2.995893883580234007e+00
2.667451997676741904e+00 -3.057600389759124848e+00
2.780490509207583560e+00 -3.132600204242221853e+00
2.889750276654374783e+00 -3.220621539311212533e+00
2.995345726390640451e+00 -3.321304218287115528e+00
3.097426133094937306e+00 -3.434201750842670542e+00
3.196173193728244044e+00 -3.558784638515590792e+00
3.291798106427993975e+00 -3.694444897065513711e+00
3.384538200296818289e+00 -3.840501760504065665e+00
3.474653169930015828e+00 -3.996208509877805071e+00
3.562420975549027258e+00 -4.160760348634546801e+00
3.648133475641342383e+00 -4.333303226071831382e+00
3.732091863946937149e+00 -4.512943491370433158e+00
3.814601986393854283e+00 -4.698758243447866079e+00
3.895969616073315045e+00 -4.889806226690914137e+00
3.976495765527705561e+00 -5.085139109877961694e+00
4.056472115459356154e+00 -5.283812975556344327e+00
4.136176637442381399e+00 -5.484899840052618991e+00
4.215869485365979941e+00 -5.687499020329129351e+00
4.295789226166892405e+00 -5.890748163196196430e+00
4.376149475010074674e+00 -6.093833755005537256e+00
4.457135993509912630e+00 -6.296000935877906102e+00
4.538904301964521437e+00 -6.496562451708993713e+00
4.621577848019819967e+00 -6.694906589499858285e+00
4.705246764834956963e+00 -6.890503956805964947e+00
4.789967241822751909e+00 -7.082912984022928349e+00
4.875761520584363851e+00 -7.271784048538324718e+00
4.962618517881906222e+00 -7.456862142119367931e+00
5.050495066632127106e+00 -7.637988026885880188e+00
5.139317755080395678e+00 -7.815097850411063973e+00
5.228985333783903400e+00 -7.988221216440264172e+00
5.319371649920723755e+00 -8.157477733957176014e+00
5.410329058962545012e+00 -8.323072093371225222e+00
5.501692255062996750e+00 -8.485287743976162034e+00
5.593282453765606732e+00 -8.644479271065513615e+00
5.684911853995028075e+00 -8.801063593739865354e+00
5.776388300850245017e+00 -8.955510125080699879e+00
5.867520066617269769e+00 -9.108330054611705862e+00
5.958120664696143542e+00 -9.260064928479543767e+00
6.048013609902028520e+00 -9.411274715272753610e+00
6.137037038841871350e+00 -9.562525554622681057e+00
6.225048105831210599e+00 -9.714377391523097316e+00
6.311927073056996740e+00 -9.867371701557035024e+00
6.397581018388363461e+00 -1.002201951087814358e+01
6.481947090302966785e+00 -1.017878990989939325e+01
6.564995246749003144e+00 -1.033809925126687723e+01
6.646730423282992462e+00 -1.050030121100969538e+01
6.727194085366638987e+00 -1.066567787696662073e+01
6.806465130127721253e+00 -1.083443201097502673e+01
6.884660113999037101e+00 -1.100668061119436558e+01
6.961932794276615155e+00 -1.118244987868802198e+01
7.038472984564186241e+00 -1.136167166843008580e+01
7.114504736113504535e+00 -1.154418147966031327e+01
7.190283868991876659e+00 -1.172971801445307705e+01
7.266094888632256499e+00 -1.191792430697027783e+01
7.342247334399583103e+00 -1.210835039960140946e+01
7.419071617190541090e+00 -1.230045751654223096e+01
7.496914412534970040e+00 -1.249362366077409447e+01
7.576133684050123662e+00 -1.268715053731570563e+01
7.657093419232313458e+00 -1.288027168443602122e+01
7.740158165335035534e+00 -1.307216167559032449e+01
7.825687457350254839e+00 -1.326194623851116283e+01
7.914030232806445575e+00 -1.344871312438831623e+01
8.005519329150086350e+00 -1.363152354964831936e+01
8.100466158863946831e+00 -1.380942402561865201e+01
8.199155655181828095e+00 -1.398145838743699620e+01
8.301841577326051436e+00 -1.414667983296248543e+01
8.408742258658232771e+00 -1.430416278512598538e+01
8.520036874097513646e+00 -1.445301439702112134e+01
8.635862294724821808e+00 -1.459238552792833232e+01
8.756310587796523492e+00 -1.472148103017170051e+01
8.881427209598520278e+00 -1.483956920096406229e+01
9.011209926867131514e+00 -1.494599026989804180e+01
9.145608490076876151e+00 -1.504016381114603007e+01
9.284525068973062290e+00 -1.512159498935824153e+01
9.427815447529578563e+00 -1.518987956931154315e+01
9.575290962266782557e+00 -1.524470764113670640e+01
9.726721154813843029e+00 -1.528586603503518582e+01
9.881837096976742174e+00 -1.531323942136765304e+01
1.004033533459906025e+01 -1.532681011344828370e+01
1.020188238539981462e+01 -1.532665661093980880e+01
1.036611971595464077e+01 -1.531295094103974819e+01
1.053266911421990137e+01 -1.528595487236673911e+01
1.070113836667013274e+01 -1.524601509229941421e+01
1.087112714336291575e+01 -1.519355745225195520e+01
1.104223299016586779e+01 -1.512908039679264505e+01
1.121405732508113395e+01 -1.505314770147901626e+01
1.138621133512990546e+01 -1.496638065070210111e+01
1.155832167162287760e+01 -1.486944979066985262e+01
1.173003584486094120e+01 -1.476306639391946618e+01
1.190102722430195037e+01 -1.464797377050961558e+01
1.207099955694971705e+01 -1.452493855740754647e+01
1.223969092504179557e+01 -1.439474211172243834e+01
1.240687707390151395e+01 -1.425817212554385627e+01
1.257237405190880963e+01 -1.411601457045622432e+01
1.273604011674711778e+01 -1.396904606858742071e+01
1.289777687517788962e+01 -1.381802677460321682e+01
1.305752963735654326e+01 -1.366369383967877660e+01
1.321528698088846276e+01 -1.350675551448906830e+01
1.337107953417138972e+01 -1.334788593397209056e+01
1.352497800282470664e+01 -1.318772061235195459e+01
1.367709047690958535e+01 -1.302685266295874023e+01
1.382755906993108397e+01 -1.286582974403880009e+01
1.397655595305014486e+01 -1.270515171926769682e+01
1.412427885927584370e+01 -1.254526901029127650e+01
1.427094614244486692e+01 -1.238658160852241785e+01
1.441679148433442492e+01 -1.222943870477807771e+01
1.456205835012730532e+01 -1.207413888826302362e+01
1.470699429751452314e+01 -1.192093086097718313e+01
1.485184524787385207e+01 -1.177001460987864512e+01
1.499684982913791131e+01 -1.162154297705996520e+01
1.514223389911072104e+01 -1.147562356775098280e+01
1.528820535512683776e+01 -1.133232093705298738e+01
1.543494933108355660e+01 -1.119165899881933868e+01
1.558262387612487387e+01 -1.105362360386374476e+01
1.573135620067536067e+01 -1.091816523952895857e+01
1.588123956531398839e+01 -1.078520180836498099e+01
1.603233087626077591e+01 -1.065462145004158501e+01
1.618464903827424095e+01 -1.052628537741195736e+01
1.633817410172246554e+01 -1.040003070462321055e+01
1.649284722575637829e+01 -1.027567325209461302e+01
1.664857146415671352e+01 -1.015301031983750235e+01
1.680521336480614636e+01 -1.003182342674920235e+01
1.696260535815978088e+01 -9.911881018991042680e+00
1.712054889482972087e+01 -9.792941155182994351e+00
1.727881827774502810e+01 -9.674754179773877638e+00
1.743716512059121015e+01 -9.557065398466477291e+00
1.759532335160270478e+01 -9.439617770919094042e+00
1.775301467056413429e+01 -9.322154636058963106e+00
1.790995435725309903e+01 -9.204422484244030755e+00
1.806585732174401215e+01 -9.086173788214042091e+00
1.822044428115174597e+01 -8.967169901365764417e+00
1.837344794362948264e+01 -8.847184027467983825e+00
1.852461907887281001e+01 -8.726004260641531118e+00
1.867373235503501405e+01 -8.603436688429841439e+00
1.882059182486121784e+01 -8.479308544268890913e+00
1.896503594896773137e+01 -8.353471388838713096e+00
1.910694205143422764e+01 -8.225804292864323131e+00
1.924623011216289115e+01 -8.096216987158744161e+00
1.938286581160829769e+01 -7.964652939301380741e+00
1.951686275632392764e+01 -7.831092310544002899e+00
1.964828382809081475e+01 -7.695554741548519928e+00
1.977724161492745125e+01 -7.558101911595477063e+00
1.990389789877227145e+01 -7.418839813125051919e+00
2.002846219177855147e+01 -7.277920682045589729e+00
2.015118933065797080e+01 -7.135544524283090162e+00
2.027237615604963494e+01 -6.991960180638537636e+00
2.039235732113714406e+01 -6.847465875207061181e+00
2.051150029038742773e+01 -6.702409197416588249e+00
2.063019960502363048e+01 -6.557186474114820918e+00
2.074887050636761643e+01 -6.412241496005161245e+00
2.086794202124314523e+01 -6.268063571994562544e+00
2.098784962493041562e+01 -6.125184895503397620e+00
2.110902760652225041e+01 -5.984177218321805825e+00
2.123190126873045713e+01 -5.845647839955866232e+00
2.135687909909884397e+01 -5.710234933333031115e+00
2.148434505206970258e+01 -5.578602240976313631e+00
2.161465108136757962e+01 -5.451433189003155100e+00
2.174811005966766686e+01 -5.329424479282678817e+00
2.188498921754786508e+01 -5.213279232473074565e+00
2.202550422632584315e+01 -5.103699766182594466e+00
2.216981403967947628e+01 -5.001380102846926690e+00
2.231801659709602959e+01 -4.906998310843711408e+00
2.247014547836512577e+01 -4.821208789609006118e+00
2.262616758277670570e+01 -4.744634614877578649e+00
2.278598188965606752e+01 -4.677860063451894312e+00
2.294941933864639338e+01 -4.621423437980938687e+00
2.311624384907725727e+01 -4.575810310994080865e+00
2.328615447813348283e+01 -4.541447303853381356e+00
2.345878869772970532e+01 -4.518696510349187179e+00
2.363372675034770509e+01 -4.507850666425205155e+00
2.381049702494527764e+01 -4.509129157092637286e+00
2.398858237575721120e+01 -4.522674939110934211e+00
2.416742728969730791e+01 -4.548552443696763703e+00
2.434644579244884000e+01 -4.586746507601527689e+00
2.452502996950233793e+01 -4.637162363656346820e+00
2.470255896659118022e+01 -4.699626703647971304e+00
2.487840832444217298e+01 -4.773889807487675441e+00
2.505195949565962721e+01 -4.859628713452463167e+00
2.522260938705396072e+01 -4.956451385177161661e+00
2.538977976889634647e+01 -5.063901812454547624e+00
2.555292639348232697e+01 -5.181465965137208585e+00
2.571154766902989053e+01 -5.308578502901093898e+00
2.586519274125065593e+01 -5.444630128687749426e+00
2.601346884384954450e+01 -5.588975460610409840e+00
2.615604779057335705e+01 -5.740941286294760637e+00
2.629267149504484635e+01 -5.899835055272907525e+00
2.642315642029470979e+01 -6.064953459375614919e+00
2.654739687733563258e+01 -6.235590948227883068e+00
2.666536711104907553e+01 -6.411048027050862075e+00
2.677712213172601707e+01 -6.590639187050578940e+00
2.688279727149838649e+01 -6.773700324717995436e+00
2.698260646624145309e+01 -6.959595515297372970e+00
2.707683928494955694e+01 -7.147723017364969067e+00
2.716585674973118358e+01 -7.337520399702021301e+00
2.725008601004965669e+01 -7.528468698196471465e+00
2.733001395430527580e+01 -7.720095529066028028e+00
2.740617985996885864e+01 -7.911977104920360659e+00
2.747916719991559020e+01 -8.103739121676575508e+00
2.754959473709320150e+01 -8.295056506717287448e+00
2.761810705191621906e+01 -8.485652041470753915e+00
2.768536465660899282e+01 -8.675293894369199066e+00
2.775203385793721367e+01 -8.863792122431609855e+00
2.781877653425230434e+01 -9.050994221079122326e+00
2.788623999442937773e+01 -9.236779821773433596e+00
2.795504708508912017e+01 -9.421054655269115230e+00
2.802578670847188747e+01 -9.603743914287331762e+00
2.809900490653113536e+01 -9.784785162919177992e+00
2.817519665737574286e+01 -9.964120950740767313e+00
2.825479851825248190e+01 -1.014169129722899143e+01
2.833818223504197675e+01 -1.031742621642433022e+01
2.842564942198858091e+01 -1.049123845275424571e+01
2.851742739736610588e+01 -1.066301659647637834e+01
2.861366624133373193e+01 -1.083261874131247815e+01
2.871443712166053430e+01 -1.099986683761722261e+01
2.881973191168745174e+01 -1.116454188200633091e+01
2.892946410319409267e+01 -1.132638006896429061e+01
2.904347099512703423e+01 -1.148507001184802867e+01
2.916151711780707600e+01 -1.164025112022619091e+01
2.928329883162286862e+01 -1.179151319803065512e+01
2.940845001970069816e+01 -1.193839730297164614e+01
2.953654877593947958e+01 -1.208039788254846236e+01
2.966712497343329957e+01 -1.221696617625840098e+01
2.979966858394931251e+01 -1.234751484776877817e+01
2.993363860701128232e+01 -1.247142378539540886e+01
3.006847245749158404e+01 -1.258804698471594108e+01
3.020359565356267950e+01 -1.269672040405026436e+01
3.033843164253412894e+01 -1.279677066231694660e+01
3.047241160056640652e+01 -1.288752442987502178e+01
3.060498404351316992e+01 -1.296831834676649997e+01
3.073562409017861441e+01 -1.303850928964437905e+01
3.086384222598770322e+01 -1.309748479887275963e+01
3.098919242434697452e+01 -1.314467347105856732e+01
3.111127949462933984e+01 -1.317955511976003713e+01
3.122976553953994028e+01 -1.320167050840040268e+01
3.134437542037695223e+01 -1.321063046450461798e+01
3.145490114607756382e+01 -1.320612419319749975e+01
3.156120512065373873e+01 -1.318792662032067042e+01
3.166322220332828508e+01 -1.315590461131843547e+01
3.176096055603678892e+01 -1.311002193093267465e+01
3.185450127360095962e+01 -1.305034283039424636e+01
3.194399681246201794e+01 -1.297703417278911786e+01
3.202966825401357198e+01 -1.289036603317893892e+01
3.211180145795387375e+01 -1.279071073736784570e+01
3.219074217936591253e+01 -1.267854033141458281e+01
3.226689024010261164e+01 -1.255442250255676839e+01
3.234069286024129752e+01 -1.241901500059007013e+01
3.241263726861195948e+01 -1.227305863637919359e+01
3.248324272249401190e+01 -1.211736896054896384e+01
3.255305207533217526e+01 -1.195282674997954864e+01
3.262262303762409488e+01 -1.178036745205314340e+01
3.269251927987431117e+01 -1.160096975621813975e+01
3.276330152767172876e+01 -1.141564347897251785e+01
3.283551879751542657e+01 -1.122541696149409418e+01
3.290969991803936523e+01 -1.103132418860171882e+01
3.298634547488131119e+01 -1.083439184332489624e+01
3.306592030870893950e+01 -1.063562651298040507e+01
3.314884668506457643e+01 -1.043600226026254951e+01
3.323549824190827451e+01 -1.023644876648562807e+01
3.332619480627666775e+01 -1.003784024390031071e+01
3.342119815561110840e+01 -9.840985300120326684e+00
3.352070878231891982e+01 -9.646617920416554526e+00
3.362486370233877153e+01 -9.455389713286411535e+00
3.373373533020212989e+01 -9.267863541679592032e+00
3.384733142463986866e+01 -9.084508636998688047e+00
3.396559609050245854e+01 -8.905697265980608179e+00
3.408841180496497714e+01 -8.731702992319602785e+00
3.421560241897794441e+01 -8.562700545960829857e+00
3.434693706898809040e+01 -8.398767283926691363e+00
3.448213491936293451e+01 -8.239886197899265241e+00
3.462087064293799443e+01 -8.085950396110586524e+00
3.476278053588663397e+01 -7.936768960928047179e+00
3.490746915384953297e+01 -7.792074059352838589e+00
3.505451634910316017e+01 -7.651529161936526435e+00
3.520348458357916854e+01 -7.514738206776507390e+00
3.535392638984095726e+01 -7.381255529617325450e+00
3.550539185167639999e+01 -7.250596368961907956e+00
3.565743597777446183e+01 -7.122247746689558845e+00
3.580962584592830922e+01 -6.995679520137810137e+00
3.596154740127425242e+01 -6.870355401000450613e+00
3.611281180006266567e+01 -6.745743739710186482e+00
3.626306120022560009e+01 -6.621327881127824000e+00
3.641197391132651973e+01 -6.496615908187467703e+00
3.655926882914452136e+01 -6.371149604415723644e+00
3.670470909390318326e+01 -6.244512483649035772e+00
3.684810492573298291e+01 -6.116336755460196173e+00
3.698931560610235891e+01 -5.986309117352827336e+00
3.712825058935816713e+01 -5.854175289236724034e+00
3.726486974392903306e+01 -5.719743231559125896e+00
3.739918273786611280e+01 -5.582885015217099678e+00
3.753124759797353249e+01 -5.443537338483888988e+00
3.766116848555213181e+01 -5.301700713097535989e+00
3.778909274452391998e+01 -5.157437367863360045e+00
3.791520728919251582e+01 -5.010867943086739551e+00
3.803973440895818925e+01 -4.862167072393178024e+00
3.816292707578435994e+01 -4.711557969566952941e+00
3.828506384697182341e+01 -4.559306156523923903e+00
3.840644346076329896e+01 -4.405712484098773807e+00
3.852737922540453752e+01 -4.251105609664012519e+00
3.864819330352252535e+01 -4.095834104492831251e+00
3.876921099303660156e+01 -3.940258369075164246e+00
3.889075510337831787e+01 -3.784742536212485131e+00
3.901314052160471846e+01 -3.629646539648294645e+00
3.913666905718988431e+01 -3.475318520308302794e+00
3.926162464698521148e+01 -3.322087733058971537e+00
3.938826899324050856e+01 -3.170258104470128124e+00
3.951683769783712563e+01 -3.020102576642544445e+00
3.964753694522813277e+01 -2.871858354086251452e+00
3.978054077520483389e+01 -2.725723150282480578e+00
3.991598897476270480e+01 -2.581852508364645971e+00
4.005398560623467574e+01 -2.440358246778812301e+00
4.019459817674695756e+01 -2.301308056311416550e+00
4.033785744214038260e+01 -2.164726250019351372e+00
4.048375782702976267e+01 -2.030595642856944494e+00
4.063225843183258945e+01 -1.898860513686993601e+00
4.078328458759562380e+01 -1.769430579364124290e+00
4.093672991044068965e+01 -1.642185889156842826e+00
4.109245879960304393e+01 -1.516982528357390336e+00
4.125030931645662946e+01 -1.393659002899890975e+00
4.141009637672269150e+01 -1.272043162504588709e+00
4.157161518430610414e+01 -1.151959508559736278e+00
4.173464483292761429e+01 -1.033236724868405343e+00
4.189895200095344308e+01 -9.157152646647142014e-01
4.206429466552382479e+01 -7.992548260234813018e-01
4.223042576421956795e+01 -6.837415499661828600e-01
4.239709673600290785e+01 -5.690947811301754200e-01
4.256406087791960147e+01 -4.552732397027673961e-01
4.273107645994421944e+01 -3.422804652182330210e-01
4.289790954723942207e+01 -2.301694075326098099e-01
4.306433648682907744e+01 -1.190460575030065499e-01
4.323014602407675255e+01 -9.072029260810346094e-03
4.339514102324314848e+01 9.953397293796791001e-02
4.355913977556941319e+01 2.064958478886362025e-01
4.372197688760901713e+01 3.114809719902117968e-01
4.388350375173144613e+01 4.141022528880147213e-01
4.404358860964209299e+01 5.139213363813419644e-01
4.420211622824075448e+01 6.104529178071240736e-01
4.435898721501225594e+01 7.031700871692297961e-01
4.451411700725063270e+01 7.915106168053694935e-01
4.466743457563701014e+01 8.748840817681859949e-01
4.481888088790328339e+01 9.526796867041086303e-01
4.496840718243831247e+01 1.024274659158679102e+00
4.511597310465518973e+01 1.089043058179922641e+00
4.526154476069819310e+01 1.146364839034913707e+00
4.540509274361284753e+01 1.195635009940298366e+00
4.554659018643712898e+01 1.236272715011246248e+00
4.568601089482338296e+01 1.267730079167450619e+00
4.582332760884008138e+01 1.289500655446607746e+00
4.595851043958904825e+01 1.301127322946217912e+00
4.609152552131955360e+01 1.302209494273655954e+00
4.622233391393831425e+01 1.292409504689247646e+00
4.635089078432725529e+01 1.271458070804748708e+00
4.647714488785656783e+01 1.239158724410678536e+00
4.660103836403498434e+01 1.195391146395755833e+00
4.672250685257890979e+01 1.140113346381878667e+00
4.684147992842982688e+01 1.073362655220326589e+00
4.695788184660129616e+01 9.952555194412183726e-01
4.707163258032132802e+01 9.059861086934213326e-01
4.718264912894779428e+01 8.058237687094418344e-01
4.729084706567131491e+01 6.951093729845683189e-01
4.739614228925324113e+01 5.742506457555911492e-01
4.749845293907083033e+01 4.437165466512937306e-01
4.759770142866291565e+01 3.040308232311246250e-01
4.769381654987044783e+01 1.557648512397529772e-01
4.778673559760636635e+01 -4.701064442137011705e-04
4.787640646430904212e+01 -1.640310826912212971e-01
4.796278965324116683e+01 -3.342518856428880469e-01
4.804586016100696355e+01 -5.104517268171181454e-01
4.812560918191745429e+01 -6.919438497367146335e-01
4.820204559012260859e+01 -8.780440138455107846e-01
4.827519715964870528e+01 -1.068078694012815077e+00
4.834511148756536159e+01 -1.261392864032791383e+00
4.841185659134624331e+01 -1.457357242993373214e+00
4.847552115795707550e+01 -1.655374895968581450e+00
4.853621442918195328e+01 -1.854887094894746236e+00
4.859406571503880912e+01 -2.055378361406046128e+00
4.864922353468312366e+01 -2.256380630476547466e+00
4.870185439182017717e+01 -2.457476491593042933e+00
4.875214119916553557e+01 -2.658301482480303513e+00
4.880028137378229047e+01 -2.858545428750696615e+00
4.884648463201971680e+01 -3.057952840880809653e+00
4.889097051915064895e+01 -3.256322397275648317e+00
4.893396571453111932e+01 -3.453505558521802410e+00
4.897570115805766022e+01 -3.649404372960534992e+00
4.901640904779218744e+01 -3.843968547138330027e+00
4.905631976176645281e+01 -4.037191866291084175e+00
4.909565875910804067e+01 -4.229108059589794522e+00
4.913464351670651808e+01 -4.419786212271204384e+00
4.917348055763759618e+01 -4.609325831899117709e+00
4.921236262646296211e+01 -4.797851678798785713e+00
4.925146606438747199e+01 -4.985508471183826451e+00
4.929094843405911064e+01 -5.172455573688910846e+00
4.933094643965424098e+01 -5.358861774046939530e+00
4.937157418284665056e+01 -5.544900246628932550e+00
4.941292178941365165e+01 -5.730743793692766985e+00
4.945505443469395601e+01 -5.916560445672557123e+00
4.949801178901147836e+01 -6.102509490937628733e+00
4.954180789662683537e+01 -6.288737993422200745e+00
4.958643149394369232e+01 -6.475377843675405032e+00
4.963184676469231249e+01 -6.662543375497519627e+00
4.967799452182649844e+01 -6.850329566726452768e+00
4.972479379800510912e+01 -7.038810829220026655e+00
4.977214381897717743e+01 -7.228040379936147453e+00
4.981992632705619428e+01 -7.418050172538281473e+00
4.986800821530908934e+01 -7.608851357386686942e+00
4.991624442720016219e+01 -7.800435227371300684e+00
4.996448107135968542e+01 -7.992774597984877438e+00
5.001255869694556111e+01 -8.185825562500218311e+00
5.006031567185295472e+01 -8.379529557230631198e+00
5.010759160382507105e+01 -8.573815667700008802e+00
5.015423074340640852e+01 -8.768603104182302488e+00
5.020008530763960408e+01 -8.963803774487605125e+00
5.024501866447698006e+01 -9.159324883034964060e+00
5.028890832002020517e+01 -9.355071488091249776e+00
5.033164865387475828e+01 -9.550948953442238931e+00
5.037315335207791378e+01 -9.746865236561328416e+00
5.041335749212048967e+01 -9.942732962363193039e+00
5.045221924048319551e+01 -1.013847123967627617e+01
5.048972112970354686e+01 -1.033400718640698379e+01
5.052587088919693770e+01 -1.052927713877119942e+01
5.056070181172212585e+01 -1.072422752967137605e+01
5.059427264538062019e+01 -1.091881543106529051e+01
5.062666700923550422e+01 -1.111300876474059152e+01
5.065799233887266695e+01 -1.130678619505524729e+01
5.068837837636294097e+01 -1.150013672568405276e+01
5.071797522698177119e+01 -1.169305903004276814e+01
5.074695101255716878e+01 -1.188556055163955349e+01
5.077548915831469856e+01 -1.207765641600057371e+01
5.080378535646146076e+01 -1.226936819988983451e+01
5.083204425536225557e+01 -1.246072260622825389e+01
5.086047592795195271e+01 -1.265175009434565645e+01
5.088929217687401518e+01 -1.284248351497588203e+01
5.091870273670505043e+01 -1.303295679773927773e+01
5.094891143546003320e+01 -1.322320373582537023e+01
5.098011237832866982e+01 -1.341325690827050288e+01
5.101248621629021329e+01 -1.360314677476641343e+01
5.104619656087283630e+01 -1.379290097147226923e+01
5.108138660390529395e+01 -1.398254382903718529e+01
5.111817599769928222e+01 -1.417209612615519454e+01
5.115665804675418826e+01 -1.436157508369913849e+01
5.119689725688265014e+01 -1.455099459603340861e+01
5.123892728169677468e+01 -1.474036568772508637e+01
5.128274929978609009e+01 -1.492969717577842914e+01
5.132833084877189833e+01 -1.511899650994459243e+01
5.137560513486622682e+01 -1.530827075680549854e+01
5.142447082872372732e+01 -1.549752768739479514e+01
5.147479235040337642e+01 -1.568677692327432283e+01
5.152640063826514449e+01 -1.587603109236759380e+01
5.157909438878780151e+01 -1.606530694358252731e+01
5.163264174670072038e+01 -1.625462636840962816e+01
5.168678241765073267e+01 -1.644401727831136384e+01
5.174123016894437654e+01 -1.663351428882339889e+01
5.179567567787596261e+01 -1.682315916485086404e+01
5.184978968184072556e+01 -1.701300098658911253e+01
5.190322637993519095e+01 -1.720309600173670717e+01
5.195562703214091016e+01 -1.739350713706140183e+01
5.200662369952693354e+01 -1.758430315076521211e+01
5.205584306721600996e+01 -1.777555741628387764e+01
5.210291029118248218e+01 -1.796734633793626301e+01
5.214745281028130108e+01 -1.815974740897996753e+01
5.218910406621540687e+01 -1.835283693288991103e+01
5.222750707644277668e+01 -1.854668743880718651e+01
5.226231780820766204e+01 -1.874136483185386837e+01
5.229320830593591296e+01 -1.893692532813354035e+01
5.231986952904505017e+01 -1.913341223249985035e+01
5.234201386272257395e+01 -1.933085262435612961e+01
5.235937727030712807e+01 -1.952925402265364596e+01
5.237172106244726422e+01 -1.972860110570696435e+01
5.237883326511679627e+01 -1.992885256430538021e+01
5.238052957567445134e+01 -2.012993816776047851e+01
5.237665390338067795e+01 -2.033175612191537596e+01
5.236707849796095360e+01 -2.053417079572646742e+01
5.235170367683280546e+01 -2.073701088881517762e+01
5.233045716835756167e+01 -2.094006810642449423e+01
5.230329309481869160e+01 -2.114309640059310524e+01
5.227019062466687416e+01 -2.134581182719892212e+01
5.223115232879941061e+01 -2.154789305799522481e+01
5.218620228017019969e+01 -2.174898257504776922e+01
5.213538393979268193e+01 -2.194868856231888188e+01
5.207875787512370636e+01 -2.214658749577361974e+01
5.201639935887018140e+01 -2.234222741957066560e+01
5.194839589740863062e+01 -2.253513188193899097e+01
5.187484473823399611e+01 -2.272480449050660312e+01
5.179585040516911221e+01 -2.291073403344049453e+01
5.171152230848084486e+01 -2.309240010006292465e+01
5.162197247461498506e+01 -2.326927912290266320e+01
5.152731343700793332e+01 -2.344085075267957308e+01
5.142765632545339116e+01 -2.360660446875073859e+01
5.132310918684572698e+01 -2.376604632026964836e+01
5.121377556490972438e+01 -2.391870568790672991e+01
5.109975336083010689e+01 -2.406414195259292299e+01
5.098113399064763485e+01 -2.420195095647837746e+01
5.085800184899147069e+01 -2.433177114220275783e+01
5.073043408228848250e+01 -2.445328925967555378e+01
5.059850066816712655e+01 -2.456624553482618722e+01
5.046226479144901589e+01 -2.467043820213883976e+01
5.032178350104376818e+01 -2.476572731211877709e+01
5.017710862631835056e+01 -2.485203773598455257e+01
5.002828792623136422e+01 -2.492936130265496431e+01
4.987536643978332052e+01 -2.499775801726845970e+01
4.971838800223628141e+01 -2.505735632577449579e+01
4.955739688817894262e+01 -2.510835240629445053e+01
4.939243953989979019e+01 -2.515100848465399253e+01
4.922356633775532941e+01 -2.518565018842243930e+01
4.905083336829412133e+01 -2.521266297064892115e+01
4.887430414585180216e+01 -2.523248765091166135e+01
4.869405124415383312e+01 -2.524561513700659887e+01
4.851015779615341472e+01 -2.525258040527107894e+01
4.832271882284643283e+01 -2.525395583088877771e+01
4.813184235509689302e+01 -2.525034397129922681e+01
4.793765031652824149e+01 -2.524236991579600087e+01
4.774027914019093544e+01 -2.523067332236021798e+01
4.753988009693998151e+01 -2.521590026857197842e+01
4.733661931913218979e+01 -2.519869504696579909e+01
4.713067750928925648e+01 -2.517969203636749853e+01
4.692224932964179374e+01 -2.515950777955299955e+01
4.671154247487675093e+01 -2.513873339401862594e+01
4.649877643679847949e+01 -2.511792743681403550e+01
4.628418097590657254e+01 -2.509760933638166946e+01
4.606799432093051649e+01 -2.507825349431148254e+01
4.585046112305585098e+01 -2.506028414805992810e+01
4.563183019680450059e+01 -2.504407107221629403e+01
4.541235208419722369e+01 -2.502992618108957856e+01
4.519227648284094556e+01 -2.501810107951701667e+01
4.497184958185586368e+01 -2.500878559215875896e+01
4.475131135204352972e+01 -2.500210728446368691e+01
4.453089283831527467e+01 -2.499813197128866804e+01
4.431081350314525480e+01 -2.499686519214630920e+01
4.409127866964156794e+01 -2.499825461557101391e+01
4.387247711174549636e+01 -2.500219331942353662e+01
4.365457883709849796e+01 -2.500852387940037502e+01
4.343773310525818943e+01 -2.501704318482413925e+01
4.322206672029253838e+01 -2.502750788921419556e+01
4.300768263233916855e+01 -2.503964039336436187e+01
4.279465887761662657e+01 -2.505313525085318815e+01
4.258304788066108415e+01 -2.506766588021131525e+01
4.237287613636626560e+01 -2.508289146444251116e+01
4.216414428281658644e+01 -2.509846391729284676e+01
4.195682756905681288e+01 -2.511403479656373605e+01
4.175087671494597430e+01 -2.512926204784256612e+01
4.154621915323739501e+01 -2.514381646716943308e+01
4.134276063713492988e+01 -2.515738777825655603e+01
4.114038718991466226e+01 -2.516969022875547424e+01
4.093896736692146021e+01 -2.518046762053155163e+01
4.073835479442936958e+01 -2.518949770072383743e+01
4.053839094464801462e+01 -2.519659585330564511e+01
4.033890810161884843e+01 -2.520161804462853539e+01
4.013973246900495440e+01 -2.520446299077259056e+01
3.994068736787275498e+01 -2.520507352913875820e+01
3.974159647058177569e+01 -2.520343719132050708e+01
3.954228701586104222e+01 -2.519958598860871035e+01
3.934259295009911739e+01 -2.519359543523340861e+01
3.914235794080032349e+01 -2.518558284738657704e+01
3.894143821007310891e+01 -2.517570496796300361e+01
3.873970513886743561e+01 -2.516415497759335906e+01
3.853704759643500921e+01 -2.515115896175721133e+01
3.833337395408879189e+01 -2.513697191139361919e+01
3.812861374768975509e+01 -2.512187334038344844e+01
3.792271895932697845e+01 -2.510616260746890305e+01
3.771566489523922172e+01 -2.509015403258218413e+01
3.750745064407959006e+01 -2.507417189816787229e+01
3.729809910697437658e+01 -2.505854542495130133e+01
3.708765659839441042e+01 -2.504360380879359127e+01
3.687619202446067135e+01 -2.502967140089425158e+01
3.666379565283070718e+01 -2.501706310779796993e+01
3.645057749562579374e+01 -2.500608008057739795e+01
3.623666533380754373e+01 -2.499700575441303485e+01
3.602220241788591437e+01 -2.499010229074497502e+01
3.580734488571103213e+01 -2.498560746447888192e+01
3.559225894326009865e+01 -2.498373202858347852e+01
3.537711785867809766e+01 -2.498465757807251464e+01
3.516209882329637537e+01 -2.498853492502707141e+01
3.494737973584744140e+01 -2.499548298621104081e+01
3.473313596759115995e+01 -2.500558817516956722e+01
3.451953716651826909e+01 -2.501890428166293745e+01
3.430674415820342915e+01 -2.503545281305238746e+01
3.409490599922915521e+01 -2.505522376496275783e+01
3.388415723644669697e+01 -2.507817678232175140e+01
3.367461542169617417e+01 -2.510424266681243566e+01
3.346637892706477402e+01 -2.513332518293108109e+01
3.325952510037804899e+01 -2.516530311226016181e+01
3.305410879450656125e+01 -2.520003250423623342e+01
3.285016129732593981e+01 -2.523734907159752439e+01
3.264768968192573340e+01 -2.527707067978073141e+01
3.244667658904040763e+01 -2.531899988170900428e+01
3.224708044582737188e+01 -2.536292645258479439e+01
3.204883611717136205e+01 -2.540862988333230277e+01
3.185185597781258693e+01 -2.545588179609245216e+01
3.165603138590671861e+01 -2.550444825049329722e+01
3.146123453128878822e+01 -2.555409191514957357e+01
3.126732062485326225e+01 -2.560457408480117536e+01
3.107413038920708104e+01 -2.565565652952853526e+01
3.088149280523298401e+01 -2.570710316840139242e+01
3.068922806450326846e+01 -2.575868156558439637e+01
3.049715067370294364e+01 -2.581016425217895360e+01
3.030507265444408205e+01 -2.586132988180320069e+01
3.011280678010636080e+01 -2.591196423198379151e+01
2.992016979067835081e+01 -2.596186106677004091e+01
2.972698552700908081e+01 -2.601082287850021757e+01
2.953308792739841948e+01 -2.605866152832657789e+01
2.933832383203307970e+01 -2.610519880590186403e+01
2.914255554438087970e+01 -2.615026692856503843e+01
2.894566310318965918e+01 -2.619370899946177289e+01
2.874754622416122984e+01 -2.623537944235182451e+01
2.854812587654185307e+01 -2.627514442846739584e+01
2.834734546669982080e+01 -2.631288230779068726e+01
2.814517160811736574e+01 -2.634848405362330581e+01
2.794159446496006538e+01 -2.638185372545656904e+01
2.773662766436456195e+01 -2.641290895105379732e+01
2.753030778066187523e+01 -2.644158142446470450e+01
2.732269340275504632e+01 -2.646781741255529496e+01
2.711386380367279969e+01 -2.649157825869827221e+01
2.690391723875068308e+01 -2.651284086866218814e+01
2.669296890582919701e+01 -2.653159816059837439e+01
2.648114860715608643e+01 -2.654785945846197137e+01
2.626859815822696120e+01 -2.656165080632255027e+01
2.605546859348218547e+01 -2.657301517989694162e+01
2.584191722251813061e+01 -2.658201257133588769e+01
2.562810459317776690e+01 -2.658871992385368799e+01
2.541419141953060290e+01 -2.659323089420947994e+01
2.520033553327990816e+01 -2.659565542333652388e+01
2.498668891654734736e+01 -2.659611909851272316e+01
2.477339487229512116e+01 -2.659476229432744887e+01
2.456058538587051032e+01 -2.659173908423289490e+01
2.434837872736401820e+01 -2.658721591957233343e+01
2.413687733972570015e+01 -2.658137007852652545e+01
2.392616605197694213e+01 -2.657438789327508388e+01
2.371631065048882192e+01 -2.656646276968271891e+01
2.350735683430777101e+01 -2.655779301982774498e+01
2.329932957301431173e+01 -2.654857953353257827e+01
2.309223287775333588e+01 -2.653902332056585678e+01
2.288604998803341317e+01 -2.652932296020424019e+01
2.268074396878899535e+01 -2.651967199922111362e+01
2.247625870422462313e+01 -2.651025634296224354e+01
2.227252026723796874e+01 -2.650125168685986310e+01
2.206943863591654420e+01 -2.649282103741833083e+01
2.186690972186072202e+01 -2.648511237229507387e+01
2.166481766903051209e+01 -2.647825648854967895e+01
2.146303737656552713e+01 -2.647236508640159158e+01
2.126143719469686744e+01 -2.646752913293856935e+01
2.105988173953122455e+01 -2.646381754616473714e+01
2.085823477020888106e+01 -2.646127623464133549e+01
2.065636207078135911e+01 -2.645992752183057917e+01
2.045413427911239168e+01 -2.645976997722239332e+01
2.025142960621849753e+01 -2.646077866853727301e+01
2.004813639167416639e+01 -2.646290584092022158e+01
1.984415544400513554e+01 -2.646608202024544454e+01
1.963940211928862212e+01 -2.647021752862953292e+01
1.943380809640761697e+01 -2.647520439121071334e+01
1.922732281345698624e+01 -2.648091860439867062e+01
1.901991453655852737e+01 -2.648722272733899175e+01
1.881157103967621325e+01 -2.649396875048652333e+01
1.860229988178448579e+01 -2.650100118812371619e+01
1.839212827579204657e+01 -2.650816033559120655e+01
1.818110255178068613e+01 -2.651528562707515135e+01
1.796928722525329292e+01 -2.652221902616208027e+01
1.775676368899539170e+01 -2.652880837915116530e+01
1.754362855473393168e+01 -2.653491066037894441e+01
1.732999167782538308e+01 -2.654039503963388569e+01
1.711597390461552948e+01 -2.654514570412256447e+01
1.690170458775008200e+01 -2.654906437139012354e+01
1.668731891944949552e+01 -2.655207243504185399e+01
1.647295513652477439e+01 -2.655411269197319868e+01
1.625875165359723695e+01 -2.655515060796978588e+01
1.604484418256809519e+01 -2.655517508784157954e+01
1.583136289679849007e+01 -2.655419872651331659e+01
1.561842969772825462e+01 -2.655225752851338683e+01
1.540615563976579949e+01 -2.654941009483687253e+01
1.519463856627267084e+01 -2.654573628798245366e+01
1.498396100540377773e+01 -2.654133539779591899e+01
1.477418836950963232e+01 -2.653632384235147867e+01
1.456536749587512602e+01 -2.653083244918359185e+01
1.435752555986885071e+01 -2.652500337250269524e+01
1.415066938423269249e+01 -2.651898671133338681e+01
1.394478516041286298e+01 -2.651293690156916227e+01
1.373983858965320515e+01 -2.650700896155090192e+01
1.353577544322622828e+01 -2.650135467574954617e+01
1.333252253280103972e+01 -2.649611880433421263e+01
1.312998907374665158e+01 -2.649143540772005068e+01
1.292806841625427694e+01 -2.648742437454026799e+01
1.272664011175104726e+01 -2.648418823884991724e+01
1.252557227526103567e+01 -2.648180936776247307e+01
1.232472419833062460e+01 -2.648034759418857220e+01
1.212394916195898631e+01 -2.647983836100888766e+01
1.192309739479737196e+01 -2.648029143299834232e+01
1.172201911876153169e+01 -2.648169022131952133e+01
1.152056762221933539e+01 -2.648399175263456939e+01
1.131860230011630541e+01 -2.648712730109889080e+01
1.111599160078042736e+01 -2.649100368698264063e+01
1.091261582073580172e+01 -2.649550523070486463e+01
1.070836969158948015e+01 -2.650049633599885368e+01
1.050316470690522941e+01 -2.650582466105757007e+01
1.029693114186889957e+01 -2.651132482218478970e+01
1.008961972437326970e+01 -2.651682256101394586e+01
9.881202922809565692e+00 -2.652213929406437742e+01
9.671675823214119561e+00 -2.652709695258273115e+01
9.461056576324343936e+00 -2.653152301152737991e+01
9.249386403417446445e+00 -2.653525559943723877e+01
9.036729158353001168e+00 -2.653814857597211940e+01
8.823170451864182695e+00 -2.654007646129031173e+01
8.608816352658919868e+00 -2.654093910123260613e+01
8.393791688144720098e+00 -2.654066595458553479e+01
8.178237975415719063e+00 -2.653921989349403177e+01
7.962311020368600722e+00 -2.653660041535231073e+01
7.746178229324988784e+00 -2.653284617411083346e+01
7.530015683186612740e+00 -2.652803675075593404e+01
7.314005028824933419e+00 -2.652229359654096896e+01
7.098330246033992985e+00 -2.651578009812889292e+01
6.883174350845705725e+00 -2.650870073085719625e+01
6.668716097324456804e+00 -2.650129928453377204e+01
6.455126740039862199e+00 -2.649385616515710851e+01
6.242566918303083412e+00 -2.648668479535067277e+01
6.031183720949933935e+00 -2.648012715571355358e+01
5.821107987004868534e+00 -2.647454852831160110e+01
5.612451893038589823e+00 -2.647033152176968684e+01
5.405306872530823092e+00 -2.646786947447312599e+01
5.199741906167602679e+00 -2.646755934787579534e+01
4.995802214879355496e+00 -2.646979423548935273e+01
4.793508379686798548e+00 -2.647495562447490869e+01
4.592855904243783094e+00 -2.648340555559119736e+01
4.393815227476057572e+00 -2.649547883335282350e+01
4.196332185126101955e+00 -2.651147544142335022e+01
4.000328910449557185e+00 -2.653165331839749186e+01
3.805705155971881304e+00 -2.655622164614958081e+01
3.612340010255812750e+00 -2.658533479683585909e+01
3.420093976199261920e+00 -2.661908707550610842e+01
3.228811370644844470e+00 -2.665750838322251681e+01
3.038322999144579484e+00 -2.670056091079376870e+01
2.848449054721789775e+00 -2.674813695594957608e+01
2.659002185486165182e+00 -2.680005793731216457e+01
2.469790673072875364e+00 -2.685607465719980169e+01
2.280621662142133577e+00 -2.691586884253640832e+01
2.091304380621840764e+00 -2.697905596934360872e+01
1.901653291000178880e+00 -2.704518935192747975e+01
1.711491114779790657e+00 -2.711376545340362654e+01
1.520651675125840541e+00 -2.718423035011654676e+01
1.328982506720201462e+00 -2.725598725928205468e+01
1.136347186804148812e+00 -2.732840501727840632e+01
9.426273472119118813e-01 -2.740082737589792927e+01
7.477243337868970663e-01 -2.747258296594478111e+01
5.515604867575767400e-01 -2.754299576223451140e+01
3.540800233081100035e-01 -2.761139587163096465e+01
1.552495115374202816e-01 -2.767713045654749138e+01
-4.494206689611874445e-02 -2.773957460055446944e+01
-2.464836600667148492e-01 -2.779814192053843058e+01
-4.493428817433945954e-01 -2.785229473134106826e+01
-6.534671191985882421e-01 -2.790155357398133162e+01
-8.587849850016738840e-01 -2.794550592738882244e+01
-1.065208078514142231e+00 -2.798381393591159494e+01
-1.272633017158092184e+00 -2.801622100052713549e+01
-1.480943692758388774e+00 -2.804255710040329674e+01
-1.690013704445383125e+00 -2.806274273291206001e+01
-1.899708916837398398e+00 -2.807679138400395757e+01
-2.109890090533653506e+00 -2.808481046657787772e+01
-2.320415531373881901e+00 -2.808700069165115210e+01
-2.531143705457369553e+00 -2.808365386524839025e+01
-2.741935768548528607e+00 -2.807514913244673593e+01
-2.952657961175272128e+00 -2.806194771841130731e+01
-3.163183824391431642e+00 -2.804458624396913891e+01
-3.373396195741498627e+00 -2.802366871978151863e+01
-3.583188950318832777e+00 -2.799985734795981429e+01
-3.792468457844157648e+00 -2.797386228254647378e+01
-4.001154733259180141e+00 -2.794643052020314400e+01
-4.209182265300265513e+00 -2.791833410931625892e+01
-4.416500514713026071e+00 -2.789035787920392906e+01
-4.623074081076825159e+00 -2.786328690091067273e+01
-4.828882544413105826e+00 -2.783789389700051231e+01
-5.033919994746996807e+00 -2.781492681967017333e+01
-5.238194269406914572e+00 -2.779509681434692681e+01
-5.441725923930592401e+00 -2.777906677973393812e+01
-5.644546967897484002e+00 -2.776744072511184669e+01
-5.846699401682133868e+00 -2.776075411179369112e+01
-6.048233593945839814e+00 -2.775946534818914913e+01
-6.249206542564342826e+00 -2.776394858730905568e+01
-6.449680063574974476e+00 -2.777448795209340560e+01
-6.649718953580848968e+00 -2.779127328812981901e+01
-6.849389170861854836e+00 -2.781439751562826856e+01
-7.048756079218411408e+00 -2.784385562345013199e+01
-7.247882796354407908e+00 -2.787954531811384129e+01
-7.446828685438948270e+00 -2.792126931058736261e+01
-7.645648024454384739e+00 -2.796873919389181751e+01
-7.844388883127793477e+00 -2.802158083566511237e+01
-8.043092231784353174e+00 -2.807934118241241350e+01
-8.241791300452945279e+00 -2.814149634672661549e+01
-8.440511200165307315e+00 -2.820746082578814651e+01
-8.639268811748458177e+00 -2.827659767938341773e+01
-8.838072940671985123e+00 -2.834822947889739098e+01
-9.036924729840359660e+00 -2.842164982555945940e+01
-9.235818315761390451e+00 -2.849613522689509537e+01
-9.434741707423190960e+00 -2.857095711503729873e+01
-9.633677861625177030e+00 -2.864539378936429159e+01
-9.832605923553135341e+00 -2.871874206888233516e+01
-1.003150259718092485e+01 -2.879032844677472269e+01
-1.023034360672994225e+01 -2.885951955046421347e+01
-1.042910520799068586e+01 -2.892573172514425295e+01
-1.062776570687612576e+01 -2.898843957673712524e+01
-1.082630694216830136e+01 -2.904718333127096486e+01
-1.102471569004706531e+01 -2.910157489130593333e+01
-1.122298494965900773e+01 -2.915130249581847366e+01
-1.142111507163283157e+01 -2.919613391735064667e+01
-1.161911469506104666e+01 -2.923591815871380106e+01
-1.181700146292178744e+01 -2.927058564053242051e+01
-1.201480249114961829e+01 -2.930014689985838316e+01
-1.221255457244685694e+01 -2.932468984840760129e+01
-1.241030410231937609e+01 -2.934437566611812898e+01
-1.260810672159949064e+01 -2.935943343116859339e+01
-1.280602667671160333e+01 -2.937015361084446496e+01
-1.300413590598103397e+01 -2.937688055824195388e+01
-1.320251286724976225e+01 -2.938000417736806469e+01
-1.340124112873228057e+01 -2.937995093340463981e+01
-1.360040775131691326e+01 -2.937717439548221421e+01
-1.380010149619973880e+01 -2.937214550608850772e+01
-1.400041089671657524e+01 -2.936534277408511784e+01
-1.420142223737999032e+01 -2.935724258721533886e+01
-1.440321748633036947e+01 -2.934830983499239565e+01
-1.460587222958132791e+01 -2.933898902409391951e+01
-1.480945365652256740e+01 -2.932969605606192331e+01
-1.501401864609339043e+01 -2.932081082148776474e+01
-1.521961200184659191e+01 -2.931267074629091951e+01
-1.542626488178506072e+01 -2.930556540457942205e+01
-1.563399346542443880e+01 -2.929973228935240570e+01
-1.584279789605900568e+01 -2.929535380746062501e+01
-1.605266153078394353e+01 -2.929255553930035205e+01
-1.626355052455050298e+01 -2.929140577721249983e+01
-1.647541376753410702e+01 -2.929191633004002426e+01
-1.668818318753742247e+01 -2.929404455530892548e+01
-1.690177442115803075e+01 -2.929769655556310681e+01
-1.711608784923676652e+01 -2.930273145201079998e+01
-1.733100998381905100e+01 -2.930896662729844948e+01
-1.754641518569344072e+01 -2.931618381033463194e+01
-1.776216768372566079e+01 -2.932413586002382999e+01
-1.797812385983067429e+01 -2.933255409183310647e+01
-1.819413475671250779e+01 -2.934115598156052940e+01
-1.841004875960983611e+01 -2.934965307466872986e+01
-1.862571439835017273e+01 -2.935775892718179492e+01
-1.884098321216746186e+01 -2.936519690544915306e+01
-1.905571261708783126e+01 -2.937170767699508644e+01
-1.926976871429765836e+01 -2.937705623306291614e+01
-1.948302897785227117e+01 -2.938103829513235610e+01
-1.969538476137073602e+01 -2.938348597236352333e+01
-1.990674356599137340e+01 -2.938427255426682194e+01
-2.011703101581149511e+01 -2.938331634253901470e+01
-2.032619249222528879e+01 -2.938058344749453354e+01
-2.053419438492614546e+01 -2.937608949741090214e+01
-2.074102492473779336e+01 -2.936990023288138474e+01
-2.094669457173382199e+01 -2.936213098243594644e+01
-2.115123594113814320e+01 -2.935294503972357560e+01
-2.135470325909758316e+01 -2.934255098594571010e+01
-2.155717135036437426e+01 -2.933119902349290697e+01
-2.175873417003859345e+01 -2.931917640740036290e+01
-2.195950290156354612e+01 -2.930680207987683872e+01
-2.215960365293497603e+01 -2.929442062938499447e+01
-2.235917479236678318e+01 -2.928239570923765811e+01
-2.255836397322943299e+01 -2.927110306114540350e+01
-2.275732490576169553e+01 -2.926092329640965772e+01
-2.295621393966744606e+01 -2.925223459136418214e+01
-2.315518652707895697e+01 -2.924540545416371273e+01
-2.335439363937121371e+01 -2.924078771711777591e+01
-2.355397821382402412e+01 -2.923870990255143454e+01
-2.375407170708832538e+01 -2.923947110079867784e+01
-2.395479083174807045e+01 -2.924333548662493243e+01
-2.415623454997983544e+01 -2.925052758541437470e+01
-2.435848139441437610e+01 -2.926122838318400809e+01
-2.456158718084076042e+01 -2.927557235530015944e+01
-2.476558317046068325e+01 -2.929364546808754000e+01
-2.497047473110807303e+01 -2.931548418580961979e+01
-2.517624053735673328e+01 -2.934107549323321962e+01
-2.538283233890238222e+01 -2.937035792166563297e+01
-2.559017531525139688e+01 -2.940322354445184061e+01
-2.579816902277805113e+01 -2.943952088692894264e+01
-2.600668892787082953e+01 -2.947905867620316656e+01
-2.621558850742851021e+01 -2.952161033827182735e+01
-2.642470188564066547e+01 -2.956691913434313790e+01
-2.663384696405413621e+01 -2.961470381503938043e+01
-2.684282899063991579e+01 -2.966466466079679876e+01
-2.705144450318920235e+01 -2.971648976939978581e+01
-2.725948557309330056e+01 -2.976986144737140805e+01
-2.746674426763928167e+01 -2.982446256096419646e+01
-2.767301724254349082e+01 -2.987998270475811324e+01
-2.787811037172927087e+01 -2.993612405132582666e+01
-2.808184331844664428e+01 -2.999260675392719122e+01
-2.828405395083933271e+01 -3.004917378554786467e+01
-2.848460250602165900e+01 -3.010559511154582424e+01
-2.868337540968220623e+01 -3.016167110938024720e+01
-2.888028866312968646e+01 -3.021723516702064671e+01
-2.907529071649434016e+01 -3.027215541123587883e+01
-2.926836475539108662e+01 -3.032633553762052259e+01
-2.945953033858258863e+01 -3.037971473544628154e+01
-2.964884433590736279e+01 -3.043226672175861935e+01
-2.983640112870031658e+01 -3.048399792008419595e+01
-3.002233204895301455e+01 -3.053494483920591662e+01
-3.020680404822050491e+01 -3.058517072623705602e+01
-3.039001760253433559e+01 -3.063476158526038517e+01
-3.057220387501267567e+01 -3.068382166770944153e+01
-3.075362117317274979e+01 -3.073246855309844605e+01
-3.093455075282822264e+01 -3.078082794839640357e+01
-3.111529203460748150e+01 -3.082902834103025924e+01
-3.129615731223763930e+01 -3.087719564405715644e+01
-3.147746604356379763e+01 -3.092544797236951837e+01
-3.165953882550449805e+01 -3.097389068585851746e+01
-3.184269116260571053e+01 -3.102261182933892059e+01
-3.202722714530846559e+01 -3.107167808983372836e+01
-3.221343315834785415e+01 -3.112113137974651522e+01
-3.240157174172900767e+01 -3.117098613975554500e+01
-3.259187572639722674e+01 -3.122122743828237645e+01
-3.278454276399664735e+01 -3.127180992547996041e+01
-3.297973036503162803e+01 -3.132265767927962941e+01
-3.317755155232732989e+01 -3.137366495957692791e+01
-3.337807122708386487e+01 -3.142469786461317582e+01
-3.358130333314355198e+01 -3.147559686151355152e+01
-3.378720889156626583e+01 -3.152618014127395796e+01
-3.399569496245051425e+01 -3.157624772775162825e+01
-3.420661457442155040e+01 -3.162558625087193676e+01
-3.441976764463770877e+01 -3.167397427678665878e+01
-3.463490289385120491e+01 -3.172118807250012651e+01
-3.485172074236459849e+01 -3.176700766990436620e+01
-3.506987715397767857e+01 -3.181122308453126379e+01
-3.528898837661084542e+01 -3.185364053789435701e+01
-3.550863651055238535e+01 -3.189408852923346060e+01
-3.572837581858573941e+01 -3.193242360290642878e+01
-3.594773967691551064e+01 -3.196853566161346549e+01
-3.616624805217254135e+01 -3.200235268306396108e+01
-3.638341537809528603e+01 -3.203384470846486209e+01
-3.659875869602544185e+01 -3.206302698514441829e+01
-3.681180591632518428e+01 -3.208996216244642596e+01
-3.702210405338574617e+01 -3.211476145940763161e+01
-3.722922728517598756e+01 -3.213758474428588841e+01
-3.743278468933724668e+01 -3.215863948927137983e+01
-3.763242751168723288e+01 -3.217817858822625254e+01
-3.782785582960974580e+01 -3.219649705052880506e+01
-3.801882448208296950e+01 -3.221392760950654122e+01
-3.820514814990552566e+01 -3.223083530898346538e+01
-3.838670548379882774e+01 -3.224761115559557112e+01
-3.856344219428740416e+01 -3.226466494719528555e+01
-3.873537303526894959e+01 -3.228241740837736984e+01
-3.890258263268277972e+01 -3.230129178243070953e+01
-3.906522513031883648e+01 -3.232170504442535020e+01
-3.922352264617607887e+01 -3.234405891231132557e+01
-3.937776255451126417e+01 -3.236873084152355062e+01
-3.952829363039795396e+01 -3.239606519342450497e+01
-3.967552111481951727e+01 -3.242636476879960838e+01
-3.981990077866453248e+01 -3.245988289448662556e+01
-3.996193208306851830e+01 -3.249681624406102287e+01
-4.010215055098543502e+01 -3.253729856240705232e+01
-4.024111948033539221e+01 -3.258139544915302821e+01
-4.037942114223975665e+01 -3.262910033758713979e+01
-4.051764761845942076e+01 -3.268033178413077167e+01
-4.065639143997763938e+01 -3.273493215911909004e+01
-4.079623619352447150e+01 -3.279266780299883521e+01
-4.093774726462879698e+01 -3.285323068359784315e+01
-4.108146288443251848e+01 -3.291624156042635008e+01
-4.122788564301068703e+01 -3.298125463160607040e+01
-4.137747462437165780e+01 -3.304776360862499729e+01
-4.153063830777789178e+01 -3.311520913427791157e+01
-4.168772836670645177e+01 -3.318298743050674915e+01
-4.184903448088365252e+01 -3.325046003599345568e+01
-4.201478025866476429e+01 -3.331696446884549800e+01
-4.218512034690911605e+01 -3.338182562808404441e+01
-4.236013878378326325e+01 -3.344436772936676761e+01
-4.253984862701819480e+01 -3.350392655586391299e+01
-4.272419286645941128e+01 -3.355986179480304799e+01
-4.291304660573445773e+01 -3.361156922415973725e+01
-4.310622047396456935e+01 -3.365849251247985308e+01
-4.330346520511353248e+01 -3.370013439796004207e+01
-4.350447730025685900e+01 -3.373606702068592966e+01
-4.370890566717113046e+01 -3.376594119422694718e+01
-4.391635911261728609e+01 -3.378949441943763787e+01
-4.412641454587302547e+01 -3.380655746403476059e+01
-4.433862573780553618e+01 -3.381705935594250434e+01
-4.455253246834078595e+01 -3.382103066610720532e+01
-4.476766988682874171e+01 -3.381860498695296258e+01
-4.498357790468843120e+01 -3.381001854532836859e+01
-4.519981043797800169e+01 -3.379560792307059813e+01
-4.541594431920930930e+01 -3.377580589353157592e+01
-4.563158770282878862e+01 -3.375113541790270943e+01
-4.584638779722718738e+01 -3.372220188026042820e+01
-4.606003776778191394e+01 -3.368968367424268706e+01
-4.627228267010895735e+01 -3.365432128650720500e+01
-4.648292429010768245e+01 -3.361690505196479961e+01
-4.669182478725308272e+01 -3.357826178264600259e+01
-4.689890905955096656e+01 -3.353924049539679686e+01
-4.710416577222418510e+01 -3.350069748293781657e+01
-4.730764701712185172e+01 -3.346348098776890367e+01
-4.750946659557249774e+01 -3.342841574862012521e+01
-4.770979694346486610e+01 -3.339628769443835665e+01
-4.790886474325048283e+01 -3.336782906109534963e+01
-4.810694529283860987e+01 -3.334370420109326716e+01
-4.830435572552567436e+01 -3.332449634657070447e+01
-4.850144719769583901e+01 -3.331069557104597578e+01
-4.869859618164849024e+01 -3.330268817582449259e+01
-4.889619501911029431e+01 -3.330074770317845889e+01
-4.909464190648102289e+01 -3.330502775072509536e+01
-4.929433049528005029e+01 -3.331555673036299225e+01
-4.949563930040616810e+01 -3.333223468126485756e+01
-4.969892111447767036e+01 -3.335483221037686974e+01
-4.990449262856900958e+01 -3.338299159631625201e+01
-5.011262445805333243e+01 -3.341623005418311720e+01
-5.032353176698867259e+01 -3.345394512032641643e+01
-5.053736567564568105e+01 -3.349542207824215723e+01
-5.075420562349341935e+01 -3.353984331024538079e+01
-5.097405284445488149e+01 -3.358629942502695798e+01
-5.119682509277635774e+01 -3.363380197932814042e+01
-5.142235273674968710e+01 -3.368129758333688528e+01
-5.165037631415563624e+01 -3.372768315455996913e+01
-5.188054561807259546e+01 -3.377182206432642175e+01
-5.211242035507173398e+01 -3.381256090510326118e+01
-5.234547239027137522e+01 -3.384874659575286415e+01
-5.257908956574374315e+01 -3.387924353593749061e+01
-5.281258105086816101e+01 -3.390295052017643940e+01
-5.304518415589492975e+01 -3.391881712660038772e+01
-5.327607251374286079e+01 -3.392585930512100134e+01
-5.350436551034100319e+01 -3.392317390436569724e+01
-5.372913882113520856e+01 -3.390995189601565585e+01
-5.394943589107641202e+01 -3.388549007877958275e+01
-5.416428017790458682e+01 -3.384920107166740877e+01
-5.437268796412541150e+01 -3.380062143698915378e+01
-5.457368153203130134e+01 -3.373941780700066317e+01
-5.476630248863356343e+01 -3.366539092372980946e+01
-5.494962502359501144e+01 -3.357847753856152195e+01
-5.512276888325110491e+01 -3.347875015595766257e+01
-5.528491184758181731e+01 -3.336641464352474884e+01
-5.543530150448422944e+01 -3.324180576782107011e+01
-5.557326612676813227e+01 -3.310538075113538525e+01
-5.569822447174778546e+01 -3.295771097830496643e+01
-5.580969434088784453e+01 -3.279947201387167155e+01
-5.590729975734812740e+01 -3.263143211793138221e+01
-5.599077664212484962e+01 -3.245443947342174340e+01
-5.605997689436416920e+01 -3.226940835789245909e+01
-5.611487080791743409e+01 -3.207730450867199323e+01
