2.637566122579184480e+02 -1.468354660703107761e+01
2.637458681149749964e+02 -1.462519309696340919e+01
2.637361485495973739e+02 -1.456715604402100794e+01
2.637273956346500654e+02 -1.450924794768099524e+01
2.637195516378190518e+02 -1.445127277114742093e+01
2.637125595826915969e+02 -1.439303044319890823e+01
2.637063637256482593e+02 -1.433432147671266854e+01
2.637009099481364842e+02 -1.427495159960756332e+01
2.636961460657242924e+02 -1.421473629344328060e+01
2.636920220570238484e+02 -1.415350513673896238e+01
2.636884902170884288e+02 -1.409110585419037420e+01
2.636855052411922316e+02 -1.402740797929803485e+01
2.636830242459836313e+02 -1.396230604631784544e+01
2.636810067358737797e+02 -1.389572223773621928e+01
2.636794145231123139e+02 -1.382760842543118329e+01
2.636782116104025704e+02 -1.375794755704255046e+01
2.636773640450160201e+02 -1.368675435354743186e+01
2.636768397532933932e+02 -1.361407529930822058e+01
2.636766083641081195e+02 -1.353998792158467346e+01
2.636766410293616900e+02 -1.346459937234040183e+01
2.636769102489153056e+02 -1.338804434077218453e+01
2.636773897065381220e+02 -1.331048234000329522e+01
2.636780541225168690e+02 -1.323209442547862125e+01
2.636788791275365611e+02 -1.315307941545968085e+01
2.636798411613697795e+02 -1.307364969535877464e+01
2.636809173987729196e+02 -1.299402669721866310e+01
2.636820857038978261e+02 -1.291443615321409233e+01
2.636833246134229398e+02 -1.283510322746135657e+01
2.636846133475892202e+02 -1.275624763353476965e+01
2.636859318473759686e+02 -1.267807884583706191e+01
2.636872608352019824e+02 -1.260079151132569741e+01
2.636885818958123195e+02 -1.252456116409015152e+01
2.636898775734204037e+02 -1.244954033898241619e+01
2.636911314807135795e+02 -1.237585517206555075e+01
2.636923284150421409e+02 -1.230360256522787132e+01
2.636934544769494551e+02 -1.223284798015149910e+01
2.636944971862126863e+02 -1.216362391317259650e+01
2.636954455906881094e+02 -1.209592908773444719e+01
2.636962903635526345e+02 -1.202972838542463307e+01
2.636970238849157226e+02 -1.196495352035872273e+01
2.636976403042816628e+02 -1.190150444527336049e+01
2.636981355809485308e+02 -1.183925146148382268e+01
2.636985075000762890e+02 -1.177803798920712453e+01
2.636987556628737934e+02 -1.171768393999119517e+01
2.636988814501044658e+02 -1.165798961946147294e+01
2.636988879588431587e+02 -1.159874007659007589e+01
2.636987799131524639e+02 -1.153970980549222247e+01
2.636985635500562353e+02 -1.148066769758008654e+01
2.636982464828205366e+02 -1.142138213595151441e+01
2.636978375441399294e+02 -1.136162612029687047e+01
2.636973466123256458e+02 -1.130118230945889657e+01
2.636967844239866281e+02 -1.123984787011714559e+01
2.636961623770034748e+02 -1.117743902386583166e+01
2.636954923277903049e+02 -1.111379519114215597e+01
2.636947863869118009e+02 -1.104878263891414392e+01
2.636940567171089356e+02 -1.098229754957361415e+01
2.636933153376502901e+02 -1.091426844088231185e+01
2.636925739386919645e+02 -1.084465788081891624e+01
2.636918437090048428e+02 -1.077346345647242742e+01
2.636911351800379748e+02 -1.070071797239002542e+01
2.636904580887953102e+02 -1.062648887066619885e+01
2.636898212615113835e+02 -1.055087688218012687e+01
2.636892325195221929e+02 -1.047401393537917080e+01
2.636886986081796067e+02 -1.039606036549138501e+01
2.636882251490567910e+02 -1.031720148266564685e+01
2.636878166151324763e+02 -1.023764357193814689e+01
2.636874763281028322e+02 -1.015760941078087143e+01
2.636872064764677930e+02 -1.007733340102271846e+01
2.636870081525985938e+02 -9.997056420882104888e+00
2.636868814066222058e+02 -9.917020509519780092e+00
2.636868253146485017e+02 -9.837463500740822653e+00
2.636868380586563489e+02 -9.758613724153633484e+00
2.636869170152153856e+02 -9.680684891173010342e+00
2.636870588501784027e+02 -9.603871279748233292e+00
2.636872596165173945e+02 -9.528343325664314634e+00
2.636875148526000316e+02 -9.454243719835416115e+00
2.636878196784014676e+02 -9.381684100340066834e+00
2.636881688874187262e+02 -9.310742415286533458e+00
2.636885570323737511e+02 -9.241461018183853682e+00
2.636889785031729616e+02 -9.173845541662783987e+00
2.636894275959926404e+02 -9.107864578461493110e+00
2.636898985727869444e+02 -9.043450180946942751e+00
2.636903857109525120e+02 -8.980499172452221401e+00
2.636908833433084851e+02 -8.918875245779739558e+00
2.636913858889450353e+02 -8.858411806734352467e+00
2.636918878758772280e+02 -8.798915503901499235e+00
2.636923839567454024e+02 -8.740170370439704683e+00
2.636928689190755790e+02 -8.681942489762022319e+00
2.636933376918109957e+02 -8.623985084948309066e+00
2.636937853499429707e+02 -8.566043921836303809e+00
2.636942071191225523e+02 -8.507862908211068387e+00
2.636945983821019581e+02 -8.449189766528235168e+00
2.636949546887422002e+02 -8.389781655290049045e+00
2.636952717711412788e+02 -8.329410614610759822e+00
2.636955455651837497e+02 -8.267868714663297425e+00
2.636957722394954544e+02 -8.204972791541683463e+00
2.636959482324168107e+02 -8.140568663488458867e+00
2.636960702972066315e+02 -8.074534731252272834e+00
2.636961355552500663e+02 -8.006784879337361716e+00
2.636961415565937159e+02 -7.937270609810403776e+00
2.636960863466899809e+02 -7.865982356822306620e+00
2.636959685378000131e+02 -7.792949947735445804e+00
2.636957873831147481e+02 -7.718242195336795675e+00
2.636955428512947606e+02 -7.641965624658451972e+00
2.636952356988385873e+02 -7.564262357013689098e+00
2.636948675374906088e+02 -7.485307192556613920e+00
2.636944408937322919e+02 -7.405303950591520135e+00
2.636939592573791060e+02 -7.324481143579069098e+00
2.636934271163455037e+02 -7.243087075950008114e+00
2.636928499747831438e+02 -7.161384472095353892e+00
2.636922343520492404e+02 -7.079644748949730726e+00
2.636915877603054810e+02 -6.998142057173626362e+00
2.636909186589633691e+02 -6.917147220858390178e+00
2.636902363847296442e+02 -6.836921708782172757e+00
2.636895510565631753e+02 -6.757711770451089173e+00
2.636888734555072915e+02 -6.679742867439042442e+00
2.636882148800464734e+02 -6.603214524936356966e+00
2.636875869783285111e+02 -6.528295720034807736e+00
2.636870015593157177e+02 -6.455120912277648060e+00
2.636864703856208507e+02 -6.383786808611204400e+00
2.636860049514503999e+02 -6.314349939371861176e+00
2.636856162496779916e+02 -6.246825104643773052e+00
2.636853145326278991e+02 -6.181184731605065430e+00
2.636851090715787791e+02 -6.117359163735072158e+00
2.636850079203514383e+02 -6.055237882414838069e+00
2.636850176885666883e+02 -5.994671640950038238e+00
2.636851433302577448e+02 -5.935475470835720024e+00
2.636853879534666021e+02 -5.877432500602607135e+00
2.636857526562831708e+02 -5.820298509273635013e+00
2.636862363944451886e+02 -5.763807119718145522e+00
2.636868358851496055e+02 -5.707675522403110158e+00
2.636875455511212181e+02 -5.651610607543823939e+00
2.636883575082530911e+02 -5.595315373734619513e+00
2.636892615992884430e+02 -5.538495474037507194e+00
2.636902454750820084e+02 -5.480865756394769583e+00
2.636912947239660525e+02 -5.422156654224071559e+00
2.636923930486781273e+02 -5.362120285197332414e+00
2.636935224892225733e+02 -5.300536121477575691e+00
2.636946636889420574e+02 -5.237216102994344702e+00
2.636957962000020075e+02 -5.172009076528380156e+00
2.636968988234847870e+02 -5.104804457220580183e+00
2.636979499783388974e+02 -5.035535025345403426e+00
2.636989280926092079e+02 -4.964178789451118234e+00
2.636998120096585012e+02 -4.890759866897698593e+00
2.637005814015417968e+02 -4.815348353983242013e+00
2.637012171813052532e+02 -4.738059179801886067e+00
2.637017019057777816e+02 -4.659049960242214183e+00
2.637020201604159979e+02 -4.578517890631399467e+00
2.637021589179519196e+02 -4.496695736976632496e+00
2.637021078629820181e+02 -4.413847006077658008e+00
2.637018596752386657e+02 -4.330260393529788310e+00
2.637014102650504128e+02 -4.246243625381881159e+00
2.637007589554715992e+02 -4.162116823582113767e+00
2.636999086066653604e+02 -4.078205536992777880e+00
2.636988656793955101e+02 -3.994833588417013193e+00
2.636976402358229166e+02 -3.912315893531867150e+00
2.636962458772738955e+02 -3.830951409719582479e+00
2.636946996201107254e+02 -3.751016371456936671e+00
2.636930217123551756e+02 -3.672757964156830202e+00
2.636912353951866521e+02 -3.596388580232277477e+00
2.636893666148393436e+02 -3.522080789810421830e+00
2.636874436917541402e+02 -3.449963144188075592e+00
2.636854969549989960e+02 -3.380116913062552797e+00
2.636835583509926551e+02 -3.312573837153309775e+00
2.636816610363680979e+02 -3.247314956426758048e+00
2.636798389653923778e+02 -3.184270551221327406e+00
2.636781264826921642e+02 -3.123321209598826087e+00
2.636765579320982624e+02 -3.064300009751341314e+00
2.636751672922129046e+02 -3.006995781782271226e+00
2.636739878488026534e+02 -2.951157389192914149e+00
2.636730519133616326e+02 -2.896498947466609408e+00
2.636723905961241599e+02 -2.842705875753388067e+00
2.636720336405319927e+02 -2.789441658306621274e+00
2.636720093246105989e+02 -2.736355175432960252e+00
2.636723444329891777e+02 -2.683088449700986811e+00
2.636730643013942199e+02 -2.629284642316641829e+00
2.636741929334161227e+02 -2.574596127209476393e+00
2.636757531872444815e+02 -2.518692466656418549e+00
2.636777670279278141e+02 -2.461268112329731750e+00
2.636802558385700763e+02 -2.402049659527495606e+00
2.636832407818634465e+02 -2.340802489985760015e+00
2.636867432013870030e+02 -2.277336649956146708e+00
2.636907850503892519e+02 -2.211511824961630790e+00
2.636953893342369497e+02 -2.143241290528808296e+00
2.637005805514737631e+02 -2.072494738897157962e+00
2.637063851175236664e+02 -1.999299904801808525e+00
2.637128317544880929e+02 -1.923742938451760143e+00
2.637199518303407331e+02 -1.845967500263321570e+00
2.637277796310228268e+02 -1.766172579206332749e+00
2.637363525496371608e+02 -1.684609064206761708e+00
2.637457111779979186e+02 -1.601575125331269334e+00
2.637558992873223929e+02 -1.517410487873302349e+00
2.637669636867756253e+02 -1.432489707395746770e+00
2.637789539508769394e+02 -1.347214576700273669e+00
2.637919220094511843e+02 -1.262005816094016408e+00
2.638059215967675186e+02 -1.177294215729222548e+00
2.638210075597316404e+02 -1.093511412808494621e+00
2.638372350284254253e+02 -1.011080496733410383e+00
2.638546584558131372e+02 -9.304066415661647049e-01
2.638733305370500375e+02 -8.518679672964555305e-01
2.638933010223923930e+02 -7.758068292609952010e-01
2.639146154411746465e+02 -7.025217286528214755e-01
2.639373137576070008e+02 -6.322600264624578248e-01
2.639614289821612942e+02 -5.652116285928919792e-01
2.639869857649695177e+02 -5.015037915510687228e-01
2.640139989999220234e+02 -4.411971763752314812e-01
2.640424724698960404e+02 -3.842832537427134931e-01
2.640723975647525208e+02 -3.306831359950290761e-01
2.641037521043419360e+02 -2.802478826676754742e-01
2.641364992987121809e+02 -2.327602956102407805e-01
2.641705868769913081e+02 -1.879381885590831747e-01
2.642059464150035524e+02 -1.454390847277667043e-01
2.642424928895680409e+02 -1.048662652652787297e-01
2.642801244846396571e+02 -6.577606196314972342e-02
2.643187226709900983e+02 -2.768625998644675540e-02
2.643581525770613894e+02 9.914548719287648998e-03
2.643982636639968860e+02 4.755684278828016531e-02
2.644388907126977415e+02 8.577947956815057395e-02
2.644798551252421248e+02 1.251186486365911676e-01
2.645209665371034475e+02 1.660966955961211411e-01
2.645620247305417934e+02 2.092110467523807804e-01
2.646028218333302675e+02 2.549234662359179948e-01
2.646431447808042208e+02 3.036498732557709190e-01
2.646827780131584973e+02 3.557509384961782262e-01
2.647215063741232939e+02 4.115236653130743272e-01
2.647591181717264135e+02 4.711941435828583824e-01
2.647954083569306363e+02 5.349116421086493878e-01
2.648301817716185838e+02 6.027441798280908092e-01
2.648632564138242174e+02 6.746756871644062903e-01
2.648944666653286504e+02 7.506048372971774185e-01
2.649236664248764441e+02 8.303455935194306026e-01
2.649507320893808924e+02 9.136294838704762666e-01
2.649755653256099777e+02 1.000109578605055338e+00
2.649980955760450456e+02 1.089366110505983309e+00
2.650182822448760476e+02 1.180913643310452343e+00
2.650361165134492580e+02 1.274209660335345218e+00
2.650516227388739026e+02 1.368664414453811595e+00
2.650648593949110818e+02 1.463651852564788358e+00
2.650759195205992000e+02 1.558521403228122493e+00
2.650849306492956998e+02 1.652610395747905692e+00
2.650920541987317165e+02 1.745256863160686178e+00
2.650974843113027077e+02 1.835812470687621767e+00
2.651014461428528080e+02 1.923655305538453097e+00
2.651041936076630918e+02 2.008202263678953159e+00
2.651060065969354582e+02 2.088920774364483979e+00
2.651071876976870385e+02 2.165339613862141466e+00
2.651080584484196265e+02 2.237058575666919680e+00
2.651089551770525077e+02 2.303756785411393615e+00
2.651102244751969010e+02 2.365199474190478934e+00
2.651122183707881277e+02 2.421243053708809434e+00
2.651152892681515709e+02 2.471838369944121983e+00
2.651197847306763151e+02 2.517032048265595900e+00
2.651260421861992427e+02 2.556965881436837229e+00
2.651343836389168587e+02 2.591874251909978444e+00
2.651451104739624043e+02 2.622079620474771389e+00
2.651584984417244186e+02 2.647986153837580847e+00
2.651747929083871327e+02 2.670071603233767910e+00
2.651942044571023303e+02 2.688877583912452351e+00
2.652169049206069076e+02 2.704998440460078424e+00
2.652430239210110585e+02 2.719068914718485441e+00
2.652726459859643455e+02 2.731750860793578095e+00
2.653058083025489395e+02 2.743719274741419412e+00
2.653424991611151995e+02 2.755647924414067251e+00
2.653826571310667646e+02 2.768194877227787565e+00
2.654261709993949694e+02 2.781988229957312431e+00
2.654728804907980475e+02 2.797612344852189459e+00
2.655225777756580783e+02 2.815594890338453116e+00
2.655750097591927670e+02 2.836394972347688448e+00
2.656298811319857691e+02 2.860392624078919699e+00
2.656868581490497832e+02 2.887879898031714632e+00
2.657455730917965298e+02 2.919053774870893569e+00
2.658056293550627061e+02 2.954011069602318518e+00
2.658666070897949680e+02 2.992745477298943690e+00
2.659280693214842586e+02 3.035146858911389689e+00
2.659895684550081114e+02 3.081002823341718599e+00
2.660506530684941140e+02 3.130002615790633769e+00
2.661108748922625864e+02 3.181743275325561449e+00
2.661697958639929880e+02 3.235737977575160684e+00
2.662269951480894292e+02 3.291426432392138057e+00
2.662820760059273653e+02 3.348187162156819774e+00
2.663346724042117444e+02 3.405351445038623304e+00
2.663844552511793609e+02 3.462218669844307151e+00
2.664311381547604469e+02 3.518072815855268765e+00
2.664744826030404283e+02 3.572199743020598284e+00
2.665143024753868985e+02 3.623904955638641567e+00
2.665504678022453504e+02 3.672531486752500740e+00
2.665829077028146799e+02 3.717477541296004162e+00
2.666116124423021461e+02 3.758213533833256292e+00
2.666366345641515636e+02 3.794298161658284929e+00
2.666580890671934867e+02 3.825393166074507079e+00
2.666761526129732260e+02 3.851276453701048208e+00
2.666910617641750605e+02 3.871853275377468595e+00
2.667031102709612469e+02 3.887165192249162349e+00
2.667126454377755067e+02 3.897396596364006260e+00
2.667200636185604026e+02 3.902878595940291184e+00
2.667258049030646703e+02 3.904090122614983116e+00
2.667303470707488486e+02 3.901656168585805773e+00
2.667341989014762476e+02 3.896343114696140475e+00
2.667378929434664201e+02 3.889051165180535286e+00
2.667419778487177382e+02 3.880803959966154348e+00
2.667470103940220838e+02 3.872735490058258012e+00
2.667535473117520155e+02 3.866074494576552834e+00
2.667621370585620184e+02 3.862126568427515227e+00
2.667733116520323051e+02 3.862254256404259678e+00
2.667875787049821383e+02 3.867855451773246411e+00
2.668054137846873459e+02 3.880340454286457685e+00
2.668272532196417046e+02 3.901108073298045653e+00
2.668534874697483019e+02 3.931521185611808633e+00
2.668844551671879799e+02 3.972882174336194172e+00
2.669204379246298231e+02 4.026408683975951419e+00
2.669616559952884813e+02 4.093210128014661109e+00
2.670082648556359572e+02 4.174265378236116319e+00
2.670603527666802393e+02 4.270402050059646903e+00
2.671179393538171780e+02 4.382277775431007605e+00
2.671809752286493449e+02 4.510363824670769795e+00
2.672493426591152001e+02 4.654931401635954202e+00
2.673228572770769915e+02 4.816040893231575026e+00
2.674012707954764210e+02 4.993534305468505963e+00
2.674842746905792978e+02 5.187031064759741739e+00
2.675715047889770517e+02 5.395927305944629104e+00
2.676625466841616117e+02 5.619398708644796514e+00
2.677569418939259549e+02 5.856406882082971777e+00
2.678541946577731210e+02 6.105709236546242202e+00
2.679537792631526258e+02 6.365872218391237958e+00
2.680551477809060543e+02 6.635287725987994101e+00
2.681577380838740510e+02 6.912192467390335437e+00
2.682609820183691909e+02 7.194689967840321998e+00
2.683643135961841608e+02 7.480774887451503652e+00
2.684671770750414908e+02 7.768359267459387318e+00
2.685690347978654131e+02 8.055300288059013880e+00
2.686693746659698263e+02 8.339429092742125960e+00
2.687677171280578250e+02 8.618580213730115958e+00
2.688636215757567243e+02 8.890621120960899404e+00
2.689566920470696800e+02 9.153481413375512687e+00
2.690465821514353024e+02 9.405181176037293866e+00
2.691329991438285560e+02 9.643858039836747054e+00
2.692157070902558189e+02 9.867792501958620122e+00
2.692945290828401994e+02 1.007543109452580232e+01
2.693693484791699007e+02 1.026540702537385386e+01
2.694401091573988083e+02 1.043655795807492481e+01
2.695068147954481788e+02 1.058794064734953189e+01
2.695695271992635753e+02 1.071884219998019105e+01
2.696283637211406585e+02 1.082878778929171837e+01
2.696834938243496254e+02 1.091754471213948641e+01
2.697351348644231734e+02 1.098512274003026157e+01
2.697835471702505856e+02 1.103177077936789630e+01
2.698290285193357363e+02 1.105796991870350787e+01
2.698719081110395450e+02 1.106442300214642493e+01
2.699125401491710363e+02 1.105204092665723969e+01
2.699512971507903103e+02 1.102192591573185965e+01
2.699885631014697651e+02 1.097535207203465291e+01
2.700247265784604451e+02 1.091374355594423129e+01
2.700601739622296122e+02 1.083865077497284624e+01
2.700952828537210735e+02 1.075172499993749931e+01
2.701304158094688432e+02 1.065469184708422112e+01
2.701659144995412589e+02 1.054932408070923699e+01
2.702020943842858856e+02 1.043741419795216885e+01
2.702392399952118467e+02 1.032074725628002199e+01
2.702776008932607397e+02 1.020107439481319211e+01
2.703173883644344073e+02 1.008008748329514681e+01
2.703587728985030481e+02 9.959395307547891818e+00
2.704018824815902917e+02 9.840501668213164521e+00
2.704468017181037567e+02 9.724785731081102114e+00
2.704935717820207515e+02 9.613484923133652771e+00
2.705421911822623429e+02 9.507680619425462609e+00
2.705926173120591898e+02 9.408286813043162056e+00
2.706447687380866114e+02 9.316041904639579485e+00
2.706985281720330363e+02 9.231503690476369428e+00
2.707537460553314190e+02 9.155047569627585702e+00
2.708102446773014549e+02 9.086867933070664094e+00
2.708678227380693215e+02 9.026982640899046118e+00
2.709262602605194843e+02 8.975240439869256903e+00
2.709853237503055539e+02 8.931331122919553778e+00
2.710447714996804507e+02 8.894798186080436153e+00
2.711043589296666596e+02 8.865053697144542610e+00
2.711638438658458199e+02 8.841395055302767148e+00
2.712229916458156254e+02 8.823023292250422145e+00
2.712815799610264662e+02 8.809062543515613797e+00
2.713394033422155189e+02 8.798580304255876783e+00
2.713962772058088717e+02 8.790608076726103448e+00
2.714520413883461742e+02 8.784162017046776683e+00
2.715065631069583674e+02 8.778263196728557816e+00
2.715597392960016805e+02 8.771957109362007898e+00
2.716114982828661937e+02 8.764332074604539002e+00
2.716618007794946266e+02 8.754536219576204203e+00
2.717106401799803734e+02 8.741792751390953242e+00
2.717580421685096326e+02 8.725413273088618027e+00
2.718040636556061145e+02 8.704808937876654440e+00
2.718487910738363098e+02 8.679499282467274313e+00
2.718923380766325977e+02 8.649118628472262316e+00
2.719348426953940816e+02 8.613419990328925024e+00
2.719764640203715089e+02 8.572276478092209828e+00
2.720173784798044494e+02 8.525680232672979031e+00
2.720577757991813996e+02 8.473738978764878027e+00
2.720978547282543900e+02 8.416670325886856929e+00
2.721378186273818187e+02 8.354793989807745902e+00
2.721778710068920759e+02 8.288522144350849885e+00
2.722182111133981266e+02 8.218348146508384744e+00
2.722590296553428288e+02 8.144833905338671798e+00
2.723005047565967516e+02 8.068596186821606508e+00
2.723427982216966257e+02 7.990292162334088566e+00
2.723860521894405338e+02 7.910604517484822296e+00
2.724303862431961534e+02 7.830226440596700144e+00
2.724758950365692840e+02 7.749846806210704209e+00
2.725226464822395656e+02 7.670135858751225832e+00
2.725706805400354256e+02 7.591731685247624206e+00
2.726200086278577714e+02 7.515227744151853351e+00
2.726706136662199924e+02 7.441161690341405510e+00
2.727224507540967124e+02 7.370005704966786197e+00
2.727754484608101961e+02 7.302158503586667848e+00
2.728295107060350233e+02 7.237939157792493639e+00
2.728845191879374852e+02 7.177582825078813400e+00
2.729403363082180931e+02 7.121238439911230067e+00
2.729968085326118512e+02 7.068968376653126384e+00
2.730537701164141708e+02 7.020750053103864019e+00
2.731110471170467804e+02 6.976479402727179924e+00
2.731684616096389959e+02 6.935976105025903671e+00
2.732258360172797325e+02 6.898990427718403318e+00
2.732829974649919791e+02 6.865211502093088392e+00
2.733397820657105513e+02 6.834276824784632609e+00
2.733960390475739359e+02 6.805782755762360026e+00
2.734516346346873092e+02 6.779295763978027800e+00
2.735064555980936802e+02 6.754364159212673080e+00
2.735604123999228250e+02 6.730530041397968510e+00
2.736134418614683455e+02 6.707341197157291823e+00
2.736655092950928747e+02 6.684362677494687155e+00
2.737166100502264499e+02 6.661187800306481499e+00
2.737667704351001134e+02 6.637448336447855368e+00
2.738160479880045841e+02 6.612823658097070734e+00
2.738645310845921017e+02 6.587048652654093672e+00
2.739123378807549898e+02 6.559920233851416427e+00
2.739596146037050062e+02 6.531302313504824042e+00
2.740065332167634438e+02 6.501129131716453458e+00
2.740532884958412296e+02 6.469406879619668871e+00
2.741000945673525280e+02 6.436213586151914079e+00
2.741471809681888772e+02 6.401697278085906717e+00
2.741947882981382918e+02 6.366072459839784869e+00
2.742431635436068973e+02 6.329614995661376753e+00
2.742925551584935988e+02 6.292655510898539362e+00
2.743432079934768240e+02 6.255571460529429473e+00
2.743953581686813550e+02 6.218778041300264903e+00
2.744492279866166768e+02 6.182718148139260350e+00
2.745050209824003673e+02 6.147851595508639910e+00
2.745629172065738999e+02 6.114643839620678811e+00
2.746230688323358891e+02 6.083554447712116620e+00
2.746855961737873031e+02 6.055025565632710993e+00
2.747505841949499086e+02 6.029470634808024698e+00
2.748180795809547590e+02 6.007263604195332896e+00
2.748880884330799859e+02 5.988728872316597673e+00
2.749605746384521012e+02 5.974132179061320436e+00
2.750354589533452554e+02 5.963672647042026043e+00
2.751126188263986023e+02 5.957476148297670804e+00
2.751918889749276786e+02 5.955590144570932054e+00
2.752730627140650768e+02 5.957980118831144090e+00
2.753558940249951092e+02 5.964527682805338848e+00
2.754401003352678003e+02 5.975030410698507488e+00
2.755253659713616798e+02 5.989203413753647176e+00
2.756113462315032621e+02 6.006682634537306775e+00
2.756976720155141152e+02 6.027029804581027328e+00
2.757839549382967448e+02 6.049738974966378358e+00
2.758697928447085701e+02 6.074244497307087265e+00
2.759547756361559436e+02 6.099930302993595177e+00
2.760384913133669329e+02 6.126140302117505598e+00
2.761205321356496256e+02 6.152189700702139774e+00
2.762005007944989643e+02 6.177377016183658753e+00
2.762780164987735247e+02 6.200996556866827270e+00
2.763527208698184268e+02 6.222351121594438261e+00
2.764242835478360121e+02 6.240764671288743237e+00
2.764924074154334903e+02 6.255594724414649477e+00
2.765568333505441956e+02 6.266244233755390525e+00
2.766173444286883978e+02 6.272172712046561571e+00
2.766737695036794662e+02 6.272906388761803065e+00
2.767259861062217396e+02 6.268047199371340916e+00
2.767739226111982589e+02 6.257280431290648259e+00
2.768175596366281752e+02 6.240380877047717156e+00
2.768569306500183416e+02 6.217217374357225879e+00
2.768921217709809071e+02 6.187755644229023133e+00
2.769232707722520104e+02 6.152059371302872393e+00
2.769505652944283725e+02 6.110289504639661473e+00
2.769742403025951489e+02 6.062701791521265982e+00
2.769945748253377360e+02 6.009642590750046587e+00
2.770118880281892757e+02 5.951543044809317173e+00
2.770265346841970313e+02 5.888911721423744083e+00
2.770389001137872924e+02 5.822325863924967315e+00
2.770493946743360993e+02 5.752421415836738383e+00
2.770584478866795735e+02 5.679882007748385142e+00
2.770665022911190931e+02 5.605427113430059727e+00
2.770740071291926370e+02 5.529799596897705172e+00
2.770814119496035346e+02 5.453752882519990131e+00
2.770891602371249860e+02 5.378037986085122846e+00
2.770976831621301812e+02 5.303390645940901926e+00
2.771073935455769401e+02 5.230518789899083032e+00
2.771186801299766103e+02 5.160090565655161221e+00
2.771319022410842763e+02 5.092723150214654382e+00
2.771473849179718627e+02 5.028972537507345741e+00
2.771654145808503245e+02 4.969324483371362788e+00
2.771862352967133916e+02 4.914186763820872272e+00
2.772100456926967809e+02 4.863882876456171012e+00
2.772369965562148764e+02 4.818647286574943678e+00
2.772671891496323155e+02 4.778622289567110215e+00
2.773006742556163999e+02 4.743856530123157889e+00
2.773374519576724424e+02 4.714305187287997079e+00
2.773774721487952775e+02 4.689831803044480552e+00
2.774206357499543856e+02 4.670211701550726069e+00
2.774667966093953737e+02 4.655136916949594195e+00
2.775157640436680140e+02 4.644222520384737152e+00
2.775673059720786000e+02 4.637014211999360036e+00
2.776211525879806459e+02 4.632997021728405329e+00
2.776770005031542610e+02 4.631604944000526025e+00
2.777345172955319867e+02 4.632231316388542908e+00
2.777933463857934271e+02 4.634239741018462588e+00
2.778531121649436386e+02 4.636975340349668961e+00
2.779134252929127911e+02 4.639776135856353179e+00
2.779738880874826350e+02 4.641984339177456675e+00
2.780340999234421133e+02 4.642957350388488003e+00
2.780936625637455109e+02 4.642078267020993465e+00
2.781521853475388184e+02 4.638765720090130884e+00
2.782092901641379399e+02 4.632482869379892065e+00
2.782646161472981134e+02 4.622745409224409130e+00
2.783178240302629547e+02 4.609128457581933347e+00
2.783686001090385957e+02 4.591272224874703767e+00
2.784166597688955562e+02 4.568886384350910213e+00
2.784617505371830930e+02 4.541753092097752464e+00
2.785036546339424035e+02 4.509728631752363270e+00
2.785421910003755102e+02 4.472743685878882935e+00
2.785772167938511075e+02 4.430802262372313116e+00
2.786086283466176496e+02 4.383979329590623308e+00
2.786363615936013503e+02 4.332417237724973447e+00
2.786603919825094522e+02 4.276321025738043957e+00
2.786807338867554336e+02 4.215952732633278188e+00
2.786974395484024285e+02 4.151624848513230326e+00
2.787105975842688395e+02 4.083693054555633140e+00
2.787203310935101399e+02 4.012548411455792774e+00
2.787267954092756668e+02 3.938609162910042372e+00
2.787301755404433266e+02 3.862312324252127560e+00
2.787306833519164684e+02 3.784105226405467981e+00
2.787285545335092820e+02 3.704437181932311862e+00
2.787240454080883296e+02 3.623751433285852475e+00
2.787174296293824227e+02 3.542477533587570004e+00
2.787089948187838218e+02 3.461024297629947899e+00
2.786990391885972258e+02 3.379773445642083818e+00
2.786878681966059048e+02 3.299074045021913371e+00
2.786757912736233607e+02 3.219237836121469520e+00
2.786631186619614482e+02 3.140535507703726470e+00
2.786501583985668162e+02 3.063193966317076189e+00
2.786372134720693907e+02 2.987394622016043666e+00
2.786245791782594665e+02 2.913272691057134711e+00
2.786125406936434956e+02 2.840917494865835558e+00
2.786013708818503574e+02 2.770373714147394306e+00
2.785913283428735667e+02 2.701643537905501713e+00
2.785826557104854828e+02 2.634689629717689829e+00
2.785755781988088415e+02 2.569438818224572874e+00
2.785703023949766362e+02 2.505786405720189514e+00
2.785670152911723108e+02 2.443600978197935092e+00
2.785658835461443346e+02 2.382729592406606756e+00
2.785670529635881394e+02 2.323003210506034311e+00
2.785706481725962931e+02 2.264242250841946191e+00
2.785767724937219327e+02 2.206262124178278050e+00
2.785855079730973216e+02 2.148878628358528609e+00
2.785969155664283790e+02 2.091913080697356708e+00
2.786110354546253802e+02 2.035197076235046865e+00
2.786278874731874566e+02 1.978576771100695408e+00
2.786474716382792849e+02 1.921916603337675777e+00
2.786697687536146759e+02 1.865102378333874933e+00
2.786947410837686334e+02 1.808043662123803630e+00
2.787223330812913673e+02 1.750675442916573177e+00
2.787524721569470216e+02 1.692959038864740862e+00
2.787850694844473765e+02 1.634882247938813649e+00
2.788200208331770682e+02 1.576458753408647384e+00
2.788572074244699479e+02 1.517726815480546110e+00
2.788964968090091361e+02 1.458747295737367500e+00
2.789377437647643205e+02 1.399601075827250130e+00
2.789807912165212542e+02 1.340385945054601846e+00
2.790254711794480613e+02 1.281213042862239249e+00
2.790716057302352624e+02 1.222202951442428187e+00
2.791190080101169997e+02 1.163481540696001959e+00
2.791674832644883963e+02 1.105175672344766991e+00
2.792168299239086195e+02 1.047408872131261548e+00
2.792668407309552663e+02 9.902970786792646418e-01
2.793173039167464822e+02 9.339445747872685555e-01
2.793680044299561018e+02 8.784402017647806593e-01
2.794187252198150304e+02 8.238539500430361873e-01
2.794692485730429894e+02 7.702340098731572660e-01
2.795193575028189912e+02 7.176043547070581896e-01
2.795688371859135373e+02 6.659629170848270219e-01
2.796174764419872076e+02 6.152804028420550964e-01
2.796650692468693933e+02 5.654997744973093710e-01
2.797114162694490460e+02 5.165364191444027364e-01
2.797563264196596151e+02 4.682790003771458709e-01
2.797996183930436018e+02 4.205909780821401323e-01
2.798411221955460633e+02 3.733127646807750111e-01
2.798806806305818782e+02 3.262644719191081788e-01
2.799181507291412458e+02 2.792491888980528913e-01
2.799534051027137025e+02 2.320567200048566092e-01
2.799863331982461432e+02 1.844677009839529591e-01
2.800168424341600826e+02 1.362580028093214601e-01
2.800448591967300445e+02 8.720332644493830609e-02
2.800703296768202222e+02 3.708388715598428392e-02
2.800932205281519600e+02 -1.431091516701177985e-02
2.801135193298671879e+02 -6.717794314995098603e-02
2.801312348382131745e+02 -1.216959877040665050e-01
2.801463970145961753e+02 -1.780217490825130588e-01
2.801590568200843450e+02 -2.362862232963167664e-01
2.801692857695799148e+02 -2.965915754401268201e-01
2.801771752422981763e+02 -3.590085712128335826e-01
2.801828355488321449e+02 -4.235746261353647846e-01
2.801863947588749397e+02 -4.902925189237550274e-01
2.801879972975543751e+02 -5.591298014510494019e-01
2.801878023222202501e+02 -6.300189230304141796e-01
2.801859818953755621e+02 -7.028580716814673002e-01
2.801827189731304770e+02 -7.775127199275599921e-01
2.801782052320694447e+02 -8.538178478272969718e-01
2.801726387606390745e+02 -9.315808016782660683e-01
2.801662216440475959e+02 -1.010584733448824268e+00
2.801591574741554496e+02 -1.090592553759366812e+00
2.801516488178517648e+02 -1.171351320410149333e+00
2.801438946789451734e+02 -1.252596975249747224e+00
2.801360879895723315e+02 -1.334059334786690920e+00
2.801284131675437266e+02 -1.415467234510548566e+00
2.801210437758737157e+02 -1.496553723513697198e+00
2.801141403199621323e+02 -1.577061204753069212e+00
2.801078482165405035e+02 -1.656746417177686892e+00
2.801022959665345979e+02 -1.735385158952461593e+00
2.800975935614970922e+02 -1.812776656053156410e+00
2.800938311502321199e+02 -1.888747487486445387e+00
2.800910779887133799e+02 -1.963154987154090980e+00
2.800893816924628936e+02 -2.035890052737734379e+00
2.800887678062375699e+02 -2.106879303722846153e+00
2.800892397012527226e+02 -2.176086543560206810e+00
2.800907788053310128e+02 -2.243513494712347178e+00
2.800933451663530036e+02 -2.309199789677420789e+00
2.800968783443188954e+02 -2.373222215726968010e+00
2.801012986222565360e+02 -2.435693225746037527e+00
2.801065085212412669e+02 -2.496758741929542502e+00
2.801123945999874536e+02 -2.556595292884862758e+00
2.801188295149161718e+02 -2.615406537644632490e+00
2.801256743123868205e+02 -2.673419241957004644e+00
2.801327809209363409e+02 -2.730878782759075918e+00
2.801399948080281774e+02 -2.788044265762340324e+00
2.801471577629301350e+02 -2.845183348409676682e+00
2.801541107650833169e+02 -2.902566865977802557e+00
2.801606968956342030e+02 -2.960463362193963999e+00
2.801667642487458920e+02 -3.019133627362019734e+00
2.801721687989374914e+02 -3.078825346631465454e+00
2.801767771809462033e+02 -3.139767958712034623e+00
2.801804693395593517e+02 -3.202167821107429813e+00
2.801831410084336653e+02 -3.266203771902887798e+00
2.801847059791352876e+02 -3.332023170430880477e+00
2.801850981244283503e+02 -3.399738489922584428e+00
2.801842731432115556e+02 -3.469424524715312597e+00
2.801822099983486964e+02 -3.541116262953662996e+00
2.801789120229453829e+02 -3.614807463216075600e+00
2.801744076753288937e+02 -3.690449960383844541e+00
2.801687509279535107e+02 -3.767953712585207171e+00
2.801620212807217740e+02 -3.847187587472152615e+00
2.801543233945717475e+02 -3.927980872667831580e+00
2.801457863466757772e+02 -4.010125482220535886e+00
2.801365625140376778e+02 -4.093378818551703269e+00
2.801268260976756324e+02 -4.177467237918530252e+00
2.801167713047731240e+02 -4.262090057032049017e+00
2.801066102111882969e+02 -4.346924029357489339e+00
2.800965703313332256e+02 -4.431628211931010419e+00
2.800868919267705337e+02 -4.515849137381324319e+00
2.800778250886689875e+02 -4.599226201331203079e+00
2.800696266326475552e+02 -4.681397172541607254e+00
2.800625568473216731e+02 -4.762003732067865869e+00
2.800568761400943458e+02 -4.840696948316897341e+00
2.800528416253529826e+02 -4.917142597189677389e+00
2.800507037012050660e+02 -4.991026240385973090e+00
2.800507026612301047e+02 -5.062057980341212904e+00
2.800530653874052973e+02 -5.129976817032741110e+00
2.800580021694151469e+02 -5.194554539871902854e+00
2.800657036939814475e+02 -5.255599096933718073e+00
2.800763382456586328e+02 -5.312957393662193439e+00
2.800900491578095171e+02 -5.366517483737619720e+00
2.801069525491902255e+02 -5.416210125789119090e+00
2.801271353778237767e+02 -5.462009690865008871e+00
2.801506538396562291e+02 -5.503934416830632337e+00
2.801775321349359160e+02 -5.542046016931483798e+00
2.802077616204125547e+02 -5.576448660445192829e+00
2.802413003603388688e+02 -5.607287353461817503e+00
2.802780730840201500e+02 -5.634745757199225658e+00
2.803179715522759921e+02 -5.659043489737554111e+00
2.803608553298219022e+02 -5.680432964502156956e+00
2.804065529552279941e+02 -5.699195825133030802e+00
2.804548634949080110e+02 -5.715639041469787962e+00
2.805055584625656024e+02 -5.730090735186768924e+00
2.805583840807627780e+02 -5.742895806116705693e+00
2.806130638568088216e+02 -5.754411431475573657e+00
2.806693014410984119e+02 -5.765002510089836107e+00
2.807267837323775552e+02 -5.775037122350999752e+00
2.807851841912250279e+02 -5.784882074063578905e+00
2.808441663203761891e+02 -5.794898588690550412e+00
2.809033872683903610e+02 -5.805438207839645592e+00
2.809625015116147324e+02 -5.816838954302679277e+00
2.810211645684232167e+02 -5.829421805679875668e+00
2.810790366993656448e+02 -5.843487519748334691e+00
2.811357865470769752e+02 -5.859313845407207566e+00
2.811910946706564118e+02 -5.877153145410885848e+00
2.812446569306390529e+02 -5.897230449335080671e+00
2.812961876826615821e+02 -5.919741947460123832e+00
2.813454227404754420e+02 -5.944853928648732300e+00
2.813921220719619782e+02 -5.972702157962629599e+00
2.814360721953256643e+02 -6.003391682853211897e+00
2.814770882465423938e+02 -6.036997050357538974e+00
2.815150156934296888e+02 -6.073562911951213117e+00
2.815497316762935611e+02 -6.113104987621994724e+00
2.815811459599668183e+02 -6.155611356397183265e+00
2.816092014870823164e+02 -6.201044037029585176e+00
2.816338745275884889e+02 -6.249340819845958350e+00
2.816551744247456099e+02 -6.300417308898965452e+00
2.816731429430376465e+02 -6.354169132526887864e+00
2.816878532285908818e+02 -6.410474280192337559e+00
2.816994083976626939e+02 -6.469195524002766540e+00
2.817079397735666362e+02 -6.530182884555109979e+00
2.817136047969031551e+02 -6.593276102629968882e+00
2.817165846381556662e+02 -6.658307080718553372e+00
2.817170815455105526e+02 -6.725102261302102313e+00
2.817153159641291609e+02 -6.793484912148158195e+00
2.817115234659797807e+02 -6.863277292531695828e+00
2.817059515317100136e+02 -6.934302678154641519e+00
2.816988562278557424e+02 -7.006387226518811850e+00
2.816904988239176078e+02 -7.079361668531485741e+00
2.816811423944861872e+02 -7.153062816088661791e+00
2.816710484516339648e+02 -7.227334879227090170e+00
2.816604736522230041e+02 -7.302030590080486938e+00
2.816496666236100737e+02 -7.377012134264614218e+00
2.816388649494680294e+02 -7.452151893397346072e+00
2.816282923551201520e+02 -7.527333005187381687e+00
2.816181561289128581e+02 -7.602449749882873142e+00
2.816086448128014581e+02 -7.677407773825020598e+00
2.815999261914764702e+02 -7.752124162401842433e+00
2.815921456051498240e+02 -7.826527375849376078e+00
2.815854246065231337e+02 -7.900557062102015138e+00
2.815798599775920934e+02 -7.974163761284747132e+00
2.815755231168404293e+02 -8.047308516482548413e+00
2.815724598021311635e+02 -8.119962405163228425e+00
2.815706903292587526e+02 -8.192106005098640509e+00
2.815702100207930130e+02 -8.263728807872391613e+00
2.815709900945654454e+02 -8.334828592131511726e+00
2.815729788760094721e+02 -8.405410767668298533e+00
2.815761033336609671e+02 -8.475487700265055935e+00
2.815802709124760668e+02 -8.545078026038041230e+00
2.815853716353572054e+02 -8.614205962815974615e+00
2.815912804394141062e+02 -8.682900624924684507e+00
2.815978597100915408e+02 -8.751195346657734575e+00
2.816049619734574208e+02 -8.819127018710963384e+00
2.816124327046327380e+02 -8.886735440978778655e+00
2.816201132086903840e+02 -8.954062694361924812e+00
2.816278435292974223e+02 -9.021152533627295966e+00
2.816354653399897643e+02 -9.088049802899636376e+00
2.816428247732619639e+02 -9.154799875039001833e+00
2.816497751435957753e+02 -9.221448115972195936e+00
2.816561795221599027e+02 -9.288039374969571327e+00
2.816619131231571487e+02 -9.354617501893283560e+00
2.816668654646552454e+02 -9.421224892546627316e+00
2.816709422701507037e+02 -9.487902063423780064e+00
2.816740670810657434e+02 -9.554687257354080643e+00
2.816761825547982312e+02 -9.621616081737801807e+00
2.816772514277479900e+02 -9.688721181256681803e+00
2.816772571279036015e+02 -9.756031947082936640e+00
2.816762040269814520e+02 -9.823574264691963265e+00
2.816741173276931818e+02 -9.891370302381890411e+00
2.816710425873953909e+02 -9.959438342507786146e+00
2.816670448850739490e+02 -1.002779265723576962e+01
2.816622076442143339e+02 -1.009644343031237135e+01
2.816566311295568426e+02 -1.016539672592192467e+01
2.816504306409368610e+02 -1.023465450517487874e+01
2.816437344322584408e+02 -1.030421469014611269e+01
2.816366813881211897e+02 -1.037407127467267998e+01
2.816294184945705865e+02 -1.044421448034514910e+01
2.816220981438983131e+02 -1.051463095531002523e+01
2.816148753162168532e+02 -1.058530401266090770e+01
2.816079046827317711e+02 -1.065621390436653293e+01
2.816013376771113599e+02 -1.072733812588585423e+01
2.815953195821357440e+02 -1.079865174588638332e+01
2.815899866788407735e+02 -1.087012775483854199e+01
2.815854635046919157e+02 -1.094173742572996844e+01
2.815818602658846999e+02 -1.101345067975449865e+01
2.815792704467380076e+02 -1.108523644960318677e+01
2.815777686563294537e+02 -1.115706303293142909e+01
2.815774087490501074e+02 -1.122889842870970867e+01
2.815782222517049149e+02 -1.130071064949887649e+01
2.815802171252016706e+02 -1.137246800321086937e+01
2.815833768838065794e+02 -1.144413933863381239e+01
2.815876600895241495e+02 -1.151569424989398627e+01
2.815930002334127380e+02 -1.158710323608338122e+01
2.815993060096873251e+02 -1.165833781348102072e+01
2.816064619824028341e+02 -1.172937057910944247e+01
2.816143296383991128e+02 -1.180017522575949762e+01
2.816227488141665276e+02 -1.187072651006395674e+01
2.816315394784243722e+02 -1.194100017664764479e+01
2.816405038466022006e+02 -1.201097284280798050e+01
2.816494287981524280e+02 -1.208062184952927787e+01
2.816580885628071087e+02 -1.214992508587454090e+01
2.816662476375674942e+02 -1.221886079489208932e+01
2.816736638924796807e+02 -1.228740737007604800e+01
2.816800918201715831e+02 -1.235554315211094867e+01
2.816852858816940284e+02 -1.242324623606751999e+01
2.816890038995651366e+02 -1.249049429939084632e+01
2.816910104479748611e+02 -1.255726446090989690e+01
2.816910801899923626e+02 -1.262353318068781505e+01
2.816890011122296755e+02 -1.268927620983177107e+01
2.816845776088491107e+02 -1.275446859839064828e+01
2.816776333689307421e+02 -1.281908476819859821e+01
2.816680140241065828e+02 -1.288309865600236570e+01
2.816555895168884263e+02 -1.294648393046662349e+01
2.816402561542859075e+02 -1.300921428471264996e+01
2.816219383159943277e+02 -1.307126380396922016e+01
2.816005897916209619e+02 -1.313260740573075047e+01
2.815761947269737675e+02 -1.319322134759523912e+01
2.815487681653081609e+02 -1.325308379573198536e+01
2.815183561755134747e+02 -1.331217544477840420e+01
2.814850355654015175e+02 -1.337048017793384069e+01
2.814489131844779308e+02 -1.342798575416376927e+01
2.814101248266968014e+02 -1.348468450781113859e+01
2.813688337496484451e+02 -1.354057404457211433e+01
2.813252288323045036e+02 -1.359565791678573099e+01
2.812795223987469058e+02 -1.364994626034437886e+01
2.812319477401853760e+02 -1.370345637528514970e+01
2.811827563719047589e+02 -1.375621323229850113e+01
2.811322150655453243e+02 -1.380824988799624009e+01
2.810806027002349765e+02 -1.385960779282413036e+01
2.810282069785113208e+02 -1.391033697697687366e+01
2.809753210546790569e+02 -1.396049610155352561e+01
2.809222401241852936e+02 -1.401015236445911505e+01
2.808692580228036491e+02 -1.405938125316523291e+01
2.808166638838330300e+02 -1.410826613935091345e+01
2.807647389002228238e+02 -1.415689771359372529e+01
2.807137532364982349e+02 -1.420537326160402181e+01
2.806639631326527251e+02 -1.425379578693344129e+01
2.806156082388374671e+02 -1.430227298855449369e+01
2.805689092157598452e+02 -1.435091610513410210e+01
2.805240656312770398e+02 -1.439983864112640077e+01
2.804812541788254521e+02 -1.444915499291440497e+01
2.804406272381103236e+02 -1.449897899605628382e+01
2.804023117930178728e+02 -1.454942241716885398e+01
2.803664087160614713e+02 -1.460059341604786631e+01
2.803329924229513495e+02 -1.465259500521259461e+01
2.803021108951508609e+02 -1.470552353513144794e+01
2.802737860626760380e+02 -1.475946723389105841e+01
2.802480145339635556e+02 -1.481450482998457119e+01
2.802247686544835688e+02 -1.487070428620570084e+01
2.802039978709781849e+02 -1.492812167133706680e+01
2.801856303738504721e+02 -1.498680019442191202e+01
2.801695749863406490e+02 -1.504676942394369021e+01
2.801557232658279872e+02 -1.510804471122914272e+01
2.801439517798536372e+02 -1.517062683390784272e+01
2.801341245173945822e+02 -1.523450187134285017e+01
2.801260953944720313e+02 -1.529964131969272678e+01
2.801197108124421220e+02 -1.536600244973326213e+01
2.801148122272417709e+02 -1.543352890586421111e+01
2.801112386884606167e+02 -1.550215153993837092e+01
2.801088293083632266e+02 -1.557178946878402392e+01
2.801074256228694708e+02 -1.564235133964238855e+01
2.801068738089613248e+02 -1.571373678331541157e+01
2.801070267259808020e+02 -1.578583803071114033e+01
2.801077457517752123e+02 -1.585854166478076621e+01
2.801089023885389224e+02 -1.593173047664354947e+01
2.801103796174574541e+02 -1.600528539208038836e+01
2.801120729857732954e+02 -1.607908743260043494e+01
2.801138914146333718e+02 -1.615301967400618466e+01
2.801157577208964540e+02 -1.622696916484628815e+01
2.801176088509770921e+02 -1.630082876736171471e+01
2.801193958296219648e+02 -1.637449888453012647e+01
2.801210834312426528e+02 -1.644788903856633411e+01
2.801226495859335728e+02 -1.652091926873764649e+01
2.801240845365803125e+02 -1.659352131955005660e+01
2.801253897673595361e+02 -1.666563959420652452e+01
2.801265767274913401e+02 -1.673723185265498614e+01
2.801276653771776068e+02 -1.680826963845834143e+01
2.801286825852781135e+02 -1.687873842402058955e+01
2.801296604103662844e+02 -1.694863746930678516e+01
2.801306342983386344e+02 -1.701797939496793077e+01
2.801316412307448900e+02 -1.708678947662146541e+01
2.801327178584077160e+02 -1.715510467281464102e+01
2.801338986547545460e+02 -1.722297240479303682e+01
2.801352141225592050e+02 -1.729044911148955421e+01
2.801366890865576238e+02 -1.735759860802690824e+01
2.801383411026365593e+02 -1.742449028038141634e+01
2.801401790120635269e+02 -1.749119715258774477e+01
2.801422016665807746e+02 -1.755779386589373559e+01
2.801443968471339190e+02 -1.762435461152219318e+01
2.801467403956590374e+02 -1.769095106011205232e+01
2.801491955756955008e+02 -1.775765033145436433e+01
2.801517126737871308e+02 -1.782451304778455281e+01
2.801542288496183346e+02 -1.789159151264516012e+01
2.801566682387984883e+02 -1.795892805520238156e+01
2.801589423081221071e+02 -1.802655357692528781e+01
2.801609504591115751e+02 -1.809448633376912241e+01
2.801625808717369068e+02 -1.816273098251566864e+01
2.801637115764663690e+02 -1.823127791479922877e+01
2.801642117392773343e+02 -1.830010289668908641e+01
2.801639431410238785e+02 -1.836916702561562786e+01
2.801627618296174660e+02 -1.843841701005122502e+01
2.801605199209227521e+02 -1.850778577080225062e+01
2.801570675220830253e+02 -1.857719335618665824e+01
2.801522547492372155e+02 -1.864654815688635026e+01
2.801459338102545757e+02 -1.871574840001485285e+01
2.801379611222345716e+02 -1.878468389606185340e+01
2.801281994331000647e+02 -1.885323800698679619e+01
2.801165199166138677e+02 -1.892128979895157670e+01
2.801028042106224234e+02 -1.898871633911122814e+01
2.800869463692114891e+02 -1.905539509260507813e+01
2.800688547007463853e+02 -1.912120637348736452e+01
2.800484534654327149e+02 -1.918603580185804347e+01
2.800256844080572023e+02 -1.924977671893027420e+01
2.800005081038747221e+02 -1.931233251222858627e+01
2.799729050982192575e+02 -1.937361880453363128e+01
2.799428768232221501e+02 -1.943356546255567352e+01
2.799104462780473455e+02 -1.949211838458465706e+01
2.798756584621893353e+02 -1.954924103045914663e+01
2.798385805546232632e+02 -1.960491566204581559e+01
2.797993018348910255e+02 -1.965914426791843894e+01
2.797579333454940524e+02 -1.971194915196036135e+01
2.797146072982123428e+02 -1.976337317206926514e+01
2.796694762301376045e+02 -1.981347962187167866e+01
2.796227119182472620e+02 -1.986235175523108865e+01
2.795745040642313484e+02 -1.991009196020533523e+01
2.795250587639627611e+02 -1.995682059583979751e+01
2.794745967784896266e+02 -2.000267451162910959e+01
2.794233516256172720e+02 -2.004780527551189095e+01
2.793715675131227272e+02 -2.009237714175195677e+01
2.793194971362955243e+02 -2.013656479489762319e+01
2.792673993638611591e+02 -2.018055091009309621e+01
2.792155368374196769e+02 -2.022452357326948658e+01
2.791641735102561483e+02 -2.026867360708944688e+01
2.791135721518437549e+02 -2.031319184993470017e+01
2.790639918444709906e+02 -2.035826643565965099e+01
2.790156854982815844e+02 -2.040408012131198490e+01
2.789688974105432635e+02 -2.045080770853471819e+01
2.789238608942534370e+02 -2.049861360197281712e+01
2.788807960001990978e+02 -2.054764954475865935e+01
2.788399073553795233e+02 -2.059805256712029475e+01
2.788013821392610794e+02 -2.064994317945173918e+01
2.787653882177139053e+02 -2.070342383589464319e+01
2.787320724526838376e+02 -2.075857768874609377e+01
2.787015592037150782e+02 -2.081546764794074988e+01
2.786739490353836004e+02 -2.087413575361021500e+01
2.786493176425413481e+02 -2.093460286342414278e+01
2.786277150030678627e+02 -2.099686865021879711e+01
2.786091647655360930e+02 -2.106091189944788056e+01
2.785936638769301794e+02 -2.112669109038525406e+01
2.785811824532615333e+02 -2.119414523989017951e+01
2.785716638936564777e+02 -2.126319498301996802e+01
2.785650252362832475e+02 -2.133374386094504871e+01
2.785611577523085884e+02 -2.140567978355991485e+01
2.785599277719974225e+02 -2.147887663195689001e+01
2.785611777350843568e+02 -2.155319596457152542e+01
2.785647274556475281e+02 -2.162848879034678617e+01
2.785703755899604062e+02 -2.170459737269111500e+01
2.785779012941504220e+02 -2.178135702929766637e+01
2.785870660569970028e+02 -2.185859789501310146e+01
2.785976156918425772e+02 -2.193614661781864683e+01
2.786092824703741258e+02 -2.201382796154438282e+01
2.786217873799884615e+02 -2.209146629306577836e+01
2.786348424855471535e+02 -2.216888693633391583e+01
2.786481533755870146e+02 -2.224591738052566470e+01
2.786614216724664743e+02 -2.232238833474647777e+01
2.786743475855136012e+02 -2.239813462693502899e+01
2.786866324859557267e+02 -2.247299594975905279e+01
2.786979814823139918e+02 -2.254681746122590269e+01
2.787081059749772862e+02 -2.261945025231989348e+01
2.787167261688595659e+02 -2.269075169809156378e+01
2.787235735233830951e+02 -2.276058571215903825e+01
2.787283931194997422e+02 -2.282882292742252162e+01
2.787309459240877914e+02 -2.289534082786776992e+01
2.787310109327925147e+02 -2.296002385757473618e+01
2.787283871732734610e+02 -2.302276353340588244e+01
2.787228955517962277e+02 -2.308345858731122391e+01
2.787143805272463624e+02 -2.314201516274894033e+01
2.787027115978411871e+02 -2.319834708740990337e+01
2.786877845871686645e+02 -2.325237624130042846e+01
2.786695227176023764e+02 -2.330403303534716741e+01
2.786478774606605953e+02 -2.335325701114134489e+01
2.786228291554942302e+02 -2.339999756733226732e+01
2.785943873883568358e+02 -2.344421481266198626e+01
2.785625911276836746e+02 -2.348588053981996282e+01
2.785275086112020517e+02 -2.352497930836703688e+01
2.784892369833719385e+02 -2.356150961906716645e+01
2.784479016833645915e+02 -2.359548515626160281e+01
2.784036555857224471e+02 -2.362693606955864567e+01
2.783566778978127445e+02 -2.365591026128326391e+01
2.783071728201492192e+02 -2.368247464195250274e+01
2.782553679776410718e+02 -2.370671631268436741e+01
2.782015126317671729e+02 -2.372874363100613593e+01
2.781458756856129639e+02 -2.374868711513060404e+01
2.780887434955836852e+02 -2.376670014147465082e+01
2.780304175054400275e+02 -2.378295939108769730e+01
2.779712117200537023e+02 -2.379766500274175556e+01
2.779114500379532160e+02 -2.381104039373830972e+01
2.778514634632947491e+02 -2.382333171397040417e+01
2.777915872193336213e+02 -2.383480690438935667e+01
2.777321577867951419e+02 -2.384575433769212083e+01
2.776735098916931292e+02 -2.385648102663900261e+01
2.776159734681484679e+02 -2.386731039382048891e+01
2.775598706225634942e+02 -2.387857960573673566e+01
2.775055126261337932e+02 -2.389063648356781755e+01
2.774531969630777439e+02 -2.390383601280248271e+01
2.774032044621519049e+02 -2.391853648373479402e+01
2.773557965389640572e+02 -2.393509530453921741e+01
2.773112125763026938e+02 -2.395386453794803217e+01
2.772696674691473504e+02 -2.397518622128232124e+01
2.772313493602155745e+02 -2.399938753750063114e+01
2.771964175908298103e+02 -2.402677591182811057e+01
2.771650008905356231e+02 -2.405763411422960374e+01
2.771371958273103360e+02 -2.409221545231208950e+01
2.771130655383134922e+02 -2.413073914205531523e+01
2.770926387590138233e+02 -2.417338594494199455e+01
2.770759091661495290e+02 -2.422029415951280740e+01
2.770628350473659225e+02 -2.427155605305836872e+01
2.770533393075452295e+02 -2.432721481504514216e+01
2.770473098188161885e+02 -2.438726210800069083e+01
2.770446001180135340e+02 -2.445163628398623956e+01
2.770450304520074951e+02 -2.452022132558245460e+01
2.770483891678238706e+02 -2.459284655961191390e+01
2.770544344409101427e+02 -2.466928717980687935e+01
2.770628963312481119e+02 -2.474926560148755073e+01
2.770734791533772636e+02 -2.483245365727130505e+01
2.770858641427319071e+02 -2.491847562814155026e+01
2.770997123971288829e+02 -2.500691208913116270e+01
2.771146680687562025e+02 -2.509730453370478287e+01
2.771303617786776385e+02 -2.518916072595403222e+01
2.771464142227356433e+02 -2.528196071523997901e+01
2.771624399348096972e+02 -2.537516343423186171e+01
2.771780511707703454e+02 -2.546821378867496577e+01
2.771928618741401351e+02 -2.556055013595901571e+01
2.772064916825382852e+02 -2.565161203988517968e+01
2.772185699324152210e+02 -2.574084818118821616e+01
2.772287396184732984e+02 -2.582772429754179200e+01
2.772366612635071306e+02 -2.591173102312217935e+01
2.772420166542282232e+02 -2.599239149645111979e+01
2.772445123989872968e+02 -2.606926860625472031e+01
2.772438832641785211e+02 -2.614197174849741145e+01
2.772398952475176657e+02 -2.621016297356136349e+01
2.772323483483344830e+02 -2.627356241068577702e+01
2.772210789975117677e+02 -2.633195286714367356e+01
2.772059621127146443e+02 -2.638518351206723267e+01
2.771869127480708244e+02 -2.643317256914248858e+01
2.771638873114632702e+02 -2.647590895833969427e+01
2.771368843270617504e+02 -2.651345284415872072e+01
2.771059447255560144e+02 -2.654593506625145238e+01
2.770711516497902380e+02 -2.657355544739658271e+01
2.770326297690142496e+02 -2.659657999331473377e+01
2.769905441007332456e+02 -2.661533701834629184e+01
2.769450983450924468e+02 -2.663021225022308514e+01
2.768965327427764009e+02 -2.664164298566522149e+01
2.768451214734913037e+02 -2.665011138598426044e+01
2.767911696181342336e+02 -2.665613701792343448e+01
2.767350097136624072e+02 -2.666026875929775741e+01
2.766769979353544500e+02 -2.666307620132307576e+01
2.766175099465873473e+02 -2.666514068958942119e+01
2.765569364612428558e+02 -2.666704615321625482e+01
2.764956785684642568e+02 -2.666936987667038750e+01
2.764341428735064596e+02 -2.667267337089508672e+01
2.763727365118805892e+02 -2.667749349973100337e+01
2.763118620967848642e+02 -2.668433401408844574e+01
2.762519126618675500e+02 -2.669365763998927576e+01
2.761932666626890978e+02 -2.670587885753829838e+01
2.761362831007303953e+02 -2.672135749624408163e+01
2.760812968334788025e+02 -2.674039325809149048e+01
2.760286141329138445e+02 -2.676322126361555220e+01
2.759785085526964963e+02 -2.679000869822150577e+01
2.759312171614622002e+02 -2.682085261647574015e+01
2.758869371958932675e+02 -2.685577894139703758e+01
2.758458231827317491e+02 -2.689474267430691867e+01
2.758079845736109519e+02 -2.693762930893916163e+01
2.757734839306025378e+02 -2.698425742168243957e+01
2.757423356937671315e+02 -2.703438238843785513e+01
2.757145055548269852e+02 -2.708770115803758571e+01
2.756899104534383582e+02 -2.714385799286998235e+01
2.756684192045493660e+02 -2.720245106967429649e+01
2.756498537570412282e+02 -2.726303981773993357e+01
2.756339910754386437e+02 -2.732515285828694829e+01
2.756205656280123435e+02 -2.738829639787060444e+01
2.756092724562038825e+02 -2.745196292047457476e+01
2.755997707921422375e+02 -2.751564001768835510e+01
2.755916881831431056e+02 -2.757881919412538707e+01
2.755846250746885175e+02 -2.764100448607457139e+01
2.755781597965000174e+02 -2.770172073528768664e+01
2.755718538901272154e+02 -2.776052136671869164e+01
2.755652577110495827e+02 -2.781699552882372117e+01
2.755579162336721879e+02 -2.787077446752479659e+01
2.755493749839886846e+02 -2.792153701989501968e+01
2.755391860219959881e+02 -2.796901413076205500e+01
2.755269138943832559e+02 -2.801299231441549509e+01
2.755121414775042012e+02 -2.805331600408994674e+01
2.754944756312623895e+02 -2.808988875346750191e+01
2.754735525862973873e+02 -2.812267327670710060e+01
2.754490429896968635e+02 -2.815169033600631465e+01
2.754206565384452006e+02 -2.817701650802542446e+01
2.753881461347774575e+02 -2.819878088218840517e+01
2.753513115036248564e+02 -2.821716076452720401e+01
2.753100022192127199e+02 -2.823237647992297283e+01
2.752641200955975478e+02 -2.824468538296990516e+01
2.752136209043660529e+02 -2.825437520287577442e+01
2.751585153917480397e+02 -2.826175686054416758e+01
2.750988695769246419e+02 -2.826715690598410191e+01
2.750348043231534234e+02 -2.827090973127855378e+01
2.749664941834037677e+02 -2.827334971836184963e+01
2.748941655322860242e+02 -2.827480348173476798e+01
2.748180940061002957e+02 -2.827558236395884705e+01
2.747386012825747343e+02 -2.827597533636003746e+01
2.746560512412690400e+02 -2.827624244894785477e+01
2.745708455544574349e+02 -2.827660896227265042e+01
2.744834187664976639e+02 -2.827726028002983583e+01
2.743942329270882965e+02 -2.827833778494340322e+01
2.743037718503007909e+02 -2.827993566214443888e+01
2.742125350767595933e+02 -2.828209877426187546e+01
2.741210316207231585e+02 -2.828482163116022718e+01
2.740297735870523752e+02 -2.828804847510841824e+01
2.739392697450359719e+02 -2.829167447958946369e+01
2.738500191468118601e+02 -2.829554803740192526e+01
2.737625048775882988e+02 -2.829947409161856697e+01
2.736771880230910483e+02 -2.830321844178333279e+01
2.735945019366312181e+02 -2.830651293787429879e+01
2.735148468839573184e+02 -2.830906145643263727e+01
2.734385851386950321e+02 -2.831054653721033176e+01
2.733660365947465607e+02 -2.831063654505672744e+01
2.732974749546193038e+02 -2.830899321080561393e+01
2.732331245444294723e+02 -2.830527939687550898e+01
2.731731577973249614e+02 -2.829916692830650859e+01
2.731176934375138785e+02 -2.829034432814296451e+01
2.730667953870572546e+02 -2.827852429746478791e+01
2.730204724072641511e+02 -2.826345078495244323e+01
2.729786784760626688e+02 -2.824490549855301325e+01
2.729413138922692497e+02 -2.822271372245347720e+01
2.729082270874170035e+02 -2.819674931595249490e+01
2.728792171158346491e+02 -2.816693878669543949e+01
2.728540367842305727e+02 -2.813326434878370819e+01
2.728323963731604636e+02 -2.809576589614992415e+01
2.728139678946866979e+02 -2.805454184288891994e+01
2.727983898232925526e+02 -2.800974880456482552e+01
2.727852722308826969e+02 -2.796160011740871454e+01
2.727742022515053577e+02 -2.791036321534800990e+01
2.727647497973907775e+02 -2.785635590750561619e+01
2.727564734450505739e+02 -2.779994162073170472e+01
2.727489264085440936e+02 -2.774152369244558614e+01
2.727416625166414974e+02 -2.768153881816812500e+01
2.727342421114512376e+02 -2.762044977523480682e+01
2.727262377881523321e+02 -2.755873755896015709e+01
2.727172398987013366e+02 -2.749689307968303353e+01
2.727068617467128888e+02 -2.743540857841757230e+01
2.726947444061001988e+02 -2.737476892508704296e+01
2.726805611023564211e+02 -2.731544296639347991e+01
2.726640211024904943e+02 -2.725787509022211452e+01
2.726448730674831040e+02 -2.720247717009191746e+01
2.726229078295372119e+02 -2.714962104660324016e+01
2.725979605652619284e+02 -2.709963169323719967e+01
2.725699123450862658e+02 -2.705278120139758258e+01
2.725386910485036083e+02 -2.700928370451561022e+01
2.725042716440544837e+02 -2.696929134363344360e+01
2.724666758421343502e+02 -2.693289135749149210e+01
2.724259711375869415e+02 -2.690010435914206965e+01
2.723822692675242934e+02 -2.687088383889597409e+01
2.723357241177370156e+02 -2.684511691041350190e+01
2.722865291183416048e+02 -2.682262629341868987e+01
2.722349141758068072e+02 -2.680317350329132609e+01
2.721811421942001061e+02 -2.678646319511993923e+01
2.721255052432127854e+02 -2.677214858811896292e+01
2.720683204343225157e+02 -2.675983787602739383e+01
2.720099255691932854e+02 -2.674910151060825925e+01
2.719506746261484409e+02 -2.673948022900081156e+01
2.718909331512230665e+02 -2.673049368174781648e+01
2.718310736199538269e+02 -2.672164950708611997e+01
2.717714708347214696e+02 -2.671245268875820855e+01
2.717124974201497025e+02 -2.670241502931430233e+01
2.716545194758641060e+02 -2.669106456872904687e+01
2.715978924419025589e+02 -2.667795477917534797e+01
2.715429572272993255e+02 -2.666267337094167900e+01
2.714900366469815367e+02 -2.664485055167141780e+01
2.714394322061682487e+02 -2.662416659117169715e+01
2.713914212651199591e+02 -2.660035855679757333e+01
2.713462546104054809e+02 -2.657322609959731352e+01
2.713041544519900867e+02 -2.654263618871009456e+01
2.712653128585218951e+02 -2.650852671060351184e+01
2.712298906362780713e+02 -2.647090887024200967e+01
2.711980166504903877e+02 -2.642986835281139335e+01
2.711697875812777170e+02 -2.638556522676099547e+01
2.711452681002591589e+02 -2.633823259125409066e+01
2.711244914482469994e+02 -2.628817399321809489e+01
2.711074603892135997e+02 -2.623575966064548481e+01
2.710941485111662814e+02 -2.618142161922500932e+01
2.710845018405911446e+02 -2.612564777839831009e+01
2.710784407338948654e+02 -2.606897509021946746e+01
2.710758620066944218e+02 -2.601198189961816709e+01
2.710766412600126500e+02 -2.595527961759252022e+01
2.710806353613190254e+02 -2.589950385925399345e+01
2.710876850380011547e+02 -2.584530519637104362e+01
2.710976175411469171e+02 -2.579333967898396907e+01
2.711102493385143930e+02 -2.574425928275287490e+01
2.711253887971308814e+02 -2.569870243794634490e+01
2.711428388181190030e+02 -2.565728479244173954e+01
2.711623993889714370e+02 -2.562059035489863135e+01
2.711838700215690210e+02 -2.558916315554227694e+01
2.712070520476269166e+02 -2.556349955095968340e+01
2.712317507469587667e+02 -2.554404128621989045e+01
2.712577772878032079e+02 -2.553116941275410312e+01
2.712849504624702490e+02 -2.552519914409223389e+01
2.713130982055809000e+02 -2.552637571408092398e+01
2.713420588861820875e+02 -2.553487128395778072e+01
2.713716823688993145e+02 -2.555078292597958978e+01
2.714018308430266302e+02 -2.557413169257548446e+01
2.714323794219405954e+02 -2.560486276154988161e+01
2.714632165184586370e+02 -2.564284663006669973e+01
2.714942440046627894e+02 -2.568788131329522173e+01
2.715253771672736320e+02 -2.573969548801424168e+01
2.715565444718514527e+02 -2.579795250739917023e+01
2.715876871508955901e+02 -2.586225520089411845e+01
2.716187586323407004e+02 -2.593215136268878140e+01
2.716497238259565279e+02 -2.600713982400912627e+01
2.716805582858262369e+02 -2.608667699831490339e+01
2.717112472673621255e+02 -2.617018378460107897e+01
2.717417846972875850e+02 -2.625705271235886684e+01
2.717721720746833967e+02 -2.634665521230168750e+01
2.718024173205978400e+02 -2.643834889964082180e+01
2.718325335929052358e+02 -2.653148476136282241e+01
2.718625380821094382e+02 -2.662541414546796403e+01
2.718924508026483409e+02 -2.671949545827056482e+01
2.719222933930347494e+02 -2.681310048542563607e+01
2.719520879368973283e+02 -2.690562026306999854e+01
2.719818558157029429e+02 -2.699647043710523775e+01
2.720116166026754172e+02 -2.708509606091105937e+01
2.720413870062383239e+02 -2.717097579439390742e+01
2.720711798701924522e+02 -2.725362547996432028e+01
2.721010032368391194e+02 -2.733260108352170903e+01
2.721308594783827743e+02 -2.740750100056133576e+01
2.721607445012153903e+02 -2.747796773884726207e+01
2.721906470270766931e+02 -2.754368899952527627e+01
2.722205479546326501e+02 -2.760439818786523247e+01
2.722504198046834176e+02 -2.765987439289472150e+01
2.722802262520004319e+02 -2.770994188186373108e+01
2.723099217466786399e+02 -2.775446916070812620e+01
2.723394512278565571e+02 -2.779336765537275156e+01
2.723687499326652528e+02 -2.782659007103674043e+01
2.723977433033081184e+02 -2.785412848695114718e+01
2.724263469951916363e+02 -2.787601224382539655e+01
2.724544669890267983e+02 -2.789230567857898890e+01
2.724819998097215148e+02 -2.790310575792054948e+01
2.725088328547173546e+02 -2.790853965779318102e+01
2.725348448341166545e+02 -2.790876233038898846e+01
2.725599063244835065e+02 -2.790395409438859531e+01
2.725838804376059556e+02 -2.789431827752043702e+01
2.726066236046925155e+02 -2.788007893366843248e+01
2.726279864755104541e+02 -2.786147864979953326e+01
2.726478149308047705e+02 -2.783877645114305110e+01
2.726659512049882323e+02 -2.781224580652620659e+01
2.726822351145796688e+02 -2.778217272975197005e+01
2.726965053862096511e+02 -2.774885396754899247e+01
2.727086010762084811e+02 -2.771259526009557561e+01
2.727183630719278540e+02 -2.767370965651915427e+01
2.727256356629885090e+02 -2.763251586521224823e+01
2.727302681687047539e+02 -2.758933661733477649e+01
2.727321166060008295e+02 -2.754449702152511037e+01
2.727310453802879238e+02 -2.749832288861954055e+01
2.727269289800493084e+02 -2.745113900704600951e+01
2.727196536543357297e+02 -2.740326735244289225e+01
2.727091190510498109e+02 -2.735502521887727312e+01
2.726952397928711775e+02 -2.730672326365990799e+01
2.726779469669305058e+02 -2.725866346305071630e+01
2.726571895039923561e+02 -2.721113698194022845e+01
2.726329354229398518e+02 -2.716442196670651654e+01
2.726051729167940607e+02 -2.711878127669623950e+01
2.725739112574157730e+02 -2.707446017595444587e+01
2.725391814973754094e+02 -2.703168401274931298e+01
2.725010369492937912e+02 -2.699065591989513990e+01
2.724595534252177345e+02 -2.695155457370325536e+01
2.724148292212838669e+02 -2.691453205339610477e+01
2.723669848360274841e+02 -2.687971184587560103e+01
2.723161624141766310e+02 -2.684718704269215550e+01
2.722625249115524753e+02 -2.681701877683153157e+01
2.722062549807920959e+02 -2.678923494643671788e+01
2.721475535818651679e+02 -2.676382927077643714e+01
2.720866383257996404e+02 -2.674076072064698906e+01
2.720237415644993462e+02 -2.671995336098204277e+01
2.719591082440142031e+02 -2.670129663778932994e+01
2.718929935429970897e+02 -2.668464613474720792e+01
2.718256603222660033e+02 -2.666982481697378660e+01
2.717573764153249272e+02 -2.665662477080092430e+01
2.716884117932704612e+02 -2.664480943900361964e+01
2.716190356406648334e+02 -2.663411634106407888e+01
2.715495133816149291e+02 -2.662426025788900574e+01
2.714801036973898931e+02 -2.661493685019489774e+01
2.714110555783772725e+02 -2.660582666974724120e+01
2.713426054539792744e+02 -2.659659951303277836e+01
2.712749744441629218e+02 -2.658691905799492616e+01
2.712083657757170840e+02 -2.657644771638685910e+01
2.711429624049225140e+02 -2.656485162731451055e+01
2.710789248862145655e+02 -2.655180571184019911e+01
2.710163895235771179e+02 -2.653699870426177654e+01
2.709554668378854672e+02 -2.652013807301623771e+01
2.708962403792218652e+02 -2.650095474317927113e+01
2.708387659084147003e+02 -2.647920753332193655e+01
2.707830709667426845e+02 -2.645468722207156631e+01
2.707291548469996201e+02 -2.642722016410057861e+01
2.706769889729960710e+02 -2.639667138139341773e+01
2.706265176882180867e+02 -2.636294706343243988e+01
2.705776594478327297e+02 -2.632599641927261658e+01
2.705303084016770754e+02 -2.628581283519456946e+01
2.704843363493707784e+02 -2.624243430353416073e+01
2.704395950423908062e+02 -2.619594310117172142e+01
2.703959188019411499e+02 -2.614646470977836401e+01
2.703531274158581823e+02 -2.609416598399106846e+01
2.703110292727165529e+02 -2.603925258794969722e+01
2.702694246868331902e+02 -2.598196573478215043e+01
2.702281093641003622e+02 -2.592257827737774534e+01
2.701868779556081108e+02 -2.586139021185778830e+01
2.701455276438622377e+02 -2.579872366725632205e+01
2.701038617051661959e+02 -2.573491746579409067e+01
2.700616929914169759e+02 -2.567032134753431905e+01
2.700188472751967197e+02 -2.560528996092222087e+01
2.699751664036190277e+02 -2.554017672656019045e+01
2.699305112089141403e+02 -2.547532768540242287e+01
2.698847641271555631e+02 -2.541107544426014542e+01
2.698378314808007303e+02 -2.534773333103486337e+01
2.697896453858032260e+02 -2.528558986941046527e+01
2.697401652498177782e+02 -2.522490367786730658e+01
2.696893788344393670e+02 -2.516589889090803212e+01
2.696373028613181759e+02 -2.510876119140290186e+01
2.695839831493253200e+02 -2.505363453215482039e+01
2.695294942775269647e+02 -2.500061861231982618e+01
2.694739387764821004e+02 -2.494976716045600540e+01
2.694174458581196632e+02 -2.490108706095274371e+01
2.693601697021129553e+02 -2.485453834472333057e+01
2.693022873240309991e+02 -2.481003504862466258e+01
2.692439960575673012e+02 -2.476744693142279985e+01
2.691855106896413758e+02 -2.472660201759628507e+01
2.691270602930304676e+02 -2.468728992417454293e+01
2.690688848063497289e+02 -2.464926591048912741e+01
2.690112314155162494e+02 -2.461225557647414419e+01
2.689543507942567544e+02 -2.457596012228621873e+01
2.688984932636902272e+02 -2.454006207078891677e+01
2.688439049324503571e+02 -2.450423134510144152e+01
2.687908238792526845e+02 -2.446813158614294181e+01
2.687394764391552258e+02 -2.443142659006687012e+01
2.686900736530979543e+02 -2.439378674279643278e+01
2.686428079376264577e+02 -2.435489532860221829e+01
2.685978500280394883e+02 -2.431445459182161883e+01
2.685553462436562313e+02 -2.427219143538215462e+01
2.685154161185072894e+02 -2.422786264667307066e+01
2.684781504346534575e+02 -2.418125955037272234e+01
2.684436096885769416e+02 -2.413221199893075664e+01
2.684118230138795980e+02 -2.408059162428087419e+01
2.683827875758621531e+02 -2.402631428879313802e+01
2.683564684457351746e+02 -2.396934168915821672e+01
2.683327989542003138e+02 -2.390968208352969171e+01
2.683116815162428566e+02 -2.384739012949526682e+01
2.682929889111871944e+02 -2.378256583795624124e+01
2.682765659946297774e+02 -2.371535266541318876e+01
2.682622318118573617e+02 -2.364593478413670269e+01
2.682497820759003275e+02 -2.357453358589395265e+01
2.682389919676179488e+02 -2.350140348997369699e+01
2.682296192101959491e+02 -2.342682713991478849e+01
2.682214073663179761e+02 -2.335111008528434340e+01
2.682140893030497182e+02 -2.327457505486777478e+01
2.682073907672523205e+02 -2.319755593548003603e+01
2.682010340131210455e+02 -2.312039157615760132e+01
2.681947414232592450e+02 -2.304341954060461006e+01
2.681882390655368908e+02 -2.296696993140107068e+01
2.681812601298221352e+02 -2.289135940760586152e+01
2.681735481914770389e+02 -2.281688551305559187e+01
2.681648602522132592e+02 -2.274382142595380074e+01
2.681549695134508511e+02 -2.267241123140184200e+01
2.681436678425899913e+02 -2.260286580753589902e+01
2.681307678985307916e+02 -2.253535940311999752e+01
2.681161048892219583e+02 -2.247002697007752658e+01
2.680995379408550434e+02 -2.240696229881458734e+01
2.680809510654681276e+02 -2.234621698762396846e+01
2.680602537209583147e+02 -2.228780026030138828e+01
2.680373809648002066e+02 -2.223167962870634184e+01
2.680122932099021682e+02 -2.217778237972834532e+01
2.679849755979268480e+02 -2.212599784931850522e+01
2.679554370119047348e+02 -2.207618043027910204e+01
2.679237087559992574e+02 -2.202815324568387112e+01
2.678898429356694919e+02 -2.198171240644952462e+01
2.678539105762011445e+02 -2.193663175995767389e+01
2.678159995215064555e+02 -2.189266802697915892e+01
2.677762121581894803e+02 -2.184956621667924637e+01
2.677346630120624695e+02 -2.180706520432752171e+01
2.676914762655952700e+02 -2.176490335360684725e+01
2.676467832451107256e+02 -2.172282406516547582e+01
2.676007199259646541e+02 -2.168058113527898101e+01
2.675534245024430788e+02 -2.163794381313987714e+01
2.675050350667654584e+02 -2.159470145226029203e+01
2.674556874383881677e+02 -2.155066766061900196e+01
2.674055131808959800e+02 -2.150568386529446485e+01
2.673546378391965845e+02 -2.145962222017750065e+01
2.673031794245745800e+02 -2.141238779967122952e+01
2.672512471695905560e+02 -2.136392003674878382e+01
2.671989405688507304e+02 -2.131419338003940211e+01
2.671463487155127723e+02 -2.126321716138924245e+01
2.670935499371398691e+02 -2.121103468224872302e+01
2.670406117282475407e+02 -2.115772154390969817e+01
2.669875909708073323e+02 -2.110338326270787590e+01
2.669345344281140342e+02 -2.104815222647260597e+01
2.668814794919666156e+02 -2.099218406242811596e+01
2.668284551581078858e+02 -2.093565349914404194e+01
2.667754832004530385e+02 -2.087874981572550226e+01
2.667225795108605553e+02 -2.082167198000782449e+01
2.666697555681364520e+02 -2.076462358391015783e+01
2.666170199976900790e+02 -2.070780768815203032e+01
2.665643801817776648e+02 -2.065142169018701068e+01
2.665118438796257010e+02 -2.059565232841478988e+01
2.664594208169220906e+02 -2.054067093252171006e+01
2.664071242051814465e+02 -2.048662902424242205e+01
2.663549721533079264e+02 -2.043365436505426302e+01
2.663029889362413201e+02 -2.038184753748114986e+01
2.662512060888653309e+02 -2.033127913500714712e+01
2.661996632972298471e+02 -2.028198762233256858e+01
2.661484090636108135e+02 -2.023397791313785632e+01
2.660975011268128583e+02 -2.018722069695813204e+01
2.660470066243909173e+02 -2.014165253055490368e+01
2.659970019889630066e+02 -2.009717669264345119e+01
2.659475725764364711e+02 -2.005366478435294297e+01
2.658988120296306192e+02 -2.001095904170980688e+01
2.658508213863751735e+02 -1.996887531108706781e+01
2.658037079465336774e+02 -1.992720662428727252e+01
2.657575839175145234e+02 -1.988572729701650132e+01
2.657125648624938776e+02 -1.984419746324799050e+01
2.656687679798013733e+02 -1.980236794859973060e+01
2.656263102455421290e+02 -1.975998537855872783e+01
2.655853064545286202e+02 -1.971679741233129945e+01
2.655458671969157649e+02 -1.967255799039234176e+01
2.655080968094909508e+02 -1.962703248349500029e+01
2.654720913414162169e+02 -1.958000263299828703e+01
2.654379365742379946e+02 -1.953127117681999536e+01
2.654057061352889377e+02 -1.948066606203337869e+01
2.653754597421121844e+02 -1.942804415394834194e+01
2.653472416133687943e+02 -1.937329436226223223e+01
2.653210790788166946e+02 -1.931634011730163181e+01
2.652969814174770704e+02 -1.925714114323112724e+01
2.652749389490855378e+02 -1.919569449008820072e+01
2.652549223994392946e+02 -1.913203480228323272e+01
2.652368825553753027e+02 -1.906623381744978474e+01
2.652207502199852911e+02 -1.899839910589081171e+01
2.652064364733125217e+02 -1.892867207698799703e+01
2.651938332383743386e+02 -1.885722529448469942e+01
2.651828141469401316e+02 -1.878425915718014139e+01
2.651732356942124511e+02 -1.870999801497655213e+01
2.651649386664838062e+02 -1.863468580210797043e+01
2.651577498210824615e+02 -1.855858127950729752e+01
2.651514837935534956e+02 -1.848195298641192608e+01
2.651459452031074306e+02 -1.840507400730281518e+01
2.651409309240317498e+02 -1.832821666398572447e+01
2.651362324879668790e+02 -1.825164724398711513e+01
2.651316385798524493e+02 -1.817562087541763916e+01
2.651269375888645641e+02 -1.810037665508211902e+01
2.651219201749385661e+02 -1.802613313096625802e+01
2.651163818113802222e+02 -1.795308423241947793e+01
2.651101252647154638e+02 -1.788139573157148376e+01
2.651029629742248517e+02 -1.781120230795675852e+01
2.650947192955496234e+02 -1.774260527525132503e+01
2.650852325752979368e+02 -1.767567101471583868e+01
2.650743570266551501e+02 -1.761043014470882184e+01
2.650619643795702700e+02 -1.754687743980820969e+01
2.650479452830476816e+02 -1.748497249700483280e+01
2.650322104413871216e+02 -1.742464113045030061e+01
2.650146914707462429e+02 -1.736577746070251393e+01
2.649953414671194878e+02 -1.730824664964799453e+01
2.649741352816064932e+02 -1.725188821860850652e+01
2.649510695036136099e+02 -1.719651987485434219e+01
2.649261621573109551e+02 -1.714194176111338663e+01
2.648994521211477604e+02 -1.708794103390183139e+01
2.648709982844807769e+02 -1.703429666981283219e+01
2.648408784592667757e+02 -1.698078439440377352e+01
2.648091880682918600e+02 -1.692718162613050126e+01
2.647760386344823473e+02 -1.687327232792640075e+01
2.647415560984165381e+02 -1.681885166150161837e+01
2.647058789932166292e+02 -1.676373034419773944e+01
2.646691565075001904e+02 -1.670773861515569081e+01
2.646315464680076275e+02 -1.665072972649224425e+01
2.645932132738980158e+02 -1.659258288593532882e+01
2.645543258145085588e+02 -1.653320558969591758e+01
2.645150554016603905e+02 -1.647253529799388261e+01
2.644755737463299852e+02 -1.641054042029591642e+01
2.644360510078086577e+02 -1.634722059265192229e+01
2.643966539413055443e+02 -1.628260624519256439e+01
2.643575441674341846e+02 -1.621675747353280528e+01
2.643188765841612735e+02 -1.614976224316749764e+01
2.642807979386952866e+02 -1.608173397061748489e+01
2.642434455734726839e+02 -1.601280853875706356e+01
2.642069463569908976e+02 -1.594314081613768330e+01
2.641714158067169365e+02 -1.587290076093813518e+01
2.641369574078356095e+02 -1.580226919919413753e+01
2.641036621281809857e+02 -1.573143337397805830e+01
2.640716081264067157e+02 -1.566058236707845452e+01
2.640408606473663440e+02 -1.558990249734374167e+01
2.640114720958217163e+02 -1.551957280016961249e+01
2.639834822770199025e+02 -1.544976069059868529e+01
2.639569187904482419e+02 -1.538061790822823305e+01
2.639317975611715497e+02 -1.531227683567046149e+01
2.639081234916432095e+02 -1.524484727382455240e+01
2.638858912157563736e+02 -1.517841374689642642e+01
2.638650859361514449e+02 -1.511303339815706082e+01
2.638456843254739397e+02 -1.504873452413494128e+01
2.638276554722905303e+02 -1.498551578058651934e+01
2.638109618527959697e+02 -1.492334607849236860e+01
2.637955603101693214e+02 -1.486216517282386995e+01
2.637814030244966261e+02 -1.480188493125815796e+01
2.637684384575059084e+02 -1.474239125472904099e+01
