-2.830592856255803440e+02 -2.753535601608790273e+01
-2.830875027356714213e+02 -2.746710343309380420e+01
-2.831122580476159669e+02 -2.739839405211696288e+01
-2.831335732665854721e+02 -2.732915924060542423e+01
-2.831515090276706132e+02 -2.725932685982619930e+01
-2.831661629924066688e+02 -2.718882271365983883e+01
-2.831776674093009660e+02 -2.711757214544988415e+01
-2.831861861895318953e+02 -2.704550174558471198e+01
-2.831919115564061826e+02 -2.697254112909221746e+01
-2.831950603334257153e+02 -2.689862474007439630e+01
-2.831958699408276061e+02 -2.682369363837987208e+01
-2.831945941741741990e+02 -2.674769722351898693e+01
-2.831914988408888689e+02 -2.667059485151639464e+01
-2.831868573315959452e+02 -2.659235730213471527e+01
-2.831809462026699293e+02 -2.651296805667155709e+01
-2.831740408446185029e+02 -2.643242435027321946e+01
-2.831664113078198284e+02 -2.635073796733267315e+01
-2.831583183528257450e+02 -2.626793575396637692e+01
-2.831500097869940760e+02 -2.618405982765038686e+01
-2.831417171427691528e+02 -2.609916747073488708e+01
-2.831336527456095382e+02 -2.601333070157437177e+01
-2.831260072115222215e+02 -2.592663552427234563e+01
-2.831189474055598794e+02 -2.583918086536544223e+01
-2.831126148836457901e+02 -2.575107721300724961e+01
-2.831071248308746817e+02 -2.566244498118525996e+01
-2.831025655001831183e+02 -2.557341262805894289e+01
-2.830989981461444245e+02 -2.548411456348803839e+01
-2.830964574398113314e+02 -2.539468888609047781e+01
-2.830949523421389813e+02 -2.530527499460224661e+01
-2.830944674057355996e+02 -2.521601112180121973e+01
-2.830949644676359753e+02 -2.512703184171381920e+01
-2.830963846895890583e+02 -2.503846560218543971e+01
-2.830986508970951832e+02 -2.495043233512696901e+01
-2.831016701642120097e+02 -2.486304119581819094e+01
-2.831053365879985790e+02 -2.477638848059180532e+01
-2.831095341944680968e+02 -2.469055576904301930e+01
-2.831141399170334125e+02 -2.460560833270029235e+01
-2.831190265886950783e+02 -2.452159384690889965e+01
-2.831240658905799137e+02 -2.443854143664773204e+01
-2.831291312018499298e+02 -2.435646108023327017e+01
-2.831341002994057021e+02 -2.427534338751078025e+01
-2.831388578601025756e+02 -2.419515976134668023e+01
-2.831432977233016572e+02 -2.411586294318171753e+01
-2.831473248773539808e+02 -2.403738793526152406e+01
-2.831508571399573952e+02 -2.395965328410149553e+01
-2.831538265090880486e+02 -2.388256270194258946e+01
-2.831561801682562418e+02 -2.380600699558820210e+01
-2.831578811370279709e+02 -2.372986626524495435e+01
-2.831589085649411572e+02 -2.365401232996196867e+01
-2.831592576740008553e+02 -2.357831133112871669e+01
-2.831589393617183532e+02 -2.350262646134897793e+01
-2.831579794830375363e+02 -2.342682076296731353e+01
-2.831564178353701209e+02 -2.335075993865577360e+01
-2.831543068762057374e+02 -2.327431511581167456e+01
-2.831517102073220826e+02 -2.319736550711023071e+01
-2.831487008633845903e+02 -2.311980091137547078e+01
-2.831453594456682481e+02 -2.304152400196348438e+01
-2.831417721436974375e+02 -2.296245235402536267e+01
-2.831380286887646776e+02 -2.288252016725153837e+01
-2.831342202835722333e+02 -2.280167964689636051e+01
-2.831304375516152732e+02 -2.271990201289869304e+01
-2.831267685484765479e+02 -2.263717811461794582e+01
-2.831232968749251881e+02 -2.255351863693031689e+01
-2.831200999287094078e+02 -2.246895389199271520e+01
-2.831172473282549049e+02 -2.238353319971842836e+01
-2.831147995372265314e+02 -2.229732386871194194e+01
-2.831128067141782481e+02 -2.221040979791169079e+01
-2.831113078063916646e+02 -2.212288972728884673e+01
-2.831103299016327242e+02 -2.203487517348624181e+01
-2.831098878459992534e+02 -2.194648809308040072e+01
-2.831099841304645679e+02 -2.185785832206536128e+01
-2.831106090431890721e+02 -2.176912084506163225e+01
-2.831117410793433464e+02 -2.168041295153091497e+01
-2.831133475951143055e+02 -2.159187133885180998e+01
-2.831153856878790975e+02 -2.150362922341291849e+01
-2.831178032802912981e+02 -2.141581352088365620e+01
-2.831205403823243500e+02 -2.132854215551833477e+01
-2.831235305022031525e+02 -2.124192155576750451e+01
-2.831267021746824639e+02 -2.115604438965092271e+01
-2.831299805733418111e+02 -2.107098758837885910e+01
-2.831332891724683805e+02 -2.098681070069145349e+01
-2.831365514237083403e+02 -2.090355461343902022e+01
-2.831396924129770696e+02 -2.082124066620860603e+01
-2.831426404640951091e+02 -2.073987017946550182e+01
-2.831453286572513548e+02 -2.065942440690777104e+01
-2.831476962326087232e+02 -2.057986491370895266e+01
-2.831496898521393177e+02 -2.050113437324901966e+01
-2.831512646960057396e+02 -2.042315776599231825e+01
-2.831523853734528302e+02 -2.034584395556498748e+01
-2.831530266321274780e+02 -2.026908760899337025e+01
-2.831531738539441676e+02 -2.019277142066777131e+01
-2.831528233299622457e+02 -2.011676859304843390e+01
-2.831519823111436267e+02 -2.004094552158619535e+01
-2.831506688362492241e+02 -1.996516462689425353e+01
-2.831489113423973549e+02 -1.988928727399519047e+01
-2.831467480678975903e+02 -1.981317671653771129e+01
-2.831442262607795328e+02 -1.973670100327999677e+01
-2.831414012099306206e+02 -1.965973578488624796e+01
-2.831383351188365509e+02 -1.958216696116618749e+01
-2.831350958445739252e+02 -1.950389311226061295e+01
-2.831317555268621504e+02 -1.942482766186844145e+01
-2.831283891336339593e+02 -1.934490072632838675e+01
-2.831250729507021333e+02 -1.926406061008682258e+01
-2.831218830436710050e+02 -1.918227491565665233e+01
-2.831188937202798002e+02 -1.909953124444817263e+01
-2.831161760208777309e+02 -1.901583747363753218e+01
-2.831137962637309329e+02 -1.893122160335961013e+01
-2.831118146704004062e+02 -1.884573117775930129e+01
-2.831102840945322328e+02 -1.875943229261865852e+01
-2.831092488751177143e+02 -1.867240821118811311e+01
-2.831087438326718484e+02 -1.858475761830368356e+01
-2.831087934238902335e+02 -1.849659255068021579e+01
-2.831094110672505053e+02 -1.840803604826168893e+01
-2.831105986487820587e+02 -1.831921957753481678e+01
-2.831123462139013895e+02 -1.823028028263569666e+01
-2.831146318478705552e+02 -1.814135812379535295e+01
-2.831174217441380279e+02 -1.805259296509447609e+01
-2.831206704566340591e+02 -1.796412167457597420e+01
-2.831243213290575795e+02 -1.787607529947537444e+01
-2.831283070913808046e+02 -1.778857637766848043e+01
-2.831325506112324319e+02 -1.770173644344960451e+01
-2.831369657855639730e+02 -1.761565378149436967e+01
-2.831414585560590922e+02 -1.753041147742853312e+01
-2.831459280301729677e+02 -1.744607580692804660e+01
-2.831502676884636003e+02 -1.736269499786169135e+01
-2.831543666580482181e+02 -1.728029839181444061e+01
-2.831581110315487990e+02 -1.719889602257191541e+01
-2.831613852108165474e+02 -1.711847862000265152e+01
-2.831640732549820996e+02 -1.703901803843263707e+01
-2.831660602130054372e+02 -1.696046809928256494e+01
-2.831672334218135347e+02 -1.688276582862647146e+01
-2.831674837523351016e+02 -1.680583306163682877e+01
-2.831667067871953805e+02 -1.672957837779394552e+01
-2.831648039155102197e+02 -1.665389932343681423e+01
-2.831616833320675255e+02 -1.657868487187591100e+01
-2.831572609301529155e+02 -1.650381806602383605e+01
-2.831514610793489055e+02 -1.642917878443678603e+01
-2.831442172817419873e+02 -1.635464656889582713e+01
-2.831354727020924429e+02 -1.628010345025113281e+01
-2.831251805696049928e+02 -1.620543670924174151e+01
-2.831133044509507499e+02 -1.613054151038677375e+01
-2.830998183961106633e+02 -1.605532334980041043e+01
-2.830847069603848354e+02 -1.597970026184359149e+01
-2.830679651075458878e+02 -1.590360473481863046e+01
-2.830495980005612751e+02 -1.582698529231042173e+01
-2.830296206875734697e+02 -1.574980770415426612e+01
-2.830080576918772408e+02 -1.567205579919187031e+01
-2.829849425154910705e+02 -1.559373186080228813e+01
-2.829603170665524203e+02 -1.551485659545285145e+01
-2.829342310212024927e+02 -1.543546867401948575e+01
-2.829067411308582223e+02 -1.535562385515606998e+01
-2.828779104858121514e+02 -1.527539370934512419e+01
-2.828478077459704991e+02 -1.519486397122877364e+01
-2.828165063492483000e+02 -1.511413255619968687e+01
-2.827840837077091578e+02 -1.503330728484306000e+01
-2.827506204009860653e+02 -1.495250336548827796e+01
-2.827161993758704739e+02 -1.487184069070770676e+01
-2.826809051602290879e+02 -1.479144100796011685e+01
-2.826448230986210319e+02 -1.471142502761870219e+01
-2.826080386161737579e+02 -1.463190953327614352e+01
-2.825706365164369913e+02 -1.455300455944447968e+01
-2.825327003181039913e+02 -1.447481070054627317e+01
-2.824943116346747729e+02 -1.439741661246376303e+01
-2.824555496003542885e+02 -1.432089676390481436e+01
-2.824164903447452275e+02 -1.424530948956509668e+01
-2.823772065182068332e+02 -1.417069539060860706e+01
-2.823377668691378517e+02 -1.409707612050213577e+01
-2.822982358738744892e+02 -1.402445358587376312e+01
-2.822586734194147766e+02 -1.395280958301971452e+01
-2.822191345387465162e+02 -1.388210588112595012e+01
-2.821796691982022480e+02 -1.381228475344144790e+01
-2.821403221359608438e+02 -1.374326994772794563e+01
-2.821011327505666486e+02 -1.367496807754470112e+01
-2.820621350381352954e+02 -1.360727040652605702e+01
-2.820233575767545631e+02 -1.354005498897030613e+01
-2.819848235564464289e+02 -1.347318912198777596e+01
-2.819465508529565341e+02 -1.340653205732953701e+01
-2.819085521435223995e+02 -1.333993791499560544e+01
-2.818708350626887409e+02 -1.327325873594444872e+01
-2.818334023961342041e+02 -1.320634760779786454e+01
-2.817962523103691410e+02 -1.313906179544458119e+01
-2.817593786160472291e+02 -1.307126580793613613e+01
-2.817227710624997599e+02 -1.300283433406199052e+01
-2.816864156609441920e+02 -1.293365498147146653e+01
-2.816502950336549134e+02 -1.286363075812742629e+01
-2.816143887861915687e+02 -1.279268224015718403e+01
-2.815786738995821565e+02 -1.272074937669184713e+01
-2.815431251391470369e+02 -1.264779288993304718e+01
-2.815077154764382499e+02 -1.257379523727382065e+01
-2.814724165205538498e+02 -1.249876111166946657e+01
-2.814371989548922670e+02 -1.242271746637716667e+01
-2.814020329752268026e+02 -1.234571306047100236e+01
-2.813668887248267083e+02 -1.226781753194892488e+01
-2.813317367222355188e+02 -1.218912001556595648e+01
-2.812965482772369796e+02 -1.210972733252246591e+01
-2.812612958905213532e+02 -1.202976178859171874e+01
-2.812259536325927343e+02 -1.194935862597642640e+01
-2.811904974975584537e+02 -1.186866318194468128e+01
-2.811549057276032499e+02 -1.178782781394709467e+01
-2.811191591041858260e+02 -1.170700865629721221e+01
-2.810832412022983249e+02 -1.162636227749408846e+01
-2.810471386045048234e+02 -1.154604230978145019e+01
-2.810108410719134326e+02 -1.146619612350899331e+01
-2.809743416697408520e+02 -1.138696161826868369e+01
-2.809376368456887008e+02 -1.130846420061731550e+01
-2.809007264599569567e+02 -1.123081401451647032e+01
-2.808636137663629597e+02 -1.115410348548817332e+01
-2.808263053447162179e+02 -1.107840523301233304e+01
-2.807888109852777347e+02 -1.100377039800405754e+01
-2.807511435268356763e+02 -1.093022742348246545e+01
-2.807133186506049469e+02 -1.085778131694650916e+01
-2.806753546328202447e+02 -1.078641341272411225e+01
-2.806372720595172154e+02 -1.071608164187315282e+01
-2.805990935075644757e+02 -1.064672130631918812e+01
-2.805608431965297314e+02 -1.057824634304375344e+01
-2.805225466163946635e+02 -1.051055105353664842e+01
-2.804842301365009121e+02 -1.044351226361501084e+01
-2.804459206013716539e+02 -1.037699186931683393e+01
-2.804076449192334053e+02 -1.031083971610435057e+01
-2.803694296491324280e+02 -1.024489675124802623e+01
-2.803313005925183461e+02 -1.017899838316903960e+01
-2.802932823950348507e+02 -1.011297797683334387e+01
-2.802553981640356824e+02 -1.004667041111939163e+01
-2.802176691070229708e+02 -9.979915622500344696e+00
-2.801801141957956247e+02 -9.912562059427097338e+00
-2.801427498606124686e+02 -9.844469973476595470e+00
-2.801055897181221894e+02 -9.775514476606074865e+00
-2.800686443361984743e+02 -9.705588298671283809e+00
-2.800319210381685480e+02 -9.634604185612168692e+00
-2.799954237482404551e+02 -9.562496886263557982e+00
-2.799591528792369672e+02 -9.489224684445595415e+00
-2.799231052630461249e+02 -9.414770442644822879e+00
-2.798872741235153399e+02 -9.339142134004735141e+00
-2.798516490908637024e+02 -9.262372850282922343e+00
-2.798162162560727211e+02 -9.184520284660111500e+00
-2.797809582631543321e+02 -9.105665699569431837e+00
-2.797458544367074751e+02 -9.025912400794860346e+00
-2.797108809417458701e+02 -8.945383749741907309e+00
-2.796760109724428958e+02 -8.864220755759816939e+00
-2.796412149661846342e+02 -8.782579299489476909e+00
-2.796064608391495767e+02 -8.700627046219386429e+00
-2.795717142395641872e+02 -8.618540114970940635e+00
-2.795369388147777840e+02 -8.536499574366207099e+00
-2.795020964884065506e+02 -8.454687840126878129e+00
-2.794671477439515002e+02 -8.373285051229935050e+00
-2.794320519115386219e+02 -8.292465502252191811e+00
-2.793967674547259890e+02 -8.212394208258865902e+00
-2.793612522546648620e+02 -8.133223675747347059e+00
-2.793254638892857997e+02 -8.055090948714989096e+00
-2.792893599055857976e+02 -7.978114992956099272e+00
-2.792528980835083416e+02 -7.902394474357643972e+00
-2.792160366903199815e+02 -7.828005978386274322e+00
-2.791787347247869775e+02 -7.755002708354078678e+00
-2.791409521508234661e+02 -7.683413689597657026e+00
-2.791026501206074499e+02 -7.613243495656713655e+00
-2.790637911874506472e+02 -7.544472501113716589e+00
-2.790243395089171372e+02 -7.477057654221638927e+00
-2.789842610408543919e+02 -7.410933751043349282e+00
-2.789435237230792382e+02 -7.346015181813140948e+00
-2.789020976574832389e+02 -7.282198109844204126e+00
-2.788599552792645682e+02 -7.219363033780983763e+00
-2.788170715218681153e+02 -7.157377675538842077e+00
-2.787734239760319497e+02 -7.096100129079534469e+00
-2.787289930430826530e+02 -7.035382199394393687e+00
-2.786837620823363864e+02 -6.975072856847758906e+00
-2.786377175521207619e+02 -6.915021729456249489e+00
-2.785908491435731662e+02 -6.855082554819470708e+00
-2.785431499060005649e+02 -6.795116514285973075e+00
-2.784946163622066706e+02 -6.734995374530139856e+00
-2.784452486118388492e+02 -6.674604365971187114e+00
-2.783950504204737513e+02 -6.613844733299262479e+00
-2.783440292918843966e+02 -6.552635900663324797e+00
-2.782921965206953701e+02 -6.490917202654827634e+00
-2.782395672224842542e+02 -6.428649141917155418e+00
-2.781861603383077295e+02 -6.365814144800818752e+00
-2.781319986106483384e+02 -6.302416797741133614e+00
-2.780771085278829560e+02 -6.238483558713023847e+00
-2.780215202345939929e+02 -6.174061949952414530e+00
-2.779652674053494934e+02 -6.109219249870990964e+00
-2.779083870799997840e+02 -6.044040713462459635e+00
-2.778509194590460538e+02 -5.978627361253266770e+00
-2.777929076582412904e+02 -5.913093386748102809e+00
-2.777343974222645784e+02 -5.847563241133031831e+00
-2.776754367980607299e+02 -5.782168461529170855e+00
-2.776160757692450716e+02 -5.717044315164422130e+00
-2.775563658538080745e+02 -5.652326336304382970e+00
-2.774963596682196112e+02 -5.588146835553408742e+00
-2.774361104618871536e+02 -5.524631462132726156e+00
-2.773756716267586739e+02 -5.461895898929935989e+00
-2.773150961876514202e+02 -5.400042767507402530e+00
-2.772544362796161863e+02 -5.339158815902761646e+00
-2.771937426192848761e+02 -5.279312456039508383e+00
-2.771330639776904263e+02 -5.220551710018458635e+00
-2.770724466624577644e+02 -5.162902615639878512e+00
-2.770119340175427283e+02 -5.106368131400521371e+00
-2.769515659488237702e+02 -5.050927570142791367e+00
-2.768913784838072729e+02 -4.996536578742514223e+00
-2.768314033735143198e+02 -4.943127668969883537e+00
-2.767716677442305127e+02 -4.890611292205602645e+00
-2.767121938062632012e+02 -4.838877438336723458e+00
-2.766529986261346039e+02 -4.787797727144861071e+00
-2.765940939677673782e+02 -4.737227949127684745e+00
-2.765354862072093738e+02 -4.687011002201583842e+00
-2.764771763242939642e+02 -4.636980161372053821e+00
-2.764191599733755993e+02 -4.586962610433229948e+00
-2.763614276339388311e+02 -4.536783158269170890e+00
-2.763039648404655395e+02 -4.486268057519358088e+00
-2.762467524895050701e+02 -4.435248840367037815e+00
-2.761897672204322021e+02 -4.383566085089191766e+00
-2.761329818649538765e+02 -4.331073027804428932e+00
-2.760763659590403449e+02 -4.277638936574508222e+00
-2.760198863096656510e+02 -4.223152169601676498e+00
-2.759635076075501843e+02 -4.167522845635967421e+00
-2.759071930760562736e+02 -4.110685062731071149e+00
-2.758509051455046119e+02 -4.052598611002673934e+00
-2.757946061414787664e+02 -3.993250135846818427e+00
-2.757382589751967998e+02 -3.932653719936304970e+00
-2.756818278237612390e+02 -3.870850864982865680e+00
-2.756252787880515029e+02 -3.807909867448126207e+00
-2.755685805162333395e+02 -3.743924595826246371e+00
-2.755117047812842088e+02 -3.679012690502260430e+00
-2.754546270016229528e+02 -3.613313220228292266e+00
-2.753973266948179344e+02 -3.546983841646180746e+00
-2.753397878554727072e+02 -3.480197519756824676e+00
-2.752819992496962982e+02 -3.413138877522665648e+00
-2.752239546200406153e+02 -3.346000251654725588e+00
-2.751656527964269117e+02 -3.278977538875928577e+00
-2.751070977103157702e+02 -3.212265922386145167e+00
-2.750482983112094075e+02 -3.146055571760456804e+00
-2.749892683864401874e+02 -3.080527410975725910e+00
-2.749300262870853544e+02 -3.015849048657899711e+00
-2.748705945646964324e+02 -2.952170961943775485e+00
-2.748109995253215629e+02 -2.889623020619187521e+00
-2.747512707089733226e+02 -2.828311431501187911e+00
-2.746914403042412687e+02 -2.768316174516483930e+00
-2.746315425091117390e+02 -2.709688991757939203e+00
-2.745716128502206743e+02 -2.652451979187863351e+00
-2.745116874736981458e+02 -2.596596817838852989e+00
-2.744518024214422098e+02 -2.542084667623214500e+00
-2.743919929070690955e+02 -2.488846732477312251e+00
-2.743322926059132669e+02 -2.436785490865891912e+00
-2.742727329732931025e+02 -2.385776570961084087e+00
-2.742133426048055753e+02 -2.335671235419455094e+00
-2.741541466516857781e+02 -2.286299426929785383e+00
-2.740951663032604415e+02 -2.237473312894878053e+00
-2.740364183472743775e+02 -2.188991256040267785e+00
-2.739779148173792009e+02 -2.140642127669862838e+00
-2.739196627353841222e+02 -2.092209871953129241e+00
-2.738616639540159099e+02 -2.043478223224845625e+00
-2.738039151039361627e+02 -1.994235473968820616e+00
-2.737464076466828828e+02 -1.944279189050098111e+00
-2.736891280330649465e+02 -1.893420761930286522e+00
-2.736320579643879682e+02 -1.841489711055593892e+00
-2.735751747517865056e+02 -1.788337619323008498e+00
-2.735184517668985791e+02 -1.733841626418878956e+00
-2.734618589752165008e+02 -1.677907392759835137e+00
-2.734053635416956354e+02 -1.620471464566725528e+00
-2.733489304966603299e+02 -1.561502982058512456e+00
-2.732925234487323110e+02 -1.501004686595776905e+00
-2.732361053304541656e+02 -1.439013197554893209e+00
-2.731796391615206403e+02 -1.375598545449986831e+00
-2.731230888140690922e+02 -1.310862964007678322e+00
-2.730664197643375815e+02 -1.244938960188795463e+00
-2.730095998151791719e+02 -1.177986697186518716e+00
-2.729525997744191841e+02 -1.110190740860112601e+00
-2.728953940748584728e+02 -1.041756234542559945e+00
-2.728379613228284484e+02 -9.729045803679420290e-01
-2.727802847636003207e+02 -9.038687168922665549e-01
-2.727223526535800602e+02 -8.348880925680529641e-01
-2.726641585310831033e+02 -7.662034423404224803e-01
-2.726057013795160060e+02 -6.980514800753404581e-01
-2.725469856789703158e+02 -6.306596225655745069e-01
-2.724880213445079562e+02 -5.642408613980138821e-01
-2.724288235517376506e+02 -4.989888969666156915e-01
-2.723694124526102769e+02 -4.350736444012661686e-01
-2.723098127866323921e+02 -3.726372142234236629e-01
-2.722500533948878569e+02 -3.117904612590259306e-01
-2.721901666462965181e+02 -2.526101839196117638e-01
-2.721301877874007005e+02 -1.951370426295122307e-01
-2.720701542286143422e+02 -1.393742511972656528e-01
-2.720101047812429442e+02 -8.528707861288155334e-02
-2.719500788606836181e+02 -3.280318144290366583e-02
-2.718901156719937262e+02 1.818623094718228514e-02
-2.718302533944714128e+02 6.782441430066543653e-02
-2.717705283820051250e+02 1.162863245120011185e-01
-2.717109743957171304e+02 1.637751213085912871e-01
-2.716516218848572066e+02 2.105180086617694790e-01
-2.715924973309992083e+02 2.567614953003385936e-01
-2.715336226693777348e+02 3.027661723487483636e-01
-2.714750147997000340e+02 3.488011168047729926e-01
-2.714166851970009589e+02 3.951380390353766980e-01
-2.713586396311226849e+02 4.420452994746663089e-01
-2.713008780012291936e+02 4.897819240759297976e-01
-2.712433942894476218e+02 5.385917496746441824e-01
-2.711861766353324015e+02 5.886978291926263651e-01
-2.711292075303881575e+02 6.402972225593467348e-01
-2.710724641294541470e+02 6.935562923847651273e-01
-2.710159186733590673e+02 7.486066139187969037e-01
-2.709595390149756895e+02 8.055415968389649795e-01
-2.709032892386811682e+02 8.644139021583620019e-01
-2.708471303612847692e+02 9.252337213135457539e-01
-2.707910211008015722e+02 9.879679666105085634e-01
-2.707349186980115405e+02 1.052540403034597061e+00
-2.706787797746267756e+02 1.118832731370042355e+00
-2.706225612110849283e+02 1.186686612048332146e+00
-2.705662210265189174e+02 1.255906598577546385e+00
-2.705097192433512987e+02 1.326263929256866314e+00
-2.704530187191879236e+02 1.397501106567506257e+00
-2.703960859292806163e+02 1.469337175597413614e+00
-2.703388916837436682e+02 1.541473596492876963e+00
-2.702814117649487571e+02 1.613600591609984258e+00
-2.702236274720447682e+02 1.685403836094003793e+00
-2.701655260613401310e+02 1.756571351337004261e+00
-2.701071010732905506e+02 1.826800454367932591e+00
-2.700483525390249611e+02 1.895804612912015186e+00
-2.699892870616709502e+02 1.963320055699851796e+00
-2.699299177701585677e+02 2.029111990679725697e+00
-2.698702641456381457e+02 2.092980290045876046e+00
-2.698103517230996431e+02 2.154764510353280205e+00
-2.697502116731737374e+02 2.214348128294763018e+00
-2.696898802713823216e+02 2.271661887728245954e+00
-2.696293982642494029e+02 2.326686170991734137e+00
-2.695688101436226134e+02 2.379452327081315932e+00
-2.695081633422850587e+02 2.430042910513792176e+00
-2.694475073653864001e+02 2.478590807212241565e+00
-2.693868928733980965e+02 2.525277247093450139e+00
-2.693263707331538512e+02 2.570328726701625932e+00
-2.692659910540798478e+02 2.614012888742009544e+00
-2.692058022269234812e+02 2.656633428215706694e+00
-2.691458499821715122e+02 2.698524116549800400e+00
-2.690861764848961570e+02 2.740042055195122561e+00
-2.690268194820159238e+02 2.781560288169498740e+00
-2.689678115169013495e+02 2.823459918565951465e+00
-2.689091792249416812e+02 2.866121886755647719e+00
-2.688509427221268879e+02 2.909918577596865230e+00
-2.687931150969480427e+02 2.955205430171226944e+00
-2.687357020139819497e+02 3.002312726235877083e+00
-2.686787014354874827e+02 3.051537732602440212e+00
-2.686221034651995865e+02 3.103137368005711494e+00
-2.685658903163425748e+02 3.157321556759535408e+00
-2.685100364037132863e+02 3.214247419738549993e+00
-2.684545085575680332e+02 3.274014438174063901e+00
-2.683992663550154703e+02 3.336660707685729310e+00
-2.683442625627101847e+02 3.402160379219167474e+00
-2.682894436828956373e+02 3.470422360530506012e+00
-2.682347505932871172e+02 3.541290326990172321e+00
-2.681801192699409171e+02 3.614544064275080792e+00
-2.681254815811499270e+02 3.689902138495126493e+00
-2.680707661395397849e+02 3.767025862017050919e+00
-2.680158991989412698e+02 3.845524496256286451e+00
-2.679608055822658343e+02 3.924961606573243333e+00
-2.679054096265257954e+02 4.004862459682091647e+00
-2.678496361312963359e+02 4.084722331180959287e+00
-2.677934112973147194e+02 4.164015570436617075e+00
-2.677366636425163051e+02 4.242205252553468142e+00
-2.676793248836073076e+02 4.318753232912019513e+00
-2.676213307722468926e+02 4.393130409113252810e+00
-2.675626218760100414e+02 4.464826988367502913e+00
-2.675031442955163925e+02 4.533362555599330435e+00
-2.674428503103995354e+02 4.598295738912660191e+00
-2.673816989481161386e+02 4.659233274580137696e+00
-2.673196564709385825e+02 4.715838283330627156e+00
-2.672566967777949003e+02 4.767837583241361088e+00
-2.671928017188945432e+02 4.815027881782211416e+00
-2.671279613222832268e+02 4.857280710171405502e+00
-2.670621739325762292e+02 4.894545986819728967e+00
-2.669954462631176284e+02 4.926854122801982427e+00
-2.669277933636880107e+02 4.954316610491473760e+00
-2.668592385066123711e+02 4.977125066180644986e+00
-2.667898129947303119e+02 4.995548728084668433e+00
-2.667195558951385124e+02 5.009930441985672722e+00
-2.666485137029524708e+02 5.020681197282646835e+00
-2.665767399395319899e+02 5.028273305756457034e+00
-2.665042946897064553e+02 5.033232343314390178e+00
-2.664312440825368640e+02 5.036128000777376990e+00
-2.663576597200658966e+02 5.037564012854387485e+00
-2.662836180583810233e+02 5.038167354332725445e+00
-2.662091997451472594e+02 5.038576908752752992e+00
-2.661344889175941830e+02 5.039431827082771598e+00
-2.660595724647850489e+02 5.041359801866392765e+00
-2.659845392578699830e+02 5.044965485790222637e+00
-2.659094793519666950e+02 5.050819282504174446e+00
-2.658344831633152126e+02 5.059446731797496710e+00
-2.657596406254514818e+02 5.071318700975818494e+00
-2.656850403283445985e+02 5.086842579664924813e+00
-2.656107686447311380e+02 5.106354656548053761e+00
-2.655369088482988218e+02 5.130113834071530654e+00
-2.654635402288633372e+02 5.158296811357257816e+00
-2.653907372102917179e+02 5.190994836937898427e+00
-2.653185684775911568e+02 5.228212102040511233e+00
-2.652470961203310367e+02 5.269865812599749511e+00
-2.651763748003231171e+02 5.315787944633077799e+00
-2.651064509522778962e+02 5.365728653731666853e+00
-2.650373620269074308e+02 5.419361275902918607e+00
-2.649691357866540216e+02 5.476288824527514087e+00
-2.649017896648372812e+02 5.536051857439698409e+00
-2.648353301995055631e+02 5.598137559743569192e+00
-2.647697525536108856e+02 5.661989862536069396e+00
-2.647050401332641627e+02 5.727020395768996686e+00
-2.646411643157431399e+02 5.792620055516172428e+00
-2.645780842985942627e+02 5.858170952318046076e+00
-2.645157470805527851e+02 5.923058498370997960e+00
-2.644540875841101979e+02 5.986683387321113159e+00
-2.643930289283497927e+02 6.048473221446240444e+00
-2.643324828591632354e+02 6.107893547069500606e+00
-2.642723503421414648e+02 6.164458070069177786e+00
-2.642125223213364507e+02 6.217737839140392353e+00
-2.641528806447035436e+02 6.267369204740988131e+00
-2.640932991544237893e+02 6.313060386036074334e+00
-2.640336449374726726e+02 6.354596506173574078e+00
-2.639737797288168508e+02 6.391842987339785509e+00
-2.639135614565202559e+02 6.424747230630459605e+00
-2.638528459148895422e+02 6.453338541179906684e+00
-2.637914885486445087e+02 6.477726295485084940e+00
-2.637293463280321362e+02 6.498096384723025309e+00
-2.636662796918909635e+02 6.514706004315351073e+00
-2.636021545329610376e+02 6.527876895304621563e+00
-2.635368441973334370e+02 6.537987176528675448e+00
-2.634702314678723383e+02 6.545461937410862241e+00
-2.634022104998222744e+02 6.550762788768386358e+00
-2.633326886756628937e+02 6.554376592776141486e+00
-2.632615883456726351e+02 6.556803612593930630e+00
-2.631888484206442627e+02 6.558545336721753216e+00
-2.631144257837926261e+02 6.560092242547575836e+00
-2.630382964901415903e+02 6.561911767559024611e+00
-2.629604567235822401e+02 6.564436755148817859e+00
-2.628809234843515696e+02 6.568054634852428464e+00
-2.627997349828885376e+02 6.573097584281707206e+00
-2.627169507198404403e+02 6.579833902173056970e+00
-2.626326512363913821e+02 6.588460799157919823e+00
-2.625469375239920282e+02 6.599098785496831709e+00
-2.624599300879348220e+02 6.611787803609890268e+00
-2.623717676649479245e+02 6.626485218377549558e+00
-2.622826056009928948e+02 6.643065740551840292e+00
-2.621926139016251796e+02 6.661323318940278071e+00
-2.621019749735329469e+02 6.680974996088319351e+00
-2.620108810820557892e+02 6.701666680807864651e+00
-2.619195315555165848e+02 6.722980749909442721e+00
-2.618281297729212156e+02 6.744445351736337635e+00
-2.617368799769046177e+02 6.765545246375517685e+00
-2.616459839585764371e+02 6.785733982537213826e+00
-2.615556376650617949e+02 6.804447179765281462e+00
-2.614660277839166724e+02 6.821116657565122310e+00
-2.613773283611471356e+02 6.835185130783715479e+00
-2.612896975111745519e+02 6.846121173673863858e+00
-2.612032742777289513e+02 6.853434143910472010e+00
-2.611181757042380696e+02 6.856688752705196066e+00
-2.610344941708007127e+02 6.855518968257419132e+00
-2.609522950522795099e+02 6.849640947138942337e+00
-2.608716147484028056e+02 6.838864701775179356e+00
-2.607924591321017260e+02 6.823104231756183857e+00
-2.607148024566270692e+02 6.802385871978730236e+00
-2.606385867554079141e+02 6.776854641159494541e+00
-2.605637217611883329e+02 6.746778409524216258e+00
-2.604900853628392952e+02 6.712549743845134032e+00
-2.604175246095063585e+02 6.674685330735392164e+00
-2.603458572625733609e+02 6.633822924432080548e+00
-2.602748738864349889e+02 6.590715812343074909e+00
-2.602043404594672893e+02 6.546224839508663962e+00
-2.601340014770130438e+02 6.501308080923164034e+00
-2.600635835088527301e+02 6.457008297425716137e+00
-2.599927991646800933e+02 6.414438355717725138e+00
-2.599213514127270628e+02 6.374764835079631986e+00
-2.598489381890406094e+02 6.339190081725386783e+00
-2.597752572281895596e+02 6.308933005654199455e+00
-2.597000110404903239e+02 6.285208943652998315e+00
-2.596229119563369068e+02 6.269208935147279504e+00
-2.595436871550189153e+02 6.262078774411353521e+00
-2.594620835935760965e+02 6.264898212830241953e+00
-2.593778727508764632e+02 6.278660688206853635e+00
-2.592908551032192008e+02 6.304253954393454151e+00
-2.592008642504030718e+02 6.342441973800343469e+00
-2.591077706153207600e+02 6.393848417735302547e+00
-2.590114846457339013e+02 6.458942095324348820e+00
-2.589119594538456681e+02 6.538024601353949805e+00
-2.588091928375578163e+02 6.631220437275851864e+00
-2.587032286367228266e+02 6.738469818462231586e+00
-2.585941573881542013e+02 6.859524335311849796e+00
-2.584821162544639606e+02 6.993945586821408433e+00
-2.583672882137600482e+02 7.141106853614885175e+00
-2.582499005096637461e+02 7.300197824140141734e+00
-2.581302223737793042e+02 7.470232333749506459e+00
-2.580085620454311197e+02 7.650059022699410072e+00
-2.578852631259630357e+02 7.838374766722975728e+00
-2.577607003169200084e+02 8.033740683725456577e+00
-2.576352746027979492e+02 8.234600473278426591e+00
-2.575094079495210053e+02 8.439300802813718860e+00
-2.573835375991858427e+02 8.646113416567676069e+00
-2.572581100497141620e+02 8.853258611111980869e+00
-2.571335748147094478e+02 9.058929695356065181e+00
-2.570103780638690978e+02 9.261318033710766784e+00
-2.568889562476617812e+02 9.458638259059705788e+00
-2.567697298115311924e+02 9.649153237515923465e+00
-2.566530971046022387e+02 9.831198369776716461e+00
-2.565394285857017849e+02 1.000320482418451995e+01
-2.564290614254921366e+02 1.016372131418860825e+01
-2.563222945976935421e+02 1.031143405746936459e+01
-2.562193845448250045e+02 1.044518458510594883e+01
-2.561205414947384611e+02 1.056398510625779963e+01
-2.560259264936079830e+02 1.066703117623561425e+01
-2.559356492091362725e+02 1.075371146277125867e+01
-2.558497665447618772e+02 1.082361445590314553e+01
-2.557682820918181790e+02 1.087653202024602628e+01
-2.556911464321458141e+02 1.091245974352959180e+01
-2.556182582888677359e+02 1.093159409116208103e+01
-2.555494665081489813e+02 1.093432643216647016e+01
-2.554845728400712233e+02 1.092123405614073484e+01
-2.554233354725181755e+02 1.089306835290213904e+01
-2.553654732584602414e+02 1.085074037524839774e+01
-2.553106705645018053e+02 1.079530404990609860e+01
-2.552585826572522194e+02 1.072793734143816025e+01
-2.552088415342183509e+02 1.064992170792084991e+01
-2.551610620976940709e+02 1.056262021497845538e+01
-2.551148485636938688e+02 1.046745469577774834e+01
-2.550698009934879735e+02 1.036588235848050843e+01
-2.550255218328399565e+02 1.025937224920140700e+01
-2.549816223436783673e+02 1.014938197762290351e+01
-2.549377288146831120e+02 1.003733510414002872e+01
-2.548934884411110033e+02 9.924599571922568586e+00
-2.548485747700663353e+02 9.812467544921306128e+00
-2.548026926152421368e+02 9.702136984055341529e+00
-2.547555823547878617e+02 9.594695259166403645e+00
-2.547070235372239040e+02 9.491105054499396232e+00
-2.546568377330220017e+02 9.392192781224967035e+00
-2.546048905833728497e+02 9.298639662722367305e+00
-2.545510930125179812e+02 9.210975607896729755e+00
-2.544954015855422540e+02 9.129575935675019238e+00
-2.544378180094390132e+02 9.054660960992828578e+00
-2.543783877912495086e+02 8.986298400051536461e+00
-2.543171980828564074e+02 8.924408501358811918e+00
-2.542543747572717621e+02 8.868771760038205443e+00
-2.541900787757036255e+02 8.819039026988066965e+00
-2.541245019180516920e+02 8.774743782546659432e+00
-2.540578619614875606e+02 8.735316307118216272e+00
-2.539903974022106183e+02 8.700099449415205299e+00
-2.539223618241046836e+02 8.668365667116553652e+00
-2.538540180247054536e+02 8.639334995282659690e+00
-2.537856320134633563e+02 8.612193585108766314e+00
-2.537174669996814771e+02 8.586112449733166230e+00
-2.536497774876402502e+02 8.560266054888593601e+00
-2.535828035943085581e+02 8.533850400120062574e+00
-2.535167657006871877e+02 8.506100250866966306e+00
-2.534518595413392177e+02 8.476305202600800115e+00
-2.533882518281245382e+02 8.443824284940355085e+00
-2.533260764937493548e+02 8.408098845696390100e+00
-2.532654316286532321e+02 8.368663491436183932e+00
-2.532063771712114146e+02 8.325154901685696274e+00
-2.531489333964914010e+02 8.277318377461186927e+00
-2.530930802331525342e+02 8.225012030596976942e+00
-2.530387574218125621e+02 8.168208567396318287e+00
-2.529858655116468071e+02 8.106994667556476131e+00
-2.529342676754440618e+02 8.041568006198588137e+00
-2.528837923071636737e+02 7.972232012246923460e+00
-2.528342363505056483e+02 7.899388499506731165e+00
-2.527853692924626046e+02 7.823528346751052354e+00
-2.527369377425258108e+02 7.745220439211980334e+00
-2.526886705064530076e+02 7.665099115413346098e+00
-2.526402840535012615e+02 7.583850389708161721e+00
-2.525914882679870175e+02 7.502197241730700128e+00
-2.525419923701265645e+02 7.420884278893939090e+00
-2.524915108874524208e+02 7.340662086813861009e+00
-2.524397695567802771e+02 7.262271585022177511e+00
-2.523865110377499548e+02 7.186428701549855802e+00
-2.523315003223691235e+02 7.113809670053239387e+00
-2.522745297306930752e+02 7.045037237380894268e+00
-2.522154233906817922e+02 6.980668048197268050e+00
-2.521540411102201631e+02 6.921181446969421280e+00
-2.520902815611068206e+02 6.866969906850409977e+00
-2.520240847082587266e+02 6.818331260403526883e+00
-2.519554334322065188e+02 6.775462869434498714e+00
-2.518843543088624983e+02 6.738457831193565895e+00
-2.518109175272333573e+02 6.707303276702592854e+00
-2.517352359428886928e+02 6.681880774779217269e+00
-2.516574632822454873e+02 6.661968813315493954e+00
-2.515777915297515506e+02 6.647247288353402617e+00
-2.514964475465068574e+02 6.637303892280894679e+00
-2.514136889844190819e+02 6.631642255819687470e+00
-2.513297995743370450e+02 6.629691665079228358e+00
-2.512450838794622712e+02 6.630818145454598245e+00
-2.511598616164207556e+02 6.634336679086025867e+00
-2.510744616554841855e+02 6.639524302440211301e+00
-2.509892158183469917e+02 6.645633815661827981e+00
-2.509044525964634147e+02 6.651907825934644691e+00
-2.508204909151116055e+02 6.657592843309682706e+00
-2.507376340680372380e+02 6.661953149335298363e+00
-2.506561639447228060e+02 6.664284166258509501e+00
-2.505763356670739199e+02 6.663925067366439414e+00
-2.504983727447129525e+02 6.660270386890736027e+00
-2.504224628482521382e+02 6.652780410399233624e+00
-2.503487542880697845e+02 6.640990153264294982e+00
-2.502773532724622783e+02 6.624516765039755839e+00
-2.502083220038558125e+02 6.603065230773871974e+00
-2.501416776553134298e+02 6.576432275732440047e+00
-2.500773922522128316e+02 6.544508416978895404e+00
-2.500153934660064010e+02 6.507278142998784709e+00
-2.499555663087902815e+02 6.464818240305086228e+00
-2.498977556993406779e+02 6.417294322958207786e+00
-2.498417698536967748e+02 6.364955656445600241e+00
-2.497873844366240519e+02 6.308128400696464411e+00
-2.497343473947228176e+02 6.247207427500445220e+00
-2.496823843778611547e+02 6.182646894676762983e+00
-2.496312046432999239e+02 6.114949782487241414e+00
-2.495805073266010368e+02 6.044656616567317009e+00
-2.495299879553680285e+02 5.972333615739774615e+00
-2.494793450762423390e+02 5.898560512220984542e+00
-2.494282868624968899e+02 5.823918295797422928e+00
-2.493765375690870769e+02 5.748977132507045340e+00
-2.493238437041894144e+02 5.674284702265388169e+00
-2.492699797910221093e+02 5.600355188903098913e+00
-2.492147536010429008e+02 5.527659140493736523e+00
-2.491580107493147409e+02 5.456614398002896493e+00
-2.490996385547404657e+02 5.387578266615582478e+00
-2.490395690817798311e+02 5.320841077117873574e+00
-2.489777812959023322e+02 5.256621254981492797e+00
-2.489143022821024545e+02 5.195061982962490887e+00
-2.488492074939847498e+02 5.136229509729334453e+00
-2.487826200198534252e+02 5.080113122961870786e+00
-2.487147088715610721e+02 5.026626771221578416e+00
-2.486456863211862753e+02 4.975612285350215380e+00
-2.485758043295616062e+02 4.926844117902242637e+00
-2.485053501288701625e+02 4.880035488777639152e+00
-2.484346410386248181e+02 4.834845797406808643e+00
-2.483640186099766538e+02 4.790889137073751414e+00
-2.482938422071886464e+02 4.747743725733985620e+00
-2.482244821469345766e+02 4.704962050376847671e+00
-2.481563125256357125e+02 4.662081508925353113e+00
-2.480897038721095669e+02 4.618635325077561582e+00
-2.480250157672340663e+02 4.574163507517631899e+00
-2.479625895740234967e+02 4.528223625597189717e+00
-2.479027414204305728e+02 4.480401178860878630e+00
-2.478457555733286028e+02 4.430319347519135142e+00
-2.477918783355643768e+02 4.377647924924120026e+00
-2.477413125888096772e+02 4.322111250966350404e+00
-2.476942130933537101e+02 4.263494986691171107e+00
-2.476506826421743597e+02 4.201651594870747353e+00
-2.476107691508795483e+02 4.136504418255726456e+00
-2.475744637476904302e+02 4.068050276194263404e+00
-2.475416999089104024e+02 3.996360530657168564e+00
-2.475123536656154499e+02 3.921580603824076139e+00
-2.474862448870150047e+02 3.843927960635339591e+00
-2.474631396254360993e+02 3.763688600472190782e+00
-2.474427534875948140e+02 3.681212131781567365e+00
-2.474247559771141027e+02 3.596905531427302183e+00
-2.474087757345162117e+02 3.511225716283676856e+00
-2.473944065835251251e+02 3.424671077587233547e+00
-2.473812142768014724e+02 3.337772148403676642e+00
-2.473687438204939895e+02 3.251081590870130267e+00
-2.473565272455260811e+02 3.165163702344165220e+00
-2.473440916845333959e+02 3.080583648023431209e+00
-2.473309676070402361e+02 2.997896631847454696e+00
-2.473166970619185747e+02 2.917637217518381121e+00
-2.473008417754899710e+02 2.840309007314197665e+00
-2.472829909558332417e+02 2.766374878129676862e+00
-2.472627686589056850e+02 2.696247962082134464e+00
-2.472398405798793704e+02 2.630283543319580808e+00
-2.472139201434982851e+02 2.568772023725304443e+00
-2.471847737800698326e+02 2.511933088424028515e+00
-2.471522252886846900e+02 2.459911177825936601e+00
-2.471161592061072838e+02 2.412772346885832420e+00
-2.470765231182037667e+02 2.370502564857223327e+00
-2.470333288703774883e+02 2.333007480620212792e+00
-2.469866526539442191e+02 2.300113650239691498e+00
-2.469366339662489906e+02 2.271571195319784575e+00
-2.468834734632535515e+02 2.247057833519560788e+00
-2.468274297438749443e+02 2.226184196801390680e+00
-2.467688151251424813e+02 2.208500329106973137e+00
-2.467079904859052988e+02 2.193503233623625537e+00
-2.466453592739691771e+02 2.180645321038509721e+00
-2.465813607868826978e+02 2.169343594495598104e+00
-2.465164628498056061e+02 2.158989394659621031e+00
-2.464511540247480070e+02 2.148958519548095136e+00
-2.463859354937427781e+02 2.138621528743863909e+00
-2.463213127640761968e+02 2.127354040307765093e+00
-2.462577873464217646e+02 2.114546831147139816e+00
-2.461958485565858155e+02 2.099615557665145182e+00
-2.461359655885638347e+02 2.082009923058838474e+00
-2.460785800008016508e+02 2.061222130406340725e+00
-2.460240987490840610e+02 2.036794476403965160e+00
-2.459728878884820915e+02 2.008325958919160215e+00
-2.459252670535268237e+02 1.975477792031124169e+00
-2.458815048104884511e+02 1.937977744494651544e+00
-2.458418149586361210e+02 1.895623241126479952e+00
-2.458063538389681071e+02 1.848283190986591107e+00
-2.457752186894957163e+02 1.795898530929408432e+00
-2.457484470661260332e+02 1.738481497625187000e+00
-2.457260173278957893e+02 1.676113665031251809e+00
-2.457078501651715499e+02 1.608942807059158042e+00
-2.456938111298331364e+02 1.537178666406210370e+00
-2.456837141077785134e+02 1.461087729804361190e+00
-2.456773256566935402e+02 1.380987126940593779e+00
-2.456743701162450009e+02 1.297237784710788100e+00
-2.456745353839909285e+02 1.210236980061074830e+00
-2.456774792386086119e+02 1.120410443244850507e+00
-2.456828360827478548e+02 1.028204168779682126e+00
-2.456902239710842935e+02 9.340760936616403498e-01
-2.456992517851001878e+02 8.384878015062086076e-01
-2.457095264148185834e+02 7.418964073007765503e-01
-2.457206598091790681e+02 6.447467705201337385e-01
-2.457322757609056794e+02 5.474641746610298121e-01
-2.457440162985158167e+02 4.504475990392788343e-01
-2.457555475673584624e+02 3.540636942652831687e-01
-2.457665650930983645e+02 2.586415564918826959e-01
-2.457767983346008975e+02 1.644683776830651867e-01
-2.457860144484606053e+02 7.178603017446073820e-02
-2.457940212041282280e+02 -1.921137591498158978e-02
-2.458006690063889721e+02 -1.083789438892698576e-01
-2.458058520004644834e+02 -1.956214517044810863e-01
-2.458095082538745260e+02 -2.808928440663400194e-01
-2.458116190280236992e+02 -3.641947948102314814e-01
-2.458122071708936289e+02 -4.455743963022419374e-01
-2.458113346798522230e+02 -5.251210483751320712e-01
-2.458090995000845567e+02 -6.029626332299422575e-01
-2.458056316391877942e+02 -6.792610745662180927e-01
-2.458010886917414268e+02 -7.542073887503411012e-01
-2.457956508789220891e+02 -8.280163429409959086e-01
-2.457895157172432050e+02 -9.009208396900080240e-01
-2.457828924371146968e+02 -9.731661495658139316e-01
-2.457759962759822940e+02 -1.045004112849361011e+00
-2.457690427722836262e+02 -1.116687428369310009e+00
-2.457622421853009200e+02 -1.188464142225163167e+00
-2.457557941622580415e+02 -1.260572441632196838e+00
-2.457498827677653708e+02 -1.333235849639727411e+00
-2.457446719821222700e+02 -1.406658905259901227e+00
-2.457403017642124894e+02 -1.481023400879685203e+00
-2.457368847620058716e+02 -1.556485235007008860e+00
-2.457345037392827010e+02 -1.633171923761491451e+00
-2.457332097714230486e+02 -1.711180799362558735e+00
-2.457330212462797761e+02 -1.790577908557641651e+00
-2.457339236886330127e+02 -1.871397608772288335e+00
-2.457358704088706247e+02 -1.953642845093604530e+00
-2.457387839587098881e+02 -2.037286077303459120e+00
-2.457425583593584975e+02 -2.122270813349242058e+00
-2.457470620508456136e+02 -2.208513694115405102e+00
-2.457521414956894716e+02 -2.295907064364512085e+00
-2.457576253559252280e+02 -2.384321956422569500e+00
-2.457633291500829387e+02 -2.473611406726468953e+00
-2.457690602862348896e+02 -2.563614020830849327e+00
-2.457746233589383280e+02 -2.654157699932023107e+00
-2.457798255919548751e+02 -2.745063441411968785e+00
-2.457844823051526078e+02 -2.836149127301003325e+00
-2.457884222830570025e+02 -2.927233217820978339e+00
-2.457914929241389359e+02 -3.018138272179398118e+00
-2.457935650540736106e+02 -3.108694225385807197e+00
-2.457945372927944732e+02 -3.198741357865093171e+00
-2.457943398740528664e+02 -3.288132903834450449e+00
-2.457929378272239092e+02 -3.376737254552768963e+00
-2.457903334440153458e+02 -3.464439723391953496e+00
-2.457865679672979695e+02 -3.551143850954705083e+00
-2.457817224551884863e+02 -3.636772239905660786e+00
-2.457759177904368642e+02 -3.721266920529435307e+00
-2.457693138227787983e+02 -3.804589259015317193e+00
-2.457621076498424770e+02 -3.886719430860082980e+00
-2.457545310600740720e+02 -3.967655491344235674e+00
-2.457468471786345106e+02 -4.047412083572549335e+00
-2.457393463739237802e+02 -4.126018831908511153e+00
-2.457323414980183713e+02 -4.203518474619840184e+00
-2.457261625484936474e+02 -4.279964794090899360e+00
-2.457211508516077174e+02 -4.355420405966291320e+00
-2.457176528773436246e+02 -4.429954470032040348e+00
-2.457160138051741285e+02 -4.503640385519274147e+00
-2.457165709654095167e+02 -4.576553531865112490e+00
-2.457196472845377002e+02 -4.648769112855979380e+00
-2.457255448639386373e+02 -4.720360157617335517e+00
-2.457345388197872467e+02 -4.791395726230800456e+00
-2.457468715078169339e+02 -4.861939361022516337e+00
-2.457627472500276440e+02 -4.932047816945371643e+00
-2.457823276714846656e+02 -5.001770096187343029e+00
-2.458057277442518398e+02 -5.071146803381431312e+00
-2.458330126224496439e+02 -5.140209828794313651e+00
-2.458641953376847198e+02 -5.208982357854061718e+00
-2.458992354079420579e+02 -5.277479196562757657e+00
-2.459380383957886806e+02 -5.345707393938757157e+00
-2.459804564337476904e+02 -5.413667134850521201e+00
-2.460262897163045750e+02 -5.481352869614037004e+00
-2.460752889395789680e+02 -5.548754640700686913e+00
-2.461271586515877061e+02 -5.615859561970071745e+00
-2.461815614585868559e+02 -5.682653402117151309e+00
-2.462381230165688635e+02 -5.749122221584639369e+00
-2.462964377219048231e+02 -5.815254011080975616e+00
-2.463560750016763166e+02 -5.881040280087160177e+00
-2.464165860926705420e+02 -5.946477545306505519e+00
-2.464775111885719241e+02 -6.011568671865101798e+00
-2.465383868277233717e+02 -6.076324024128880730e+00
-2.465987533891048429e+02 -6.140762388155127205e+00
-2.466581625619768090e+02 -6.204911633916262659e+00
-2.467161846549775817e+02 -6.268809092356517176e+00
-2.467724156133690769e+02 -6.332501629908271035e+00
-2.468264836184985711e+02 -6.396045411099135158e+00
-2.468780551513048067e+02 -6.459505348149580328e+00
-2.469268404116704687e+02 -6.522954244765052145e+00
-2.469725979974157326e+02 -6.586471649488273350e+00
-2.470151387605165212e+02 -6.650142441780275249e+00
-2.470543287734149942e+02 -6.714055181265547567e+00
-2.470900913548072708e+02 -6.778300257124429962e+00
-2.471224081216875845e+02 -6.842967880289553939e+00
-2.471513190523886578e+02 -6.908145965764172836e+00
-2.471769215635182206e+02 -6.973917955918150113e+00
-2.471993686217169000e+02 -7.040360637935767940e+00
-2.472188659286974541e+02 -7.107542009648961212e+00
-2.472356682347447077e+02 -7.175519247736724893e+00
-2.472500748514342206e+02 -7.244336830733645982e+00
-2.472624244484858878e+02 -7.314024866478419540e+00
-2.472730892321295642e+02 -7.384597669625561522e+00
-2.472824686129144709e+02 -7.456052629717671465e+00
-2.472909824793260896e+02 -7.528369404191039393e+00
-2.472990641997687646e+02 -7.601509463710609538e+00
-2.473071534793046453e+02 -7.675416009540240836e+00
-2.473156891989543169e+02 -7.750014274450369278e+00
-2.473251023643751125e+02 -7.825212210111080147e+00
-2.473358092873502869e+02 -7.900901555227856754e+00
-2.473482051178536096e+02 -7.976959270033697535e+00
-2.473626578366152842e+02 -8.053249314362934896e+00
-2.473795028082878957e+02 -8.129624738584890764e+00
-2.473990379836896238e+02 -8.205930049351247035e+00
-2.474215198264462856e+02 -8.282003805582585088e+00
-2.474471600249126197e+02 -8.357681394532521679e+00
-2.474761230348369452e+02 -8.432797933251805489e+00
-2.475085244821393360e+02 -8.507191237438298970e+00
-2.475444304387243051e+02 -8.580704797577739740e+00
-2.475838575677666142e+02 -8.653190701504627214e+00
-2.476267741187220963e+02 -8.724512443068734413e+00
-2.476731017367115726e+02 -8.794547558465131587e+00
-2.477227180362452259e+02 -8.863190034943794871e+00
-2.477754598757142901e+02 -8.930352440989677731e+00
-2.478311272569929429e+02 -8.995967732557668128e+00
-2.478894877640192647e+02 -9.059990696451366787e+00
-2.479502814456039346e+02 -9.122398999298214406e+00
-2.480132260410451863e+02 -9.183193818644596718e+00
-2.480780224425523386e+02 -9.242400041290528279e+00
-2.481443602860319118e+02 -9.300066022927849119e+00
-2.482119235615151638e+02 -9.356262912228263673e+00
-2.482803961363522660e+02 -9.411083551566180816e+00
-2.483494670882290620e+02 -9.464640975350143037e+00
-2.484188357509464993e+02 -9.517066535284360640e+00
-2.484882163836152813e+02 -9.568507689613166889e+00
-2.485573423832566959e+02 -9.619125500341320745e+00
-2.486259699715878355e+02 -9.669091888427868042e+00
-2.486938812987293659e+02 -9.718586701886765766e+00
-2.487608869194822603e+02 -9.767794655489813849e+00
-2.488268276113897173e+02 -9.816902203277098948e+00
-2.488915755177399944e+02 -9.866094406282073237e+00
-2.489550346127066689e+02 -9.915551857753021281e+00
-2.490171404996650324e+02 -9.965447726697497899e+00
-2.490778595670922755e+02 -1.001594497783803028e+01
-2.491371875390914852e+02 -1.006719382209294800e+01
-2.491951474692276918e+02 -1.011932944658732758e+01
-2.492517872368034375e+02 -1.017247006706469215e+01
-2.493071766137362886e+02 -1.022671533854335379e+01
-2.493614039776682318e+02 -1.028214515230064663e+01
-2.494145727527018437e+02 -1.033881883894721554e+01
-2.494667976631349688e+02 -1.039677478864298799e+01
-2.495182008876817008e+02 -1.045603049061377199e+01
-2.495689082019322598e+02 -1.051658298522863078e+01
-2.496190451952091394e+02 -1.057840971319982160e+01
-2.496687336446044867e+02 -1.064146973815222630e+01
-2.497180881239164592e+02 -1.070570531105558842e+01
-2.497672129185778829e+02 -1.077104373798826131e+01
-2.498161993096435651e+02 -1.083739950656066675e+01
-2.498651232806583380e+02 -1.090467662118880376e+01
-2.499140436909916048e+02 -1.097277109339159296e+01
-2.499630009482025059e+02 -1.104157353046812595e+01
-2.500120162004524218e+02 -1.111097176434599021e+01
-2.500610910581517317e+02 -1.118085346211386089e+01
-2.501102078421726560e+02 -1.125110866075530502e+01
-2.501593303443188177e+02 -1.132163217086002938e+01
-2.502084050745826573e+02 -1.139232579754803254e+01
-2.502573629592417888e+02 -1.146310033141889484e+01
-2.503061214442946323e+02 -1.153387726792968770e+01
-2.503545869502727896e+02 -1.160459022007252905e+01
-2.504026576172804823e+02 -1.167518599643847388e+01
-2.504502262733399789e+02 -1.174562532453398234e+01
-2.504971835548467709e+02 -1.181588320740113929e+01
-2.505434211052713067e+02 -1.188594890999441311e+01
-2.505888347771946201e+02 -1.195582558019486541e+01
-2.506333277633489161e+02 -1.202552951761981248e+01
-2.506768135845281336e+02 -1.209508911131672093e+01
-2.507192188659569183e+02 -1.216454347485381504e+01
-2.507604858388868081e+02 -1.223394081406210887e+01
-2.508005745106743802e+02 -1.230333656860496383e+01
-2.508394644542651690e+02 -1.237279137351885616e+01
-2.508771561766552338e+02 -1.244236889078206154e+01
-2.509136720353589283e+02 -1.251213356373253305e+01
-2.509490566819529818e+02 -1.258214834873141541e+01
-2.509833770221824523e+02 -1.265247247880233950e+01
-2.510167216926647882e+02 -1.272315931309001158e+01
-2.510492000647126360e+02 -1.279425432387137462e+01
-2.510809407959542625e+02 -1.286579326959830105e+01
-2.511120899600944654e+02 -1.293780059810062433e+01
-2.511428087940764726e+02 -1.301028811875232805e+01
-2.511732711099411972e+02 -1.308325397621652719e+01
-2.512036604256344106e+02 -1.315668195146880315e+01
-2.512341668747653216e+02 -1.323054110832438290e+01
-2.512649839597533230e+02 -1.330478579581773779e+01
-2.512963052158292214e+02 -1.337935600868145691e+01
-2.513283208549325423e+02 -1.345417810003521275e+01
-2.513612144586469697e+02 -1.352916583238779147e+01
-2.513951597879447775e+02 -1.360422174537477957e+01
-2.514303177747179348e+02 -1.367923881145187082e+01
-2.514668337559269276e+02 -1.375410234421188171e+01
-2.515048350057895732e+02 -1.382869211822823452e+01
-2.515444286149031825e+02 -1.390288465448038657e+01
-2.515856997576679248e+02 -1.397655562159099496e+01
-2.516287103810520591e+02 -1.404958230038192113e+01
-2.516734983387710258e+02 -1.412184605770269208e+01
-2.517200769855504916e+02 -1.419323477512022436e+01
-2.517684352365052689e+02 -1.426364517890430683e+01
-2.518185380870052938e+02 -1.433298501976816475e+01
-2.518703275789063696e+02 -1.440117505398178288e+01
-2.519237241899141111e+02 -1.446815078170702051e+01
-2.519786286143051655e+02 -1.453386390359657554e+01
-2.520349238954230486e+02 -1.459828346275420330e+01
-2.520924778634612267e+02 -1.466139664592478731e+01
-2.521511458261864789e+02 -1.472320922512840546e+01
-2.522107734555409877e+02 -1.478374562870554598e+01
-2.522711998095940942e+02 -1.484304863873003555e+01
-2.523322604271590990e+02 -1.490117871980377551e+01
-2.523937904315601770e+02 -1.495821299218413003e+01
-2.524556275805670680e+02 -1.501424386985098280e+01
-2.525176152013530952e+02 -1.506937739131406495e+01
-2.525796049524493583e+02 -1.512373127755445168e+01
-2.526414593589751121e+02 -1.517743275732246566e+01
-2.527030540728196115e+02 -1.523061620496960700e+01
-2.527642798158067876e+02 -1.528342063996059430e+01
-2.528250439710604667e+02 -1.533598714010586583e+01
-2.528852717956155232e+02 -1.538845622232269506e+01
-2.529449072356542274e+02 -1.544096524532779569e+01
-2.530039133343614424e+02 -1.549364588808886189e+01
-2.530622722311445330e+02 -1.554662175611538899e+01
-2.531199847596242876e+02 -1.560000616481255342e+01
-2.531770696602232249e+02 -1.565390014519886819e+01
-2.532335624311508582e+02 -1.570839071240803442e+01
-2.532895138489654983e+02 -1.576354943164833600e+01
-2.533449881965175905e+02 -1.581943130982612722e+01
-2.534000612418116702e+02 -1.587607403397544026e+01
-2.534548180160620348e+02 -1.593349757015116097e+01
-2.535093504428535880e+02 -1.599170412868470059e+01
-2.535637548727993362e+02 -1.605067849385144285e+01
-2.536181295793562072e+02 -1.611038870822271107e+01
-2.536725722715210622e+02 -1.617078709444552587e+01
-2.537271776779649315e+02 -1.623181159006941243e+01
-2.537820352548488927e+02 -1.629338736448175950e+01
-2.538372270661222387e+02 -1.635542868115524939e+01
-2.538928258806427607e+02 -1.641784096338268739e+01
-2.539488935250884651e+02 -1.648052301758139038e+01
-2.540054795254512214e+02 -1.654336936517733037e+01
-2.540626200630926235e+02 -1.660627263208672133e+01
-2.541203372640174791e+02 -1.666912594394750968e+01
-2.541786388323852464e+02 -1.673182527551909970e+01
-2.542375180314632246e+02 -1.679427170406165715e+01
-2.542969540074365398e+02 -1.685637351898900249e+01
-2.543569124438722042e+02 -1.691804814359703002e+01
-2.544173465273714498e+02 -1.697922382913095873e+01
-2.544781981981759031e+02 -1.703984108675314602e+01
-2.545393996533832421e+02 -1.709985382900322648e+01
-2.546008750650854893e+02 -1.715923019895159030e+01
-2.546625424712902372e+02 -1.721795307230147642e+01
-2.547243157940154674e+02 -1.727602022502465218e+01
-2.547861069365158926e+02 -1.733344416656636255e+01
-2.548478279102718034e+02 -1.739025164605393670e+01
-2.549093929421396751e+02 -1.744648284613123224e+01
-2.549707205129647036e+02 -1.750219028586042569e+01
-2.550317352809127271e+02 -1.755743746042441344e+01
-2.550923698457884541e+02 -1.761229725100955434e+01
-2.551525663145619376e+02 -1.766685014309877388e+01
-2.552122776331432306e+02 -1.772118229538661893e+01
-2.552714686550202998e+02 -1.777538350452740801e+01
-2.553301169235650150e+02 -1.782954511290375521e+01
-2.553882131514864682e+02 -1.788375790750382421e+01
-2.554457613879160931e+02 -1.793811005780975165e+01
-2.555027788707851357e+02 -1.799268513933908409e+01
-2.555592955693440729e+02 -1.804756028717050498e+01
-2.556153534287169578e+02 -1.810280452049304145e+01
-2.556710053351257841e+02 -1.815847727500566222e+01
-2.557263138267063312e+02 -1.821462717497797001e+01
-2.557813495805438890e+02 -1.827129107106471295e+01
-2.558361897115468651e+02 -1.832849336368348858e+01
-2.558909159229490058e+02 -1.838624562506370452e+01
-2.559456125514961400e+02 -1.844454652609837098e+01
-2.560003645526657010e+02 -1.850338206704791588e+01
-2.560552554725265963e+02 -1.856272610411037149e+01
-2.561103654530743938e+02 -1.862254115704298130e+01
-2.561657693170420771e+02 -1.868277947655866100e+01
-2.562215347763349769e+02 -1.874338434426156752e+01
-2.562777208053999516e+02 -1.880429157256997996e+01
-2.563343762170916875e+02 -1.886543116752019245e+01
-2.563915384740122931e+02 -1.892672911365029620e+01
-2.564492327629997135e+02 -1.898810923741495671e+01
-2.565074713545198506e+02 -1.904949510383844569e+01
-2.565662532623357492e+02 -1.911081190041307920e+01
-2.566255642121000733e+02 -1.917198826260909783e+01
-2.566853769206188645e+02 -1.923295799677287832e+01
-2.567456516805931983e+02 -1.929366165861190652e+01
-2.568063372388349990e+02 -1.935404794885629087e+01
-2.568673719494106535e+02 -1.941407489195658087e+01
-2.569286851770343674e+02 -1.947371076873803730e+01
-2.569901989204554411e+02 -1.953293477966556679e+01
-2.570518296206694799e+02 -1.959173742164965759e+01
-2.571134901146522225e+02 -1.965012056800545537e+01
-2.571750916920347549e+02 -1.970809724810544239e+01
-2.572365462098121043e+02 -1.976569113029264102e+01
-2.572977682188166000e+02 -1.982293571858548020e+01
-2.573586770553502561e+02 -1.987987328044089708e+01
-2.574191988520469749e+02 -1.993655352921513568e+01
-2.574792684237100389e+02 -1.999303209080582278e+01
-2.575388309865144834e+02 -2.004936878916086229e+01
-2.575978436725052347e+02 -2.010562578976700365e+01
-2.576562768056909363e+02 -2.016186564379095003e+01
-2.577141149111324125e+02 -2.021814927815313112e+01
-2.577713574341363483e+02 -2.027453397840789151e+01
-2.578280191528741057e+02 -2.033107141184628119e+01
-2.578841302743005599e+02 -2.038780573771466109e+01
-2.579397362100322084e+02 -2.044477184985949592e+01
-2.579948970356738300e+02 -2.050199379450608461e+01
-2.580496866438513734e+02 -2.055948340229579685e+01
-2.581041916077344354e+02 -2.061723916924505673e+01
-2.581585097779914690e+02 -2.067524541601450849e+01
-2.582127486417881528e+02 -2.073347174893546452e+01
-2.582670234774703317e+02 -2.079187283973462641e+01
-2.583214553428846898e+02 -2.085038853399185754e+01
-2.583761689387789033e+02 -2.090894429119398268e+01
-2.584312903913091759e+02 -2.096745195198006328e+01
-2.584869449993360035e+02 -2.102581082096285670e+01
-2.585432549928449362e+02 -2.108390904652071285e+01
-2.586003373485026486e+02 -2.114162527233485989e+01
-2.586583017070435631e+02 -2.119883052934877199e+01
-2.587172484349164847e+02 -2.125539033138393208e+01
-2.587772668694548770e+02 -2.131116693297814280e+01
-2.588384337828337038e+02 -2.136602170422533220e+01
-2.589008120953408252e+02 -2.141981757457946145e+01
-2.589644498631097349e+02 -2.147242149578999815e+01
-2.590293795595669621e+02 -2.152370687342246214e+01
-2.590956176635601764e+02 -2.157355591678713935e+01
-2.591631645605864946e+02 -2.162186185855725995e+01
-2.592320047568925929e+02 -2.166853099787001113e+01
-2.593021073995877259e+02 -2.171348452421747766e+01
-2.593734270894660199e+02 -2.175666008387977257e+01
-2.594459049670952027e+02 -2.179801305592907923e+01
-2.595194700470331099e+02 -2.183751751083163484e+01
-2.595940407699070533e+02 -2.187516683126437655e+01
-2.596695267376359766e+02 -2.191097398180047051e+01
-2.597458305933811857e+02 -2.194497142145894131e+01
-2.598228500049778518e+02 -2.197721066058399586e+01
-2.599004797086458893e+02 -2.200776147097728241e+01
-2.599786135687896262e+02 -2.203671076547396979e+01
-2.600571466096472477e+02 -2.206416117007928435e+01
-2.601359769754713511e+02 -2.209022931821998270e+01
-2.602150077777671413e+02 -2.211504390246687279e+01
-2.602941487908606177e+02 -2.213874352413276370e+01
-2.603733179606269914e+02 -2.216147438532829383e+01
-2.604524426955299532e+02 -2.218338787127848022e+01
-2.605314609140821744e+02 -2.220463807290018465e+01
-2.606103218283442402e+02 -2.222537930075407075e+01
-2.606889864489991737e+02 -2.224576364150884800e+01
-2.607674278037552540e+02 -2.226593860696927862e+01
-2.608456308671942452e+02 -2.228604492356573274e+01
-2.609235922065576005e+02 -2.230621450701402253e+01
-2.610013193542236536e+02 -2.232656866270868079e+01
-2.610788299236142507e+02 -2.234721654739426810e+01
-2.611561504908814868e+02 -2.236825392188480421e+01
-2.612333152698104186e+02 -2.238976221818517587e+01
-2.613103646118514121e+02 -2.241180793746526945e+01
-2.613873433669491533e+02 -2.243444238808105240e+01
-2.614642991438005879e+02 -2.245770176539861041e+01
-2.615412805102749871e+02 -2.248160756771144619e+01
-2.616183351759356697e+02 -2.250616733521197688e+01
-2.616955081988818961e+02 -2.253137569194559475e+01
-2.617728402584785385e+02 -2.255721566409430068e+01
-2.618503660339833914e+02 -2.258366024194236132e+01
-2.619281127266477256e+02 -2.261067414761226502e+01
-2.620060987596080508e+02 -2.263821576622342135e+01
-2.620843326858902174e+02 -2.266623919463258829e+01
-2.621628123301844653e+02 -2.269469635942132868e+01
-2.622415241848407277e+02 -2.272353915437390981e+01
-2.623204430748799041e+02 -2.275272154735509389e+01
-2.623995321008448514e+02 -2.278220160726836596e+01
-2.624787428621711456e+02 -2.281194340362605644e+01
-2.625580159575428638e+02 -2.284191873416348173e+01
-2.626372817525922301e+02 -2.287210863980400788e+01
-2.627164613993902549e+02 -2.290250467105675014e+01
-2.627954680866294552e+02 -2.293310987549376634e+01
-2.628742084943029909e+02 -2.296393948219025916e+01
-2.629525844221780062e+02 -2.299502126578063965e+01
-2.630304945575120996e+02 -2.302639557994504571e+01
-2.631078363443821218e+02 -2.305811505752642532e+01
-2.631845079147215074e+02 -2.309024398194376460e+01
-2.632604100397708180e+02 -2.312285734193216058e+01
-2.633354480601355476e+02 -2.315603958876000590e+01
-2.634095337530591792e+02 -2.318988312178153066e+01
-2.634825870968068102e+02 -2.322448653433896126e+01
-2.635545378942313164e+02 -2.325995265749934404e+01
-2.636253272205642020e+02 -2.329638644376928625e+01
-2.636949086642125053e+02 -2.333389273668699104e+01
-2.637632493337411574e+02 -2.337257397495024591e+01
-2.638303306091914351e+02 -2.341252788145211028e+01
-2.638961486213225953e+02 -2.345384518821365916e+01
-2.639607144481436194e+02 -2.349660744772278065e+01
-2.640240540241002805e+02 -2.354088497960771775e+01
-2.640862077633706235e+02 -2.358673499893727410e+01
-2.641472299047676415e+02 -2.363419996879127538e+01
-2.642071875916159911e+02 -2.368330621517694468e+01
-2.642661597055484890e+02 -2.373406283695938868e+01
-2.643242354783097880e+02 -2.378646093736191602e+01
-2.643815129102906099e+02 -2.384047319688780320e+01
-2.644380970284998398e+02 -2.389605380037749072e+01
-2.644940980199736487e+02 -2.395313872348599560e+01
-2.645496292791196424e+02 -2.401164637630940035e+01
-2.646048054091639870e+02 -2.407147859436985726e+01
-2.646597402186737895e+02 -2.413252195983755755e+01
-2.647145447540540886e+02 -2.419464942889530690e+01
-2.647693254079576377e+02 -2.425772223467045663e+01
-2.648241821417510096e+02 -2.432159202932792752e+01
-2.648792068575572216e+02 -2.438610322383388507e+01
-2.649344819520327405e+02 -2.445109547970121966e+01
-2.649900790799939614e+02 -2.451640630377758967e+01
-2.650460581513834200e+02 -2.458187369492043217e+01
-2.651024665799541822e+02 -2.464733879025913765e+01
-2.651593387965718307e+02 -2.471264845869324134e+01
-2.652166960343117239e+02 -2.477765779033180493e+01
-2.652745463866646105e+02 -2.484223243269610037e+01
-2.653328851343267729e+02 -2.490625072765736903e+01
-2.653916953303269679e+02 -2.496960560719333699e+01
-2.654509486277809742e+02 -2.503220621101424115e+01
-2.655106063294759906e+02 -2.509397919485620676e+01
-2.655706206338797415e+02 -2.515486970460751692e+01
-2.656309360481437238e+02 -2.521484199831550654e+01
-2.656914909353100711e+02 -2.527387970535409423e+01
-2.657522191603125066e+02 -2.533198571946073230e+01
-2.658130517975272937e+02 -2.538918172983128230e+01
-2.658739188616355591e+02 -2.544550740181844972e+01
-2.659347510233958474e+02 -2.550101922586477343e+01
-2.659954812726245450e+02 -2.555578905997271377e+01
-2.660560464921998687e+02 -2.560990239711641792e+01
-2.661163889092139812e+02 -2.566345639442121751e+01
-2.661764573924490378e+02 -2.571655770555546283e+01
-2.662362085690662639e+02 -2.576932016150531268e+01
-2.662956077376906592e+02 -2.582186234766021116e+01
-2.663546295598576990e+02 -2.587430512687166839e+01
-2.664132585169406866e+02 -2.592676915882688249e+01
-2.664714891250976052e+02 -2.597937246570023717e+01
-2.665293259063276992e+02 -2.603222809260950754e+01
-2.665867831193012876e+02 -2.608544190896540016e+01
-2.666438842590853255e+02 -2.613911059340145471e+01
-2.667006613401188133e+02 -2.619331984070171515e+01
-2.667571539816714221e+02 -2.624814282408772925e+01
-2.668134083194487971e+02 -2.630363894051198770e+01
-2.668694757708819907e+02 -2.635985286034706832e+01
-2.669254116848701415e+02 -2.641681389620175580e+01
-2.669812739092747051e+02 -2.647453569868370238e+01
-2.670371213112216537e+02 -2.653301627991320544e+01
-2.670930122862211533e+02 -2.659223835862006879e+01
-2.671490032922559408e+02 -2.665217001388804619e+01
-2.672051474442844778e+02 -2.671276562818196965e+01
-2.672614932031129342e+02 -2.677396709434136923e+01
-2.673180831903096646e+02 -2.683570525588566369e+01
-2.673749531578340566e+02 -2.689790154534419742e+01
-2.674321311374019388e+02 -2.696046978151251494e+01
-2.674896367903784835e+02 -2.702331808360988319e+01
-2.675474809742888169e+02 -2.708635085833221723e+01
-2.676056655369548025e+02 -2.714947081480096713e+01
-2.676641833439438187e+02 -2.721258096240341473e+01
-2.677230185395321769e+02 -2.727558654751663170e+01
-2.677821470359131126e+02 -2.733839688704941651e+01
-2.678415372199982585e+02 -2.740092705960342201e+01
-2.679011508620178006e+02 -2.746309941875172811e+01
-2.679609442053324528e+02 -2.752484489738719375e+01
-2.680208692125238485e+02 -2.758610407719656266e+01
-2.680808749390470780e+02 -2.764682800294724530e+01
-2.681409090025841238e+02 -2.770697872731069822e+01
-2.682009191138007509e+02 -2.776652957824686752e+01
-2.682608546325558905e+02 -2.782546514739728494e+01
-2.683206681127505249e+02 -2.788378100434082185e+01
-2.683803167989914868e+02 -2.794148314780418474e+01
-2.684397640390557171e+02 -2.799858721086005175e+01
-2.684989805777739207e+02 -2.805511744265248808e+01
-2.685579457003777861e+02 -2.811110549414491899e+01
-2.686166481965035473e+02 -2.816658903967696048e+01
-2.686750871198732966e+02 -2.822161026966041675e+01
-2.687332723230823035e+02 -2.827621429245807860e+01
-2.687912247518173672e+02 -2.833044748531598955e+01
-2.688489764881125552e+02 -2.838435583513248517e+01
-2.689065705378004623e+02 -2.843798330981518774e+01
-2.689640603630025453e+02 -2.849137030002643556e+01
-2.690215091662226428e+02 -2.854455216924858973e+01
-2.690789889382109550e+02 -2.859755794738635615e+01
-2.691365792871390568e+02 -2.865040919960813426e+01
-2.691943660716523823e+02 -2.870311909790700255e+01
-2.692524398649264867e+02 -2.875569171802759527e+01
-2.693108942808450479e+02 -2.880812157907122284e+01
-2.693698241967538820e+02 -2.886039343738222840e+01
-2.694293239098470281e+02 -2.891248234035707654e+01
-2.694894852660476090e+02 -2.896435393975153616e+01
-2.695503958012114367e+02 -2.901596505801401804e+01
-2.696121369345872836e+02 -2.906726449529372047e+01
-2.696747822536980266e+02 -2.911819405918328485e+01
-2.697383959281822285e+02 -2.916868979408907236e+01
-2.698030312876781522e+02 -2.921868338248776809e+01
-2.698687295956041226e+02 -2.926810368633710624e+01
-2.699355190467421721e+02 -2.931687839363249637e+01
-2.700034140119619224e+02 -2.936493573263972934e+01
-2.700724145483110306e+02 -2.941220621470636587e+01
-2.701425061871739217e+02 -2.945862436582571320e+01
-2.702136600073606587e+02 -2.950413040729085523e+01
-2.702858329939683699e+02 -2.954867184683799763e+01
-2.703589686777930297e+02 -2.959220494360277698e+01
-2.704329980440761574e+02 -2.963469601296869627e+01
-2.705078406935942326e+02 -2.967612254088729529e+01
-2.705834062336514307e+02 -2.971647408144542624e+01
-2.706595958715543588e+02 -2.975575291621172980e+01
-2.707363041787184557e+02 -2.979397445914703724e+01
-2.708134209897993401e+02 -2.983116739644953341e+01
-2.708908333982297449e+02 -2.986737355653638204e+01
-2.709684278073448809e+02 -2.990264751127930154e+01
-2.710460919949486538e+02 -2.993705591550018852e+01
-2.711237171487390469e+02 -2.997067659744395485e+01
-2.712011998304942040e+02 -3.000359741837067062e+01
-2.712784438282974975e+02 -3.003591492440987665e+01
-2.713553618583480329e+02 -3.006773281829540778e+01
-2.714318770809912280e+02 -3.009916028245073605e+01
-2.715079243994699141e+02 -3.013031018803169303e+01
-2.715834515144472334e+02 -3.016129722689464288e+01
-2.716584197124969364e+02 -3.019223600498820659e+01
-2.717328043723813948e+02 -3.022323913633861991e+01
-2.718065951789324686e+02 -3.025441537659569846e+01
-2.718797960405771619e+02 -3.028586783403993365e+01
-2.719524247128778711e+02 -3.031769229405103871e+01
-2.720245121367544243e+02 -3.034997569033904696e+01
-2.720961015061807871e+02 -3.038279475282439535e+01
-2.721672470859710415e+02 -3.041621485798147617e+01
-2.722380128056606168e+02 -3.045028910284675661e+01
-2.723084706603368659e+02 -3.048505761882496401e+01
-2.723786989534588656e+02 -3.052054713604306002e+01
-2.724487804201512517e+02 -3.055677080340348084e+01
-2.725188002720744294e+02 -3.059372826382200827e+01
-2.725888442067058008e+02 -3.063140597852326863e+01
-2.726589964246786622e+02 -3.066977778883367023e+01
-2.727293376986859244e+02 -3.070880569878919886e+01
-2.727999435363743146e+02 -3.074844085717029429e+01
-2.728708824776512074e+02 -3.078862471340734430e+01
-2.729422145639220503e+02 -3.082929031824327382e+01
-2.730139900130695310e+02 -3.087036373719438487e+01
-2.730862481295052930e+02 -3.091176554276537303e+01
-2.731590164735110307e+02 -3.095341235009695424e+01
-2.732323103084094669e+02 -3.099521836028763389e+01
-2.733061323380191538e+02 -3.103709687603369716e+01
-2.733804727404533992e+02 -3.107896175546563100e+01
-2.734553094977829346e+02 -3.112072877209256916e+01
-2.735306090145210760e+02 -3.116231685154355802e+01
-2.736063270114592001e+02 -3.120364915925733840e+01
-2.736824096752170590e+02 -3.124465401732653191e+01
-2.737587950381124529e+02 -3.128526563325812404e+01
-2.738354145577241070e+02 -3.132542462835384001e+01
-2.739121948609432025e+02 -3.136507835863276838e+01
-2.739890596134744669e+02 -3.140418102657434929e+01
-2.740659314727519131e+02 -3.144269358734274888e+01
-2.741427340801516266e+02 -3.148058345841809924e+01
-2.742193940472496934e+02 -3.151782404658869297e+01
-2.742958428907314214e+02 -3.155439411092912749e+01
-2.743720188714113988e+02 -3.159027698458430322e+01
-2.744478686946602579e+02 -3.162545968180288014e+01
-2.745233490323197429e+02 -3.165993191962084552e+01
-2.745984278298643630e+02 -3.169368508581603194e+01
-2.746730853670700299e+02 -3.172671118618078978e+01
-2.747473150456768280e+02 -3.175900180475468559e+01
-2.748211238833737866e+02 -3.179054711039745129e+01
-2.748945326997801999e+02 -3.182133494197891110e+01
-2.749675759867920988e+02 -3.185135000252350324e+01
-2.750403014625870242e+02 -3.188057318992268918e+01
-2.751127693155690963e+02 -3.190898108837725999e+01
-2.751850511514362552e+02 -3.193654564062791223e+01
-2.752572286632376972e+02 -3.196323401637277328e+01
-2.753293920505752226e+02 -3.198900868716012980e+01
-2.754016382198859105e+02 -3.201382771260203697e+01
-2.754740688028746263e+02 -3.203764523710972867e+01
-2.755467880345287881e+02 -3.206041219063328640e+01
-2.756199005356576777e+02 -3.208207718123651375e+01
-2.756935090474494814e+02 -3.210258756188828499e+01
-2.757677121670895986e+02 -3.212189064873363264e+01
-2.758426021339801650e+02 -3.213993506345502738e+01
-2.759182627155191199e+02 -3.215667216825333696e+01
-2.759947672397564702e+02 -3.217205755858463334e+01
-2.760721768195551249e+02 -3.218605257616732729e+01
-2.761505388092000430e+02 -3.219862580299901111e+01
-2.762298855297930800e+02 -3.220975449624958742e+01
-2.763102332943323631e+02 -3.221942592396425198e+01
-2.763915817572005835e+02 -3.222763856252547043e+01
-2.764739136060323403e+02 -3.223440311878576381e+01
-2.765571946066909277e+02 -3.223974334266129915e+01
-2.766413740045579743e+02 -3.224369659971760171e+01
-2.767263852776437147e+02 -3.224631417782134690e+01
-2.768121472293462375e+02 -3.224766130717593171e+01
-2.768985654011866586e+02 -3.224781687890697413e+01
-2.769855337786721066e+02 -3.224687285369079603e+01
-2.770729367567689678e+02 -3.224493335859446574e+01
-2.771606513254234301e+02 -3.224211347717154297e+01
-2.772485494303102769e+02 -3.223853774479787404e+01
-2.773365004596215044e+02 -3.223433836806188424e+01
-2.774243738043346070e+02 -3.222965319361841807e+01
-2.775120414371119750e+02 -3.222462345810195217e+01
-2.775993804538312020e+02 -3.221939135634920603e+01
-2.776862755217751442e+02 -3.221409747015927394e+01
-2.777726211797277074e+02 -3.220887810401148954e+01
-2.778583239376183656e+02 -3.220386257745548875e+01
-2.779433041268983970e+02 -3.219917052620671427e+01
-2.780274974574512612e+02 -3.219490926525292451e+01
-2.781108562424608408e+02 -3.219117126746423452e+01
-2.781933502591667775e+02 -3.218803181027406879e+01
-2.782749672207219760e+02 -3.218554684097104257e+01
-2.783557128422601181e+02 -3.218375110803405903e+01
-2.784356104926625335e+02 -3.218265660180306043e+01
-2.785147004321747204e+02 -3.218225134268386256e+01
-2.785930386448283684e+02 -3.218249854912277641e+01
-2.786706952833536093e+02 -3.218333621087651863e+01
-2.787477527527788084e+02 -3.218467708576184094e+01
-2.788243034669929443e+02 -3.218640913025869565e+01
-2.789004473200523648e+02 -3.218839636619463107e+01
-2.789762889207615331e+02 -3.219048017744131585e+01
-2.790519346449164573e+02 -3.219248102225523667e+01
-2.791274895644252183e+02 -3.219420053877759358e+01
-2.792030543162135814e+02 -3.219542401343426263e+01
-2.792787219762846007e+02 -3.219592317470245746e+01
-2.793545750054679502e+02 -3.219545926810303627e+01
-2.794306823332321414e+02 -3.219378636245163960e+01
-2.795070966444145029e+02 -3.219065483251306858e+01
-2.795838519308783248e+02 -3.218581495932399150e+01
-2.796609613659601337e+02 -3.217902058669543663e+01
-2.797384155542007989e+02 -3.217003277081347790e+01
-2.798161812023424204e+02 -3.215862335948945372e+01
-2.798942002500451167e+02 -3.214457843845803353e+01
-2.799723894903661403e+02 -3.212770158419492361e+01
-2.800506407008946894e+02 -3.210781686597398021e+01
-2.801288212967453433e+02 -3.208477154424920030e+01
-2.802067755065332335e+02 -3.205843841785721082e+01
-2.802843260622119033e+02 -3.202871777886397808e+01
-2.803612763834184989e+02 -3.199553894102659513e+01
-2.804374132269678057e+02 -3.195886131564422072e+01
-2.805125097625416402e+02 -3.191867501688987829e+01
-2.805863290266477179e+02 -3.187500098737432452e+01
-2.806586276987247288e+02 -3.182789064352513009e+01
-2.807291601360531672e+02 -3.177742504918880329e+01
-2.807976825980031776e+02 -3.172371363450854176e+01
-2.808639575852776602e+02 -3.166689248541624124e+01
-2.809277582162756630e+02 -3.160712223684487299e+01
-2.809888725605944160e+02 -3.154458560986256543e+01
-2.810471078490741093e+02 -3.147948463919926709e+01
-2.811022944806749706e+02 -3.141203764298053258e+01
-2.811542897488798189e+02 -3.134247599077171742e+01
-2.812029812141874459e+02 -3.127104072920366562e+01
-2.812482896545615745e+02 -3.119797912643804949e+01
-2.812901715323241092e+02 -3.112354119749014814e+01
-2.813286209238227116e+02 -3.104797627196939658e+01
-2.813636708671321003e+02 -3.097152966412332376e+01
-2.813953940928932411e+02 -3.089443950223023805e+01
-2.814239031139887857e+02 -3.081693377044388527e+01
-2.814493496609003955e+02 -3.073922761123454706e+01
-2.814719234610943772e+02 -3.066152093071203311e+01
-2.814918503724164225e+02 -3.058399634247749788e+01
-2.815093898920405309e+02 -3.050681747837951363e+01
-2.815248320737913446e+02 -3.043012768680542024e+01
-2.815384938974286797e+02 -3.035404913107518254e+01
-2.815507151435606374e+02 -3.027868229230945474e+01
-2.815618538370259216e+02 -3.020410587297021365e+01
-2.815722813297168159e+02 -3.013037708931049252e+01
-2.815823771007017058e+02 -3.005753233336722374e+01
-2.815925233570736737e+02 -2.998558817806271648e+01
-2.816030995230402709e+02 -2.991454269257354781e+01
-2.816144767073358253e+02 -2.984437702952137528e+01
-2.816270122400146079e+02 -2.977505724084377192e+01
-2.816410443690466536e+02 -2.970653627550907316e+01
-2.816568872049042511e+02 -2.963875610961111917e+01
-2.816748259975249766e+02 -2.957164995786612494e+01
-2.816951128247370093e+02 -2.950514451515741143e+01
-2.817179627645291475e+02 -2.943916217752155617e+01
-2.817435506155548524e+02 -2.937362319382231846e+01
-2.817720082211253043e+02 -2.930844770225865759e+01
-2.818034224418379949e+02 -2.924355760972177265e+01
-2.818378338110759387e+02 -2.917887827676599954e+01
-2.818752358961067443e+02 -2.911433997646651051e+01
-2.819155753756091372e+02 -2.904987910157209896e+01
-2.819587528323782522e+02 -2.898543910098588583e+01
-2.820046242479177181e+02 -2.892097113356353688e+01
-2.820530031738425691e+02 -2.885643443434083721e+01
-2.821036635436925053e+02 -2.879179639543685099e+01
-2.821563430781042712e+02 -2.872703237085817563e+01
-2.822107472264784178e+02 -2.866212522109299243e+01
-2.822665535795129017e+02 -2.859706461958580803e+01
-2.823234166793633904e+02 -2.853184614878366787e+01
-2.823809731479102538e+02 -2.846647021831435964e+01
-2.824388470487326117e+02 -2.840094084189641777e+01
-2.824966553950039270e+02 -2.833526431269300261e+01
-2.825540137136956105e+02 -2.826944781894627923e+01
-2.826105415761979316e+02 -2.820349804281881845e+01
-2.826658680067683349e+02 -2.813741978540225475e+01
-2.827196366830378906e+02 -2.807121465983982844e+01
-2.827715108470958967e+02 -2.800487989246985165e+01
-2.828211778513487502e+02 -2.793840726888613801e+01
-2.828683532702744969e+02 -2.787178225790574615e+01
-2.829127845172729394e+02 -2.780498334171746322e+01
-2.829542539148455376e+02 -2.773798157508326057e+01
-2.829925811761992804e+02 -2.767074039049402145e+01
-2.830276252668346046e+02 -2.760321565978949465e+01
