-1.263813826296551355e+02 6.338814649153232494e+01
-1.264656510693484393e+02 6.392651830076493980e+01
-1.265422351432037118e+02 6.446887564083620248e+01
-1.266111892476104259e+02 6.501446447222942027e+01
-1.266725998118256769e+02 6.556254702180649474e+01
-1.267265826848094719e+02 6.611241275381202342e+01
-1.267732800038851479e+02 6.666338860991491799e+01
-1.268128565889114299e+02 6.721484832148530586e+01
-1.268454959145528136e+02 6.776622061420472676e+01
-1.268713957213549151e+02 6.831699614568667300e+01
-1.268907633335324334e+02 6.886673304068357027e+01
-1.269038107575122893e+02 6.941506091521688404e+01
-1.269107496402062338e+02 6.996168331009218377e+01
-1.269117861696190914e+02 7.050637848518304907e+01
-1.269071160026586256e+02 7.104899855799874331e+01
-1.268969193058077281e+02 7.158946700274121611e+01
-1.268813559936622255e+02 7.212777455868537402e+01
-1.268605612481859168e+02 7.266397362861061993e+01
-1.268346413979254095e+02 7.319817127854653904e+01
-1.268036702314099244e+02 7.373052097864103871e+01
-1.267676858126027213e+02 7.426121325094607073e+01
-1.267266878586779342e+02 7.479046541279218729e+01
-1.266806357316831964e+02 7.531851062372665240e+01
-1.266294470859667740e+02 7.584558645930452769e+01
-1.265729972027539958e+02 7.637192324601326732e+01
-1.265111190321379269e+02 7.689773239804638649e+01
-1.264436039511763283e+02 7.742319499834175645e+01
-1.263702032349893756e+02 7.794845086322617078e+01
-1.262906302259058293e+02 7.847358832217355484e+01
-1.262045631740351723e+02 7.899863493172416895e+01
-1.261116487113533680e+02 7.952354932575202895e+01
-1.260115059106672817e+02 8.004821438330856154e+01
-1.259037308708734315e+02 8.057243187061234835e+01
-1.257879017609127743e+02 8.109591868586498720e+01
-1.256635842469221416e+02 8.161830480499205009e+01
-1.255303372204105870e+02 8.213913299371867538e+01
-1.253877187399929483e+02 8.265786031724330485e+01
-1.252352920953749020e+02 8.317386144382648183e+01
-1.250726318999616211e+02 8.368643370356107880e+01
-1.248993301177294910e+02 8.419480382912149707e+01
-1.247150019308382127e+02 8.469813627209451568e+01
-1.245192913568781421e+02 8.519554295722231529e+01
-1.243118765285946807e+02 8.568609430817353712e+01
-1.240924745543389207e+02 8.616883135286518325e+01
-1.238608458842709581e+02 8.664277869441697533e+01
-1.236167981153663789e+02 8.710695811594523263e+01
-1.233601891774125647e+02 8.756040257399523341e+01
-1.230909298522571618e+02 8.800217032670580863e+01
-1.228089855894304918e+02 8.843135893900728206e+01
-1.225143775926981675e+02 8.884711890833982295e+01
-1.222071831639115089e+02 8.924866666053895869e+01
-1.218875353025241992e+02 8.963529667654060518e+01
-1.215556215711056041e+02 9.000639252621840569e+01
-1.212116822488981569e+02 9.036143660564887625e+01
-1.208560078067567076e+02 9.070001839804277211e+01
-1.204889357474592515e+02 9.102184110599164057e+01
-1.201108468652022339e+02 9.132672653302867616e+01
-1.197221609869665002e+02 9.161461812519318926e+01
-1.193233322661548215e+02 9.188558211766999761e+01
-1.189148441053840628e+02 9.213980676697532601e+01
-1.184972037904312998e+02 9.237759968487563356e+01
-1.180709369210123754e+02 9.259938332555962859e+01
-1.176365817262699949e+02 9.280568871183243118e+01
-1.171946833535232884e+02 9.299714751859370665e+01
-1.167457882179972160e+02 9.317448266197214934e+01
-1.162904384989344777e+02 9.333849756960979960e+01
-1.158291668637386493e+02 9.349006433121064674e+01
-1.153624914967056867e+02 9.363011094812706858e+01
-1.148909115025425933e+02 9.375960791607728595e+01
-1.144149027474175142e+02 9.387955438578512712e+01
-1.139349141918204253e+02 9.399096415220677159e+01
-1.134513647602583717e+02 9.409485172397928920e+01
-1.129646407828887504e+02 9.419221872076836632e+01
-1.124750940338144858e+02 9.428404083744285913e+01
-1.119830403801177710e+02 9.437125560062247587e+01
-1.114887590449756232e+02 9.445475112546084517e+01
-1.109924924775763486e+02 9.453535605888301063e+01
-1.104944468122403123e+02 9.461383087037289386e+01
-1.099947928893005695e+02 9.469086062331105325e+01
-1.094936678011206084e+02 9.476704932938929460e+01
-1.089911769182318437e+02 9.484291595639406580e+01
-1.084873963431505217e+02 9.491889212632582939e+01
-1.079823757330638188e+02 9.499532150707464950e+01
-1.074761414273881996e+02 9.507246086740418889e+01
-1.069686998122509749e+02 9.515048273246478061e+01
-1.064600408513104099e+02 9.522947954613427157e+01
-1.059501417110265749e+02 9.530946921777474756e+01
-1.054389704085143080e+02 9.539040190507489569e+01
-1.049264894114758135e+02 9.547216786202712058e+01
-1.044126591223265450e+02 9.555460616219896508e+01
-1.038974411824716100e+02 9.563751409267430859e+01
-1.033808015376437481e+02 9.572065700362115592e+01
-1.028627132111936788e+02 9.580377839257332084e+01
-1.023431587390754345e+02 9.588661000129751244e+01
-1.018221322278893695e+02 9.596888170651624250e+01
-1.012996410055439611e+02 9.605033099369593685e+01
-1.007757068427423519e+02 9.613071181536751908e+01
-1.002503667324034780e+02 9.620980265175414559e+01
-9.972367322312909721e+01 9.628741361145070243e+01
-9.919569431175504803e+01 9.636339243310682434e+01
-9.866651290870312607e+01 9.643762927498144677e+01
-9.813622589813138575e+01 9.651006020731794877e+01
-9.760494282259801935e+01 9.658066935211024884e+01
-9.707278422898005488e+01 9.664948964537467191e+01
-9.653987971859460515e+01 9.671660222784744576e+01
-9.600636574974113557e+01 9.678213450044012234e+01
-9.547238324514805186e+01 9.684625691017430427e+01
-9.493807505997128260e+01 9.690917856004990938e+01
-9.440358336803309669e+01 9.697114176180828338e+01
-9.386904702486221197e+01 9.703241567330077544e+01
-9.333459896581143767e+01 9.709328918169073575e+01
-9.280036369608990299e+01 9.715406320960640585e+01
-9.226645492701477735e+01 9.721504263330169238e+01
-9.173297340920152010e+01 9.727652800963046786e+01
-9.120000500886239081e+01 9.733880731205904624e+01
-9.066761906797890447e+01 9.740214787496084625e+01
-9.013586708293964023e+01 9.746678874011630000e+01
-8.960478172945093434e+01 9.753293358978244498e+01
-8.907437625424778105e+01 9.760074443714906067e+01
-8.854464424650900867e+01 9.767033622773551826e+01
-8.801555979407433483e+01 9.774177248471326607e+01
-8.748707802170562786e+01 9.781506210768812082e+01
-8.695913600090668183e+01 9.789015740867029081e+01
-8.643165401333796183e+01 9.796695344135468986e+01
-8.590453714281152031e+01 9.804528865101538315e+01
-8.537767716432377085e+01 9.812494684291554847e+01
-8.485095469273380786e+01 9.820566043777877496e+01
-8.432424154861470811e+01 9.828711495417766741e+01
-8.379740329459274051e+01 9.836895463029711095e+01
-8.327030189222494982e+01 9.845078907199837204e+01
-8.274279842719690237e+01 9.853220079099683915e+01
-8.221475584939881287e+01 9.861275347675572789e+01
-8.168604167427086793e+01 9.869200082883394032e+01
-8.115653059269594394e+01 9.876949576324670943e+01
-8.062610693863416600e+01 9.884479979721130860e+01
-8.009466696660832952e+01 9.891749241162482065e+01
-7.956212089497813622e+01 9.898718018988365941e+01
-7.902839467563427434e+01 9.905350553521940071e+01
-7.849343145617378070e+01 9.911615477651162109e+01
-7.795719270671428092e+01 9.917486548439212868e+01
-7.741965899009881014e+01 9.922943283512761070e+01
-7.688083036125912884e+01 9.927971487892445168e+01
-7.634072638875680639e+01 9.932563659155205471e+01
-7.579938579889777373e+01 9.936719261304791928e+01
-7.525686575016260349e+01 9.940444860424726414e+01
-7.471324075287090238e+01 9.943754118038737033e+01
-7.416860125586880770e+01 9.946667641049737085e+01
-7.362305192844436874e+01 9.949212690106057266e+01
-7.307670967155686981e+01 9.951422751192747285e+01
-7.252970139764055091e+01 9.953336978102881005e+01
-7.198216162266184881e+01 9.954999516150547834e+01
-7.143422991767243957e+01 9.956458719986704864e+01
-7.088604826973185880e+01 9.957766280618646704e+01
-7.033775840373539268e+01 9.958976278667887527e+01
-6.978949911735095668e+01 9.960144182488042475e+01
-6.924140368090942843e+01 9.961325810972222428e+01
-6.869359735274970546e+01 9.962576281681327828e+01
-6.814619505818255618e+01 9.963948965306209971e+01
-6.759929927698173913e+01 9.965494467426982794e+01
-6.705299818019203428e+01 9.967259658054980775e+01
-6.650736405213713454e+01 9.969286768545259747e+01
-6.596245202791484985e+01 9.971612574169066079e+01
-6.541829917050425536e+01 9.974267678962522155e+01
-6.487492390496477412e+01 9.977275917454646503e+01
-6.433232582026469970e+01 9.980653885565322980e+01
-6.379048584210168826e+01 9.984410610400118458e+01
-6.324936677286918751e+01 9.988547365905225206e+01
-6.270891418779029891e+01 9.993057638440278367e+01
-6.216905766931500921e+01 9.997927243336771141e+01
-6.162971235531369985e+01 1.000313459049813076e+02
-6.109078077051354683e+01 1.000865109412391547e+02
-6.055215490512125598e+01 1.001444171876641036e+02
-6.001371849978077222e+01 1.002046565121106454e+02
-5.947534949202041332e+01 1.002667708516739964e+02
-5.893692257618569386e+01 1.003302610351489506e+02
-5.839831182667359144e+01 1.003945964091446825e+02
-5.785939333302162169e+01 1.004592250800740061e+02
-5.732004779518615578e+01 1.005235845721374659e+02
-5.678016302808231330e+01 1.005871126933281090e+02
-5.623963632622075437e+01 1.006492583975618231e+02
-5.569837664196152360e+01 1.007094924313515492e+02
-5.515630653449876064e+01 1.007673175579785863e+02
-5.461336385113708047e+01 1.008222781607630054e+02
-5.406950310757301281e+01 1.008739690396199506e+02
-5.352469653974154085e+01 1.009220432313317417e+02
-5.297893480613164030e+01 1.009662187035454650e+02
-5.243222732626576033e+01 1.010062837949964631e+02
-5.188460224808746801e+01 1.010421012994225691e+02
-5.133610604421760115e+01 1.010736111175359895e+02
-5.078680274425872909e+01 1.011008314297359050e+02
-5.023677281742083522e+01 1.011238583713814592e+02
-4.968611172656116537e+01 1.011428642218342446e+02
-4.913492818117170202e+01 1.011580941475125286e+02
-4.858334212274500175e+01 1.011698615673145838e+02
-4.803148248122737840e+01 1.011785422353942607e+02
-4.747948474579705191e+01 1.011845671608968331e+02
-4.692748839691141427e+01 1.011884145063898046e+02
-4.637563424937322054e+01 1.011906006259393394e+02
-4.582406175800716142e+01 1.011916704197142707e+02
-4.527290633840124201e+01 1.011921871943426083e+02
-4.472229675499554702e+01 1.011927222267889448e+02
-4.417235262764480552e+01 1.011938442341044890e+02
-4.362318210559850939e+01 1.011961089519700181e+02
-4.307487975474254682e+01 1.012000490215192912e+02
-4.252752469992799433e+01 1.012061643765810146e+02
-4.198117905937548500e+01 1.012149133124124063e+02
-4.143588670259150319e+01 1.012267044024288083e+02
-4.089167235704028514e+01 1.012418894117138279e+02
-4.034854108212424251e+01 1.012607573355724213e+02
-3.980647812195557123e+01 1.012835296685135660e+02
-3.926544914108266937e+01 1.013103569842862726e+02
-3.872540083991624726e+01 1.013413168814531247e+02
-3.818626193921651435e+01 1.013764133220021080e+02
-3.764794451580818446e+01 1.014155773632096214e+02
-3.711034566480245189e+01 1.014586692559323637e+02
-3.657334945718856289e+01 1.015054818562402090e+02
-3.603682915580156276e+01 1.015557452723368499e+02
-3.550064964753627805e+01 1.016091326455271968e+02
-3.496467004531190526e+01 1.016652669430216775e+02
-3.442874640982395817e+01 1.017237286220105119e+02
-3.389273453860693763e+01 1.017840640090413729e+02
-3.335649276841728295e+01 1.018457942265527834e+02
-3.281988473646956805e+01 1.019084244896715745e+02
-3.228278204665004836e+01 1.019714535912004862e+02
-3.174506678843998486e+01 1.020343833911700671e+02
-3.120663385893811181e+01 1.020967281293939521e+02
-3.066739304197657034e+01 1.021580233850604458e+02
-3.012727080284554759e+01 1.022178345163631548e+02
-2.958621176248029272e+01 1.022757644253019009e+02
-2.904417982102892992e+01 1.023314605077826513e+02
-2.850115890739119706e+01 1.023846206666859899e+02
-2.795715333846174744e+01 1.024349982852619121e+02
-2.741218777932647299e+01 1.024824060796396878e+02
-2.686630680334835830e+01 1.025267187719497173e+02
-2.631957405883773760e+01 1.025678745490787378e+02
-2.577207105667849873e+01 1.026058752959402796e+02
-2.522389560068277348e+01 1.026407856158550658e+02
-2.467515988949063299e+01 1.026727306737367940e+02
-2.412598832534255422e+01 1.027018929198136021e+02
-2.357651507089828868e+01 1.027285077721705733e+02
-2.302688140037537678e+01 1.027528583550731724e+02
-2.247723289548762438e+01 1.027752694065103327e+02
-2.192771653993288083e+01 1.027961004823606288e+02
-2.137847776841237746e+01 1.028157385958244134e+02
-2.082965752733471376e+01 1.028345904390885863e+02
-2.028138940442682170e+01 1.028530743394962315e+02
-1.973379688342654603e+01 1.028716121047209526e+02
-1.918699077792396679e+01 1.028906209106235821e+02
-1.864106689521345572e+01 1.029105053816527686e+02
-1.809610397685514727e+01 1.029316500070052740e+02
-1.755216195753819974e+01 1.029544120264409202e+02
-1.700928057789685610e+01 1.029791149079313755e+02
-1.646747838029997268e+01 1.030060425254657019e+02
-1.592675210938395125e+01 1.030354341296833951e+02
-1.538707653139669951e+01 1.030674801869014203e+02
-1.484840467843681289e+01 1.031023191439288667e+02
-1.431066851548283658e+01 1.031400351572052614e+02
-1.377378001997615975e+01 1.031806568056595665e+02
-1.323763265569566450e+01 1.032241567876563977e+02
-1.270210321499099848e+01 1.032704525838546772e+02
-1.216705399620785322e+01 1.033194080501185113e+02
-1.163233527652533716e+01 1.033708358881278997e+02
-1.109778803454260654e+01 1.034245009263347015e+02
-1.056324687191184530e+01 1.034801241306728485e+02
-1.002854307925818489e+01 1.035373872531763624e+02
-9.493507788564960137e+00 1.035959380175587228e+02
-8.957975152282951825e+00 1.036553957339887688e+02
-8.421785488611291726e+00 1.037153572308407803e+02
-7.884788332767488583e+00 1.037754029891003853e+02
-7.346845335599877735e+00 1.038351033653790125e+02
-6.807832953534394882e+00 1.038940247920062205e+02
-6.267644877630567102e+00 1.039517358473405864e+02
-5.726194154262582714e+00 1.040078130960824581e+02
-5.183414955669958246e+00 1.040618466077758626e+02
-4.639263965144154511e+00 1.041134450716291866e+02
-4.093721348853725850e+00 1.041622404369823585e+02
-3.546791294113041282e+00 1.042078920209368960e+02
-2.998502102119709356e+00 1.042500900375288353e+02
-2.448905831661883692e+00 1.042885585160767192e+02
-1.898077498875970992e+00 1.043230575896644581e+02
-1.346113846635079714e+00 1.043533851478344161e+02
-7.931317054288260504e-01 1.043793778601853148e+02
-2.392659754617763590e-01 1.044009115894416482e+02
3.153327329565261405e-01 1.044179012234353507e+02
8.705007570508654924e-01 1.044302999651403638e+02
1.426064287724363666e+00 1.044380981282271392e+02
1.981842469836215148e+00 1.044413214924477415e+02
2.537650638400420711e+00 1.044400292784230402e+02
3.093303629762725659e+00 1.044343118050276189e+02
3.648619105269000240e+00 1.044242878945436530e+02
4.203420824594352290e+00 1.044101020911205069e+02
4.757541806758048608e+00 1.043919217568814446e+02
5.310827318915615436e+00 1.043699341073829316e+02
5.863137636262778507e+00 1.043443432441733165e+02
6.414350520686423529e+00 1.043153672370888359e+02
6.964363371181786277e+00 1.042832353028460801e+02
7.513095005294512241e+00 1.042481851196421445e+02
8.060487037934613852e+00 1.042104603100799096e+02
8.606504831628191354e+00 1.041703081170040832e+02
9.151138000511581438e+00 1.041279772890076032e+02
9.694400458976089041e+00 1.040837161846420571e+02
1.023633001463263525e+01 1.040377710969704594e+02
1.077698751407400657e+01 1.039903847932163927e+02
1.131645555852582952e+01 1.039417952580644453e+02
1.185483681478745943e+01 1.038922346238112908e+02
1.239225195467702711e+01 1.038419282661662209e+02
1.292883726334271621e+01 1.037910940411557306e+02
1.346474196319879546e+01 1.037399416363520714e+02
1.400012530568061564e+01 1.036886720085573472e+02
1.453515348747542468e+01 1.036374768801185127e+02
1.506999645119027775e+01 1.035865382671911163e+02
1.560482463258121655e+01 1.035360280154482524e+02
1.613980571738882119e+01 1.034861073218350356e+02
1.667510147050821701e+01 1.034369262248937815e+02
1.721086469868446756e+01 1.033886230507681745e+02
1.774723640515023604e+01 1.033413238070894522e+02
1.828434319073823744e+01 1.032951415223726173e+02
1.882229495100492755e+01 1.032501755341107668e+02
1.936118291295312943e+01 1.032065107342948380e+02
1.990107804812640424e+01 1.031642167863775938e+02
2.044202989131247250e+01 1.031233473326038848e+02
2.098406578598818584e+01 1.030839392149549951e+02
2.152719056911486462e+01 1.030460117365605868e+02
2.207138669914777296e+01 1.030095659931891134e+02
2.261661482228693743e+01 1.029745843062273423e+02
2.316281476330814115e+01 1.029410297893265067e+02
2.370990691887107005e+01 1.029088460805736389e+02
2.425779402325456502e+01 1.028779572706251457e+02
2.480636324911187884e+01 1.028482680547315056e+02
2.535548859926577592e+01 1.028196641330187475e+02
2.590503353986659008e+01 1.027920128788659468e+02
2.645485382058201296e+01 1.027651642898134554e+02
2.700480042390903890e+01 1.027389522292948953e+02
2.755472258332189384e+01 1.027131959607523868e+02
2.810447080880877735e+01 1.026877019685396277e+02
2.865389985844852916e+01 1.026622660526322477e+02
2.920287159600914251e+01 1.026366756767352513e+02
2.975125767713332792e+01 1.026107125421156638e+02
3.029894201038253598e+01 1.025841553525834087e+02
3.084582294426147442e+01 1.025567827297025332e+02
3.139181513714258287e+01 1.025283762317085205e+02
3.193685107371150877e+01 1.024987234249225594e+02
3.248088219898654927e+01 1.024676209528252571e+02
3.302387964896813344e+01 1.024348775455105596e+02
3.356583456541390831e+01 1.024003169110896323e+02
3.410675799091370664e+01 1.023637804508123139e+02
3.464668034917667683e+01 1.023251297412616623e+02
3.518565052407659266e+01 1.022842487299507184e+02
3.572373455933735187e+01 1.022410455949818555e+02
3.626101400861212198e+01 1.021954542250416296e+02
3.679758397294515504e+01 1.021474352828049632e+02
3.733355086907307196e+01 1.020969768226643026e+02
3.786902997756106970e+01 1.020440944424418461e+02
3.840414282428455550e+01 1.019888309581730823e+02
3.893901445215430357e+01 1.019312556009821122e+02
3.947377064216697562e+01 1.018714627452652053e+02
4.000853514380877129e+01 1.018095701876302428e+02
4.054342697451262723e+01 1.017457170060620086e+02
4.107855784628468854e+01 1.016800610383597956e+02
4.161402977479796306e+01 1.016127760277885272e+02
4.214993292226124311e+01 1.015440484918670023e+02
4.268634372030088997e+01 1.014740743771053104e+02
4.322332331301088715e+01 1.014030555680800347e+02
4.376091635342550745e+01 1.013311963233797712e+02
4.429915017900680851e+01 1.012586997135170321e+02
4.483803438356944326e+01 1.011857641368084160e+02
4.537756079447009938e+01 1.011125799884150211e+02
4.591770385512224095e+01 1.010393265552079640e+02
4.645842140410027099e+01 1.009661692048838546e+02
4.699965583347476894e+01 1.008932569319117363e+02
4.754133560074874509e+01 1.008207203154982494e+02
4.808337706103007747e+01 1.007486699360182456e+02
4.862568657903169367e+01 1.006771952863957864e+02
4.916816287430213350e+01 1.006063642039902248e+02
4.971069954788472955e+01 1.005362228368552593e+02
5.025318773448622522e+01 1.004667961460604317e+02
5.079551882133757346e+01 1.003980889333716391e+02
5.133758717325435583e+01 1.003300873712598218e+02
5.187929280305845481e+01 1.002627610002284797e+02
5.242054392746933189e+01 1.001960651471096071e+02
5.296125935083087910e+01 1.001299437075420826e+02
5.350137062253719478e+01 1.000643322265690927e+02
5.404082391872691460e+01 9.999916120341779902e+01
5.457958160459514119e+01 9.993435954023546230e+01
5.511762344042445960e+01 9.986985805004759698e+01
5.565494740204872670e+01 9.980559293659217701e+01
5.619157009470801256e+01 9.974150915805689976e+01
5.672752674804283401e+01 9.967756358816652096e+01
5.726287078905006922e+01 9.961372789151232610e+01
5.779767299904112576e+01 9.954999103545804928e+01
5.833202026977155441e+01 9.948636136828568510e+01
5.886601398278119035e+01 9.942286820233452715e+01
5.939976804438384761e+01 9.935956285154777845e+01
5.993340661650449164e+01 9.929651908485719503e+01
6.046706159049485052e+01 9.923383296994872182e+01
6.100086985702881748e+01 9.917162209588488508e+01
6.153497043003781641e+01 9.911002417749338633e+01
6.206950148627941388e+01 9.904919505905627375e+01
6.260459738447475786e+01 9.898930614930719685e+01
6.314038572890505918e+01 9.893054133373958337e+01
6.367698454193492807e+01 9.887309342340599017e+01
6.421449960809481183e+01 9.881716021145433615e+01
6.475302204915119830e+01 9.876294021927751032e+01
6.529262618509089577e+01 9.871062822311094465e+01
6.583336773019345856e+01 9.866041065894587803e+01
6.637528236652603653e+01 9.861246100855316854e+01
6.691838472936363758e+01 9.856693527208292949e+01
6.746266783040671555e+01 9.852396763301736371e+01
6.800810293539062457e+01 9.848366641917472464e+01
6.855463990297013765e+01 9.844611045897813995e+01
6.910220798182858459e+01 9.841134592540133497e+01
6.965071705296591631e+01 9.837938375097344590e+01
7.020005929437743930e+01 9.835019768616099611e+01
7.075011123592906870e+01 9.832372306053952116e+01
7.130073616350293264e+01 9.829985629169880212e+01
7.185178682350246504e+01 9.827845517108974605e+01
7.240310837185960224e+01 9.825933993934300759e+01
7.295454150582978059e+01 9.824229514634654947e+01
7.350592571233137562e+01 9.822707227392753282e+01
7.405710256341586728e+01 9.821339308173190830e+01
7.460791898777694087e+01 9.820095362023653252e+01
7.515823044703351741e+01 9.818942883912978914e+01
7.570790394691812253e+01 9.817847770494002191e+01
7.625682081640408683e+01 9.816774872911007321e+01
7.680487919219865489e+01 9.815688579703032701e+01
7.735199615184077970e+01 9.814553418011256269e+01
7.789810944571468099e+01 9.813334660705287149e+01
7.844317878655863296e+01 9.811998926714763058e+01
7.898718666427517121e+01 9.810514761802517114e+01
7.953013866389412101e+01 9.808853187248318761e+01
8.007206327517690170e+01 9.806988204426937727e+01
8.061301119335557530e+01 9.804897244054998851e+01
8.115305412164683219e+01 9.802561549933597007e+01
8.169228309723422399e+01 9.799966488308456292e+01
8.223080637311367980e+01 9.797101775482957464e+01
8.276874689832924048e+01 9.793961618018859383e+01
8.330623944847017981e+01 9.790544761712654065e+01
8.384342746660234980e+01 9.786854447501268339e+01
8.438045968194717261e+01 9.782898274488292145e+01
8.491748657934043365e+01 9.778687972346419599e+01
8.545465679675368165e+01 9.774239087397661763e+01
8.599211353073827979e+01 9.769570588654437415e+01
8.652999103057702257e+01 9.764704401976160852e+01
8.706841126104433215e+01 9.759664882214428872e+01
8.760748081109653640e+01 9.754478234744340170e+01
8.814728812147086501e+01 9.749171899072133840e+01
8.868790109819676104e+01 9.743773908238732417e+01
8.922936517148369262e+01 9.738312238476309801e+01
8.977170185051679141e+01 9.732814164000163260e+01
9.031490781450389704e+01 9.727305631915955075e+01
9.085895456910198220e+01 9.721810671984769670e+01
9.140378868530831369e+01 9.716350855415684862e+01
9.194933262531171181e+01 9.710944815953462239e+01
9.249548614688538350e+01 9.705607845313153348e+01
9.304212826494679689e+01 9.700351573504170233e+01
9.358911973623146707e+01 9.695183742813087235e+01
9.413630602082419330e+01 9.690108082210792873e+01
9.468352066290231051e+01 9.685124286756985157e+01
9.523058902269551140e+01 9.680228104237205855e+01
9.577733228259401699e+01 9.675411528835491026e+01
9.632357164277408401e+01 9.670663099169880184e+01
9.686913261582054702e+01 9.665968295553133771e+01
9.741384932579660472e+01 9.661310028942365591e+01
9.795756871512212172e+01 9.656669211761426652e+01
9.850015456260011604e+01 9.652025398673903567e+01
9.904149121796328359e+01 9.647357483499591524e+01
9.958148696243968345e+01 9.642644436851867340e+01
1.001200769109824904e+02 9.637866067765801859e+01
1.006572253798912016e+02 9.633003791624418000e+01
1.011929276534433484e+02 9.628041386099530996e+01
1.017272110946714605e+02 9.622965716625469668e+01
1.022601355583500862e+02 9.617767413131150533e+01
1.027917930783851972e+02 9.612441480372019953e+01
1.033223068168003351e+02 9.606987825223451694e+01
1.038518292771511824e+02 9.601411685708130506e+01
1.043805398011102312e+02 9.595723948308615547e+01
1.049086413828567572e+02 9.589941342232894783e+01
1.054363568514275613e+02 9.584086501715850659e+01
1.059639244860146334e+02 9.578187890108769409e+01
1.064915931430178517e+02 9.572279582378776297e+01
1.070196169861409317e+02 9.566400905654856501e+01
1.075482499217194174e+02 9.560595940554375716e+01
1.080777398504783662e+02 9.554912889139473009e+01
1.086083228538423811e+02 9.549403318421438769e+01
1.091402174375744494e+02 9.544121291284935182e+01
1.096736189577262479e+02 9.539122399480079650e+01
1.102086943536062904e+02 9.534462715863945448e+01
1.107455773095600904e+02 9.530197685306674771e+01
1.112843639619514988e+02 9.526380975557580655e+01
1.118251092597387242e+02 9.523063310844538876e+01
1.123678240766724059e+02 9.520291312018485996e+01
1.129124731605166403e+02 9.518106367620012520e+01
1.134589739899719802e+02 9.516543560316894457e+01
1.140071965935160989e+02 9.515630672726322814e+01
1.145569643663153698e+02 9.515387295692558212e+01
1.151080559021829259e+02 9.515824060647695148e+01
1.156602078374601774e+02 9.516942015759309470e+01
1.162131186832032341e+02 9.518732163193882911e+01
1.167664536014453915e+02 9.521175172036973322e+01
1.173198500610368313e+02 9.524241278259221133e+01
1.178729242890457272e+02 9.527890379658866493e+01
1.184252784152896396e+02 9.532072330007625283e+01
1.189765081906971886e+02 9.536727432751976608e+01
1.195262111451758216e+02 9.541787130646355308e+01
1.200739950378677605e+02 9.547174883700400017e+01
1.206194864423732440e+02 9.552807223887306520e+01
1.211623393019586672e+02 9.558594971265078755e+01
1.217022432851870803e+02 9.564444592586363569e+01
1.222389317709156273e+02 9.570259680191006169e+01
1.227721892933191299e+02 9.575942526059527893e+01
1.233018582825580864e+02 9.581395763421035383e+01
1.238278449448674365e+02 9.586524046312517555e+01
1.243501241371502175e+02 9.591235736027154246e+01
1.248687431054181474e+02 9.595444562506274622e+01
1.253838239734772202e+02 9.599071228450280557e+01
1.258955648878205409e+02 9.602044924265410941e+01
1.264042397464517933e+02 9.604304722929799709e+01
1.269101964629744259e+02 9.605800825446074498e+01
1.274138537423437185e+02 9.606495629728952679e+01
1.279156963707495009e+02 9.606364598521956566e+01
1.284162690487273153e+02 9.605396905205249425e+01
1.289161688233375571e+02 9.603595840090120817e+01
1.294160362015458645e+02 9.600978963932082877e+01
1.299165450524210996e+02 9.597577999859278464e+01
1.304183914298376976e+02 9.593438459625950543e+01
1.309222814696803709e+02 9.588619004975079463e+01
1.314289185355951020e+02 9.583190549838397487e+01
1.319389898047706708e+02 9.577235114023905282e+01
1.324531524996793337e+02 9.570844443843776617e+01
1.329720199828799991e+02 9.564118419728887943e+01
1.334961479396285711e+02 9.557163275166590211e+01
1.340260208769672943e+02 9.550089655203271377e+01
1.345620391680548664e+02 9.543010546190595278e+01
1.351045068666969371e+02 9.536039111355026421e+01
1.356536205093582339e+02 9.529286469071271881e+01
1.362094591104566348e+02 9.522859452371766054e+01
1.367719755416216003e+02 9.516858389186018030e+01
1.373409894670431584e+02 9.511374943051025355e+01
1.379161819853368343e+02 9.506490053552292352e+01
1.384970921038401457e+02 9.502272014547008894e+01
1.390831151443109945e+02 9.498774726299805593e+01
1.396735031500756179e+02 9.496036155057312556e+01
1.402673673342283678e+02 9.494077030340594092e+01
1.408636825770333871e+02 9.492899806400110663e+01
1.414612939487268193e+02 9.492487909921295852e+01
1.420589252020250512e+02 9.492805291266458312e+01
1.426551891473226874e+02 9.493796291376429508e+01
1.432485997933682143e+02 9.495385831024987056e+01
1.438375861076337685e+02 9.497479923520320710e+01
1.444205072241242647e+02 9.499966506281904799e+01
1.449956689025020466e+02 9.502716581092674630e+01
1.455613410214801320e+02 9.505585647340564037e+01
1.461157758718632067e+02 9.508415407320181600e+01
1.466572270007049212e+02 9.511035717765437880e+01
1.471839683479773555e+02 9.513266757316975486e+01
1.476943134111963900e+02 9.514921375680629012e+01
1.481866341715876558e+02 9.515807586878608504e+01
1.486593795178006019e+02 9.515731166298644439e+01
1.491110929096690541e+02 9.514498309259383291e+01
1.495404290351627594e+02 9.511918307572872777e+01
1.499461692280995351e+02 9.507806200120614903e+01
1.503272354323267166e+02 9.501985353780167998e+01
1.506827025194913290e+02 9.494289932139956534e+01
1.510118087919341576e+02 9.484567211302024248e+01
1.513139645291898603e+02 9.472679704663019606e+01
1.515887584656593674e+02 9.458507061835818774e+01
1.518359621176992675e+02 9.441947710768357638e+01
1.520555319101783027e+02 9.422920216560923734e+01
1.522476090849463048e+02 9.401364335396755223e+01
1.524125174060947074e+02 9.377241747292910645e+01
1.525507587088605419e+02 9.350536456951408582e+01
1.526630063699949744e+02 9.321254857741287481e+01
1.527500968068980001e+02 9.289425459665575602e+01
1.528130191403434708e+02 9.255098287954649550e+01
1.528529031807539695e+02 9.218343964573743676e+01
1.528710059203460219e+02 9.179252490333259118e+01
1.528686967327274431e+02 9.137931750347375726e+01
1.528474414973956641e+02 9.094505770208294848e+01
1.528087858788707649e+02 9.049112754344491805e+01
1.527543379987174603e+02 9.001902941541545999e+01
1.526857507434038439e+02 8.953036315458066952e+01
1.526047039517787312e+02 8.902680210120024640e+01
1.525128867229778109e+02 8.851006851787569474e+01
1.524119800788988641e+02 8.798190879237961326e+01
1.523036402051919538e+02 8.744406884388303069e+01
1.521894824812333127e+02 8.689827014301994268e+01
1.520710664930465441e+02 8.634618674002955174e+01
1.519498822039736297e+02 8.578942367198560248e+01
1.518273374364113977e+02 8.522949709035138710e+01
1.517047467945562289e+02 8.466781641439449402e+01
1.515833221332348160e+02 8.410566877507980621e+01
1.514641646520190363e+02 8.354420596875200999e+01
1.513482586673721642e+02 8.298443409110909386e+01
1.512364670889859042e+02 8.242720597061762078e+01
1.511295286002370517e+02 8.187321646761635918e+01
1.510280565172076876e+02 8.132300065192477234e+01
1.509325392763942091e+02 8.077693481883599702e+01
1.508433424784793715e+02 8.023524025192189413e+01
1.507607123946611694e+02 7.969798959209943234e+01
1.506847808233577553e+02 7.916511562678373082e+01
1.506155711688672909e+02 7.863642227154430486e+01
1.505530055999743411e+02 7.811159748022065230e+01
1.504969131357036929e+02 7.759022778858587799e+01
1.504470384975263073e+02 7.707181417190562911e+01
1.504030515623608721e+02 7.655578887852605874e+01
1.503645572486804269e+02 7.604153289020261752e+01
1.503311056688572762e+02 7.552839365540182825e+01
1.503022023844420687e+02 7.501570274425284879e+01
1.502773186072263059e+02 7.450279308306704706e+01
1.502559011974738894e+02 7.398901544210747261e+01
1.502373823213575292e+02 7.347375387217105924e+01
1.502211886421930274e+02 7.295643981304971248e+01
1.502067499341499968e+02 7.243656462941291352e+01
1.501935070224876370e+02 7.191369036642350920e+01
1.501809189706359859e+02 7.138745855763970383e+01
1.501684694513126033e+02 7.085759696064383206e+01
1.501556722559997183e+02 7.032392414045772000e+01
1.501420759141431063e+02 6.978635186625328402e+01
1.501272674101268478e+02 6.924488533220349495e+01
1.501108750020541436e+02 6.869962125764793370e+01
1.500925701614389141e+02 6.815074396417098512e+01
1.500720686667629025e+02 6.759851956688692098e+01
1.500491308963546544e+02 6.704328845342107002e+01
1.500235613769573320e+02 6.648545625608610976e+01
1.499952076535924448e+02 6.592548354997795457e+01
1.499639585537758819e+02 6.536387453166761929e+01
1.499297419247609469e+02 6.480116494946754813e+01
1.498925219262434325e+02 6.423790956665145302e+01
1.498522959629165143e+02 6.367466944335527756e+01
1.498090913414505394e+02 6.311199932120334921e+01
1.497629617349807063e+02 6.255043538708101636e+01
1.497139835351895840e+02 6.199048367916611824e+01
1.496622521676497968e+02 6.143260937968722857e+01
1.496078784405041802e+02 6.087722721535391202e+01
1.495509849899188168e+02 6.032469315856528880e+01
1.494917028783185060e+02 5.977529759098096918e+01
1.494301683933779543e+02 5.922926005655276782e+01
1.493665200873299739e+02 5.868672569441520892e+01
1.493008960875719424e+02 5.814776340394067233e+01
1.492334317010009386e+02 5.761236575557859396e+01
1.491642573262058136e+02 5.708045062266477743e+01
1.490934966797365178e+02 5.655186447200739508e+01
1.490212653353378585e+02 5.602638721551282686e+01
1.489476695684271590e+02 5.550373849214349065e+01
1.488728054922621027e+02 5.498358521977674940e+01
1.487967584673757528e+02 5.446555023064637879e+01
1.487196027618979315e+02 5.394922178252071632e+01
1.486414014374522026e+02 5.343416372100367084e+01
1.485622064333700507e+02 5.291992605664933080e+01
1.484820588209851451e+02 5.240605571416333675e+01
1.484009891997428952e+02 5.189210720989095194e+01
1.483190182076464509e+02 5.137765301804862617e+01
1.482361571201498123e+02 5.086229339558449425e+01
1.481524085138187274e+02 5.034566544991545811e+01
1.480677669738536224e+02 4.982745125271050313e+01
1.479822198277049949e+02 4.930738482593510241e+01
1.478957478904606830e+02 4.878525785300031004e+01
1.478083262112056673e+02 4.826092399746213601e+01
1.477199248131051945e+02 4.773430174363399914e+01
1.476305094233423176e+02 4.720537570698626695e+01
1.475400421921634688e+02 4.667419639659132713e+01
1.474484824030340349e+02 4.614087844635589164e+01
1.473557871781802078e+02 4.560559736564245270e+01
1.472619121855230446e+02 4.506858489236388010e+01
1.471668123541348621e+02 4.453012306207301663e+01
1.470704426058435104e+02 4.399053713429176327e+01
1.469727586104536385e+02 4.345018754177243636e+01
1.468737175712377336e+02 4.290946104903225944e+01
1.467732790459670866e+02 4.236876132294548825e+01
1.466714058067593669e+02 4.182849913007266451e+01
1.465680647395854521e+02 4.128908238253492868e+01
1.464632277814119732e+02 4.075090625647395370e+01
1.463568728898173390e+02 4.021434360446084355e+01
1.462489850365809900e+02 3.967973587571218275e+01
1.461395572133511394e+02 3.914738474583369054e+01
1.460285914341852163e+02 3.861754464133828435e+01
1.459160997166004847e+02 3.809041632373718045e+01
1.458021050199931210e+02 3.756614167407231974e+01
1.456866421178864925e+02 3.704479979186250205e+01
1.455697583786595146e+02 3.652640449317989635e+01
1.454515144282257211e+02 3.601090326161166644e+01
1.453319846676848783e+02 3.549817767385443545e+01
1.452112576192916151e+02 3.498804528936133096e+01
1.450894360752598971e+02 3.448026296148756842e+01
1.449666370259225801e+02 3.397453149666931438e+01
1.448429913466119103e+02 3.347050155898457291e+01
1.447186432262793119e+02 3.296778069059391214e+01
1.445937493252974662e+02 3.246594129463237266e+01
1.444684776549690923e+02 3.196452940661248121e+01
1.443430061769540487e+02 3.146307406373350446e+01
1.442175211269606336e+02 3.096109706902249670e+01
1.440922150735184459e+02 3.045812293920282343e+01
1.439672847293093128e+02 2.995368882175289116e+01
1.438429285391900976e+02 2.944735416783937154e+01
1.437193440755778511e+02 2.893870995363375798e+01
1.435967252780653780e+02 2.842738725280959855e+01
1.434752595798585446e+02 2.791306497752661286e+01
1.433551249686978508e+02 2.739547662360536506e+01
1.432364870341852452e+02 2.687441587747646921e+01
1.431194960567671899e+02 2.634974096735644622e+01
1.430042841958660631e+02 2.582137766841847082e+01
1.428909628357510542e+02 2.528932090088495599e+01
1.427796201475594557e+02 2.475363489034024411e+01
1.426703189244346959e+02 2.421445189048237268e+01
1.425630947439589988e+02 2.367196949933646266e+01
1.424579545079682532e+02 2.312644662997267631e+01
1.423548754044811631e+02 2.257819822537233634e+01
1.422538043298978039e+02 2.202758883364642983e+01
1.421546578019628839e+02 2.147502518377466529e+01
1.420573223853460547e+02 2.092094792289159244e+01
1.419616556422230644e+02 2.036582269346328644e+01
1.418674876101558766e+02 1.981013074211076130e+01
1.417746227989992178e+02 1.925435926107842377e+01
1.416828426878253424e+02 1.869899166822385439e+01
1.415919086920594339e+02 1.814449803184465893e+01
1.415015655605056963e+02 1.759132584265145383e+01
1.414115451518628674e+02 1.703989132685975605e+01
1.413215705309915506e+02 1.649057148189755750e+01
1.412313603167359020e+02 1.594369699989187872e+01
1.411406332058362239e+02 1.539954622428391495e+01
1.410491125914864767e+02 1.485834026205276004e+01
1.409565311906358431e+02 1.432023934862426451e+01
1.408626355913103225e+02 1.378534053514559687e+01
1.407671906301352749e+02 1.325367673902845134e+01
1.406699835110057393e+02 1.272521716911892042e+01
1.405708275784286343e+02 1.219986910719035933e+01
1.404695656635354624e+02 1.167748099830817665e+01
1.403660729270178820e+02 1.115784677461381413e+01
1.402602591312525533e+02 1.064071131081896304e+01
1.401520702834817769e+02 1.012577688574672052e+01
1.400414896029875820e+02 9.612710503118197636e+00
1.399285377775172776e+02 9.101151906897399613e+00
1.398132724875685540e+02 8.590722112262875854e+00
1.396957871912947553e+02 8.081032262947415390e+00
1.395762091774247722e+02 7.571692619504034383e+00
1.394546969084630916e+02 7.062321481122799227e+00
1.393314366912099729e+02 6.552553845975465308e+00
1.392066387260240674e+02 6.042049621628509115e+00
1.390805325999298816e+02 5.530501207693282240e+00
1.389533623013522572e+02 5.017640287323851922e+00
1.388253808456522336e+02 4.503243682107269663e+00
1.386968446104845896e+02 3.987138145918466492e+00
1.385680074880485222e+02 3.469203996967624271e+00
1.384391149673807604e+02 2.949377513029697528e+00
1.383103982637155696e+02 2.427652042158536361e+00
1.381820686135798439e+02 1.904077809442738856e+00
1.380543118535152303e+02 1.378760428958888395e+00
1.379272833971641035e+02 8.518581583883421127e-01
1.378011037198991176e+02 3.235779611833831115e-01
1.376758544523113130e+02 -2.058295328974820149e-01
1.375515751737602557e+02 -7.360760541721669270e-01
1.374282609850625931e+02 -1.266842570277970426e+00
1.373058609254017028e+02 -1.797786859881367105e+00
1.371842772829623414e+02 -2.328551613518981878e+00
1.370633658318992332e+02 -2.858772880993847743e+00
1.369429370103672738e+02 -3.388088677463924281e+00
1.368227580358238527e+02 -3.916147557147183988e+00
1.367025559349998218e+02 -4.442616964518493639e+00
1.365820214472246334e+02 -4.967191177929822565e+00
1.364608137415827400e+02 -5.489598669651168272e+00
1.363385658709848656e+02 -6.009608719185596470e+00
1.362148908701164487e+02 -6.527037133084505172e+00
1.360893883896578131e+02 -7.041750944001564427e+00
1.359616517465016159e+02 -7.553671983974076021e+00
1.358312752592436254e+02 -8.062779251399517122e+00
1.356978617301785732e+02 -8.569110017364570453e+00
1.355610299296755272e+02 -9.072759644323413752e+00
1.354204219362235335e+02 -9.573880118002167094e+00
1.352757101857901887e+02 -1.007267732125090554e+01
1.351266040873960037e+02 -1.056940710576037823e+01
1.349728560680494525e+02 -1.106437024353214049e+01
1.348142669192390031e+02 -1.155790636418075046e+01
1.346506903289840409e+02 -1.205038700605221003e+01
1.344820364977612428e+02 -1.254220792827553410e+01
1.343082747532271810e+02 -1.303378084685393468e+01
1.341294350972511893e+02 -1.352552477038067025e+01
1.339456086389801897e+02 -1.401785711969825066e+01
1.337569468891686881e+02 -1.451118482061126613e+01
1.335636599133225957e+02 -1.500589555953685483e+01
1.333660133639488095e+02 -1.550234938870249835e+01
1.331643244349208715e+02 -1.600087086028030114e+01
1.329589568031501585e+02 -1.650174185782219638e+01
1.327503146440141393e+02 -1.700519527878912385e+01
1.325388358268317575e+02 -1.751140970415448095e+01
1.323249844147123326e+02 -1.802050517040303390e+01
1.321092426089068681e+02 -1.853254013617599227e+01
1.318921022910490137e+02 -1.904750971083292299e+01
1.316740563270503230e+02 -1.956534518583836757e+01
1.314555898036516624e+02 -2.008591488269652459e+01
1.312371713725787288e+02 -2.060902630372784472e+01
1.310192448776997196e+02 -2.113442954488175474e+01
1.308022214375648105e+02 -2.166182190358247439e+01
1.305864721491196292e+02 -2.219085358984970568e+01
1.303723215684172203e+02 -2.272113442614395851e+01
1.301600421108430794e+02 -2.325224140102605475e+01
1.299498494970191587e+02 -2.378372692419933543e+01
1.297418993513718988e+02 -2.431512761618986218e+01
1.295362850387325864e+02 -2.484597345508735344e+01
1.293330368006331810e+02 -2.537579709562952601e+01
1.291321222276378933e+02 -2.590414317259952526e+01
1.289334480775602003e+02 -2.643057740106864983e+01
1.287368634223016102e+02 -2.695469529040555656e+01
1.285421640788012780e+02 -2.747613029711057919e+01
1.283490982527693234e+02 -2.799456125317867716e+01
1.281573732980236855e+02 -2.850971892163150301e+01
1.279666634698799328e+02 -2.902139154871661475e+01
1.277766185286712357e+02 -2.952942930268142518e+01
1.275868730295687925e+02 -3.003374751154310829e+01
1.273970561178670664e+02 -3.053432863640067296e+01
1.272068016351594792e+02 -3.103122294207971521e+01
1.270157583317228500e+02 -3.152454785270023407e+01
1.268235999741269637e+02 -3.201448600561266034e+01
1.266300351348910596e+02 -3.250128204248224506e+01
1.264348164528937559e+02 -3.298523820062222001e+01
1.262377491593621954e+02 -3.346670879048811287e+01
1.260386986744636459e+02 -3.394609366607390655e+01
1.258375970937466377e+02 -3.442383081340676654e+01
1.256344484016442209e+02 -3.490038819806076731e+01
1.254293322707272438e+02 -3.537625502529532184e+01
1.252224063299917276e+02 -3.585193257587316396e+01
1.250139068127439828e+02 -3.632792478664268998e+01
1.248041475241646907e+02 -3.680472874752990009e+01
1.245935170998116348e+02 -3.728282528565458875e+01
1.243824745586254465e+02 -3.776266980294570885e+01
1.241715431867969528e+02 -3.824468352602499976e+01
1.239613028215686654e+02 -3.872924531646974344e+01
1.237523806359775449e+02 -3.921668417613116020e+01
1.235454405561828963e+02 -3.970727256630273416e+01
1.233411714716696395e+02 -4.020122064159662045e+01
1.231402744247542671e+02 -4.069867147979847033e+01
1.229434489889234072e+02 -4.119969736819653150e+01
1.227513790650959606e+02 -4.170429718537935315e+01
1.225647183405305327e+02 -4.221239489574984560e+01
1.223840756664466767e+02 -4.272383915248289554e+01
1.222100006172252336e+02 -4.323840398382659345e+01
1.220429694961043765e+02 -4.375579051794516516e+01
1.218833720495238992e+02 -4.427562968333457860e+01
1.217314991446418588e+02 -4.479748580557853188e+01
1.215875316521866125e+02 -4.532086100715759613e+01
1.214515307598428393e+02 -4.584520030543999525e+01
1.213234299200848767e+02 -4.636989729507767066e+01
1.212030286111252337e+02 -4.689430029492147867e+01
1.210899880608113079e+02 -4.741771883632343076e+01
1.209838290514289838e+02 -4.793943036932868296e+01
1.208839318889734216e+02 -4.845868706567075179e+01
1.207895385841367499e+02 -4.897472260256723331e+01
1.206997572546893167e+02 -4.948675881885707639e+01
1.206135687207717240e+02 -4.999401214477941124e+01
1.205298352265334643e+02 -5.049569971836244520e+01
1.204473111842855531e+02 -5.099104511463839629e+01
1.203646558015068990e+02 -5.147928362833856397e+01
1.202804474173626517e+02 -5.195966706596646389e+01
1.201931993444601829e+02 -5.243146801877819740e+01
1.201013769839526617e+02 -5.289398360380494069e+01
1.200034159583406250e+02 -5.334653867522361992e+01
1.198977409868567037e+02 -5.378848852273473113e+01
1.197827852135197304e+02 -5.421922108675689600e+01
1.196570096881012262e+02 -5.463815873188870853e+01
1.195189226955756396e+02 -5.504475962991720905e+01
1.193670986302038273e+02 -5.543851881142742144e+01
1.192001961162597183e+02 -5.581896895062399722e+01
1.190169750884567179e+02 -5.618568095117159800e+01
1.188163125611733903e+02 -5.653826440164795741e+01
1.185972168363788342e+02 -5.687636796758062729e+01
1.183588399252839736e+02 -5.719967978307929002e+01
1.181004879878498173e+02 -5.750792789890185475e+01
1.178216296267699050e+02 -5.780088083560520573e+01
1.175219019078717650e+02 -5.807834828046551223e+01
1.172011140164378276e+02 -5.834018195541003138e+01
1.168592484980208326e+02 -5.858627667060424926e+01
1.164964600722543508e+02 -5.881657156497202266e+01
1.161130720482123309e+02 -5.903105152116185650e+01
1.157095704093433000e+02 -5.922974872873155050e+01
1.152865956741788978e+02 -5.941274435601152248e+01
1.148449326752389368e+02 -5.958017027862636894e+01
1.143854984321540655e+02 -5.973221080139204986e+01
1.139093283254407538e+02 -5.986910430063669963e+01
1.134175608040393826e+02 -5.999114470621685058e+01
1.129114208822071959e+02 -6.009868273693162166e+01
1.123922026992699870e+02 -6.019212679987948889e+01
1.118612514287704158e+02 -6.027194346373940448e+01
1.113199448314990434e+02 -6.033865741810114969e+01
1.107696747496532481e+02 -6.039285083584744740e+01
1.102118288369197217e+02 -6.043516206319160489e+01
1.096477728116735619e+02 -6.046628357218408922e+01
1.090788335079498381e+02 -6.048695912316672718e+01
1.085062829815973515e+02 -6.049798009953187261e+01
1.079313239074178625e+02 -6.050018099394802107e+01
1.073550764775900745e+02 -6.049443404358775922e+01
1.067785669827362796e+02 -6.048164303144658049e+01
1.062027182251674446e+02 -6.046273629112527459e+01
1.056283418797935951e+02 -6.043865897300739221e+01
1.050561328824773426e+02 -6.041036465009456435e+01
1.044866658889818467e+02 -6.037880636138175561e+01
1.039203938107529126e+02 -6.034492720906148122e+01
1.033576483972789788e+02 -6.030965064255568819e+01
1.027986427993617440e+02 -6.027387057694693340e+01
1.022434760139179275e+02 -6.023844150537853892e+01
1.016921390795810538e+02 -6.020416877406573519e+01
1.011445228638454097e+02 -6.017179919437839430e+01
1.006004272573884180e+02 -6.014201216877634693e+01
1.000595715698523946e+02 -6.011541150603061112e+01
9.952160590419073571e+01 -6.009251809603364336e+01
9.898612327389577104e+01 -6.007376360558609463e+01
9.845267221923799639e+01 -6.005948534390617510e+01
9.792076967515285446e+01 -6.004992243038736888e+01
9.738991384458107348e+01 -6.004521337757255850e+01
9.685959683685813104e+01 -6.004539517971733176e+01
9.632931684094504021e+01 -6.005040397208249203e+01
9.579858961765299341e+01 -6.006007729866214362e+01
9.526695911321611732e+01 -6.007415799694615544e+01
9.473400701817568859e+01 -6.009229967808065709e+01
9.419936112010609008e+01 -6.011407375003723530e+01
9.366270232573967292e+01 -6.013897790074098282e+01
9.312377025692418897e+01 -6.016644592818879289e+01
9.258236735502514136e+01 -6.019585877603460489e+01
9.203836145927573398e+01 -6.022655660655406251e+01
9.149168685547761015e+01 -6.025785171892313485e+01
9.094234382189642929e+01 -6.028904209989462260e+01
9.039039672845179041e+01 -6.031942537674135707e+01
8.983597077291160815e+01 -6.034831292918712364e+01
8.927924746320563543e+01 -6.037504390831526990e+01
8.872045897770243528e+01 -6.039899890641886060e+01
8.815988155495647050e+01 -6.041961302260609301e+01
8.759782808066361781e+01 -6.043638807479802466e+01
8.703464005212936172e+01 -6.044890371952414654e+01
8.647067910919794542e+01 -6.045682725654282308e+01
8.590631832528465850e+01 -6.045992191554924489e+01
8.534193345277176945e+01 -6.045805344678846893e+01
8.477789431371108719e+01 -6.045119486585065971e+01
8.421455651957477073e+01 -6.043942923480464913e+01
8.365225369297614577e+01 -6.042295039654705846e+01
8.309129035006358777e+01 -6.040206161618392855e+01
8.253193558508309025e+01 -6.037717212172654513e+01
8.197441767872507512e+01 -6.034879157563302243e+01
8.141891972983079029e+01 -6.031752254802768221e+01
8.086557638629675182e+01 -6.028405110098418618e+01
8.031447172607089158e+01 -6.024913563032596642e+01
7.976563831355419154e+01 -6.021359414621514361e+01
7.921905743102729502e+01 -6.017829020566848897e+01
7.867466045941756647e+01 -6.014411773838579478e+01
7.813233135840023635e+01 -6.011198503131190307e+01
7.759191017289214187e+01 -6.008279815664820944e+01
7.705319747198382174e+01 -6.005744414215806870e+01
7.651595960761774506e+01 -6.003677419122037406e+01
7.597993466428283682e+01 -6.002158726296580227e+01
7.544483895788130212e+01 -6.001261431983602535e+01
7.491037393204732098e+01 -6.001050354105162654e+01
7.437623329367389147e+01 -6.001580678585025908e+01
7.384211022635565769e+01 -6.002896757020423024e+01
7.330770452088420086e+01 -6.005031079535901029e+01
7.277272946581523172e+01 -6.008003443641839425e+01
7.223691834831116410e+01 -6.011820336484390737e+01
7.170003042577701535e+01 -6.016474544079419928e+01
7.116185624200198845e+01 -6.021944997037740421e+01
7.062222217725543771e+01 -6.028196857990786128e+01
7.008099413973809533e+01 -6.035181851495352134e+01
6.953808032553263274e+01 -6.042838832717194464e+01
6.899343299527987483e+01 -6.051094586753088578e+01
6.844704923780624028e+01 -6.059864846133501715e+01
6.789897071332832468e+01 -6.069055509939104098e+01
6.734928239119240345e+01 -6.078564044142545697e+01
6.679811031891156858e+01 -6.088281039328575162e+01
6.624561848005228626e+01 -6.098091898918817577e+01
6.569200481788413981e+01 -6.107878628492262862e+01
6.513749651922842077e+01 -6.117521694800608856e+01
6.458234466827467202e+01 -6.126901921669416851e+01
6.402681839295962618e+01 -6.135902389180559879e+01
6.347119863657297856e+01 -6.144410302367171539e+01
6.291577169438555472e+01 -6.152318796123410038e+01
6.236082265913390899e+01 -6.159528644132313246e+01
6.180662892012380638e+01 -6.165949841323910618e+01
6.125345385847737134e+01 -6.171503031664265393e+01
6.070154087577808610e+01 -6.176120755898595149e+01
6.015110788516692963e+01 -6.179748497176331057e+01
5.960234238300131437e+01 -6.182345506209423291e+01
5.905539720580217988e+01 -6.183885391686214206e+01
5.851038706163459580e+01 -6.184356466003116282e+01
5.796738590768988786e+01 -6.183761840902877083e+01
5.742642522701822116e+01 -6.182119272231950191e+01
5.688749323752330156e+01 -6.179460757663570547e+01
5.635053504592021767e+01 -6.175831895785750447e+01
5.581545373877462168e+01 -6.171291019338351447e+01
5.528211238249650705e+01 -6.165908119514840990e+01
5.475033688461156345e+01 -6.159763582042920405e+01
5.421991965025006976e+01 -6.152946759151428324e+01
5.369062395094511686e+01 -6.145554404452305164e+01
5.316218890785206952e+01 -6.137689000162171027e+01
5.263433497874559208e+01 -6.129457007910698252e+01
5.210676982782678124e+01 -6.120967075600687224e+01
5.157919444973877887e+01 -6.112328233374182673e+01
5.105130941435052705e+01 -6.103648111690871758e+01
5.052282109694606049e+01 -6.095031213843449791e+01
4.999344775946472907e+01 -6.086577273934160104e+01
4.946292535231958709e+01 -6.078379729445626367e+01
4.893101291302895106e+01 -6.070524335097611868e+01
4.839749744719974700e+01 -6.063087941738809405e+01
4.786219818916290336e+01 -6.056137460639796188e+01
4.732497015345121838e+01 -6.049729029799387092e+01
4.678570690406498045e+01 -6.043907394825673407e+01
4.624434248571853345e+01 -6.038705512689519139e+01
4.570085247962638419e+01 -6.034144382254567773e+01
4.515525416549088078e+01 -6.030233101054163569e+01
4.460760579073313181e+01 -6.026969143398510909e+01
4.405800496731606586e+01 -6.024338850642865850e+01
4.350658623526358326e+01 -6.022318120412715814e+01
4.295351784979879994e+01 -6.020873277843863036e+01
4.239899786558549977e+01 -6.019962108527238343e+01
4.184324960638907953e+01 -6.019535029914366220e+01
4.128651662140477185e+01 -6.019536375496242897e+01
4.072905724013705253e+01 -6.019905764160733241e+01
4.017113884592922091e+01 -6.020579525796919995e+01
3.961303199380758855e+01 -6.021492153471412223e+01
3.905500450113239452e+01 -6.022577752362223436e+01
3.849731563960659031e+01 -6.023771456098857158e+01
3.794021055445038115e+01 -6.025010782209253080e+01
3.738391503110904779e+01 -6.026236899988561646e+01
3.682863072183972264e+01 -6.027395786245131148e+01
3.627453093409116747e+01 -6.028439246997926659e+01
3.572175707000067746e+01 -6.029325786239051155e+01
3.517041579184942179e+01 -6.030021306270823089e+01
3.462057697225886699e+01 -6.030499627805988183e+01
3.407227247064314213e+01 -6.030742821904906492e+01
3.352549575931855941e+01 -6.030741349833296283e+01
3.298020240409353221e+01 -6.030494010975517938e+01
3.243631138556921911e+01 -6.030007702946893033e+01
3.189370722909664480e+01 -6.029297001932455657e+01
3.135224289385415375e+01 -6.028383574959768509e+01
3.081174335508973172e+01 -6.027295439214514516e+01
3.027200979867843245e+01 -6.026066086562465784e+01
2.973282433401316283e+01 -6.024733494088690833e+01
2.919395512019473315e+01 -6.023339043652746483e+01
2.865516179173846822e+01 -6.021926375145675792e+01
2.811620106375277572e+01 -6.020540199289159489e+01
2.757683239290451738e+01 -6.019225096418922050e+01
2.703682356952668542e+01 -6.018024327736583956e+01
2.649595611797372641e+01 -6.016978684997733495e+01
2.595403038675276974e+01 -6.016125403546350014e+01
2.541087021691493675e+01 -6.015497162031578426e+01
2.486632708658138213e+01 -6.015121190089683267e+01
2.432028364105228491e+01 -6.015018502789158106e+01
2.377265653145632029e+01 -6.015203277773998281e+01
2.322339850009102591e+01 -6.015682387864508485e+01
2.267249966705772479e+01 -6.016455098454139261e+01
2.211998799027614382e+01 -6.017512935449318690e+01
2.156592888896617666e+01 -6.018839725813667485e+01
2.101042403891778676e+01 -6.020411809077887000e+01
2.045360936588594925e+01 -6.022198414539050049e+01
1.989565228086652127e+01 -6.024162195374727702e+01
1.933674821747671047e+01 -6.026259907612844557e+01
1.877711654679318443e+01 -6.028443218892792288e+01
1.821699595848641096e+01 -6.030659629291571378e+01
1.765663940865721671e+01 -6.032853484222768259e+01
1.709630874413059942e+01 -6.034967057591927642e+01
1.653626911994698645e+01 -6.036941682045131330e+01
1.597678333125067063e+01 -6.038718902303459402e+01
1.541810618257643917e+01 -6.040241627248374812e+01
1.486047901670275628e+01 -6.041455256616357161e+01
1.430412452174100046e+01 -6.042308758866074925e+01
1.374924192906689946e+01 -6.042755677980712647e+01
1.319600270621749694e+01 -6.042755048631465087e+01
1.264454683811298530e+01 -6.042272201217598848e+01
1.209497977720863027e+01 -6.041279440765490705e+01
1.154737012867080281e+01 -6.039756586458906895e+01
1.100174812074065045e+01 -6.037691361622242425e+01
1.045810489343031691e+01 -6.035079627221544030e+01
9.916392620970986727e+00 -6.031925455312442352e+01
9.376525465363606315e+00 -6.028241042277657868e+01
8.838381340393411278e+00 -6.024046465084801838e+01
8.301804447910081208e+00 -6.019369287085306297e+01
7.766608531449580077e+00 -6.014244022997287686e+01
7.232580776748402052e+00 -6.008711475602514440e+01
6.699486274692063148e+00 -6.002817959280173454e+01
6.167072950051036173e+00 -5.996614427742826336e+01
5.635076849295181489e+00 -5.990155525188563956e+01
5.103227672981425656e+00 -5.983498581498336932e+01
4.571254432941977974e+00 -5.976702573063340651e+01
4.038891111787657806e+00 -5.969827071305711996e+01
3.505882202224225974e+00 -5.962931200949160626e+01
2.971988006277181960e+00 -5.956072629610081748e+01
2.436989579774617276e+00 -5.949306609326400519e+01
1.900693215135876857e+00 -5.942685089246251096e+01
1.362934365567712636e+00 -5.936255916895649420e+01
8.235809259304083252e-01 -5.930062143275154085e+01
2.825357995391161170e-01 -5.924141444552016367e+01
-2.602613042702534574e-01 -5.918525670372531522e+01
-8.048328802191799802e-01 -5.913240525881930409e+01
-1.351163465583147039e+00 -5.908305391473526669e+01
-1.899200309802807629e+00 -5.903733281162520541e+01
-2.448854859730580369e+00 -5.899530937364664140e+01
-3.000005027166597227e+00 -5.895699056823538342e+01
-3.552498188213900399e+00 -5.892232639541773409e+01
-4.106154847878324077e+00 -5.889121449893234939e+01
-4.660772888717171547e+00 -5.886350576685210001e+01
-5.216132309422849112e+00 -5.883901076853978651e+01
-5.772000348383452106e+00 -5.881750685759178765e+01
-6.328136878638098040e+00 -5.879874575728596398e+01
-6.884299954548106726e+00 -5.878246143624276243e+01
-7.440251386951926449e+00 -5.876837807769098987e+01
-7.995762222740411040e+00 -5.875621794599816639e+01
-8.550618006658270431e+00 -5.874570895894486000e+01
-9.104623707680030265e+00 -5.873659178346035503e+01
-9.657608199443830088e+00 -5.872862628598000612e+01
-1.020942819379805222e+01 -5.872159718589225008e+01
-1.075997153832349795e+01 -5.871531878132712734e+01
-1.130915980249602626e+01 -5.870963864028667700e+01
-1.185695009264938271e+01 -5.870444017630736511e+01
-1.240333605275003137e+01 -5.869964405583660749e+01
-1.294834802586962574e+01 -5.869520841367460662e+01
-1.349205236971800836e+01 -5.869112788248902035e+01
-1.403454993829558184e+01 -5.868743147187544906e+01
-1.457597376025078439e+01 -5.868417936101975130e+01
-1.511648596244909193e+01 -5.868145869606553333e+01
-1.565627400420692261e+01 -5.867937850816290535e+01
-1.619554630324222799e+01 -5.867806389030243963e+01
-1.673452734828418542e+01 -5.867764958988684043e+01
-1.727345240517396618e+01 -5.867827318913587931e+01
-1.781256193290786882e+01 -5.868006805647804924e+01
-1.835209583317875826e+01 -5.868315625879238695e+01
-1.889228766143215310e+01 -5.868764162655787686e+01
-1.943335892914122809e+01 -5.869360316156034685e+01
-1.997551362583600110e+01 -5.870108896985450997e+01
-2.051893308548775252e+01 -5.871011089129952154e+01
-2.106377131511507983e+01 -5.872063998142942154e+01
-2.161015089415717583e+01 -5.873260298202420415e+01
-2.215815954140755295e+01 -5.874587989392549758e+01
-2.270784743232831815e+01 -5.876030273991550956e+01
-2.325922533371748457e+01 -5.877565557740425817e+01
-2.381226360526081365e+01 -5.879167579089826745e+01
-2.436689209885157226e+01 -5.880805666341075266e+01
-2.492300096710768287e+01 -5.882445119483818985e+01
-2.548044237264345213e+01 -5.884047710456878377e+01
-2.603903306983448473e+01 -5.885572292593275989e+01
-2.659855781140433351e+01 -5.886975507223380077e+01
-2.715877351367909753e+01 -5.888212572867963956e+01
-2.771941409710501958e+01 -5.889238140216657058e+01
-2.828019590305557784e+01 -5.890007194210350860e+01
-2.884082357439608657e+01 -5.890475983077669753e+01
-2.940099627601051324e+01 -5.890602953151081778e+01
-2.996041412283198824e+01 -5.890349667738392014e+01
-3.051878467700836239e+01 -5.889681688268125015e+01
-3.107582937288828973e+01 -5.888569396368701092e+01
-3.163128972855677290e+01 -5.886988736479999318e+01
-3.218493320576230587e+01 -5.884921860015634820e+01
-3.273655858618210601e+01 -5.882357653969464906e+01
-3.328600074098234529e+01 -5.879292139156211761e+01
-3.383313468238041111e+01 -5.875728725945149478e+01
-3.437787880017911846e+01 -5.871678318336369529e+01
-3.492019720271441230e+01 -5.867159260476097415e+01
-3.546010110007289740e+01 -5.862197123144301969e+01
-3.599764918732937247e+01 -5.856824331300055064e+01
-3.653294700660694616e+01 -5.851079637360381724e+01
-3.706614528847521228e+01 -5.845007448439133668e+01
-3.759743729515449218e+01 -5.838657019203653675e+01
-3.812705520971798023e+01 -5.832081525241534337e+01
-3.865526563649584091e+01 -5.825337034794676327e+01
-3.918236429778062302e+01 -5.818481399342675786e+01
-3.970867003021816544e+01 -5.811573085740443645e+01
-4.023451820060333972e+01 -5.804669974381101838e+01
-4.076025367476194816e+01 -5.797828149119271757e+01
-4.128622348452792323e+01 -5.791100705415347960e+01
-4.181276934618775698e+01 -5.784536603325878446e+01
-4.234022018901632123e+01 -5.778179591554093264e+01
-4.286888485448065467e+01 -5.772067227789408150e+01
-4.339904512527683522e+01 -5.766230019015381458e+01
-4.393094923858618017e+01 -5.760690703377866839e+01
-4.446480602985423758e+01 -5.755463692613125914e+01
-4.500077984210764015e+01 -5.750554690987508621e+01
-4.553898632157751791e+01 -5.745960503252620555e+01
-4.607948920342022348e+01 -5.741669040338923224e+01
-4.662229817192335446e+01 -5.737659527471184617e+01
-4.716736785819171018e+01 -5.733902915171683645e+01
-4.771459801524937205e+01 -5.730362489306671847e+01
-4.826383488632320251e+01 -5.726994672017652732e+01
-4.881487375719818544e+01 -5.723750001151075395e+01
-4.936746265849187409e+01 -5.720574271747138795e+01
-4.992130715900148630e+01 -5.717409819358162082e+01
-5.047607616742169512e+01 -5.714196921521208594e+01
-5.103140863722769183e+01 -5.710875290685610395e+01
-5.158692104883089513e+01 -5.707385629362145352e+01
-5.214221552470725385e+01 -5.703671216277163580e+01
-5.269688841744459040e+01 -5.699679490930794401e+01
-5.325053919793580093e+01 -5.695363603211283987e+01
-5.380277946153987756e+01 -5.690683894633151851e+01
-5.435324186417797421e+01 -5.685609278356149332e+01
-5.490158879819635018e+01 -5.680118486405002187e+01
-5.544752061949208866e+01 -5.674201154430126337e+01
-5.599078324288098685e+01 -5.667858716899242921e+01
-5.653117493194917387e+01 -5.661105088746895575e+01
-5.706855212247828035e+01 -5.653967113180356563e+01
-5.760283413484613391e+01 -5.646484759479806570e+01
-5.813400665020081703e+01 -5.638711059163856731e+01
-5.866212384744127206e+01 -5.630711773733931125e+01
-5.918730912261003851e+01 -5.622564792271477785e+01
-5.970975433886071926e+01 -5.614359262344687806e+01
-6.022971758310998780e+01 -5.606194462885635232e+01
-6.074751943436559998e+01 -5.598178432823727491e+01
-6.126353777794718525e+01 -5.590426374206384708e+01
-6.177820122883598231e+01 -5.583058853203861815e+01
-6.229198125561342891e+01 -5.576199826689133943e+01
-6.280538312336444307e+01 -5.569974525917817232e+01
-6.331893579895050550e+01 -5.564507232127937186e+01
-6.383318098470573432e+01 -5.559918981566092810e+01
-6.434866146644633034e+01 -5.556325239465768107e+01
-6.486590897825074364e+01 -5.553833583810887831e+01
-6.538543179943293637e+01 -5.552541440279189544e+01
-6.590770230823150655e+01 -5.552533909558872693e+01
-6.643314472171421414e+01 -5.553881727263437540e+01
-6.696212325214175110e+01 -5.556639394945358390e+01
-6.749493090649195892e+01 -5.560843518254511508e+01
-6.803177914803232795e+01 -5.566511385142754875e+01
-6.857278862683664045e+01 -5.573639813233756257e+01
-6.911798117018958010e+01 -5.582204291124114803e+01
-6.966727320416627833e+01 -5.592158433534986983e+01
-7.022047075459281018e+01 -5.603433764978885279e+01
-7.077726614960499774e+01 -5.615939841040078306e+01
-7.133723651745918914e+01 -5.629564710591087362e+01
-7.189984414270774948e+01 -5.644175716386035191e+01
-7.246443871186316699e+01 -5.659620625595229626e+01
-7.303026144679039078e+01 -5.675729076080627067e+01
-7.359645109093497695e+01 -5.692314318667311568e+01
-7.416205168069120646e+01 -5.709175230443766935e+01
-7.472602200235408532e+01 -5.726098569321642628e+01
-7.528724660477682562e+01 -5.742861435793124514e+01
-7.584454820963051702e+01 -5.759233904120839753e+01
-7.639670133556931830e+01 -5.774981782150873499e+01
-7.694244693010280400e+01 -5.789869456611219789e+01
-7.748050778402907213e+01 -5.803662779188013587e+01
-7.800960448819773774e+01 -5.816131947891268084e+01
-7.852847168148485935e+01 -5.827054338242693632e+01
-7.903587433235007609e+01 -5.836217239642589760e+01
-7.953062379436143203e+01 -5.843420453882384180e+01
-8.001159337864515919e+01 -5.848478715135834705e+01
-8.047773319332280550e+01 -5.851223893839794243e+01
-8.092808401150436737e+01 -5.851506950607016933e+01
-8.136178994511281815e+01 -5.849199610629661805e+01
-8.177810972144582990e+01 -5.844195733851193353e+01
-8.217642638257312626e+01 -5.836412361418088324e+01
-8.255625525401342202e+01 -5.825790424472786810e+01
-8.291725005814352301e+01 -5.812295107113342851e+01
-8.325920707895038220e+01 -5.795915861217714138e+01
-8.358206731747122831e+01 -5.776666076702721142e+01
-8.388591661099214036e+01 -5.754582416552997870e+01
-8.417098372316526422e+01 -5.729723831509364373e+01
-8.443763644606998753e+01 -5.702170274547861339e+01
-8.468637578824939283e+01 -5.672021140118262394e+01
-8.491782835430973364e+01 -5.639393457457667580e+01
-8.513273705124689172e+01 -5.604419871075887727e+01
-8.533195028367417478e+01 -5.567246444660514015e+01
-8.551640982416081727e+01 -5.528030327118973730e+01
-8.568713756547639093e+01 -5.486937321222982433e+01
-8.584522137835705280e+01 -5.444139396324997193e+01
-8.599180031116198109e+01 -5.399812186863097452e+01
-8.612804937627245749e+01 -5.354132517867252972e+01
-8.625516417218496201e+01 -5.307275997441733750e+01
-8.637434558990263156e+01 -5.259414714259143864e+01
-8.648678484749478912e+01 -5.210715075504415950e+01
-8.659364908767349789e+01 -5.161335817511054813e+01
-8.669606776014730087e+01 -5.111426217601719202e+01
-8.679511999361368169e+01 -5.061124531460679776e+01
-8.689182314189037015e+01 -5.010556675809679206e+01
-8.698712266527506642e+01 -4.959835171323004488e+01
-8.708188348220068065e+01 -4.909058355696920017e+01
-8.717688289815150426e+01 -4.858309871680611991e+01
-8.727280518913505603e+01 -4.807658429778393128e+01
-8.737023788634263610e+01 -4.757157840342534882e+01
-8.746966977756245853e+01 -4.706847304985324598e+01
-8.757149060999662993e+01 -4.656751952736812683e+01
-8.767599244895721711e+01 -4.606883602241489228e+01
-8.778337261803936542e+01 -4.557241727594873737e+01
-8.789373811929696956e+01 -4.507814602236291535e+01
-8.800711140717815795e+01 -4.458580592683974686e+01
-8.812343736794730376e+01 -4.409509571869403288e+01
-8.824259133739903405e+01 -4.360564420424486087e+01
-8.836438797419206992e+01 -4.311702583513822162e+01
-8.848859079433758268e+01 -4.262877650689591746e+01
-8.861492216443542702e+01 -4.214040926767029305e+01
-8.874307354728870223e+01 -4.165142962851496833e+01
-8.887271579354498385e+01 -4.116135018361464404e+01
-8.900350927696857184e+01 -4.066970427138708288e+01
-8.913511367871974755e+01 -4.017605843462992965e+01
-8.926719723739775247e+01 -3.968002346930952484e+01
-8.939944529633952186e+01 -3.918126388645635672e+01
-8.953156799741341842e+01 -3.867950564918230327e+01
-8.966330699094497447e+01 -3.817454208626967471e+01
-8.979444105400679632e+01 -3.766623792425096440e+01
-8.992479053366184871e+01 -3.715453142058408531e+01
-9.005422055732795172e+01 -3.663943462058900025e+01
-9.018264297877068714e+01 -3.612103179945118114e+01
-9.031001705475529207e+01 -3.559947618705619021e+01
-9.043634887361866959e+01 -3.507498510699034000e+01
-9.056168958240630218e+01 -3.454783369111295599e+01
-9.068613248331102739e+01 -3.401834735709341828e+01
-9.080980909245148780e+01 -3.348689325779231041e+01
-9.093288427414667296e+01 -3.295387092797425765e+01
-9.105555058138892832e+01 -3.241970236531962257e+01
-9.117802194789040016e+01 -3.188482178892904173e+01
-9.130052688859380794e+01 -3.134966531944936108e+01
-9.142330137373107846e+01 -3.081466082067625223e+01
-9.154658154623631106e+01 -3.028021813320002309e+01
-9.167059645351909580e+01 -2.974671991664348525e+01
-9.179556096229978834e+01 -2.921451329867851499e+01
-9.192166901947349800e+01 -2.868390250677348519e+01
-9.204908741295184882e+01 -2.815514263304974563e+01
-9.217795017435730642e+01 -2.762843465432182910e+01
-9.230835375055363556e+01 -2.710392179901150556e+01
-9.244035305364610622e+01 -2.658168732083519714e+01
-9.257395847962463620e+01 -2.606175370668322344e+01
-9.270913396465262224e+01 -2.554408331362538220e+01
-9.284579612559049622e+01 -2.502858039820040759e+01
-9.298381450810845195e+01 -2.451509447072475467e+01
-9.312301294219065539e+01 -2.400342487894354093e+01
-9.326317198140975506e+01 -2.349332649948620499e+01
-9.340403237954564020e+01 -2.298451639281894643e+01
-9.354529953637006656e+01 -2.247668125814275086e+01
-9.368664882415727391e+01 -2.196948550929668542e+01
-9.382773168809413278e+01 -2.146257978151238177e+01
-9.396818239762377800e+01 -2.095560967194925794e+01
-9.410762531214065518e+01 -2.044822451444276012e+01
-9.424568251365927551e+01 -1.994008599078456356e+01
-9.438198165125913874e+01 -1.943087638702920117e+01
-9.451616383744269001e+01 -1.892030631357552295e+01
-9.464789143506716584e+01 -1.840812172184121920e+01
-9.477685557527797755e+01 -1.789411006785503844e+01
-9.490278325179458818e+01 -1.737810549361971013e+01
-9.502544384489083029e+01 -1.685999292016387230e+01
-9.514465493928284445e+01 -1.633971097125719751e+01
-9.526028731367250657e+01 -1.581725367325823406e+01
-9.537226899561545679e+01 -1.529267090389059014e+01
-9.548058829334853215e+01 -1.476606759032011595e+01
-9.558529573590135442e+01 -1.423760168410880311e+01
-9.568650487379295555e+01 -1.370748096689660400e+01
-9.578439191450462431e+01 -1.317595876543955846e+01
-9.587919418926968262e+01 -1.264332867740390931e+01
-9.597120747011125275e+01 -1.210991842961641041e+01
-9.606078217804633823e+01 -1.157608300790507627e+01
-9.614831854455138682e+01 -1.104219721188240300e+01
-9.623426080833780816e+01 -1.050864779877329802e+01
-9.631909054784186708e+01 -9.975825387490905527e+00
-9.640331926625630388e+01 -9.444116297494490553e+00
-9.648748036010802309e+01 -8.913894496527509759e+00
-9.657212061406592341e+01 -8.385513827179046586e+00
-9.665779137363738016e+01 -7.859300674470098613e+00
-9.674503955352440698e+01 -7.335547225577101038e+00
-9.683439864255822727e+01 -6.814505458629753321e+00
-9.692637986628649571e+01 -6.296381980612279605e+00
-9.702146366544300804e+01 -5.781333815168728130e+00
-9.712009164278238416e+01 -5.269465219990410176e+00
-9.722265912222516704e+01 -4.760825590936643259e+00
-9.732950845309771637e+01 -4.255408486615950281e+00
-9.744092317873857212e+01 -3.753151783332591140e+00
-9.755712317307394699e+01 -3.253938946612966454e+00
-9.767826083133095949e+01 -2.757601382468286122e+00
-9.780441838211633865e+01 -2.263921809602068347e+00
-9.793560636806208208e+01 -1.772638573395370454e+00
-9.807176332147436426e+01 -1.283450804100572329e+00
-9.821275664031165320e+01 -7.960243056203928358e-01
-9.835838464876452747e+01 -3.099980478344779855e-01
-9.850837980608650923e+01 1.750088750838407203e-01
-9.866241300751052279e+01 6.593899653693101603e-01
-9.882009890243216432e+01 1.143543870669040619e+00
-9.898100213788018209e+01 1.627866911697407826e+00
-9.914464441991599131e+01 2.112745736771760363e+00
-9.931051227227325739e+01 2.598550246261863705e+00
-9.947806536048214809e+01 3.085626921877024031e+00
-9.964674524108806963e+01 3.574292684928797925e+00
-9.981598438951084518e+01 4.064829394506475069e+00
-9.998521535665710758e+01 4.557479081242012953e+00
-1.001538799036333245e+02 5.052439995372890458e+00
-1.003214379657906647e+02 5.549863529538785478e+00
-1.004873763017727555e+02 6.049852057594662824e+00
-1.006512166901465548e+02 6.552457711123044426e+00
-1.008125235453854174e+02 7.057682095709853165e+00
-1.009709108362588950e+02 7.565476929841008946e+00
-1.011260482028149426e+02 8.075745570896000203e+00
-1.012776661828778373e+02 8.588345375531110548e+00
-1.014255604749919684e+02 9.103090826117385959e+00
-1.015695951817632618e+02 9.619757341128240213e+00
-1.017097049952183596e+02 1.013808567572301378e+01
-1.018458963038158629e+02 1.065778680944460000e+01
-1.019782472187639826e+02 1.117854721110084881e+01
-1.021069065350107934e+02 1.170003436661318830e+01
-1.022320916593546940e+02 1.222190245392720342e+01
-1.023540855543064509e+02 1.274379804996379306e+01
-1.024732327613192098e+02 1.326536575794450989e+01
-1.025899345805817831e+02 1.378625364913354368e+01
-1.027046434965087798e+02 1.430611842088239349e+01
-1.028178569482058862e+02 1.482463018262846788e+01
-1.029301105523802846e+02 1.534147679288819077e+01
-1.030419708923374316e+02 1.585636768301169575e+01
-1.031540279907658260e+02 1.636903711717476639e+01
-1.032668875859776847e+02 1.687924685244929890e+01
-1.033811633311398310e+02 1.738678817744106908e+01
-1.034974690338790566e+02 1.789148332257189011e+01
-1.036164110495653432e+02 1.839318624926379186e+01
-1.037385809356954525e+02 1.889178283872452013e+01
-1.038645484672902199e+02 1.938719051344307331e+01
-1.039948551042504050e+02 1.987935733560275509e+01
-1.041300079914173295e+02 2.036826063618071103e+01
-1.042704745608595118e+02 2.085390523633984472e+01
-1.044166777939162785e+02 2.133632132868119413e+01
-1.045689921879906308e+02 2.181556208992865464e+01
-1.047277404602791364e+02 2.229170109862065630e+01
-1.048931910077575651e+02 2.276482963138582249e+01
-1.050655561300856249e+02 2.323505390945904381e+01
-1.052449910098473396e+02 2.370249236334288767e+01
-1.054315934329306259e+02 2.416727297809742936e+01
-1.056254042210447750e+02 2.462953077485027364e+01
-1.058264083385661110e+02 2.508940547596849413e+01
-1.060345366271972694e+02 2.554703939219988129e+01
-1.062496681144786521e+02 2.600257556024793715e+01
-1.064716328360356954e+02 2.645615614897547729e+01
-1.067002151066952109e+02 2.690792114205499530e+01
-1.069351571722187799e+02 2.735800729468765624e+01
-1.071761631714342258e+02 2.780654735228781504e+01
-1.074229033379259448e+02 2.825366951006325067e+01
-1.076750183711268960e+02 2.869949708445003367e+01
-1.079321239085565480e+02 2.914414836061968828e+01
-1.081938150339576055e+02 2.958773657494563025e+01
-1.084596707600859844e+02 3.003036998754979336e+01
-1.087292584297566407e+02 3.047215199794085549e+01
-1.090021379842904281e+02 3.091318125637747016e+01
-1.092778660546043881e+02 3.135355172493585130e+01
-1.095559998366369996e+02 3.179335264530010008e+01
-1.098361007194999104e+02 3.223266837494405479e+01
-1.101177376414703986e+02 3.267157805948895799e+01
-1.104004901555847482e+02 3.311015511644556142e+01
-1.106839511929965880e+02 3.354846651406086977e+01
-1.109677295182959114e+02 3.398657183834217932e+01
-1.112514518765386526e+02 3.442452215126945703e+01
-1.115347648367099822e+02 3.486235865342160878e+01
-1.118173363406652783e+02 3.530011117444680480e+01
-1.120988569701953281e+02 3.573779652469180235e+01
-1.123790409477291945e+02 3.617541675056109085e+01
-1.126576268882764396e+02 3.661295734452145467e+01
-1.129343783215558688e+02 3.705038546782419928e+01
-1.132090840038680994e+02 3.748764824973702758e+01
-1.134815580391890251e+02 3.792467123115888228e+01
-1.137516398282653114e+02 3.836135702273980996e+01
-1.140191938632415685e+02 3.879758424793556060e+01
-1.142841093836381532e+02 3.923320683969725309e+01
-1.145462999074302957e+02 3.966805375569867920e+01
-1.148057026486440151e+02 4.010192917116953737e+01
-1.150622778304147715e+02 4.053461320059385287e+01
-1.153160078999237896e+02 4.096586318988267550e+01
-1.155668966491914347e+02 4.139541560931674269e+01
-1.158149682434143983e+02 4.182298856479963689e+01
-1.160602661565222604e+02 4.224828493102389615e+01
-1.163028520119633384e+02 4.267099609535789995e+01
-1.165428043254793664e+02 4.309080628590882611e+01
-1.167802171458609592e+02 4.350739744169661805e+01
-1.170151985894286923e+02 4.392045456753268695e+01
-1.172478692642821159e+02 4.432967150142212631e+01
-1.174783605812038019e+02 4.473475700847555458e+01
-1.177068129495076363e+02 4.513544110278365196e+01
-1.179333738580207580e+02 4.553148148781963300e+01
-1.181581958437716793e+02 4.592266999700805030e+01
-1.183814343537525957e+02 4.630883890940831549e+01
-1.186032455082490173e+02 4.668986701123867533e+01
-1.188237837776130590e+02 4.706568527240290223e+01
-1.190431995878989966e+02 4.743628200839748388e+01
-1.192616368743622388e+02 4.780170740203783453e+01
-1.194792306053649753e+02 4.816207726637019704e+01
-1.196961043025864910e+02 4.851757593984683581e+01
-1.199123675865352254e+02 4.886845821723974126e+01
-1.201281137790491016e+02 4.921505023464743545e+01
-1.203434175966934276e+02 4.955774924407624127e+01
-1.205583329706004747e+02 4.989702223215073218e+01
-1.207728910292664040e+02 5.023340335816912727e+01
-1.209870982810844708e+02 5.056749020858353560e+01
-1.212009350328552983e+02 5.089993888761993901e+01
-1.214143540791873903e+02 5.123145798669623474e+01
-1.216272796955313709e+02 5.156280149808176816e+01
-1.218396069646088193e+02 5.189476076038944541e+01
-1.220512014622043040e+02 5.222815554450552611e+01
-1.222618993237483096e+02 5.256382440800891942e+01
-1.224715077078765262e+02 5.290261446353354557e+01
-1.226798056672921149e+02 5.324537072150705797e+01
-1.228865454308870397e+02 5.359292517987395854e+01
-1.230914540942862914e+02 5.394608584246991967e+01
-1.232942357089218035e+02 5.430562585341505866e+01
-1.234945737525147962e+02 5.467227293702608648e+01
-1.236921339566290072e+02 5.504669933121753900e+01
-1.238865674598708324e+02 5.542951239710353661e+01
-1.240775142485163798e+02 5.582124607858117571e+01
-1.242646068399825481e+02 5.622235337315471781e+01
-1.244474741587812048e+02 5.663319995936641504e+01
-1.246257455495158837e+02 5.705405910716382323e+01
-1.247990548672507458e+02 5.748510797569690567e+01
-1.249670445822841316e+02 5.792642537880231401e+01
-1.251293698341076066e+02 5.837799107221271555e+01
-1.252857023681873017e+02 5.883968658885829228e+01
-1.254357342892387663e+02 5.931129762000702499e+01
-1.255791815658864294e+02 5.979251791099346036e+01
-1.257157872240428418e+02 6.028295461148466217e+01
-1.258453241699743330e+02 6.078213499220896665e+01
-1.259675975888193591e+02 6.128951441338426775e+01
-1.260824468702105889e+02 6.180448540530383639e+01
-1.261897470195599453e+02 6.232638769916835741e+01
-1.262894095213861760e+02 6.285451902677611002e+01
