-9.075913154358563872e+01 2.519457319058451361e+01
-9.072849102204195049e+01 2.537298261726322224e+01
-9.067945296350211493e+01 2.556338619618820118e+01
-9.061272032551887889e+01 2.576484250334185333e+01
-9.052912705448359532e+01 2.597639388353610101e+01
-9.042962678244984431e+01 2.619707807871676408e+01
-9.031527992396459581e+01 2.642593939814437576e+01
-9.018723938529224426e+01 2.666203927681232955e+01
-9.004673512010813852e+01 2.690446608309071053e+01
-8.989505778324645746e+01 2.715234405328220291e+01
-8.973354174716860143e+01 2.740484124916969577e+01
-8.956354775423139358e+01 2.766117645438563244e+01
-8.938644548146983482e+01 2.792062494612698842e+01
-8.920359629342732433e+01 2.818252310000040239e+01
-8.901633645262506889e+01 2.844627180718464743e+01
-8.882596104668677128e+01 2.871133870426848489e+01
-8.863370887616801497e+01 2.897725923665280945e+01
-8.844074852806603815e+01 2.924363659595743670e+01
-8.824816583718470042e+01 2.951014059007244938e+01
-8.805695291144982662e+01 2.977650552107449755e+01
-8.786799886839419571e+01 3.004252716088030795e+01
-8.768208239891716005e+01 3.030805892704214699e+01
-8.749986624164498039e+01 3.057300737129199675e+01
-8.732189361737644617e+01 3.083732710119923937e+01
-8.714858663883403267e+01 3.110101526054078036e+01
-8.698024667685447753e+01 3.136410569663497228e+01
-8.681705663086793834e+01 3.162666294302363212e+01
-8.665908501963241406e+01 3.188877614352660927e+01
-8.650629177825987881e+01 3.215055303898798655e+01
-8.635853562011487838e+01 3.241211413112667827e+01
-8.621558279766064459e+01 3.267358712899537920e+01
-8.607711707517178468e+01 3.293510177288798246e+01
-8.594275070877327494e+01 3.319678511836579560e+01
-8.581203621577019192e+01 3.345875734969793314e+01
-8.568447870589749016e+01 3.372112817772087112e+01
-8.555954854204654225e+01 3.398399386225698038e+01
-8.543669409726233255e+01 3.424743488408011416e+01
-8.531535437828637214e+01 3.451151427633126900e+01
-8.519497129352780007e+01 3.477627661054089714e+01
-8.507500135487217108e+01 3.504174761833952090e+01
-8.495492661790591171e+01 3.530793441677526801e+01
-8.483426468360526940e+01 3.557482629317189549e+01
-8.471257760592322938e+01 3.584239599486894434e+01
-8.458947957353424840e+01 3.611060146016226469e+01
-8.446464325981754939e+01 3.637938791946093176e+01
-8.433780476241213364e+01 3.664869029019871505e+01
-8.420876708185701887e+01 3.691843578544707327e+01
-8.407740211737852576e+01 3.718854665449990193e+01
-8.394365118624997990e+01 3.745894297391250660e+01
-8.380752410081005621e+01 3.772954540952976288e+01
-8.366909686365235643e+01 3.800027787382429523e+01
-8.352850806622613788e+01 3.827107000826341476e+01
-8.338595409866738351e+01 3.854185942726179093e+01
-8.324168329871584149e+01 3.881259366837362279e+01
-8.309598918473746210e+01 3.908323180251039020e+01
-8.294920293188445726e+01 3.935374566791639239e+01
-8.280168526106766080e+01 3.962412070214838877e+01
-8.265381791756452401e+01 3.989435635712688821e+01
-8.250599491965186871e+01 4.016446609322238004e+01
-8.235861375764440595e+01 4.043447695904642103e+01
-8.221206672020939266e+01 4.070442877390094338e+01
-8.206673251794427415e+01 4.097437293947474046e+01
-8.192296836415636108e+01 4.124437091617344464e+01
-8.178110265982830640e+01 4.151449240720882727e+01
-8.164142841419996444e+01 4.178481330015355866e+01
-8.150419751461032547e+01 4.205541342090758405e+01
-8.136961593961768813e+01 4.232637415887805332e+01
-8.123783998837021159e+01 4.259777602454263956e+01
-8.110897357719171907e+01 4.286969620146074078e+01
-8.098306663182684417e+01 4.314220615418707894e+01
-8.086011458122014517e+01 4.341536935150654841e+01
-8.074005893653118449e+01 4.368923916098442817e+01
-8.062278891776250589e+01 4.396385696615681127e+01
-8.050814407028941844e+01 4.423925055184972877e+01
-8.039591779513229142e+01 4.451543279632846861e+01
-8.028586170031972813e+01 4.479240070134816420e+01
-8.017769066646762610e+01 4.507013478294849307e+01
-8.007108850796680599e+01 4.534859883717252416e+01
-7.996571410213829267e+01 4.562774008601314080e+01
-7.986120785248363063e+01 4.590748970000228013e+01
-7.975719834882045234e+01 4.618776368518016540e+01
-7.965330908663811726e+01 4.646846411387274856e+01
-7.954916511040336502e+01 4.674948067100663707e+01
-7.944439945065133202e+01 4.703069248070632824e+01
-7.933865923239433471e+01 4.731197017186914877e+01
-7.923161134240811521e+01 4.759317813635439620e+01
-7.912294755508845867e+01 4.787417692951463266e+01
-7.901238903050071372e+01 4.815482576008610494e+01
-7.889969011363682228e+01 4.843498501498208952e+01
-7.878464138040705222e+01 4.871451876433716421e+01
-7.866707189314412574e+01 4.899329719319824505e+01
-7.854685064601670774e+01 4.927119890852420525e+01
-7.842388719834806921e+01 4.954811307355531369e+01
-7.829813151105096836e+01 4.982394132607377202e+01
-7.816957301784951540e+01 5.009859944245851437e+01
-7.803823897834460865e+01 5.037201871562504607e+01
-7.790419217396996032e+01 5.064414702176058825e+01
-7.776752802021336208e+01 5.091494955807220890e+01
-7.762837117891859862e+01 5.118440924136416470e+01
-7.748687176283790734e+01 5.145252676499021760e+01
-7.734320123073842979e+01 5.171932031938560215e+01
-7.719754807519902329e+01 5.198482498881955394e+01
-7.705011340671272535e+01 5.224909184402751094e+01
-7.690110653685547959e+01 5.251218675684692982e+01
-7.675074066016499330e+01 5.277418896872850951e+01
-7.659922872908782665e+01 5.303518944992098483e+01
-7.644677960907809222e+01 5.329528909011185789e+01
-7.629359459184360048e+01 5.355459676427562954e+01
-7.613986433408692278e+01 5.381322731937203230e+01
-7.598576627713086395e+01 5.407129952833788877e+01
-7.583146258985283339e+01 5.432893405748819760e+01
-7.567709866367739835e+01 5.458625149204347338e+01
-7.552280217431265896e+01 5.484337046205811106e+01
-7.536868271079711690e+01 5.510040590760581836e+01
-7.521483195854582959e+01 5.535746751779855401e+01
-7.506132440978785780e+01 5.561465837315695637e+01
-7.490821856233795017e+01 5.587207381517674776e+01
-7.475555855632818236e+01 5.612980056076201407e+01
-7.460337618858454789e+01 5.638791607269182293e+01
-7.445169323596363142e+01 5.664648819061955010e+01
-7.430052401235397497e+01 5.690557502041259852e+01
-7.414987807931197494e+01 5.716522507311621126e+01
-7.399976302753671575e+01 5.742547763861244903e+01
-7.385018724563231274e+01 5.768636337328398866e+01
-7.370116259385737578e+01 5.794790507584419004e+01
-7.355270690376566733e+01 5.821011862106078638e+01
-7.340484622972122963e+01 5.847301401748871541e+01
-7.325761678507093677e+01 5.873659655263191581e+01
-7.311106650413597663e+01 5.900086798722045955e+01
-7.296525618090448972e+01 5.926582775956977400e+01
-7.282026014617125043e+01 5.953147416127684721e+01
-7.267616645659033736e+01 5.979780544682051158e+01
-7.253307658143366154e+01 6.006482084189772053e+01
-7.239110458547571625e+01 6.033252141851683348e+01
-7.225037581908536310e+01 6.060091080887790582e+01
-7.211102513898310917e+01 6.086999573480971293e+01
-7.197319469495626265e+01 6.113978633487509740e+01
-7.183703132884134845e+01 6.141029627707351324e+01
-7.170268364202621569e+01 6.168154265121015101e+01
-7.157029879637659064e+01 6.195354564130887809e+01
-7.144001912066899251e+01 6.222632798477859239e+01
-7.131197860012696310e+01 6.249991423120918910e+01
-7.118629933042220159e+01 6.277432981955745817e+01
-7.106308801940002695e+01 6.304959999790081326e+01
-7.094243261980560078e+01 6.332574861476845030e+01
-7.082439917439765509e+01 6.360279681518173334e+01
-7.070902895110901909e+01 6.388076167782248405e+01
-7.059633594040225546e+01 6.415965483213449261e+01
-7.048630477982148079e+01 6.443948109556933446e+01
-7.037888916209172407e+01 6.472023717156129408e+01
-7.027401077317790623e+01 6.500191044816703823e+01
-7.017155879568534260e+01 6.528447793560673063e+01
-7.007139000110855420e+01 6.556790537824569753e+01
-6.997332944198745963e+01 6.585214657291270157e+01
-6.987717174226413874e+01 6.613714292093628444e+01
-6.978268297133060116e+01 6.642282323599704341e+01
-6.968960307471238025e+01 6.670910382396145621e+01
-6.959764882229124794e+01 6.699588884442204062e+01
-6.950651722372236918e+01 6.728307095686021455e+01
-6.941588935046576125e+01 6.757053224734330854e+01
-6.932543449486513509e+01 6.785814542462330223e+01
-6.923481458916864995e+01 6.814577526760157866e+01
-6.914368880143886997e+01 6.843328029951476310e+01
-6.905171822109331004e+01 6.872051465806421788e+01
-6.895857054443727918e+01 6.900733012518941223e+01
-6.886392467003958018e+01 6.929357827543074677e+01
-6.876747511518935596e+01 6.957911269795351927e+01
-6.866893616791621469e+01 6.986379124442784416e+01
-6.856804569409479200e+01 7.014747825315063778e+01
-6.846456852587969877e+01 7.043004669913156590e+01
-6.835829936598990741e+01 7.071138022035714243e+01
-6.824906515200544277e+01 7.099137497213219206e+01
-6.813672683564814747e+01 7.126994126422212616e+01
-6.802118054377037026e+01 7.154700493946744189e+01
-6.790235810021832208e+01 7.182250845752044199e+01
-6.778022690061085598e+01 7.209641165326623025e+01
-6.765478914510960351e+01 7.236869214623305879e+01
-6.752608044717432279e+01 7.263934538469908375e+01
-6.739416784883971445e+01 7.290838431613258308e+01
-6.725914728493536643e+01 7.317583868387424673e+01
-6.712114054967558729e+01 7.344175395839518217e+01
-6.698029182891725952e+01 7.370618991986631841e+01
-6.683676386993698770e+01 7.396921891695147622e+01
-6.669073386762758560e+01 7.423092383450200771e+01
-6.654238915141493749e+01 7.449139580999798227e+01
-6.639192276084398259e+01 7.475073174498753303e+01
-6.623952899960796969e+01 7.500903166324918914e+01
-6.608539905774567558e+01 7.526639597181547003e+01
-6.592971678985054496e+01 7.552292268422476695e+01
-6.577265473342281155e+01 7.577870466732424859e+01
-6.561437044607161795e+01 7.603382697355584696e+01
-6.545500323323518899e+01 7.628836431990140454e+01
-6.529467132959146625e+01 7.654237877250264432e+01
-6.513346958756889649e+01 7.679591769247595323e+01
-6.497146771552792188e+01 7.704901199362095099e+01
-6.480870909651700629e+01 7.730167475668731925e+01
-6.464521020624958680e+01 7.755390023772889663e+01
-6.448096063635412634e+01 7.780566329995590991e+01
-6.431592371629751881e+01 7.805691928958893300e+01
-6.415003771491858231e+01 7.830760436667036117e+01
-6.398321759050909918e+01 7.855763629183530838e+01
-6.381535724708198387e+01 7.880691565986758462e+01
-6.364633224411370094e+01 7.905532756070280698e+01
-6.347600289784134020e+01 7.930274363861347808e+01
-6.330421770433425621e+01 7.954902451082850234e+01
-6.313081700819579112e+01 7.979402249804064695e+01
-6.295563683601550764e+01 8.003758461131856450e+01
-6.277851281067287204e+01 8.027955573307073678e+01
-6.259928406135282586e+01 8.051978192407931090e+01
-6.241779704468459045e+01 8.075811378434916321e+01
-6.223390919474173444e+01 8.099440979276670305e+01
-6.204749232368670420e+01 8.122853954936267940e+01
-6.185843570051449092e+01 8.146038684443654176e+01
-6.166664874252854389e+01 8.168985248089775553e+01
-6.147206326269204624e+01 8.191685677993096704e+01
-6.127463522568521626e+01 8.214134170542536140e+01
-6.107434597612890315e+01 8.236327254945987875e+01
-6.087120291378895587e+01 8.258263912934947371e+01
-6.066523960242803071e+01 8.279945645624211181e+01
-6.045651531104336129e+01 8.301376484576223902e+01
-6.024511399828929825e+01 8.322562945258455613e+01
-6.003114276267509553e+01 8.343513922281805151e+01
-5.981472979238952092e+01 8.364240527047540752e+01
-5.959602185912940797e+01 8.384755869681588081e+01
-5.937518140984960979e+01 8.405074788374352579e+01
-5.915238331873320021e+01 8.425213530443107857e+01
-5.892781136872823566e+01 8.445189390568238252e+01
-5.870165453755586071e+01 8.465020312698261762e+01
-5.847410316707028954e+01 8.484724463048026166e+01
-5.824534509715635977e+01 8.504319782409493200e+01
-5.801556184594285526e+01 8.523823526633613312e+01
-5.778492491699180533e+01 8.543251804612610556e+01
-5.755359231131625819e+01 8.562619123376369146e+01
-5.732170531764761279e+01 8.581937950011727878e+01
-5.708938564842529217e+01 8.601218300007066375e+01
-5.685673298163688827e+01 8.620467361320798716e+01
-5.662382296005277738e+01 8.639689162970756797e+01
-5.639070568977403752e+01 8.658884296248906765e+01
-5.615740476953475024e+01 8.678049695794275920e+01
-5.592391687108882792e+01 8.697178486720206081e+01
-5.569021187953010354e+01 8.716259902807151150e+01
-5.545623359073749015e+01 8.735279279463276225e+01
-5.522190095159099599e+01 8.754218123742876401e+01
-5.498710981737749393e+01 8.773054262227196887e+01
-5.475173519014753509e+01 8.791762066039721901e+01
-5.451563389191335318e+01 8.810312750719154451e+01
-5.427864761767818180e+01 8.828674747140516388e+01
-5.404060630557152933e+01 8.846814138185185072e+01
-5.380133175494974296e+01 8.864695154449640313e+01
-5.356064141837445192e+01 8.882280720974874555e+01
-5.331835228996190779e+01 8.899533045805648612e+01
-5.307428481080047789e+01 8.916414240173055816e+01
-5.282826671196689006e+01 8.932886959260881099e+01
-5.258013671715066550e+01 8.948915051883211902e+01
-5.232974802996715624e+01 8.964464206984892769e+01
-5.207697153564528492e+01 8.979502584688069078e+01
-5.182169865280275900e+01 8.994001419656305529e+01
-5.156384377835269817e+01 9.007935584833423093e+01
-5.130334627704582573e+01 9.021284104136771020e+01
-5.104017197658709648e+01 9.034030603437514628e+01
-5.077431413944226790e+01 9.046163690131309920e+01
-5.050579389319692325e+01 9.057677252777980925e+01
-5.023466011238143381e+01 9.068570673646910052e+01
-4.996098875583719945e+01 9.078848948522838214e+01
-4.968488167472003880e+01 9.088522709778219166e+01
-4.940646491689460618e+01 9.097608150473173794e+01
-4.912588656356572159e+01 9.106126849068276385e+01
-4.884331414329043497e+01 9.114105496198369849e+01
-4.855893167685403000e+01 9.121575526818787694e+01
-4.827293641369875132e+01 9.128572662864542053e+01
-4.798553532651999376e+01 9.135136373323777548e+01
-4.769694143518592000e+01 9.141309260282065452e+01
-4.740737003420905182e+01 9.147136381013183382e+01
-4.711703489952822110e+01 9.152664517544165790e+01
-4.682614455036074474e+01 9.157941406277396368e+01
-4.653489864032456325e+01 9.163014941189220508e+01
-4.624348454898856176e+01 9.167932364820227065e+01
-4.595207424052874501e+01 9.172739461711907438e+01
-4.566082145037109541e+01 9.177479769114825103e+01
-4.536985925369640427e+01 9.182193819692257364e+01
-4.507929806164254671e+01 9.186918430562232629e+01
-4.478922408210667783e+01 9.191686052372496363e+01
-4.449969827245030984e+01 9.196524191187472752e+01
-4.421075580130488447e+01 9.201454914805421481e+01
-4.392240602630766233e+01 9.206494453730473992e+01
-4.363463298415939562e+01 9.211652905426069537e+01
-4.334739637911319932e+01 9.216934048697807214e+01
-4.306063304607910425e+01 9.222335273127900734e+01
-4.277425885516095150e+01 9.227847626443119111e+01
-4.248817101583070865e+01 9.233455980580666278e+01
-4.220225073123548043e+01 9.239139315060633351e+01
-4.191636614650484916e+01 9.244871114116470778e+01
-4.163037552947852760e+01 9.250619871919664661e+01
-4.134413061812957579e+01 9.256349698197705322e+01
-4.105748006617427848e+01 9.262021014624846771e+01
-4.077027291699827316e+01 9.267591330600022559e+01
-4.048236203608426820e+01 9.273016085447308399e+01
-4.019360743360329025e+01 9.278249542714398501e+01
-3.990387941168240360e+01 9.283245721128845673e+01
-3.961306147500484798e+01 9.287959345922669741e+01
-3.932105294875509571e+01 9.292346803672393207e+01
-3.902777125435585504e+01 9.296367083534505582e+01
-3.873315380082285486e+01 9.299982687794708625e+01
-3.843715945772343900e+01 9.303160494992711449e+01
-3.813976958449224952e+01 9.305872559531698585e+01
-3.784098860004972664e+01 9.308096832620658745e+01
-3.754084408608634504e+01 9.309817790616240529e+01
-3.723938642683583566e+01 9.311026958306918289e+01
-3.693668799745360332e+01 9.311723316392907179e+01
-3.663284192207221679e+01 9.311913584330291371e+01
-3.632796043102363370e+01 9.311612371795224874e+01
-3.602217285445621542e+01 9.310842194247219084e+01
-3.571562329645343681e+01 9.309633350390843987e+01
-3.540846803967686185e+01 9.308023661712704211e+01
-3.510087273537880037e+01 9.306058076662131384e+01
-3.479300943728033957e+01 9.303788144409287497e+01
-3.448505354022909586e+01 9.301271365409451164e+01
-3.417718068569517698e+01 9.298570428188723724e+01
-3.386956369603506545e+01 9.295752343802585926e+01
-3.356236959805664810e+01 9.292887491270778355e+01
-3.325575679381194050e+01 9.290048588925334627e+01
-3.294987243277821420e+01 9.287309607993860538e+01
-3.264485003478042557e+01 9.284744645852757117e+01
-3.234080740723295833e+01 9.282426777204666735e+01
-3.203784489371034994e+01 9.280426901945223506e+01
-3.173604398359974965e+01 9.278812608677345963e+01
-3.143546630483681170e+01 9.277647072701743980e+01
-3.113615301361244292e+01 9.276988006862785596e+01
-3.083812458666615441e+01 9.276886682864670775e+01
-3.054138101350096690e+01 9.277387039608520070e+01
-3.024590237775085200e+01 9.278524893753278491e+01
-2.995164980915395958e+01 9.280327266095210348e+01
-2.965856678031866167e+01 9.282811835519852650e+01
-2.936658071582158769e+01 9.285986530238135117e+01
-2.907560487530794902e+01 9.289849263808716273e+01
-2.878554046726888771e+01 9.294387821111455139e+01
-2.849627894614497947e+01 9.299579897009111562e+01
-2.820770444242154085e+01 9.305393287959918780e+01
-2.791969627348556315e+01 9.311786234363843562e+01
-2.763213148222635596e+01 9.318707908980384502e+01
-2.734488735069583853e+01 9.326099044391253301e+01
-2.705784383755857547e+01 9.333892690231412814e+01
-2.677088589053294498e+01 9.342015088820433277e+01
-2.648390558846281095e+01 9.350386655922240209e+01
-2.619680407200162975e+01 9.358923051681496474e+01
-2.590949322701500535e+01 9.367536325352513416e+01
-2.562189709060920251e+01 9.376136116277936594e+01
-2.533395295602628750e+01 9.384630892705961003e+01
-2.504561215938601393e+01 9.392929209470830187e+01
-2.475684053824553743e+01 9.400940965309139585e+01
-2.446761855902868632e+01 9.408578640647618840e+01
-2.417794111742560759e+01 9.415758497072572197e+01
-2.388781702269999485e+01 9.422401720370349665e+01
-2.359726818334626586e+01 9.428435489998254582e+01
-2.330632851757546931e+01 9.433793959087265080e+01
-2.301504261754733349e+01 9.438419130572130200e+01
-2.272346420101620623e+01 9.442261616760491449e+01
-2.243165438801389300e+01 9.445281271563524683e+01
-2.213967984329466532e+01 9.447447686681715595e+01
-2.184761082745726313e+01 9.448740545234740296e+01
-2.155551920089838802e+01 9.449149828607808388e+01
-2.126347642504547153e+01 9.448675874618589887e+01
-2.097155160465137413e+01 9.447329287450315860e+01
-2.067980961335396017e+01 9.445130702109253207e+01
-2.038830934225152802e+01 9.442110408410238165e+01
-2.009710210798182928e+01 9.438307841636130036e+01
-1.980623025280604210e+01 9.433770949021224794e+01
-1.951572596458511910e+01 9.428555443044180606e+01
-1.922561033939119213e+01 9.422723954153181580e+01
-1.893589270395603208e+01 9.416345096961468641e+01
-1.864657020933555742e+01 9.409492465123706495e+01
-1.835762770118400056e+01 9.402243571015804946e+01
-1.806903786603909978e+01 9.394678746983313999e+01
-1.778076164712098262e+01 9.386880025286249918e+01
-1.749274891747981187e+01 9.378930013951725186e+01
-1.720493939301590558e+01 9.370910785549848754e+01
-1.691726376302370483e+01 9.362902795443083903e+01
-1.662964501160573860e+01 9.354983845332610315e+01
-1.634199989962426258e+01 9.347228106956791294e+01
-1.605424057388520964e+01 9.339705219602058150e+01
-1.576627626803187709e+01 9.332479473692426097e+01
-1.547801505820218715e+01 9.325609091153813779e+01
-1.518936563588729705e+01 9.319145611532275097e+01
-1.490023906062336145e+01 9.313133391013559503e+01
-1.461055045613210446e+01 9.307609219574855786e+01
-1.432022061527799117e+01 9.302602059532534895e+01
-1.402917748165253897e+01 9.298132906765306416e+01
-1.373735747870327728e+01 9.294214773922921324e+01
-1.344470666098799150e+01 9.290852793009108268e+01
-1.315118166627492080e+01 9.288044432884288426e+01
-1.285675045174311926e+01 9.285779825498993034e+01
-1.256139280233987066e+01 9.284042193066746051e+01
-1.226510060432777927e+01 9.282808366942990119e+01
-1.196787788209443093e+01 9.282049387713050237e+01
-1.166974060128523405e+01 9.281731174924780703e+01
-1.137071624615381360e+01 9.281815254045258712e+01
-1.107084318360594288e+01 9.282259527585657111e+01
-1.077016983063653832e+01 9.283019076929593894e+01
-1.046875364565641142e+01 9.284046981220706130e+01
-1.016665996749045675e+01 9.285295139714706636e+01
-9.863960728538071265e+00 9.286715084270802834e+01
-9.560733070688277380e+00 9.288258769143050131e+01
-9.257057894024340428e+00 9.289879325916923847e+01
-8.953018369121867437e+00 9.291531772307976667e+01
-8.648698443846006612e+00 9.293173664577544457e+01
-8.344181374988435707e+00 9.294765684505810555e+01
-8.039548313874799845e+00 9.296272153171108243e+01
-7.734876973273948408e+00 9.297661465192695118e+01
-7.430240400586251681e+00 9.298906438575890832e+01
-7.125705879445372481e+00 9.299984576828637728e+01
-6.821333978622925898e+00 9.300878241568305782e+01
-6.517177763525884515e+00 9.301574735383135817e+01
-6.213282181752608047e+00 9.302066296226750808e+01
-5.909683630168676594e+00 9.302350006081873346e+01
-5.606409706901872347e+00 9.302427618009072319e+01
-5.303479147616122269e+00 9.302305306974476196e+01
-5.000901941494780623e+00 9.301993351009626565e+01
-4.698679618625717147e+00 9.301505750278127493e+01
-4.396805697031579641e+00 9.300859792495268152e+01
-4.095266274464074208e+00 9.300075573855052369e+01
-3.794040747386704382e+00 9.299175485156432330e+01
-3.493102637316372494e+00 9.298183673181860343e+01
-3.192420502946053507e+00 9.297125487563289425e+01
-2.891958915251987783e+00 9.296026923374311934e+01
-2.591679472106777737e+00 9.294914069516971722e+01
-2.291541828780301771e+00 9.293812572631830449e+01
-1.991504721114968346e+00 9.292747125762687688e+01
-1.691526959071416369e+00 9.291740990360862895e+01
-1.391568369731033483e+00 9.290815559434949478e+01
-1.091590670679723152e+00 9.289989968754568395e+01
-7.915582569037283855e-01 9.289280762018832149e+01
-4.914388868732595950e-01 9.288701614820894292e+01
-1.912042562897377507e-01 9.288263121098113118e+01
1.091695490461211254e-01 9.287972644575241077e+01
4.097017266848393402e-01 9.287834236503606178e+01
7.104065595993086513e-01 9.287848619796164940e+01
1.011293346078308675e+00 9.288013238474745492e+01
1.312366453644713271e+00 9.288322370202199352e+01
1.613625490390437900e+00 9.288767298587505650e+01
1.915065584530233567e+00 9.289336540942767328e+01
2.216677760701711186e+00 9.290016126253493667e+01
2.518449399582812553e+00 9.290789917311838053e+01
2.820364765848004662e+00 9.291639970268441573e+01
3.122405588315330327e+00 9.292546924291772825e+01
3.424551675421039221e+00 9.293490413592573418e+01
3.726781548858883131e+00 9.294449493779899285e+01
4.029073078363581750e+00 9.295403074367989404e+01
4.331404101173875532e+00 9.296330349249029723e+01
4.633753010669455996e+00 9.297211217085660451e+01
4.936099299989257005e+00 9.298026683853160534e+01
5.238424048081698814e+00 9.298759240168608642e+01
5.540710337551397302e+00 9.299393206575851423e+01
5.842943595807222223e+00 9.299915040597934990e+01
6.145111853311314931e+00 9.300313600114060364e+01
6.447205915137621091e+00 9.300580358448596030e+01
6.749219444485632380e+00 9.300709567465017358e+01
7.051148959213216827e+00 9.300698365917590138e+01
7.352993744791286979e+00 9.300546831314895257e+01
7.654755689265003049e+00 9.300257974573409570e+01
7.956439047811488585e+00 9.299837677768807964e+01
8.258050146224194421e+00 9.299294576311586980e+01
8.559597034126939619e+00 9.298639887863460274e+01
8.861089099860052443e+00 9.297887191256710082e+01
9.162536659787827276e+00 9.297052159564849205e+01
9.463950535213250248e+00 9.296152252283661710e+01
9.765341630166512132e+00 9.295206372306193998e+01
1.006672052303875020e+01 9.294234493999771018e+01
1.036809708439934141e+01 9.293257269209135529e+01
1.066948013235537474e+01 9.292295618407938207e+01
1.097087713554515531e+01 9.291370314496444394e+01
1.127229397231314145e+01 9.290501566889430762e+01
1.157373475285903730e+01 9.289708613556149430e+01
1.187520170920963203e+01 9.289009328560111101e+01
1.217669515581672002e+01 9.288419852405017707e+01
1.247821352145215812e+01 9.287954252126586141e+01
1.277975345095002346e+01 9.287624217585329234e+01
1.308130997325524447e+01 9.287438799818880852e+01
1.338287673026418823e+01 9.287404196615776186e+01
1.368444625911788926e+01 9.287523589684727199e+01
1.398601031898807889e+01 9.287797036928505179e+01
1.428756025202525493e+01 9.288221422401949212e+01
1.458908736705237530e+01 9.288790465556479603e+01
1.489058333380942933e+01 9.289494790360824084e+01
1.519204057511564443e+01 9.290322053860352014e+01
1.549345264422497870e+01 9.291257132707343658e+01
1.579481457490365948e+01 9.292282365182302328e+01
1.609612319236928357e+01 9.293377845245453273e+01
1.639737737415755348e+01 9.294521764226344374e+01
1.669857825123545680e+01 9.295690794891652331e+01
1.699972934119574219e+01 9.296860511841825314e+01
1.730083660713377824e+01 9.298005841490567036e+01
1.760190843776750569e+01 9.299101534286947413e+01
1.790295554646592180e+01 9.300122651360906900e+01
1.820399078905343515e+01 9.301045057416843065e+01
1.850502890249088139e+01 9.301845911473513695e+01
1.880608616875673533e+01 9.302504146956080433e+01
1.910718001038762637e+01 9.303000932693160507e+01
1.940832852614437698e+01 9.303320106554728852e+01
1.970954997708914291e+01 9.303448573788135434e+01
2.001086223494589689e+01 9.303376662563334776e+01
2.031228220592226918e+01 9.303098429819536364e+01
2.061382524415807538e+01 9.302611911206639661e+01
2.091550456961945414e+01 9.301919309725181506e+01
2.121733070553085199e+01 9.301027118577528086e+01
2.151931095034900210e+01 9.299946174736510329e+01
2.182144889879685579e+01 9.298691640801992264e+01
2.212374402563303022e+01 9.297282913833356588e+01
2.242619134462085384e+01 9.295743461001832486e+01
2.272878115361198681e+01 9.294100583080169997e+01
2.303149887482932101e+01 9.292385107963758628e+01
2.333432499732090903e+01 9.290631017574078498e+01
2.363723512624662604e+01 9.288875012618223082e+01
2.394020014119403328e+01 9.287156020745082685e+01
2.424318646313721359e+01 9.285514654635414900e+01
2.454615642705330103e+01 9.283992627469820036e+01
2.484906875461979325e+01 9.282632134022823323e+01
2.515187911892145323e+01 9.281475206317716697e+01
2.545454079074465525e+01 9.280563053331532331e+01
2.575700535389762180e+01 9.279935394656784808e+01
2.605922347512040815e+01 9.279629798291816201e+01
2.636114571258350381e+01 9.279681032844906952e+01
2.666272334576396830e+01 9.280120444389734757e+01
2.696390920867308338e+01 9.280975368004089887e+01
2.726465850800428115e+01 9.282268583658320438e+01
2.756492960779991108e+01 9.284017825600616902e+01
2.786468476270469807e+01 9.286235353716915597e+01
2.816389078277183700e+01 9.288927594535965682e+01
2.846251961411636699e+01 9.292094858610944641e+01
2.876054882141854208e+01 9.295731139956861000e+01
2.905796196036702028e+01 9.299824002066674211e+01
2.935474883052149409e+01 9.304354553791671378e+01
2.965090560173856105e+01 9.309297517065746774e+01
2.994643481017773468e+01 9.314621387102100414e+01
3.024134522291370430e+01 9.320288684314381555e+01
3.053565157327470558e+01 9.326256295831002774e+01
3.082937417211724451e+01 9.332475903106856663e+01
3.112253840327132082e+01 9.338894490808050364e+01
3.141517411427438589e+01 9.345454930876053368e+01
3.170731491618047215e+01 9.352096634487810434e+01
3.199899740862799646e+01 9.358756263535258313e+01
3.229026034839726123e+01 9.365368492271005607e+01
3.258114378135625344e+01 9.371866808922310099e+01
3.287168815890712636e+01 9.378184346375623193e+01
3.316193346079488435e+01 9.384254730492843066e+01
3.345191834637530093e+01 9.390012934246234977e+01
3.374167935616552683e+01 9.395396125659328845e+01
3.403125018469735608e+01 9.400344497519341758e+01
3.432066104437542009e+01 9.404802066986088960e+01
3.460993813823408516e+01 9.408717433559769461e+01
3.489910325721088924e+01 9.412044484382195719e+01
3.518817351485363787e+01 9.414743036526243714e+01
3.547716122932010308e+01 9.416779406766649174e+01
3.576607395914621179e+01 9.418126900309333394e+01
3.605491469566056395e+01 9.418766211072724559e+01
3.634368221114484498e+01 9.418685727345823011e+01
3.663237155799598810e+01 9.417881737975133660e+01
3.692097471030715639e+01 9.416358535637510840e+01
3.720948133553465453e+01 9.414128415215803614e+01
3.749787968035276009e+01 9.411211566787468996e+01
3.778615755149641586e+01 9.407635864239765056e+01
3.807430336943370719e+01 9.403436552017456052e+01
3.836230727016805275e+01 9.398655833963749728e+01
3.865016222841558857e+01 9.393342369615932341e+01
3.893786517389160906e+01 9.387550684636046583e+01
3.922541807150847859e+01 9.381340503279388088e+01
3.951282893599233859e+01 9.374776011908213036e+01
3.980011275176251218e+01 9.367925063528035423e+01
4.008729226991918182e+01 9.360858334147692972e+01
4.037439865582913257e+01 9.353648442424999132e+01
4.066147196307337452e+01 9.346369044553399874e+01
4.094856141239837655e+01 9.339093916659442129e+01
4.123572545773143361e+01 9.331896037115984655e+01
4.152303162524369640e+01 9.324846681128475723e+01
4.181055611577849618e+01 9.318014539723432677e+01
4.209838316564712102e+01 9.311464874864822150e+01
4.238660416573013379e+01 9.305258721851549808e+01
4.267531654391009965e+01 9.299452149417133739e+01
4.296462242101319617e+01 9.294095587075896958e+01
4.325462705553361076e+01 9.289233228248714624e+01
4.354543709736194046e+01 9.284902516576075016e+01
4.383715867541887690e+01 9.281133721602431308e+01
4.412989534843363515e+01 9.277949608713883833e+01
4.442374595196514520e+01 9.275365206852106326e+01
4.471880237810166392e+01 9.273387676130984403e+01
4.501514732697513210e+01 9.272016276071285290e+01
4.531285207124259529e+01 9.271242433764311386e+01
4.561197427595323717e+01 9.271049909898100339e+01
4.591255591670110192e+01 9.271415059250786328e+01
4.621462133862750932e+01 9.272307180993919928e+01
4.651817549767425675e+01 9.273688952972176480e+01
4.682320242350589723e+01 9.275516943052019769e+01
4.712966394073454524e+01 9.277742189672697748e+01
4.743749868153184224e+01 9.280310842905345226e+01
4.774662141844824959e+01 9.283164856635012541e+01
4.805692274135998332e+01 9.286242721938388911e+01
4.836826909698495314e+01 9.289480231339251759e+01
4.868050320346814175e+01 9.292811263389501164e+01
4.899344484622445606e+01 9.296168576944502604e+01
4.930689205464946667e+01 9.299484604576367985e+01
4.962062265259636007e+01 9.302692234793543946e+01
4.993439616878843168e+01 9.305725573102213843e+01
5.024795608670300595e+01 9.308520672446046262e+01
5.056103240706988800e+01 9.311016224185574686e+01
5.087334449008235993e+01 9.313154201513945907e+01
5.118460413883187243e+01 9.314880448038042005e+01
5.149451888048356807e+01 9.316145205169668486e+01
5.180279539737680494e+01 9.316903572951724755e+01
5.210914305667090929e+01 9.317115899976148796e+01
5.241327748443606538e+01 9.316748099114161619e+01
5.271492412826173535e+01 9.315771886860193263e+01
5.301382175158141763e+01 9.314164945170965382e+01
5.330972580299851415e+01 9.311911005745454872e+01
5.360241160498874535e+01 9.308999857723972582e+01
5.389167730839489678e+01 9.305427280771425558e+01
5.417734656215225897e+01 9.301194906438293231e+01
5.445927085158776038e+01 9.296310011550266950e+01
5.473733146341220390e+01 9.290785248155320630e+01
5.501144104106562338e+01 9.284638315244785645e+01
5.528154470030955281e+01 9.277891578058651589e+01
5.554762068177753775e+01 9.270571641276792718e+01
5.580968052448399419e+01 9.262708882786974129e+01
5.606776875193500587e+01 9.254336955003400078e+01
5.632196207033906177e+01 9.245492260888275382e+01
5.657236808637258463e+01 9.236213411905124815e+01
5.681912355984744067e+01 9.226540675107686695e+01
5.706239221434363884e+01 9.216515416451393605e+01
5.730236213626616859e+01 9.206179547206309621e+01
5.753924279973524136e+01 9.195574980063818771e+01
5.777326176109306033e+01 9.184743101166517931e+01
5.800466107251777004e+01 9.173724263866168371e+01
5.823369346914602573e+01 9.162557309532677152e+01
5.846061838816293488e+01 9.151279120210419649e+01
5.868569788142109189e+01 9.139924207355468866e+01
5.890919248526442686e+01 9.128524340297417439e+01
5.913135711230604130e+01 9.117108217463854203e+01
5.935243702991968462e+01 9.105701182790481596e+01
5.957266398915471228e+01 9.094324989126782555e+01
5.979225256568268776e+01 9.082997609841424946e+01
6.001139677125973293e+01 9.071733099242096898e+01
6.023026699010038243e+01 9.060541501857132118e+01
6.044900728956238112e+01 9.049428810085899499e+01
6.066773314871979750e+01 9.038396969217897947e+01
6.088652964185189376e+01 9.027443928347962299e+01
6.110545010670399790e+01 9.016563735283553171e+01
6.132451531969240222e+01 9.005746673147693571e+01
6.154371319216701153e+01 8.994979436032294018e+01
6.176299899353063694e+01 8.984245340750885589e+01
6.198229609859401279e+01 8.973524571476180256e+01
6.220149724813644099e+01 8.962794453827297048e+01
6.242046630340355051e+01 8.952029754792253868e+01
6.263904046732501030e+01 8.941203004731349324e+01
6.285703293770504274e+01 8.930284837605960035e+01
6.307423595066157418e+01 8.919244345511694405e+01
6.329042416626275269e+01 8.908049443564641479e+01
6.350535834274225522e+01 8.896667241189977915e+01
6.371878924096245811e+01 8.885064415894903789e+01
6.393046169699922388e+01 8.873207585667714170e+01
6.414011879791259219e+01 8.861063676232511455e+01
6.434750609399179666e+01 8.848600279501232535e+01
6.455237578004191334e+01 8.835785999702655147e+01
6.475449077862421632e+01 8.822590783827196503e+01
6.495362865957854126e+01 8.808986233209084560e+01
6.514958533260461593e+01 8.794945893271922444e+01
6.534217845313645512e+01 8.780445518687625395e+01
6.553125048614462855e+01 8.765463311445388683e+01
6.571667137778615597e+01 8.749980129591652656e+01
6.589834079089911256e+01 8.733979664688034461e+01
6.607618986711935349e+01 8.717448586336983851e+01
6.625018248577667634e+01 8.700376652447037884e+01
6.642031599758813343e+01 8.682756784248012139e+01
6.658662141938950185e+01 8.664585105420104583e+01
6.674916308460313985e+01 8.645860945068235992e+01
6.690803775270390474e+01 8.626586804651981311e+01
6.706337318948348525e+01 8.606768289368613978e+01
6.721532623829479292e+01 8.586414004879770800e+01
6.736408041055049978e+01 8.565535420666820698e+01
6.750984303144494447e+01 8.544146701693161106e+01
6.765284198402569871e+01 8.522264510436463070e+01
6.779332210127307690e+01 8.499907781728944656e+01
6.793154126163746298e+01 8.477097473199944488e+01
6.806776624845157642e+01 8.453856294450591236e+01
6.820226843770902292e+01 8.430208418396010472e+01
6.833531938179716292e+01 8.406179178484035219e+01
6.846718635886679749e+01 8.381794755732424562e+01
6.859812795855918921e+01 8.357081859715155758e+01
6.872838977478323841e+01 8.332067407767586076e+01
6.885820027513234720e+01 8.306778206764323613e+01
6.898776691437294062e+01 8.281240641850254747e+01
6.911727255622767530e+01 8.255480376469719772e+01
6.924687226349654168e+01 8.229522067939653596e+01
6.937669051142042065e+01 8.203389102648888809e+01
6.950681887320213548e+01 8.177103354735194785e+01
6.963731421980935465e+01 8.150684971798793299e+01
6.976819746872062922e+01 8.124152190853317279e+01
6.989945290820666912e+01 8.097521187300500856e+01
7.003102811521011972e+01 8.070805959243797645e+01
7.016283447600042678e+01 8.044018248937656779e+01
7.029474830966664456e+01 8.017167502607898655e+01
7.042661258530800694e+01 7.990260869283964951e+01
7.055823921460964243e+01 7.963303238663671380e+01
7.068941189249923696e+01 7.936297317397105644e+01
7.081988944989005574e+01 7.909243742536038724e+01
7.094940967426089173e+01 7.882141230262715226e+01
7.107769354613090229e+01 7.854986757397379904e+01
7.120444983247479342e+01 7.827775772597142634e+01
7.132937997189992529e+01 7.800502433614147435e+01
7.145218318107201583e+01 7.773159866487439729e+01
7.157256170752792457e+01 7.745740442110574975e+01
7.169022615071438054e+01 7.718236065257390521e+01
7.180490077091806711e+01 7.690638470867111209e+01
7.191632870474177253e+01 7.662939522197686415e+01
7.202427700597445437e+01 7.635131505355251136e+01
7.212854143210623192e+01 7.607207414705868587e+01
7.222895089935677504e+01 7.579161223771224343e+01
7.232537153289946730e+01 7.550988136409114304e+01
7.241771024392721756e+01 7.522684813374695523e+01
7.250591777127623061e+01 7.494249569752086870e+01
7.258999113242617796e+01 7.465682539229047165e+01
7.266997543673478788e+01 7.436985801754657643e+01
7.274596502265026743e+01 7.408163471762620134e+01
7.281810389025253016e+01 7.379221744848783260e+01
7.288658541067067631e+01 7.350168901551184319e+01
7.295165130457802150e+01 7.321015267678131977e+01
7.301358989291095725e+01 7.291773131452829659e+01
7.307273363405674615e+01 7.262456618573695266e+01
7.312945597281203902e+01 7.233081527115263043e+01
7.318416753730153346e+01 7.203665124995237079e+01
7.323731173055186616e+01 7.174225913497360807e+01
7.328935977341171792e+01 7.144783361047419135e+01
7.334080526480343565e+01 7.115357612079274929e+01
7.339215833374966280e+01 7.085969176383764534e+01
7.344393946507278770e+01 7.056638604792773606e+01
7.349667308700277601e+01 7.027386157405508982e+01
7.355088101400808398e+01 6.998231470800574527e+01
7.360707584189870545e+01 6.969193230794087413e+01
7.366575439453225727e+01 6.940288857291490388e+01
7.372739132224791092e+01 6.911534207640957561e+01
7.379243295137658265e+01 6.882943304625669612e+01
7.386129148184313920e+01 6.854528094837658614e+01
7.393433962597055142e+01 6.826298242659660787e+01
7.401190577614650579e+01 6.798260964454088651e+01
7.409426978208409764e+01 6.770420906828124430e+01
7.418165941006272135e+01 6.742780072026108940e+01
7.427424754688705377e+01 6.715337792606506184e+01
7.437215020047297287e+01 6.688090756611718746e+01
7.447542533710408463e+01 6.661033083447334491e+01
7.458407258267573070e+01 6.634156449677682588e+01
7.469803380183354591e+01 6.607450262932833596e+01
7.481719455503404959e+01 6.580901881130037623e+01
7.494138641940440948e+01 6.554496873261309986e+01
7.507039014510095853e+01 6.528219317106342601e+01
7.520393960487228924e+01 6.502052128416082155e+01
7.534172648097538172e+01 6.475977415396205572e+01
7.548340562068601400e+01 6.449976851714225745e+01
7.562860097963246631e+01 6.424032060776565345e+01
7.577691206126712586e+01 6.398125003682336143e+01
7.592792075118963169e+01 6.372238363068789369e+01
7.608119843692978179e+01 6.346355915025562666e+01
7.623631329736396367e+01 6.320462881374108832e+01
7.639283764130951226e+01 6.294546254886343917e+01
7.655035517214591323e+01 6.268595090447608698e+01
7.670846805462777240e+01 6.242600755749928254e+01
7.686680366144931043e+01 6.216557135820596613e+01
7.702502088060637675e+01 6.190460786537289550e+01
7.718281587017045808e+01 6.164311033240116444e+01
7.733992715469609891e+01 6.138110011602709193e+01
7.749613996703970997e+01 6.111862649052503116e+01
7.765128975075336371e+01 6.085576586210324024e+01
7.780526475128421282e+01 6.059262039030068081e+01
7.795800763876701467e+01 6.032931603534958498e+01
7.810951612103154673e+01 6.006600006244801193e+01
7.825984252230824723e+01 5.980283804543272197e+01
7.840909232075303237e+01 5.954001042320230397e+01
7.855742165601148486e+01 5.927770867222223217e+01
7.870503383633659666e+01 5.901613116727103403e+01
7.885217489291672166e+01 5.875547881012516171e+01
7.899912824677208789e+01 5.849595051190556205e+01
7.914620857049509084e+01 5.823773861920439998e+01
7.929375494296606064e+01 5.798102437675119347e+01
7.944212340962414487e+01 5.772597352017692174e+01
7.959167907368087924e+01 5.747273209135813943e+01
7.974278785453248020e+01 5.722142256585330244e+01
7.989580805834070532e+01 5.697214037711247414e+01
8.005108191210912594e+01 5.672495091552256241e+01
8.020892721641369860e+01 5.647988707204174830e+01
8.036962927312868032e+01 5.623694738632212875e+01
8.053343324295069294e+01 5.599609484800384251e+01
8.070053708321535169e+01 5.575725638747115198e+01
8.087108520944609324e+01 5.552032307905197683e+01
8.104516301433876890e+01 5.528515106564147885e+01
8.122279236555945658e+01 5.505156319934132370e+01
8.140392818900392058e+01 5.481935137818395276e+01
8.158845622720849633e+01 5.458827954467310661e+01
8.177619204368890848e+01 5.435808729799813932e+01
8.196688132337872901e+01 5.412849405864913876e+01
8.216020149739664191e+01 5.389920371208346239e+01
8.235576469740630046e+01 5.366990964727905578e+01
8.255312202126960130e+01 5.344030009675966397e+01
8.275176906789704390e+01 5.321006367713318497e+01
8.295115267559567940e+01 5.297889502358993497e+01
8.315067877523361517e+01 5.274650040825983410e+01
8.334972124756534129e+01 5.251260323094724214e+01
8.354763165354222565e+01 5.227694927162320226e+01
8.374374968772347927e+01 5.203931159714105092e+01
8.393741418838993695e+01 5.179949501996471639e+01
8.412797452398145026e+01 5.155734001415151369e+01
8.431480216431855013e+01 5.131272600332168565e+01
8.449730223699877740e+01 5.106557394669713545e+01
8.467492486456791312e+01 5.081584816231590196e+01
8.484717607673310624e+01 5.056355734097605392e+01
8.501362809407653742e+01 5.030875472007890181e+01
8.517392878550531066e+01 5.005153740301904008e+01
8.532781011099793034e+01 4.979204482679411825e+01
8.547509537399029966e+01 4.953045639774708064e+01
8.561570512384300002e+01 4.926698833246472020e+01
8.574966156802658190e+01 4.900188975748591957e+01
8.587709137568681683e+01 4.873543813730012886e+01
8.599822677878508159e+01 4.846793411477321456e+01
8.611340490367386735e+01 4.819969586136780748e+01
8.622306529434247580e+01 4.793105304597479943e+01
8.632774561821238990e+01 4.766234054064817371e+01
8.642807557576465172e+01 4.739389198877015019e+01
8.652476906596663753e+01 4.712603336601111437e+01
8.661861468988222157e+01 4.685907666675275607e+01
8.671046470449023502e+01 4.659331384831720868e+01
8.680122256707871031e+01 4.632901116236824635e+01
8.689182923710357898e+01 4.606640399723285384e+01
8.698324842664037249e+01 4.580569234670172563e+01
8.707645101204120408e+01 4.554703701023908025e+01
8.717239883773490305e+01 4.529055661661517718e+01
8.727202815791422097e+01 4.503632554802830157e+01
8.737623297281898260e+01 4.478437282501587902e+01
8.748584852321457106e+01 4.453468199423427620e+01
8.760163520928995240e+01 4.428719204178702995e+01
8.772426319845088472e+01 4.404179933462182817e+01
8.785429798032954807e+01 4.379836057193742960e+01
8.799218711680268257e+01 4.355669670797542636e+01
8.813824842002675553e+01 4.331659778739783917e+01
8.829265977265237098e+01 4.307782861508973582e+01
8.845545078171831221e+01 4.284013516405186550e+01
8.862649643159853952e+01 4.260325160845157910e+01
8.880551287216162848e+01 4.236690785421089345e+01
8.899205544645820964e+01 4.213083742706708534e+01
8.918551902828322397e+01 4.189478556808921184e+01
8.938514070440049863e+01 4.165851737943693678e+01
8.959000479966061903e+01 4.142182585886085633e+01
8.979905020627045076e+01 4.118453966020849322e+01
9.001107994171614735e+01 4.094653041907518087e+01
9.022477282390264008e+01 4.070771948774640947e+01
9.043869711757666607e+01 4.046808393164943851e+01
9.065132597361517242e+01 4.022766165057936405e+01
9.086105445286983695e+01 3.998655550179466189e+01
9.106621789946999002e+01 3.974493631848185515e+01
9.126511140526987731e+01 3.950304473578712816e+01
9.145601008791204833e+01 3.926119175727196620e+01
9.163718989010276061e+01 3.901975801691525447e+01
9.180694859744060921e+01 3.877919171524901287e+01
9.196362676671373038e+01 3.854000523244702947e+01
9.210562825609586923e+01 3.830277044574601319e+01
9.223144005316950711e+01 3.806811280300283329e+01
9.233965110613320348e+01 3.783670422801206001e+01
9.242896987778843254e+01 3.760925495598109336e+01
9.249824036070948807e+01 3.738650441884238518e+01
9.254645631511867521e+01 3.716921131945018431e+01
9.257277351800982501e+01 3.695814305078361883e+01
9.257651984258130540e+01 3.675406463072316399e+01
9.255720302053494208e+01 3.655772733446995915e+01
9.251451597572425101e+01 3.636985721499898006e+01
9.244833965540185261e+01 3.619114370689727167e+01
9.235874332428643640e+01 3.602222851039658735e+01
9.224598232619777605e+01 3.586369495031905075e+01
9.211049335743713584e+01 3.571605799901230682e+01
9.195288733474436071e+01 3.557975514322622246e+01
9.177393997791108404e+01 3.545513826242705591e+01
9.157458026233800297e+01 3.534246667044003942e+01
9.135587692939969884e+01 3.524190145383587236e+01
9.111902327189385176e+01 3.515350121943418316e+01
9.086532043758602128e+01 3.507721934006791997e+01
9.059615951552805768e+01 3.501290276272511903e+01
9.031300268702790390e+01 3.496029241683985589e+01
9.001736373565054805e+01 3.491902523326777441e+01
8.971078821818957749e+01 3.488863775689600999e+01
8.939483360110610022e+01 3.486857130836168750e+01
8.907104966441627880e+01 3.485817862351312613e+01
8.874095946752873942e+01 3.485673187352859514e+01
8.840604115920696415e+01 3.486343194447503180e+01
8.806771089691785903e+01 3.487741883300476076e+01
8.772730711962989858e+01 3.489778299523425886e+01
8.738607639303621966e+01 3.492357746902301585e+01
8.704516101765294422e+01 3.495383057615604372e+01
8.670558855879920657e+01 3.498755900060508850e+01
8.636826342365603182e+01 3.502378103228127770e+01
8.603396057504632211e+01 3.506152976264721133e+01
8.570332143488026588e+01 3.509986601925006511e+01
8.537685199304496564e+01 3.513789083070393815e+01
8.505492310050912863e+01 3.517475722176936870e+01
8.473777288922836703e+01 3.520968114983434560e+01
8.442551122667531160e+01 3.524195140905715107e+01
8.411812608010579595e+01 3.527093834642556658e+01
8.381549163553633264e+01 3.529610125468856552e+01
8.351737798936770218e+01 3.531699433013496758e+01
8.322346220709145825e+01 3.533327110811658400e+01
8.293334052393178979e+01 3.534468731557383592e+01
8.264654144691732540e+01 3.535110210714603340e+01
8.236253950696773529e+01 3.535247767922119522e+01
8.208076940327201498e+01 3.534887728401049856e+01
8.180064028057489622e+01 3.534046169290378714e+01
8.152154988297242255e+01 3.532748418448056782e+01
8.124289833531324234e+01 3.531028415715626068e+01
8.096410131514912223e+01 3.528927948908167167e+01
8.068460239407860968e+01 3.526495778818438964e+01
8.040388434697216269e+01 3.523786669280061545e+01
8.012147925052997266e+01 3.520860339786865012e+01
7.983697721846203876e+01 3.517780359291597136e+01
7.955003364876500882e+01 3.514613000588063585e+01
7.926037488858271729e+01 3.511426075104211719e+01
7.896780225337174386e+01 3.508287767996296225e+01
7.867219436898024298e+01 3.505265493136880650e+01
7.837350783718387959e+01 3.502424786941224966e+01
7.807177625660553133e+01 3.499828258994098462e+01
7.776710766121723850e+01 3.497534616141335562e+01
7.745968046721738176e+01 3.495597775128535289e+01
7.714973804549559588e+01 3.494066077032939432e+01
7.683758206066696061e+01 3.492981614681989555e+01
7.652356473837107842e+01 3.492379682025516985e+01
7.620808023984835700e+01 3.492288352070310964e+01
7.589155533642195905e+01 3.492728187542838469e+01
7.557443958625890446e+01 3.493712085966689784e+01
7.525719522148736473e+01 3.495245258370719199e+01
7.494028695538648321e+01 3.497325338432657560e+01
7.462417191694714802e+01 3.499942616552330321e+01
7.430928991373495762e+01 3.503080391185302034e+01
7.399605421384464421e+01 3.506715427788640937e+01
7.368484302406433528e+01 3.510818513972228772e+01
7.337599182448479951e+01 3.515355097942875062e+01
7.306978670004491505e+01 3.520285996098436954e+01
7.276645878734545647e+01 3.525568154697044321e+01
7.246617993092404220e+01 3.531155449903928201e+01
7.216905961758352817e+01 3.536999510214201337e+01
7.187514323079683720e+01 3.543050545264331674e+01
7.158441164022441683e+01 3.549258165372856411e+01
7.129678211449140690e+01 3.555572176780124494e+01
7.101211051912308392e+01 3.561943338470567255e+01
7.073019473640182753e+01 3.568324067634832630e+01
7.045077922041103591e+01 3.574669082237104334e+01
7.017356057906266642e+01 3.580935970760061338e+01
6.989819405590108659e+01 3.587085680971966895e+01
6.962430076824942660e+01 3.593082921457531143e+01
6.935147554512970203e+01 3.598896471635427474e+01
6.907929519852741862e+01 3.604499398007749988e+01
6.880732705518231285e+01 3.609869176409468849e+01
6.853513757321795197e+01 3.614987722003640158e+01
6.826230086860341828e+01 3.619841330663894752e+01
6.798840698061191290e+01 3.624420537157844535e+01
6.771306971297732957e+01 3.628719897160151930e+01
6.743593389815787020e+01 3.632737701549104514e+01
6.715668194574200811e+01 3.636475632649156609e+01
6.687503955228882546e+01 3.639938373051068510e+01
6.659078046838534704e+01 3.643133178354302260e+01
6.630373023908613561e+01 3.646069425621033133e+01
6.601376885569348474e+01 3.648758149503129289e+01
6.572083227962721708e+01 3.651211577901637639e+01
6.542491282242204420e+01 3.653442678650446140e+01
6.512605838923201418e+01 3.655464728091961746e+01
6.482437061612361617e+01 3.657290911552154000e+01
6.452000195345692646e+01 3.658933964645988368e+01
6.421315176836127137e+01 3.660405863079093791e+01
6.390406155828593882e+01 3.661717567189585765e+01
6.359300938450812879e+01 3.662878825926693338e+01
6.328030364897081483e+01 3.663898043329614751e+01
6.296627634965595632e+01 3.664782208885787895e+01
6.265127595864215237e+01 3.665536891454208757e+01
6.233566007292217392e+01 3.666166294773324097e+01
6.201978799086350591e+01 3.666673370973570911e+01
6.170401336686431648e+01 3.667059987017864842e+01
6.138867709333234757e+01 3.667327137633337486e+01
6.107410055269295412e+01 3.667475197104005957e+01
6.076057937287655619e+01 3.667504201296761579e+01
6.044837780787048587e+01 3.667414150509796400e+01
6.013772385069970738e+01 3.667205323185962840e+01
5.982880516995486175e+01 3.666878590232654034e+01
5.952176594305700519e+01 3.666435719641877711e+01
5.921670464021575953e+01 3.665879661312139604e+01
5.891367279291473125e+01 3.665214802430310215e+01
5.861267476015981970e+01 3.664447184469309349e+01
5.831366848507637712e+01 3.663584673778576928e+01
5.801656721416271978e+01 3.662637078869003915e+01
5.772124213201111331e+01 3.661616208798483996e+01
5.742752584598203214e+01 3.660535868515896851e+01
5.713521663853128274e+01 3.659411788591816617e+01
5.684408338995505261e+01 3.658261488413913298e+01
5.655387106154831400e+01 3.657104073620024565e+01
5.626430661877279249e+01 3.655959970240559187e+01
5.597510526623593563e+01 3.654850599689138591e+01
5.568597686116825685e+01 3.653798000333077312e+01
5.539663236979881589e+01 3.652824402861374864e+01
5.510679023152549405e+01 3.651951768008919430e+01
5.481618249906191664e+01 3.651201296361291782e+01
5.452456062870576403e+01 3.650592920926586515e+01
5.423170080336854681e+01 3.650144793894263273e+01
5.393740868182896264e+01 3.649872779487782992e+01
5.364152348059899822e+01 3.649789965043174789e+01
5.334392130950471511e+01 3.649906202401001565e+01
5.304451769829352514e+01 3.650227691382946915e+01
5.274326926892074852e+01 3.650756616537798038e+01
5.244017452628342824e+01 3.651490847495776393e+01
5.213527375866610925e+01 3.652423712178079285e+01
5.182864805768029015e+01 3.653543850792143388e+01
5.152041748560183265e+01 3.654835157024932357e+01
5.121073843540546733e+01 3.656276811159665385e+01
5.089980024508425061e+01 3.657843408015789066e+01
5.058782114270606911e+01 3.659505180687289538e+01
5.027504361182315762e+01 3.661228319068892745e+01
4.996172927801968200e+01 3.662975380153700655e+01
4.964815342639649032e+01 3.664705785103019053e+01
4.933459926643561033e+01 3.666376396169140861e+01
4.902135206487559316e+01 3.667942164738272481e+01
4.870869326889500428e+01 3.669356840089917426e+01
4.839689474101670186e+01 3.670573726980661178e+01
4.808621322377432250e+01 3.671546478884769016e+01
4.777688514640436779e+01 3.672229912692553455e+01
4.746912187777986958e+01 3.672580829904458000e+01
4.716310551969048248e+01 3.672558828881521720e+01
4.685898532260452498e+01 3.672127092538667625e+01
4.655687479249856153e+01 3.671253135999386785e+01
4.625684954250879599e+01 3.669909499173601830e+01
4.595894592734301654e+01 3.668074369969088622e+01
4.566316048195597688e+01 3.665732124887973242e+01
4.536945016926017615e+01 3.662873775079577143e+01
4.507773342497141300e+01 3.659497307493052176e+01
4.478789197142415190e+01 3.655607912572842366e+01
4.449977335666682166e+01 3.651218091931280441e+01
4.421319416066218366e+01 3.646347641580699417e+01
4.392794379728822207e+01 3.641023508570231115e+01
4.364378882929626258e+01 3.635279521208531861e+01
4.336047770366631937e+01 3.629155995415721492e+01
4.307774580709704537e+01 3.622699222092761318e+01
4.279532073580527651e+01 3.615960842676327047e+01
4.251292767048848731e+01 3.608997122218425346e+01
4.223029474627402635e+01 3.601868131348558677e+01
4.194715830873280282e+01 3.594636850302759967e+01
4.166326795051933374e+01 3.587368209800399654e+01
4.137839122883956122e+01 3.580128084884460549e+01
4.109231797157893595e+01 3.572982258886167273e+01
4.080486408938014620e+01 3.565995375407353407e+01
4.051587482203206037e+01 3.559229896619127231e+01
4.022522735995455179e+01 3.552745086241479555e+01
3.993283279508546002e+01 3.546596035293191562e+01
3.963863736978424157e+01 3.540832748087527193e+01
3.934262300717308136e+01 3.535499305005963322e+01
3.904480712130991549e+01 3.530633117326532755e+01
3.874524172042637815e+01 3.526264287836907130e+01
3.844401183085720675e+01 3.522415089152560341e+01
3.814123328293005244e+01 3.519099569621807433e+01
3.783704991271864060e+01 3.516323294466948823e+01
3.753163024491206556e+01 3.514083227429770062e+01
3.722516373191569983e+01 3.512367755698926430e+01
3.691785663246770355e+01 3.511156858348927301e+01
3.660992761939512263e+01 3.510422415957854270e+01
3.630160321051130978e+01 3.510128656545458625e+01
3.599311311902469157e+01 3.510232730529921952e+01
3.568468562014603407e+01 3.510685405087768629e+01
3.537654302886718227e+01 3.511431866159655613e+01
3.506889738020515068e+01 3.512412614415088541e+01
3.476194639765591887e+01 3.513564439809743334e+01
3.445586982832049472e+01 3.514821457967473606e+01
3.415082621433225540e+01 3.516116190525685425e+01
3.384695016003218626e+01 3.517380670814757337e+01
3.354435014303096096e+01 3.518547555814299699e+01
3.324310690514117539e+01 3.519551225249897186e+01
3.294327244638682117e+01 3.520328848962429191e+01
3.264486963223227178e+01 3.520821404294533608e+01
3.234789241104868296e+01 3.520974626180802147e+01
3.205230662597394797e+01 3.520739873883617577e+01
3.175805139296524970e+01 3.520074899858458650e+01
3.146504100527449665e+01 3.518944508033843022e+01
3.117316731400166319e+01 3.517321090814170503e+01
3.088230252505468343e+01 3.515185036323250500e+01
3.059230234491257150e+01 3.512524999757884814e+01
3.030300940123161269e+01 3.509338035169879078e+01
3.001425685965389789e+01 3.505629586498115202e+01
2.972587215526718296e+01 3.501413339178142792e+01
2.943768075604919687e+01 3.496710936122850200e+01
2.914950987632564861e+01 3.491551564245583705e+01
2.886119206073779253e+01 3.485971419944026195e+01
2.857256856336059059e+01 3.480013064037662218e+01
2.828349245236497467e+01 3.473724678516882847e+01
2.799383137777941144e+01 3.467159239083959221e+01
2.770346994835579579e+01 3.460373618817203578e+01
2.741231167303882543e+01 3.453427639346118383e+01
2.712028043289806334e+01 3.446383086671383467e+01
2.682732146032110876e+01 3.439302709186052454e+01
2.653340181359419958e+01 3.432249215550672972e+01
2.623851034640692959e+01 3.425284289844383778e+01
2.594265718309677737e+01 3.418467640866476387e+01
2.564587272132920504e+01 3.411856101609781433e+01
2.534820619416502652e+01 3.405502793790018501e+01
2.504972383286563442e+01 3.399456370916696812e+01
2.475050668015063948e+01 3.393760351762708893e+01
2.445064811076187894e+01 3.388452554262859451e+01
2.415025112195067081e+01 3.383564637885265824e+01
2.384942546081249759e+01 3.379121760411945985e+01
2.354828465811903726e+01 3.375142352878309282e+01
2.324694303943002893e+01 3.371638014198514099e+01
2.294551278379354287e+01 3.368613524786574231e+01
2.264410109827359108e+01 3.366066976315659076e+01
2.234280757295642417e+01 3.363990012678348052e+01
2.204172177608156602e+01 3.362368175260472469e+01
2.174092114261868858e+01 3.361181343852890535e+01
2.144046920216121777e+01 3.360404262933307251e+01
2.114041418357631485e+01 3.360007141680549836e+01
2.084078802465531766e+01 3.359956314960173529e+01
2.054160580525778457e+01 3.360214951659679627e+01
2.024286561236750970e+01 3.360743796167797370e+01
1.994454883529606803e+01 3.361501928490942959e+01
1.964662087922447498e+01 3.362447528482512382e+01
1.934903227559130556e+01 3.363538629922607015e+01
1.905172015872086533e+01 3.364733850718492647e+01
1.875461006975318057e+01 3.365993086281095970e+01
1.845761804157242025e+01 3.367278154154632830e+01
1.816065291217146438e+01 3.368553379207858001e+01
1.786361880891212905e+01 3.369786110108105248e+01
1.756641774250097399e+01 3.370947159364816770e+01
1.726895224731399736e+01 3.372011160910595606e+01
1.697112800398464572e+01 3.372956840951940904e+01
1.667285638093884970e+01 3.373767199629612179e+01
1.637405683379333965e+01 3.374429602846447551e+01
1.607465910515535867e+01 3.374935785408099775e+01
1.577460517230607628e+01 3.375281768347279865e+01
1.547385089638129152e+01 3.375467694929468365e+01
1.517236733383151126e+01 3.375497591338250203e+01
1.487014167901049433e+01 3.375379059381572233e+01
1.456717781547158097e+01 3.375122909724690601e+01
1.426349646279171424e+01 3.374742745119481668e+01
1.395913491524622430e+01 3.374254503848136721e+01
1.365414637822407684e+01 3.373675974121242405e+01
1.334859891766969042e+01 3.373026290460002485e+01
1.304257404687561639e+01 3.372325423147746903e+01
1.273616498338719438e+01 3.371593671661649694e+01
1.242947461646442697e+01 3.370851172599889622e+01
1.212261323227446397e+01 3.370117432013967829e+01
1.181569604962818687e+01 3.369410891259893504e+01
1.150884062348460368e+01 3.368748534512791082e+01
1.120216417655063701e+01 3.368145544974449734e+01
1.089578092099992368e+01 3.367615015566283887e+01
1.058979943262859891e+01 3.367167718570608059e+01
1.028432013861184835e+01 3.366811937291484469e+01
9.979432977480055200e+00 3.366553361382842269e+01
9.675215286047839314e+00 3.366395046066460850e+01
9.371729962880969822e+00 3.366337434067929735e+01
9.069023951616427937e+00 3.366378437761308362e+01
8.767127080183520604e+00 3.366513577763387133e+01
8.466051283878872624e+00 3.366736173078260919e+01
8.165790231514915121e+00 3.367037576886923489e+01
7.866319364688239446e+00 3.367407451222793213e+01
7.567596350788804216e+00 3.367834073087540503e+01
7.269561940950097778e+00 3.368304664054698350e+01
6.972141214876975468e+00 3.368805735088468367e+01
6.675245185658924996e+00 3.369323438174217955e+01
6.378772729414312614e+00 3.369843916416075302e+01
6.082612797166104812e+00 3.370353644499889612e+01
5.786646859831935608e+00 3.370839751837254283e+01
5.490751531819920928e+00 3.371290321287172276e+01
5.194801314536048764e+00 3.371694657078546697e+01
4.898671398257508969e+00 3.372043516412059461e+01
4.602240459352787028e+00 3.372329300180862077e+01
4.305393389773311874e+00 3.372546199294230718e+01
4.008023897120870593e+00 3.372690294190823579e+01
3.710036916347929203e+00 3.372759606263739585e+01
3.411350778249908622e+00 3.372754101061246246e+01
3.111899085244290930e+00 3.372675644250180937e+01
2.811632251389053483e+00 3.372527912407590378e+01
2.510518671037691885e+00 3.372316261717623576e+01
2.208545488780920163e+00 3.372047558573023451e+01
1.905718952204999095e+00 3.371729976893380609e+01
1.602064338321853576e+00 3.371372767661467407e+01
1.297625454059488037e+00 3.370986006727773088e+01
9.924637207518088866e-01 3.370580327334422321e+01
6.866568619215710489e-01 3.370166644053502125e+01
3.802972225737358825e-01 3.369755874921239780e+01
7.348975654573211558e-02 3.369358668475777563e+01
-2.336502740185520954e-01 3.368985142178735970e+01
-5.409998364588695097e-01 3.368644638326710350e+01
-8.484308466008360083e-01 3.368345503046651856e+01
-1.155813008728647784e+00 3.368094893336289886e+01
-1.463016713434363902e+00 3.367898616369674869e+01
-1.769915928790414039e+00 3.367761004459689644e+01
-2.076391020286728839e+00 3.367684828173330658e+01
-2.382331436392239876e+00 3.367671249153003288e+01
-2.687638199445900877e+00 3.367719813230553427e+01
-2.992226145768248635e+00 3.367828483453788380e+01
-3.296025864338458344e+00 3.367993711697944548e+01
-3.598985289972528978e+00 3.368210546631974722e+01
-3.901070914530023526e+00 3.368472774968114436e+01
-4.202268588094225876e+00 3.368773092166086514e+01
-4.502583891142140970e+00 3.369103298102989896e+01
-4.802042068220270465e+00 3.369454512673802071e+01
-5.100687523393441225e+00 3.369817405865937587e+01
-5.398582887491710558e+00 3.370182436562100747e+01
-5.695807676738023240e+00 3.370540094176186585e+01
-5.992456571492188466e+00 3.370881137217025980e+01
-6.288637352375239686e+00 3.371196823005818999e+01
-6.584468538761406364e+00 3.371479123037875780e+01
-6.880076781371070815e+00 3.371720918873750605e+01
-7.175594066299662899e+00 3.371916173955636964e+01
-7.471154792174648840e+00 3.372060077360937669e+01
-7.766892785114062114e+00 3.372149156210617349e+01
-8.062938317722736059e+00 3.372181354227713967e+01
-8.359415198451614515e+00 3.372156074773026546e+01
-8.656437996266268087e+00 3.372074187549321778e+01
-8.954109462736003167e+00 3.371937999045086798e+01
-9.252518209449400288e+00 3.371751187658186666e+01
-9.551736693141112511e+00 3.371518705283853734e+01
-9.851819554229166442e+00 3.371246647946870212e+01
-1.015280234673813453e+01 3.370942098786797203e+01
-1.045470068899783911e+01 3.370612947353394162e+01
-1.075750985524178915e+01 3.370267689718335902e+01
-1.106120481849893444e+01 3.369915214349946098e+01
-1.136574074517600508e+01 3.369564579017944084e+01
-1.167105393169996574e+01 3.369224784189557198e+01
-1.197706316374471669e+01 3.368904548441856406e+01
-1.228367146912573560e+01 3.368612091346899007e+01
-1.259076822662190942e+01 3.368354929089743166e+01
-1.289823158496389155e+01 3.368139687757036427e+01
-1.320593113920872064e+01 3.367971938796791420e+01
-1.351373080584395936e+01 3.367856060606202107e+01
-1.382149183337321752e+01 3.367795129568144574e+01
-1.412907588193050579e+01 3.367790843144482693e+01
-1.443634810373566957e+01 3.367843476859581386e+01
-1.474318015596086084e+01 3.367951876192241656e+01
-1.504945307886917050e+01 3.368113483555600851e+01
-1.535505997485589980e+01 3.368324399702265026e+01
-1.565990842823054052e+01 3.368579478067488964e+01
-1.596392261113865985e+01 3.368872449773677857e+01
-1.626704502780158279e+01 3.369196076285130914e+01
-1.656923785711651576e+01 3.369542326039084656e+01
-1.687048386244225995e+01 3.369902570803612463e+01
-1.717078684687604095e+01 3.370267797037759294e+01
-1.747017164235373698e+01 3.370628827166578390e+01
-1.776868363118402527e+01 3.370976545440816352e+01
-1.806638780900904706e+01 3.371302122934228862e+01
-1.836336740837140624e+01 3.371597236243967899e+01
-1.865972211188715590e+01 3.371854274599920842e+01
-1.895556589322195862e+01 3.372066530355587588e+01
-1.925102453245729350e+01 3.372228368218111427e+01
-1.954623285982353664e+01 3.372335369071802091e+01
-1.984133178799009656e+01 3.372384444843592632e+01
-2.013646519801501711e+01 3.372373921540282282e+01
-2.043177674753878748e+01 3.372303588335837077e+01
-2.072740667178705465e+01 3.372174711389823187e+01
-2.102348864837000519e+01 3.371990011912526342e+01
-2.132014679572128557e+01 3.371753608841582661e+01
-2.161749287232711936e+01 3.371470927338431522e+01
-2.191562373969662048e+01 3.371148575130474256e+01
-2.221461914643195712e+01 3.370794189497470938e+01
-2.251453988385968330e+01 3.370416258411371757e+01
-2.281542635564951382e+01 3.370023919968588899e+01
-2.311729759484607882e+01 3.369626744789822226e+01
-2.342015075194775520e+01 3.369234506489947023e+01
-2.372396106733873467e+01 3.368856945631645061e+01
-2.402868233068657489e+01 3.368503532760043129e+01
-2.433424781914851565e+01 3.368183236170421679e+01
-2.464057169558037685e+01 3.367904299982012617e+01
-2.494755083767187998e+01 3.367674037882512295e+01
-2.525506705926239093e+01 3.367498647570566561e+01
-2.556298967623100893e+01 3.367383050468504990e+01
-2.587117836152374650e+01 3.367330760711067938e+01
-2.617948622722492757e+01 3.367343786753750834e+01
-2.648776306628298016e+01 3.367422568198528410e+01
-2.679585868266372728e+01 3.367565949624273713e+01
-2.710362623642772206e+01 3.367771192351280263e+01
-2.741092552956573059e+01 3.368034024183871367e+01
-2.771762615940473751e+01 3.368348726282140859e+01
-2.802361046899092045e+01 3.368708255435026899e+01
-2.832877622802913109e+01 3.369104399161007279e+01
-2.863303898361844446e+01 3.369527960271092581e+01
-2.893633402704758950e+01 3.369968966808765742e+01
-2.923861793116530094e+01 3.370416902651272295e+01
-2.953986962213483736e+01 3.370860953530439730e+01
-2.984009095951383728e+01 3.371290262823422523e+01
-3.013930680937149020e+01 3.371694191181253331e+01
-3.043756460629613514e+01 3.372062573919396300e+01
-3.073493341145366387e+01 3.372385970086151730e+01
-3.103150248504639919e+01 3.372655897260587210e+01
-3.132737940236889074e+01 3.372865046404356804e+01
-3.162268775291211753e+01 3.373007471498787879e+01
-3.191756447139883335e+01 3.373078749231203943e+01
-3.221215685803926476e+01 3.373076104641149442e+01
-3.250661935246943557e+01 3.372998499384715387e+01
-3.280111013163259059e+01 3.372846680106836459e+01
-3.309578760612875925e+01 3.372623185309431193e+01
-3.339080689220583764e+01 3.372332310047411852e+01
-3.368631633752303145e+01 3.371980028753713299e+01
-3.398245417804444912e+01 3.371573877467489666e+01
-3.427934540095266414e+01 3.371122797692773787e+01
-3.457709888431300271e+01 3.370636945028647347e+01
-3.487580487850256361e+01 3.370127466562587415e+01
-3.517553288720537097e+01 3.369606251788588480e+01
-3.547632999727003522e+01 3.369085662480729582e+01
-3.577821969707013494e+01 3.368578247506095380e+01
-3.608120121242389189e+01 3.368096448983956037e+01
-3.638524937785409463e+01 3.367652306480668756e+01
-3.669031504921635189e+01 3.367257166062654505e+01
-3.699632605179112232e+01 3.366921401010192483e+01
-3.730318864605006013e+01 3.366654150820053815e+01
-3.761078948174530012e+01 3.366463084797495497e+01
-3.791899799999364262e+01 3.366354196065005056e+01
-3.822766923287269236e+01 3.366331631202802299e+01
-3.853664694093923515e+01 3.366397559999093403e+01
-3.884576702124392256e+01 3.366552088940463250e+01
-3.915486111200763730e+01 3.366793221131074887e+01
-3.946376031531535489e+01 3.367116864316792402e+01
-3.977229895607851518e+01 3.367516887623967392e+01
-4.008031829418739278e+01 3.367985226530473852e+01
-4.038767010728471263e+01 3.368512034488626483e+01
-4.069422006391440760e+01 3.369085878542605883e+01
-4.099985081091022465e+01 3.369693975250066842e+01
-4.130446470471481746e+01 3.370322462252563156e+01
-4.160798612371900163e+01 3.370956699963611669e+01
-4.191036330755802197e+01 3.371581597078619552e+01
-4.221156967940002858e+01 3.372181952974132457e+01
-4.251160461838614424e+01 3.372742809571345646e+01
-4.281049366131737344e+01 3.373249804903170457e+01
-4.310828812515131858e+01 3.373689520454523461e+01
-4.340506415461692313e+01 3.374049814347535658e+01
-4.370092121198445767e+01 3.374320132619459400e+01
-4.399598003847813033e+01 3.374491791189456791e+01
-4.429038012869323637e+01 3.374558221625578369e+01
-4.458427677043619752e+01 3.374515174496303160e+01
-4.487783771237032937e+01 3.374360874908414587e+01
-4.517123953052058027e+01 3.374096125780931033e+01
-4.546466377184461294e+01 3.373724355461527580e+01
-4.575829295856118506e+01 3.373251607438150046e+01
-4.605230654060349593e+01 3.372686471109804529e+01
-4.634687688533537653e+01 3.372039953832182846e+01
-4.664216539348805668e+01 3.371325295717208093e+01
-4.693831882812177270e+01 3.370557729917808842e+01
-4.723546593933920690e+01 3.369754192339254217e+01
-4.753371446153155944e+01 3.368932985861811602e+01
-4.783314855225441420e+01 3.368113405211570210e+01
-4.813382673256391797e+01 3.367315329551651359e+01
-4.843578037796888225e+01 3.366558790665143874e+01
-4.873901279732853453e+01 3.365863525244432708e+01
-4.904349892425395296e+01 3.365248520274118960e+01
-4.934918563217809861e+01 3.364731560783858555e+01
-4.965599267048960996e+01 3.364328789346357951e+01
-4.996381420531153594e+01 3.364054286597957599e+01
-5.027252093492850094e+01 3.363919681767619352e+01
-5.058196273685040723e+01 3.363933801715590022e+01
-5.089197179131000581e+01 3.364102366316459580e+01
-5.120236611492511258e+01 3.364427737182893452e+01
-5.151295342856359127e+01 3.364908725732654204e+01
-5.182353527533556559e+01 3.365540465472564335e+01
-5.213391129833629378e+01 3.366314352129406728e+01
-5.244388358338116518e+01 3.367218053926019650e+01
-5.275326096967624068e+01 3.368235592907127085e+01
-5.306186323117812265e+01 3.369347496792764929e+01
-5.336952503337823828e+01 3.370531019406823958e+01
-5.367609957435045942e+01 3.371760426323273663e+01
-5.398146182507591107e+01 3.373007341025451922e+01
-5.428551129217345306e+01 3.374241145608226589e+01
-5.458817423607961672e+01 3.375429428901450279e+01
-5.488940528921984452e+01 3.376538473876139790e+01
-5.518918843157103282e+01 3.377533775337677469e+01
-5.548753729495445697e+01 3.378380578230517273e+01
-5.578449478214211155e+01 3.379044426393148370e+01
-5.608013200206085003e+01 3.379491711320062564e+01
-5.637454653774910440e+01 3.379690210419636287e+01
-5.666786007889459142e+01 3.379609604402902079e+01
-5.696021546542717573e+01 3.379221963798980255e+01
-5.725177320245499146e+01 3.378502195161105703e+01
-5.754270751946170748e+01 3.377428438293460999e+01
-5.783320205788201918e+01 3.375982406777325195e+01
-5.812344528063236027e+01 3.374149665187680824e+01
-5.841362570471477511e+01 3.371919837646984064e+01
-5.870392706339526256e+01 3.369286743733331235e+01
-5.899452350758215857e+01 3.366248459221364442e+01
-5.928557495676653133e+01 3.362807300652303866e+01
-5.957722270821154353e+01 3.358969734276609387e+01
-5.986958540896925030e+01 3.354746211452877702e+01
-6.016275548885580804e+01 3.350150934091257682e+01
-6.045679614379683642e+01 3.345201555163312435e+01
-6.075173894815272746e+01 3.339918820636027164e+01
-6.104758216194839093e+01 3.334326160392646443e+01
-6.134428978459504123e+01 3.328449236755960072e+01
-6.164179139102171945e+01 3.322315460102545615e+01
-6.193998276942080849e+01 3.315953481733343011e+01
-6.223872736242176984e+01 3.309392674630007036e+01
-6.253785849580138745e+01 3.302662612965801969e+01
-6.283718236118698286e+01 3.295792561250046759e+01
-6.313648170200596610e+01 3.288810983761791107e+01
-6.343552013554290880e+01 3.281745084477973506e+01
-6.373404702876729999e+01 3.274620387028946311e+01
-6.403180283190761202e+01 3.267460363334492257e+01
-6.432852476192192626e+01 3.260286118503124442e+01
-6.462395271830224885e+01 3.253116138338760521e+01
-6.491783530630534926e+01 3.245966104414777220e+01
-6.520993583792021298e+01 3.238848780177868036e+01
-6.550003817879606061e+01 3.231773969961305681e+01
-6.578795231005778987e+01 3.224748551153765419e+01
-6.607351947745345910e+01 3.217776578120351161e+01
-6.635661680658148498e+01 3.210859454841112637e+01
-6.663716127194670946e+01 3.203996171656227432e+01
-6.691511291913755599e+01 3.197183600018046690e+01
-6.719047725331424203e+01 3.190416837783196158e+01
-6.746330672317724009e+01 3.183689596362592056e+01
-6.773370124735046716e+01 3.176994620010634307e+01
-6.800180774933113526e+01 3.170324126702887568e+01
-6.826781868742010317e+01 3.163670259441965271e+01
-6.853196958697418495e+01 3.157025536462196769e+01
-6.879453560347677410e+01 3.150383288683087812e+01
-6.905582716584962100e+01 3.143738072898439029e+01
-6.931618476972541032e+01 3.137086049578564229e+01
-6.957597300959339748e+01 3.130425314806288384e+01
-6.983557395642579024e+01 3.123756176749902380e+01
-7.009538000319845708e+01 3.117081368184556922e+01
-7.035578631426055551e+01 3.110406187885279650e+01
-7.061718302548874249e+01 3.103738565207797961e+01
-7.087994735029288051e+01 3.097089043815500276e+01
-7.114443575162501077e+01 3.090470682272476566e+01
-7.141097634200801281e+01 3.083898871066679348e+01
-7.167986167217840432e+01 3.077391067517368128e+01
-7.195134206417237976e+01 3.070966451918052442e+01
-7.222561963664702489e+01 3.064645510129656003e+01
-7.250284315901831178e+01 3.058449549632303288e+01
-7.278310385677445993e+01 3.052400157724950702e+01
-7.306643227336974178e+01 3.046518612098464018e+01
-7.335279627466424301e+01 3.040825255361740531e+01
-7.364210026035092937e+01 3.035338846243631750e+01
-7.393418562358176871e+01 3.030075901097360003e+01
-7.422883247550463182e+01 3.025050039977977434e+01
-7.452576262614780944e+01 3.020271351926942316e+01
-7.482464378751846823e+01 3.015745794173156469e+01
-7.512509493942522454e+01 3.011474639735306624e+01
-7.542669277391436822e+01 3.007453987390351458e+01
-7.572897911082426958e+01 3.003674347158920810e+01
-7.603146915529187311e+01 3.000120313364201863e+01
-7.633366044856924759e+01 2.996770335961609888e+01
-7.663504234661726855e+01 2.993596599235950606e+01
-7.693510584705970246e+01 2.990565015147018357e+01
-7.723335357447155047e+01 2.987635336606846792e+01
-7.752930972695662604e+01 2.984761393826656928e+01
-7.782252978369335494e+01 2.981891454619757198e+01
-7.811260977374342929e+01 2.978968707228303359e+01
-7.839919491096220838e+01 2.975931861901696251e+01
-7.868198740829787141e+01 2.972715865136774482e+01
-7.896075329701183421e+01 2.969252718238209354e+01
-7.923532809220942852e+01 2.965472389717583113e+01
-7.950562116530348078e+01 2.961303809060534675e+01
-7.977161870628376050e+01 2.956675927596556974e+01
-8.003338518358989973e+01 2.951518830637617441e+01
-8.029106323650186994e+01 2.945764883745507845e+01
-8.054487196380922853e+01 2.939349894970206378e+01
-8.079510360254660384e+01 2.932214274193602321e+01
-8.104211862124060417e+01 2.924304170334822572e+01
-8.128633928282209808e+01 2.915572567132685933e+01
-8.152824176251655786e+01 2.905980318523501182e+01
-8.176834693508362761e+01 2.895497105277538807e+01
-8.200720997312468796e+01 2.884102295534653138e+01
-8.224540892330874442e+01 2.871785693176019549e+01
-8.248353244975649545e+01 2.858548159564185553e+01
-8.272216695301487732e+01 2.844402096049394046e+01
-8.296188328865386552e+01 2.829371776748655520e+01
-8.320322332117801523e+01 2.813493523415524322e+01
-8.344668655639982546e+01 2.796815716695503440e+01
-8.369271709849138574e+01 2.779398640661203856e+01
-8.394169117648961276e+01 2.761314160195004774e+01
-8.419390547906715483e+01 2.742645233491572299e+01
-8.444956652595243440e+01 2.723485264636255820e+01
-8.470878128962849019e+01 2.703937303833948747e+01
-8.497154926209734072e+01 2.684113105367691077e+01
-8.523775613886319036e+01 2.664132055713733394e+01
-8.550716926624693315e+01 2.644119986387373444e+01
-8.577943496914738830e+01 2.624207888004101719e+01
-8.605407784490441259e+01 2.604530543679695498e+01
-8.633050207556448186e+01 2.585225101230515676e+01
-8.660799477618618880e+01 2.566429604649527008e+01
-8.688573136147584819e+01 2.548281506006388497e+01
-8.716278287765264565e+01 2.530916179238885988e+01
-8.743812521165195051e+01 2.514465457264113013e+01
-8.771065005622280353e+01 2.499056213442606733e+01
-8.797917747777675856e+01 2.484809007683518800e+01
-8.824246990458620132e+01 2.471836816400448456e+01
-8.849924732666816851e+01 2.460243864133056135e+01
-8.874820347588951108e+01 2.450124572967147429e+01
-8.898802273595673284e+01 2.441562643945164979e+01
-8.921739751733753110e+01 2.434630282494969578e+01
-8.943504582210952947e+01 2.429387577557620048e+01
-8.963972871842082668e+01 2.425882041605872175e+01
-8.983026744381987783e+01 2.424148316158696304e+01
-9.000555986116629015e+01 2.424208044759826919e+01
-9.016459600012052533e+01 2.426069912746095625e+01
-9.030647243117934408e+01 2.429729850530155488e+01
-9.043040523762124394e+01 2.435171394607201378e+01
-9.053574137324834226e+01 2.442366198110065056e+01
-9.062196822005385854e+01 2.451274680520739935e+01
-9.068872118944156568e+01 2.461846804136312272e+01
-9.073578924286424296e+01 2.474022963116591001e+01
-9.076311824214202773e+01 2.487734969436003141e+01
-9.077081207567140098e+01 2.502907118847578971e+01
