2.573245347734579695e+02 2.877210929442867027e+01
2.573255216154580580e+02 2.883443911942867643e+01
2.573289746934579512e+02 2.889668067942866614e+01
2.573350107504580251e+02 2.895872465942867890e+01
2.573437372374580150e+02 2.902044736542867653e+01
2.573552480234580457e+02 2.908171156942867341e+01
2.573696188664579836e+02 2.914236817942866864e+01
2.573869031754580305e+02 2.920225959742867516e+01
2.574071280294579651e+02 2.926122282242867456e+01
2.574302914674579483e+02 2.931909466142867515e+01
2.574563611044580398e+02 2.937571699142867132e+01
2.574852744364580417e+02 2.943094217042867555e+01
2.575169401854580542e+02 2.948463690242867230e+01
2.575512423004580000e+02 2.953668745842866983e+01
2.575880444714579767e+02 2.958700216742867539e+01
2.576271951234579660e+02 2.963551240842867784e+01
2.576685333494579595e+02 2.968217325842867282e+01
2.577118937974580035e+02 2.972696190942867744e+01
2.577571113174580546e+02 2.976987571442867520e+01
2.578040247094580195e+02 2.981092954342866719e+01
2.578524795814579988e+02 2.985015287542867313e+01
2.579023303354579753e+02 2.988758686542866982e+01
2.579534414044580330e+02 2.992328157442866754e+01
2.580056878464579881e+02 2.995729349142866837e+01
2.580589554594579909e+02 2.998968338942867362e+01
2.581131405384580262e+02 3.002051454242866768e+01
2.581681493804580327e+02 3.004985128442866582e+01
2.582238976524579925e+02 3.007775787842866677e+01
2.582803096654579917e+02 3.010429765542867742e+01
2.583373176274580487e+02 3.012953237842867438e+01
2.583948609024579923e+02 3.015352179242867336e+01
2.584528852884580488e+02 3.017632332642866899e+01
2.585113423564579875e+02 3.019799190342866879e+01
2.585701888304579938e+02 3.021857984842867140e+01
2.586293860204579573e+02 3.023813686242867149e+01
2.586888993194580166e+02 3.025671004142867204e+01
2.587486977464580491e+02 3.027434393742867869e+01
2.588087535384580065e+02 3.029108064142867462e+01
2.588690417904579704e+02 3.030695988242866790e+01
2.589295401354580122e+02 3.032201913842866858e+01
2.589902284624579920e+02 3.033629375042867693e+01
2.590510886624579712e+02 3.034981704242867906e+01
2.591121044134579847e+02 3.036262043642866715e+01
2.591732609784580177e+02 3.037473356342867348e+01
2.592345450424580235e+02 3.038618437742867329e+01
2.592959445514580352e+02 3.039699926042866807e+01
2.593574485844580408e+02 3.040720311842867929e+01
2.594190472334580022e+02 3.041681947842867473e+01
2.594807316014579897e+02 3.042587059442866959e+01
2.595424932584580233e+02 3.043437746042867431e+01
2.596043248954579781e+02 3.044236000042867474e+01
2.596662197144580091e+02 3.044983706042867411e+01
2.597281715124580046e+02 3.045682649842867917e+01
2.597901746234579718e+02 3.046334524742867345e+01
2.598522238614579578e+02 3.046940937542867900e+01
2.599143144834579857e+02 3.047503413842867914e+01
2.599764421424579837e+02 3.048023403542867626e+01
2.600386028444580120e+02 3.048502285042867399e+01
2.601007937144580069e+02 3.048941375242867124e+01
2.601630108034580076e+02 3.049341917942866687e+01
2.602252508604579475e+02 3.049705101942867813e+01
2.602875110374580458e+02 3.050032061842867037e+01
2.603497888184579665e+02 3.050323880542867627e+01
2.604120815434579868e+02 3.050581590142867228e+01
2.604743871314580588e+02 3.050806178642866584e+01
2.605367036774579788e+02 3.050998590042867065e+01
2.605990290424579712e+02 3.051159726242867620e+01
2.606613615754579882e+02 3.051290451442866569e+01
2.607236996574579848e+02 3.051391592742866621e+01
2.607860417904580004e+02 3.051463942942866581e+01
2.608483865894580163e+02 3.051508261942867861e+01
2.609107328254579556e+02 3.051525278942866848e+01
2.609730793694580484e+02 3.051530400242867458e+01
2.610354257364579667e+02 3.051547761242867907e+01
2.610977717114580514e+02 3.051577001842867887e+01
2.611601171084579960e+02 3.051617465742867452e+01
2.612224617764580330e+02 3.051668557842867457e+01
2.612848055884580276e+02 3.051729736642867508e+01
2.613471484374579745e+02 3.051800507642867544e+01
2.614094902354580086e+02 3.051880418042867049e+01
2.614718309084580028e+02 3.051969051642867825e+01
2.615341703944580445e+02 3.052066025142867645e+01
2.615964645664579962e+02 3.052170907342867778e+01
2.616587996774580347e+02 3.052283515742866982e+01
2.617211334214579779e+02 3.052403477442866730e+01
2.617834657714579976e+02 3.052530509542867421e+01
2.618457967014580277e+02 3.052664348442867137e+01
2.619081261944580206e+02 3.052804748042867899e+01
2.619704542354580212e+02 3.052951477942867697e+01
2.620327808124580429e+02 3.053104322542867166e+01
2.620951059164579533e+02 3.053263079342867670e+01
2.621574295434580222e+02 3.053427558142866971e+01
2.622197516874579719e+02 3.053597579842867660e+01
2.622820723484580299e+02 3.053772975742867501e+01
2.623443915264579687e+02 3.053953586442866808e+01
2.624067092204580263e+02 3.054139261442866982e+01
2.624690254344580467e+02 3.054329858242867246e+01
2.625313401714579982e+02 3.054525242142866759e+01
2.625936534354579521e+02 3.054725285042867355e+01
2.626559652314579694e+02 3.054929865542866807e+01
2.627182755644579970e+02 3.055138868242867645e+01
2.627805844414579610e+02 3.055352183542867905e+01
2.628428918684580253e+02 3.055569706842866751e+01
2.629051978524580022e+02 3.055791338642867672e+01
2.629675024004580450e+02 3.056016984042866724e+01
2.630298055204579555e+02 3.056246552542867434e+01
2.630921070944579583e+02 3.056479956942866849e+01
2.631544073854580006e+02 3.056717115542867802e+01
2.632167062704580189e+02 3.056957948842866912e+01
2.632790037574580424e+02 3.057202381042867145e+01
2.633412998534579970e+02 3.057450339542867468e+01
2.634035945674580148e+02 3.057701754942867112e+01
2.634658879064580219e+02 3.057956560542866598e+01
2.635281798784580474e+02 3.058214692242867372e+01
2.635904704904580171e+02 3.058476088642867907e+01
2.636527597514579497e+02 3.058740690642867932e+01
2.637150476674580091e+02 3.059008441742866680e+01
2.637773342474579863e+02 3.059279287042867779e+01
2.638396194974580453e+02 3.059553174342867621e+01
2.639019034244579984e+02 3.059830052842867687e+01
2.639641860374579778e+02 3.060109874042867872e+01
2.640264673404580549e+02 3.060392590942867841e+01
2.640887473424580207e+02 3.060678158342866695e+01
2.641510260494580393e+02 3.060966532642867932e+01
2.642133034684580366e+02 3.061257671742867714e+01
2.642755796044579597e+02 3.061551535142866598e+01
2.643378544644579620e+02 3.061848083542866661e+01
2.644001280534579905e+02 3.062147279142866907e+01
2.644624003784579713e+02 3.062449085342867861e+01
2.645246714444579652e+02 3.062753466942866609e+01
2.645869412574580224e+02 3.063060389642867776e+01
2.646492538774579657e+02 3.063370040142866557e+01
2.647115222184580148e+02 3.063681953942866798e+01
2.647737893484580241e+02 3.063996313142866867e+01
2.648360552734580438e+02 3.064313087842867489e+01
2.648983199994580104e+02 3.064632249142867337e+01
2.649605835304579955e+02 3.064953768842867632e+01
2.650228458724580491e+02 3.065277619942866849e+01
2.650851070294580154e+02 3.065603776142867432e+01
2.651473670074580582e+02 3.065932211842867261e+01
2.652096258104580215e+02 3.066262902442867855e+01
2.652718834434579662e+02 3.066595823942867227e+01
2.653341399094579742e+02 3.066930953142867722e+01
2.653963952144579821e+02 3.067268267542867122e+01
2.654586493624579475e+02 3.067607745342867176e+01
2.655209023554579630e+02 3.067949365342867551e+01
2.655831541984579758e+02 3.068293107142866560e+01
2.656454048954580571e+02 3.068638950642867869e+01
2.657076544504580511e+02 3.068986876542866682e+01
2.657699028634579577e+02 3.069336866142867493e+01
2.658321501414580439e+02 3.069688901342867027e+01
2.658943962864579476e+02 3.070042964342867364e+01
2.659566413014579780e+02 3.070399038042867446e+01
2.660188851884580004e+02 3.070757105842866608e+01
2.660811279514579724e+02 3.071117151542867063e+01
2.661433695914579971e+02 3.071479159542867521e+01
2.662056101114580429e+02 3.071843114642866723e+01
2.662678495144579642e+02 3.072209001942867346e+01
2.663300878024579674e+02 3.072576807142867139e+01
2.663923249774580313e+02 3.072946516442867093e+01
2.664545610404580316e+02 3.073318116242867504e+01
2.665167959944580502e+02 3.073691593442867642e+01
2.665790298404579630e+02 3.074066935242867871e+01
2.666412625814579656e+02 3.074444129442867890e+01
2.667034942164579547e+02 3.074823164042866708e+01
2.667657247494580020e+02 3.075204027242866900e+01
2.668279540264580305e+02 3.075586707042867474e+01
2.668901823254580563e+02 3.075971193942866577e+01
2.669524095194580582e+02 3.076357476842867911e+01
2.670146356094580256e+02 3.076745545142867044e+01
2.670768605954579584e+02 3.077135389042866720e+01
2.671390844784579599e+02 3.077526998742866837e+01
2.672013072574580406e+02 3.077920364942867693e+01
2.672635289314579836e+02 3.078315478542867467e+01
2.673257495024579953e+02 3.078712330642867911e+01
2.673879689674579936e+02 3.079110912842866910e+01
2.674501873264579785e+02 3.079511216742866608e+01
2.675124045794579501e+02 3.079913234342867767e+01
2.675746207254580327e+02 3.080316958042866915e+01
2.676368357624580199e+02 3.080722380242867686e+01
2.676990496894580360e+02 3.081129493642867700e+01
2.677612625044579886e+02 3.081538291442867816e+01
2.678234742074579913e+02 3.081948766642866744e+01
2.678856847954579621e+02 3.082360912942867159e+01
2.679478942664580359e+02 3.082774723842866749e+01
2.680101026184580064e+02 3.083190193442866800e+01
2.680723098494580086e+02 3.083607315742866817e+01
2.681345159564579603e+02 3.084026085242866699e+01
2.681967209384579860e+02 3.084446496442867769e+01
2.682589247914580142e+02 3.084868544242867117e+01
2.683211275124579629e+02 3.085292223442867154e+01
2.683833291004579564e+02 3.085717529342867849e+01
2.684455295494580582e+02 3.086144457242867745e+01
2.685077288584580515e+02 3.086573002942867205e+01
2.685699270234579785e+02 3.087003162042867288e+01
2.686321240414579847e+02 3.087434930542867662e+01
2.686943199094579882e+02 3.087868304642867301e+01
2.687565146234580311e+02 3.088303280742867329e+01
2.688187081814580210e+02 3.088739855242867449e+01
2.688809005784580108e+02 3.089178024942867395e+01
2.689430918134580111e+02 3.089617786642866903e+01
2.690052818834580535e+02 3.090059137442866799e+01
2.690674707864580455e+02 3.090502074742867578e+01
2.691296585204580083e+02 3.090946595742867586e+01
2.691918450834579630e+02 3.091392698142866990e+01
2.692540304774580022e+02 3.091840379642867376e+01
2.693162147024580122e+02 3.092289638242867156e+01
2.693783977614579612e+02 3.092740472042867950e+01
2.694405796584580344e+02 3.093192879442866783e+01
2.695027604004580439e+02 3.093646858742867423e+01
2.695649399974579978e+02 3.094102408642866564e+01
2.696271184624579860e+02 3.094559528042867314e+01
2.696892958134580454e+02 3.095018215942867457e+01
2.697514720744580359e+02 3.095478471642867291e+01
2.698136472774579602e+02 3.095940294542867477e+01
2.698758216314579954e+02 3.096403685542867024e+01
2.699379949094580411e+02 3.096868642642867187e+01
2.700001673124580179e+02 3.097335166742866974e+01
2.700623389364580476e+02 3.097803258742866817e+01
2.701245099064580586e+02 3.098272919342867837e+01
2.701866321564579607e+02 3.098743783942867580e+01
2.702487948544580263e+02 3.099216528342867250e+01
2.703109561284580309e+02 3.099690836242866609e+01
2.703731160064580195e+02 3.100166708242867841e+01
2.704352745304580026e+02 3.100644145442867838e+01
2.704974317694580463e+02 3.101123149242867427e+01
2.705595878194580450e+02 3.101603721342867104e+01
2.706217428164580383e+02 3.102085864042866703e+01
2.706838969404580553e+02 3.102569580042867514e+01
2.707460504054579928e+02 3.103054872442866596e+01
2.708082034004580123e+02 3.103541744342866693e+01
2.708703558934579974e+02 3.104030197442866879e+01
2.709325069064580589e+02 3.104520225842867021e+01
2.709947001004580329e+02 3.105012177642867854e+01
2.710568684554579590e+02 3.105505525442867665e+01
2.711190359364580331e+02 3.106000461042867400e+01
2.711811995684579983e+02 3.106496963042867421e+01
2.712433530524579623e+02 3.106994983342867656e+01
2.713054170374579712e+02 3.107493885242866938e+01
2.713676143784579722e+02 3.107995464842867861e+01
2.714298619134579553e+02 3.108499061742866942e+01
2.714920623344580122e+02 3.109003892142866832e+01
2.715542493424580357e+02 3.109510230842867529e+01
2.716164153504579986e+02 3.110018018242866944e+01
2.716785552504580323e+02 3.110527214642867122e+01
2.717404681174579650e+02 3.111036167542867403e+01
2.718026114424580442e+02 3.111548642042867741e+01
2.718647532594580412e+02 3.112062738342866552e+01
2.719269361884580007e+02 3.112578815042867220e+01
2.719890695304580390e+02 3.113096123642867141e+01
2.720512018734579556e+02 3.113615071442867688e+01
2.721133333484579566e+02 3.114135664242867207e+01
2.721754636974580421e+02 3.114657904942867717e+01
2.722375928394580455e+02 3.115181797942866737e+01
2.722997207084579827e+02 3.115707348042867508e+01
2.723618472484579911e+02 3.116234560142867949e+01
2.724239724114580099e+02 3.116763439442867067e+01
2.724860961564580180e+02 3.117293991342867443e+01
2.725482184474580549e+02 3.117826221442866697e+01
2.726103392544579833e+02 3.118360135742866746e+01
2.726724585504579750e+02 3.118895740142867723e+01
2.727345763114580564e+02 3.119433040942866953e+01
2.727966925144580159e+02 3.119972044642866749e+01
2.728588071454580017e+02 3.120512757742866583e+01
2.729209201824580191e+02 3.121055187342866688e+01
2.729830316104579992e+02 3.121599340242867626e+01
2.730451414144579871e+02 3.122145223742867515e+01
2.731072495814580066e+02 3.122692845342866619e+01
2.731693560954579993e+02 3.123242212642866988e+01
2.732314609464579576e+02 3.123793333342866774e+01
2.732935641194580398e+02 3.124346215742867727e+01
2.733556656044580109e+02 3.124900867842867669e+01
2.734177653874580187e+02 3.125457298142867657e+01
2.734798634574579523e+02 3.126015515342866635e+01
2.735419598014579492e+02 3.126575528242866753e+01
2.736040544094580014e+02 3.127137345842866623e+01
2.736661472674580295e+02 3.127700977642866675e+01
2.737282383634580469e+02 3.128266432942866615e+01
2.737903276854579531e+02 3.128833721642866905e+01
2.738524152214579885e+02 3.129402853542867646e+01
2.739145009574579603e+02 3.129973838842867551e+01
2.739765848814579954e+02 3.130546688042867842e+01
2.740386669794580143e+02 3.131121411742867267e+01
2.741007472374580516e+02 3.131698020842867081e+01
2.741628256414580278e+02 3.132276526542866790e+01
2.742249022874579509e+02 3.132856941142867058e+01
2.742869768924579716e+02 3.133439273842867223e+01
2.743490496164579895e+02 3.134023538142866627e+01
2.744111204414579674e+02 3.134609746342867354e+01
2.744731893454580245e+02 3.135197910642866859e+01
2.745352563104580099e+02 3.135788043842867623e+01
2.745973213134580533e+02 3.136380158742867863e+01
2.746593843374579933e+02 3.136974268842866920e+01
2.747214453614580520e+02 3.137570387542866612e+01
2.747835043644579969e+02 3.138168528742867736e+01
2.748455613244579467e+02 3.138768706542867548e+01
2.749076162214579995e+02 3.139370935442867605e+01
2.749696690334580467e+02 3.139975230242867710e+01
2.750317198934580460e+02 3.140581607442866741e+01
2.750937685394580399e+02 3.141190080342867574e+01
2.751558150514579779e+02 3.141800665642866974e+01
2.752178594064579897e+02 3.142413379542866991e+01
2.752799015824579669e+02 3.143028238442867561e+01
2.753419415574580285e+02 3.143645259242867596e+01
2.754039793074579734e+02 3.144264459242867460e+01
2.754660148084580555e+02 3.144885856042867189e+01
2.755280480344579814e+02 3.145509467742867216e+01
2.755900789624579943e+02 3.146135312542866913e+01
2.756521075644580492e+02 3.146763409442867143e+01
2.757141338154579557e+02 3.147393777742867016e+01
2.757761576864580206e+02 3.148026436942867790e+01
2.758381392214579932e+02 3.148660997742866741e+01
2.759001604304580155e+02 3.149298320642867210e+01
2.759621790764579714e+02 3.149937995442867233e+01
2.760241951304580539e+02 3.150580043742867176e+01
2.760862085694580514e+02 3.151224487342866709e+01
2.761482193614579614e+02 3.151871349042867720e+01
2.762102274774579769e+02 3.152520651842867139e+01
2.762722328874579603e+02 3.153172419242866553e+01
2.763342355594580226e+02 3.153826675442867256e+01
2.763962354604580582e+02 3.154483445042867729e+01
2.764582325564579719e+02 3.155142753442867942e+01
2.765202268144579989e+02 3.155804626442867900e+01
2.765822181964579727e+02 3.156469090542867306e+01
2.766442066664580466e+02 3.157136172842866628e+01
2.767061921874580435e+02 3.157805901142867455e+01
2.767681747174579527e+02 3.158478303842867874e+01
2.768301542174579595e+02 3.159153409942866730e+01
2.768921306454580531e+02 3.159831249442867929e+01
2.769541039574580168e+02 3.160511852842867242e+01
2.770160741104579643e+02 3.161195251342867252e+01
2.770780410564579483e+02 3.161881477242867433e+01
2.771400047494580008e+02 3.162570563242867294e+01
2.772019651404579577e+02 3.163262543042867136e+01
2.772639221784580172e+02 3.163957451342866634e+01
2.773258758124580368e+02 3.164655323542866583e+01
2.773878259874580294e+02 3.165356196142867518e+01
2.774497726494579979e+02 3.166060106242867889e+01
2.775117157394579976e+02 3.166767092242866610e+01
2.775736552014580525e+02 3.167477193342866926e+01
2.776355909714580434e+02 3.168190450142867221e+01
2.776975229894580366e+02 3.168906903842866640e+01
2.777594511894580478e+02 3.169626597042866578e+01
2.778213753594580453e+02 3.170349571842866609e+01
2.778832956984579710e+02 3.171075876242867864e+01
2.779452120094579755e+02 3.171805554942866578e+01
2.780071242174580561e+02 3.172538655342867386e+01
2.780690322474579830e+02 3.173275226342867583e+01
2.781309360184580441e+02 3.174015318142867770e+01
2.781928354504579488e+02 3.174758982242867589e+01
2.782547304564580486e+02 3.175506271942867542e+01
2.783166209504580024e+02 3.176257241842867174e+01
2.783785068414579769e+02 3.177011948342866887e+01
2.784403880344579534e+02 3.177770449542867581e+01
2.785022644324580483e+02 3.178532805142867446e+01
2.785641359344579655e+02 3.179299076742867314e+01
2.786260024354580196e+02 3.180069327942866764e+01
2.786878638274579885e+02 3.180843624242866596e+01
2.787497199974580440e+02 3.181622033242866721e+01
2.788115708274579561e+02 3.182404624842866880e+01
2.788734161964579812e+02 3.183191470942866985e+01
2.789352559784579739e+02 3.183982646042867870e+01
2.789970900424579554e+02 3.184778226942867363e+01
2.790589182504580208e+02 3.185578293242867787e+01
2.791207404614579559e+02 3.186382927042867763e+01
2.791825565274579617e+02 3.187192213342867930e+01
2.792443662954579509e+02 3.188006240142867043e+01
2.793061695994579736e+02 3.188825098542866598e+01
2.793679662774580379e+02 3.189648883042867666e+01
2.794297561534579586e+02 3.190477691242866953e+01
2.794915390434579763e+02 3.191311624742867181e+01
2.795533146344579905e+02 3.192150786942867668e+01
2.796150830154579694e+02 3.192995290942867470e+01
2.796768438014580056e+02 3.193845247842866897e+01
2.797385967754580065e+02 3.194700775442867879e+01
2.798003837814580379e+02 3.195562585142867462e+01
2.798621224734579869e+02 3.196429659342866714e+01
2.799238527564579613e+02 3.197302689042866675e+01
2.799855743754580431e+02 3.198181812542867064e+01
2.800472870684580471e+02 3.199067174042867734e+01
2.801089857994580257e+02 3.199958855042866546e+01
2.801706822444579643e+02 3.200857185742867017e+01
2.802323687804579890e+02 3.201762224842867255e+01
2.802940450824580125e+02 3.202674143642867222e+01
2.803557108104579925e+02 3.203593121342867533e+01
2.804173656044579843e+02 3.204519345642867023e+01
2.804790090844580277e+02 3.205453013142867036e+01
2.805406408454579719e+02 3.206394330042866869e+01
2.806022604634579807e+02 3.207343512542866648e+01
2.806638674844579668e+02 3.208300788042867424e+01
2.807254614314579726e+02 3.209266395642867309e+01
2.807870417914579662e+02 3.210240586742866498e+01
2.808486080234579845e+02 3.211223626642867401e+01
2.809101597014579852e+02 3.212215797342866352e+01
2.809716959374580370e+02 3.213217389942867186e+01
2.810332161984579784e+02 3.214228718742867130e+01
2.810947197784579998e+02 3.215250114142866522e+01
2.811562059234580033e+02 3.216281926942867386e+01
2.812176738234580284e+02 3.217324528942867090e+01
2.812791226104580460e+02 3.218378315842867465e+01
2.813405513454579818e+02 3.219443708542866744e+01
2.814019590184580579e+02 3.220521156242866567e+01
2.814633446614580521e+02 3.221611140842866661e+01
2.815247068594580355e+02 3.222714171142866491e+01
2.815860444334579711e+02 3.223830799542866288e+01
2.816473559844579881e+02 3.224961616742866255e+01
2.817086399864579676e+02 3.226107258842866798e+01
2.817698947694579488e+02 3.227268412042867141e+01
2.818311185024579686e+02 3.228445818142866841e+01
2.818923091714579527e+02 3.229640281242867417e+01
2.819534645504580226e+02 3.230852675342867286e+01
2.820145821774579531e+02 3.232083952942867455e+01
2.820756593134579475e+02 3.233335155242867387e+01
2.821366929034580266e+02 3.234607424242866358e+01
2.821976795214580420e+02 3.235902016842866402e+01
2.822586153144580408e+02 3.237220321642866594e+01
2.823194959164580382e+02 3.238563878842867183e+01
2.823803162664580100e+02 3.239934402142866787e+01
2.824410709254579501e+02 3.241333818242866727e+01
2.825017532004580403e+02 3.242764285742867258e+01
2.825623555094579729e+02 3.244228252042866956e+01
2.826228689864580588e+02 3.245728504842866613e+01
2.826832831804579769e+02 3.247268242142866512e+01
2.827435856464580297e+02 3.248851160842867358e+01
2.828037614254580490e+02 3.250481573142867120e+01
2.828637923724580219e+02 3.252164559942867328e+01
2.829236558184580304e+02 3.253906165042867116e+01
2.829833234674579785e+02 3.255713683042866791e+01
2.830427591364579598e+02 3.257596042042866458e+01
2.830815209734579980e+02 3.255714917342866244e+01
2.830981773934580019e+02 3.249706964042866986e+01
2.831147800994579597e+02 3.243697523642867253e+01
2.831313299084579853e+02 3.237686623742866487e+01
2.831478275964580575e+02 3.231674290642866509e+01
2.831642739044579571e+02 3.225660549342867256e+01
2.831806695404580410e+02 3.219645424042867177e+01
2.831970151784580025e+02 3.213628937542866737e+01
2.832133114654580481e+02 3.207611111842866336e+01
2.832295590194580086e+02 3.201591967942867001e+01
2.832457584294580215e+02 3.195571525942866842e+01
2.832619102644579812e+02 3.189549805242867464e+01
2.832780150664579537e+02 3.183526824342866846e+01
2.832940733564580000e+02 3.177502601042867170e+01
2.833100856364580409e+02 3.171477152442866654e+01
2.833260523844580234e+02 3.165450495142867382e+01
2.833419740644580429e+02 3.159422645042867472e+01
2.833578511204579513e+02 3.153393617242867819e+01
2.833736839794580078e+02 3.147363426742867532e+01
2.833894730544580511e+02 3.141332087642866711e+01
2.834052187404579968e+02 3.135299613742867209e+01
2.834209214204580007e+02 3.129266018342867639e+01
2.834365814634580261e+02 3.123231314142867276e+01
2.834521992234579670e+02 3.117195513742867874e+01
2.834677750454580405e+02 3.111158628942866855e+01
2.834833092604580429e+02 3.105120671542867328e+01
2.834988021874580113e+02 3.099081652742867377e+01
2.835142541364579643e+02 3.093041583542867201e+01
2.835296654054580472e+02 3.087000474342867662e+01
2.835450362854580248e+02 3.080958335542866777e+01
2.835603670534580374e+02 3.074915177142866796e+01
2.835756579814580505e+02 3.068871008742867090e+01
2.835909093314580218e+02 3.062825839742867728e+01
2.836061213574579938e+02 3.056779679342866629e+01
2.836212943024580113e+02 3.050732536242866999e+01
2.836364284074580269e+02 3.044684419342867088e+01
2.836515239014580061e+02 3.038635336842866863e+01
2.836665810084579675e+02 3.032585297042866657e+01
2.836815999444580143e+02 3.026534307842866767e+01
2.836965809204579614e+02 3.020482377042867128e+01
2.837115241394580494e+02 3.014429512142866585e+01
2.837264297994580033e+02 3.008375720542867882e+01
2.837412980924579529e+02 3.002321009342866986e+01
2.837561292054579667e+02 2.996265385742867338e+01
2.837709233184579602e+02 2.990208856442867713e+01
2.837856806074580049e+02 2.984151428242867254e+01
2.838004012434579977e+02 2.978093107442867549e+01
2.838150853904580231e+02 2.972033900442867704e+01
2.838297332114579490e+02 2.965973813642866830e+01
2.838443448614579552e+02 2.959912852942867900e+01
2.838589203764580020e+02 2.953851072842867254e+01
2.838734599784580155e+02 2.947788448842866771e+01
2.838879638514579824e+02 2.941724969342866913e+01
2.839024321344580244e+02 2.935660639842867781e+01
2.839168649644580569e+02 2.929595465942866994e+01
2.839312624734580481e+02 2.923529452742867463e+01
2.839456247894580088e+02 2.917462605542867138e+01
2.839599520364579917e+02 2.911394929542867871e+01
2.839742443364579572e+02 2.905326429542867217e+01
2.839885018074580216e+02 2.899257110642866664e+01
2.840027245644579921e+02 2.893186977542867666e+01
2.840169127194580483e+02 2.887116034842867052e+01
2.840310663794579682e+02 2.881044287342866639e+01
2.840451856514579845e+02 2.874971739442866792e+01
2.840592706384580310e+02 2.868898395642866817e+01
2.840733214394579704e+02 2.862824260242866714e+01
2.840873381524580168e+02 2.856749337542867906e+01
2.841013208714579719e+02 2.850673631642866823e+01
2.841152696894579890e+02 2.844597146842867730e+01
2.841291846954580365e+02 2.838519887042867751e+01
2.841430659774579794e+02 2.832441856242867217e+01
2.841569136184579634e+02 2.826363058442866460e+01
2.841707277024580094e+02 2.820283497242867199e+01
2.841845083094579536e+02 2.814203176642866921e+01
2.841982555164580049e+02 2.808122100142868405e+01
2.842119694004580310e+02 2.802040271542868410e+01
2.842256500344580559e+02 2.795957694342866873e+01
2.842392974904580001e+02 2.789874372142868353e+01
2.842529118394580223e+02 2.783790308242866374e+01
2.842664931464580036e+02 2.777705506142866554e+01
2.842800414804580100e+02 2.771619969242867043e+01
2.842935569034579544e+02 2.765533700742868106e+01
2.843070394784579662e+02 2.759446703942866108e+01
2.843204892654579794e+02 2.753358982042866998e+01
2.843339063244580416e+02 2.747270538142866414e+01
2.843472907104580258e+02 2.741181375442867463e+01
2.843606424814580009e+02 2.735091496842867897e+01
2.843739616884579959e+02 2.729000905442866198e+01
2.843872483864579976e+02 2.722909604242867587e+01
2.844005026244580563e+02 2.716817596042868033e+01
2.844137244514579947e+02 2.710724883842867072e+01
2.844269139164579769e+02 2.704631470342867416e+01
2.844400710644579817e+02 2.698537358442866818e+01
2.844531959404579879e+02 2.692442550942866930e+01
2.844662885884579850e+02 2.686347050442865836e+01
2.844793490504579836e+02 2.680250859742868030e+01
2.844923773674580048e+02 2.674153981342866970e+01
2.845053735774579877e+02 2.668056417942868208e+01
2.845183377204579642e+02 2.661958172142866985e+01
2.845312698324580083e+02 2.655859246542867069e+01
2.845441699484579772e+02 2.649759643442866874e+01
2.845570381044580586e+02 2.643659365542866269e+01
2.845698743324580278e+02 2.637558415142866508e+01
2.845826786644580011e+02 2.631456794742866734e+01
2.845954511324579812e+02 2.625354506642868202e+01
2.846081917654580025e+02 2.619251553342867211e+01
2.846209005914579961e+02 2.613147937042866076e+01
2.846335776404579860e+02 2.607043660142867836e+01
2.846462229364580594e+02 2.600938724842866279e+01
2.846588365074580338e+02 2.594833133442868345e+01
2.846714183754580176e+02 2.588726888042866037e+01
2.846839685654579739e+02 2.582619991042868079e+01
2.846964870994580110e+02 2.576512444442867533e+01
2.847089739994580100e+02 2.570404250442866712e+01
2.847214292854579867e+02 2.564295411242867928e+01
2.847338529774579570e+02 2.558185928842867085e+01
2.847462450934579579e+02 2.552075805442866496e+01
2.847586056524580158e+02 2.545965042942865963e+01
2.847709346694579722e+02 2.539853643542867800e+01
2.847832321624579777e+02 2.533741609042867182e+01
2.847954981454579979e+02 2.527628941642866423e+01
2.848077326074580355e+02 2.521515655742866713e+01
2.848199356134579716e+02 2.515401727842866464e+01
2.848321071494579542e+02 2.509287172842867264e+01
2.848442472274579700e+02 2.503171992642866073e+01
2.848563558594580059e+02 2.497056189142868377e+01
2.848684330534579772e+02 2.490939764342867235e+01
2.848804788204579950e+02 2.484822719942867408e+01
2.848924931684579747e+02 2.478705057742866913e+01
2.849044678854580184e+02 2.472590982142868299e+01
2.849164195404579800e+02 2.466472039042868047e+01
2.849283397954580437e+02 2.460352484142866203e+01
2.849402286574580216e+02 2.454232319042868582e+01
2.849520861314579747e+02 2.448111545742868245e+01
2.849639122194579954e+02 2.441990165842868166e+01
2.849757069274580203e+02 2.435868181042867420e+01
2.849874702564580389e+02 2.429745593142866866e+01
2.849992022094580193e+02 2.423622403942867365e+01
2.850109027874579510e+02 2.417498614942867263e+01
2.850225719904579478e+02 2.411374227842868478e+01
2.850342098204579884e+02 2.405249244442866186e+01
2.850458162754579803e+02 2.399123666342866201e+01
2.850573913534580583e+02 2.392997495042866873e+01
2.850689350544579952e+02 2.386870732342866219e+01
2.850804473744579468e+02 2.380743379742868271e+01
2.850919283114580480e+02 2.374615438942866419e+01
2.851033778604580107e+02 2.368486911442867537e+01
2.851147960184579802e+02 2.362357798942867859e+01
2.851261827784580305e+02 2.356228102842866790e+01
2.851375381374579661e+02 2.350097824842866245e+01
2.851488620874579851e+02 2.343966966342868474e+01
2.851601546224580375e+02 2.337835529042866867e+01
2.851714157344579803e+02 2.331703514442868297e+01
2.851826454164580014e+02 2.325570923942866486e+01
2.851938436594579684e+02 2.319437759142867250e+01
2.852050104544579767e+02 2.313304021542866096e+01
2.852161457914580183e+02 2.307169712542868112e+01
2.852272496614579609e+02 2.301034833742867747e+01
2.852383220534580346e+02 2.294899386542867248e+01
2.852493629554580252e+02 2.288763372442867805e+01
2.852603723564580491e+02 2.282626792842865981e+01
2.852713502434580164e+02 2.276489649242868651e+01
2.852822966044580539e+02 2.270351943042866694e+01
2.852932114254579687e+02 2.264213675742866982e+01
2.853040946934580120e+02 2.258074848742866081e+01
2.853149463934580012e+02 2.251935463342867294e+01
2.853257665104579814e+02 2.245795521142867912e+01
2.853365550294579975e+02 2.239655023342866613e+01
2.853473119354579808e+02 2.233513971542866372e+01
2.853580372104580078e+02 2.227372366942865867e+01
2.853687308384580206e+02 2.221230211042866287e+01
2.853793928024579714e+02 2.215087505242867039e+01
2.853900230844580506e+02 2.208944250842868584e+01
2.854006216654580044e+02 2.202800449142868544e+01
2.854111885274580231e+02 2.196656101742867051e+01
2.854217236514579668e+02 2.190511209742866683e+01
2.854322270164580573e+02 2.184365774542866845e+01
2.854426986044580303e+02 2.178219797642865885e+01
2.854531383924580155e+02 2.172073280242868165e+01
2.854635463614579862e+02 2.165926223642868464e+01
2.854739224884579585e+02 2.159778629242866188e+01
2.854842667524580406e+02 2.153630498442866426e+01
2.854945791304580212e+02 2.147481832442867855e+01
2.855048596004580190e+02 2.141332632542868097e+01
2.855151081374579576e+02 2.135182900142866558e+01
2.855253247194579558e+02 2.129032636442867599e+01
2.855355093214580506e+02 2.122881842842867783e+01
2.855456619184580518e+02 2.116730520642867575e+01
2.855557824864579857e+02 2.110578671142867435e+01
2.855658709994580136e+02 2.104426295542866043e+01
2.855759274314579557e+02 2.098273395142866704e+01
2.855859517554579838e+02 2.092119971342865981e+01
2.855959439464580214e+02 2.085966025342868235e+01
2.856059039754580340e+02 2.079811558442868247e+01
2.856158318164579555e+02 2.073656571942866478e+01
2.856257274404579789e+02 2.067501067042867291e+01
2.856355908184579562e+02 2.061345045042868307e+01
2.856454219234580592e+02 2.055188507242867146e+01
2.856552207254580367e+02 2.049031454942867114e+01
2.856649871934579892e+02 2.042873889342866889e+01
2.856747212994579854e+02 2.036715811642867990e+01
2.856844230114580228e+02 2.030557223242866982e+01
2.856940923004579531e+02 2.024398125442867169e+01
2.857037291324580224e+02 2.018238519242866502e+01
2.857133334784579688e+02 2.012078406142866172e+01
2.857229053044580382e+02 2.005917787342867697e+01
2.857324445794579901e+02 1.999756664042866916e+01
2.857419512704580598e+02 1.993595037442868190e+01
2.857514253434580382e+02 1.987432908942868082e+01
2.857608667644580578e+02 1.981270279742868112e+01
2.857702755014580021e+02 1.975107151042866960e+01
2.857796515184580244e+02 1.968943524042866144e+01
2.857889947804580402e+02 1.962779400142867914e+01
2.857983052534579542e+02 1.956614780542868104e+01
2.858075829014580336e+02 1.950449666342866450e+01
2.858168276884579768e+02 1.944284058942868043e+01
2.858260395784580510e+02 1.938117959642867660e+01
2.858352185344579652e+02 1.931951369542867880e+01
2.858443645184580078e+02 1.925784289842867381e+01
2.858534774954579802e+02 1.919616722042867352e+01
2.858625574254579647e+02 1.913448667142868587e+01
2.858716042704580218e+02 1.907280126442865864e+01
2.858806179934579745e+02 1.901111101342867116e+01
2.858895985544580185e+02 1.894941592942866393e+01
2.858985459134580083e+02 1.888771602442868058e+01
2.859074600324580047e+02 1.882601131242865833e+01
2.859163408704579865e+02 1.876430180442867979e+01
2.859251883864580464e+02 1.870258751442868217e+01
2.859340025404580388e+02 1.864086845442868068e+01
2.859427832914580563e+02 1.857914463542867267e+01
2.859515305974579746e+02 1.851741607242867005e+01
2.859602444174580000e+02 1.845568277642867017e+01
2.859689247074580294e+02 1.839394476042867765e+01
2.859775714264580415e+02 1.833220203742866872e+01
2.859861845314580364e+02 1.827045461842866914e+01
2.859947639774580352e+02 1.820870251842866239e+01
2.860033097224580274e+02 1.814694574742868483e+01
2.860118217224580235e+02 1.808518432042866309e+01
2.860202999314580552e+02 1.802341824842867979e+01
2.860287443054580194e+02 1.796164754542867215e+01
2.860371548004580404e+02 1.789987222342868378e+01
2.860455313694580468e+02 1.783809229442867306e+01
2.860538739664579566e+02 1.777630777242866245e+01
2.860621825464580184e+02 1.771451866942866715e+01
2.860704570624580469e+02 1.765272499942868123e+01
2.860786974674579710e+02 1.759092677342867361e+01
2.860869037134579571e+02 1.752912400542866678e+01
2.860950757534580475e+02 1.746731670842866535e+01
2.861032135384579647e+02 1.740550489542867396e+01
2.861113170214579782e+02 1.734368857842867939e+01
2.861193861534580378e+02 1.728186777042868627e+01
2.861274208844579903e+02 1.722004248542866023e+01
2.861354211664580021e+02 1.715821273742868058e+01
2.861433869474580547e+02 1.709637853642867000e+01
2.861513181794579737e+02 1.703453989742866881e+01
2.861592148104579678e+02 1.697269683342868163e+01
2.861670767904579975e+02 1.691084935742868467e+01
2.861749040684580336e+02 1.684899748242868256e+01
2.861826965914579546e+02 1.678714122142867993e+01
2.861904543084579586e+02 1.672528058942866025e+01
2.861981771674580273e+02 1.666341559742867773e+01
2.862058651144580494e+02 1.660154626142867684e+01
2.862135180974580067e+02 1.653967259242868337e+01
2.862211360634580046e+02 1.647779460442866295e+01
2.862287189574580566e+02 1.641591231242868432e+01
2.862362667264580409e+02 1.635402572842867741e+01
2.862437793154579708e+02 1.629213486642866471e+01
2.862512566694579732e+02 1.623023974042866868e+01
2.862586987344580507e+02 1.616834036342866554e+01
2.862661054534580103e+02 1.610643674942867776e+01
2.862734767704579895e+02 1.604452891342866039e+01
2.862808126304580014e+02 1.598261686742868370e+01
2.862881129754579774e+02 1.592070062642867789e+01
2.862953777504580444e+02 1.585878020342867423e+01
2.863026068964580304e+02 1.579685561342868461e+01
2.863098003554579805e+02 1.573492687042867466e+01
2.863169580704580426e+02 1.567299398842866687e+01
2.863240799834580343e+02 1.561105698042866585e+01
2.863311660344580218e+02 1.554911586242867294e+01
2.863382161644579469e+02 1.548717064742866434e+01
2.863452303144579787e+02 1.542522135042868037e+01
2.863522084244579560e+02 1.536326798542865824e+01
2.863591504344580585e+02 1.530131056742866669e+01
2.863660562834580219e+02 1.523934910942868193e+01
2.863729259104580365e+02 1.517738362842866628e+01
2.863797592544579516e+02 1.511541413742868123e+01
2.863865562534579681e+02 1.505344065142868182e+01
2.863933168464580490e+02 1.499146318542867995e+01
2.864000409694579616e+02 1.492948175442865910e+01
2.864067285604580206e+02 1.486749637342865960e+01
2.864133795564579827e+02 1.480550705642867548e+01
2.864199938934579563e+02 1.474351381942867967e+01
2.864265715084580393e+02 1.468151667642866620e+01
2.864331123364580094e+02 1.461951564442868268e+01
2.864396163134579751e+02 1.455751073742866630e+01
2.864460833734579523e+02 1.449550197042865740e+01
2.864525134514580600e+02 1.443348936042867514e+01
2.864589064824579623e+02 1.437147292142865673e+01
2.864652623994580267e+02 1.430945266942866034e+01
2.864715811364580418e+02 1.424742862042865887e+01
2.864778626264580339e+02 1.418540078942866423e+01
2.864841068024580295e+02 1.412336919342866715e+01
2.864903135974580550e+02 1.406133384742867953e+01
2.864964829414580549e+02 1.399929476742867429e+01
2.865026147684580451e+02 1.393725196942868116e+01
2.865087090084579700e+02 1.387520546942867306e+01
2.865147655924579908e+02 1.381315528442866913e+01
2.865207844514580415e+02 1.375110143042867072e+01
2.865267655144579635e+02 1.368904392342867915e+01
2.865327087124580316e+02 1.362698278042865674e+01
2.865386139744579737e+02 1.356491801742866166e+01
2.865444812294579719e+02 1.350284965242867408e+01
2.865503104064579816e+02 1.344077769942865963e+01
2.865561014324579787e+02 1.337870217842866261e+01
2.865618542364580321e+02 1.331662310442866648e+01
2.865675687454580043e+02 1.325454049442866200e+01
2.865732448874579745e+02 1.319245436642865776e+01
2.865788825874580539e+02 1.313036473742867294e+01
2.865844817724579912e+02 1.306827162542865928e+01
2.865900423694579899e+02 1.300617504642867495e+01
2.865955643024580581e+02 1.294407501842867170e+01
2.866010474974579552e+02 1.288197155942865813e+01
2.866064918794580194e+02 1.281986468642868182e+01
2.866118973714580420e+02 1.275775441842868396e+01
2.866172638984580203e+02 1.269564077242868372e+01
2.866225913834579728e+02 1.263352376742867911e+01
2.866278797504580211e+02 1.257140342042866088e+01
2.866331289214579670e+02 1.250927975042868390e+01
2.866383388194580562e+02 1.244715277542867149e+01
2.866435093654579873e+02 1.238502251442867852e+01
2.866486404824580063e+02 1.232288898542865674e+01
2.866537320904580497e+02 1.226075220742866101e+01
2.866587841094580540e+02 1.219861219842867150e+01
2.866637964624580377e+02 1.213646897942866509e+01
2.866687690664579691e+02 1.207432256742866095e+01
2.866737018424580015e+02 1.201217298242867493e+01
2.866785947104579577e+02 1.195002024442866606e+01
2.866834475874580335e+02 1.188786437142867136e+01
2.866882603924579485e+02 1.182570538342867827e+01
2.866930330434580014e+02 1.176354330042867424e+01
2.866977654574580470e+02 1.170137814242867513e+01
2.867024575524580428e+02 1.163920992842867896e+01
2.867071092444579676e+02 1.157703867942866260e+01
2.867117204494580278e+02 1.151486441542867034e+01
2.867162910834579748e+02 1.145268715642866120e+01
2.867208210624580147e+02 1.139050692242867946e+01
2.867253103004580339e+02 1.132832373542866300e+01
2.867297587124580218e+02 1.126613761442866668e+01
2.867341662124579784e+02 1.120394858142865679e+01
2.867385327154580068e+02 1.114175665642867763e+01
2.867428581324580250e+02 1.107956186142866706e+01
2.867471423774580330e+02 1.101736421742865879e+01
2.867513853634580414e+02 1.095516374542865812e+01
2.867555870014579682e+02 1.089296046742865975e+01
2.867597472024579588e+02 1.083075440542865842e+01
2.867638658714579947e+02 1.076854570442868386e+01
2.867679429354580520e+02 1.070633412342866997e+01
2.867719782944580516e+02 1.064411982442866567e+01
2.867759718594580249e+02 1.058190283042868352e+01
2.867799235384580356e+02 1.051968316442867923e+01
2.867838332424580017e+02 1.045746084842867596e+01
2.867877008784579971e+02 1.039523590342867898e+01
2.867915263554579610e+02 1.033300835542866913e+01
2.867953095794579781e+02 1.027077822442866228e+01
2.867990504584579980e+02 1.020854553542867826e+01
2.868027488994579812e+02 1.014631031142867279e+01
2.868064048094580016e+02 1.008407257442866900e+01
2.868100180924580513e+02 1.002183235042867615e+01
2.868135886544579876e+02 9.959589660428671110e+00
2.868171164004580191e+02 9.897344531428680980e+00
2.868206012344580245e+02 9.835096985428672056e+00
2.868240430614579850e+02 9.772847046428674744e+00
2.868274417834580277e+02 9.710594740428669880e+00
2.868307973044580308e+02 9.648340091428659449e+00
2.868341095274579970e+02 9.586083124428663282e+00
2.868373783534579502e+02 9.523823864428672792e+00
2.868406036854580066e+02 9.461562335428661541e+00
2.868437854224579837e+02 9.399298563428667208e+00
2.868469234674579980e+02 9.337032574428670628e+00
2.867845784504580138e+02 9.337032574428670628e+00
2.867222334334580296e+02 9.337032574428670628e+00
2.866598884094580058e+02 9.337032574428670628e+00
2.865975433764579634e+02 9.337032574428670628e+00
2.865351983314580480e+02 9.337032574428670628e+00
2.864728532724580532e+02 9.337032574428670628e+00
2.864105081944580320e+02 9.337032574428670628e+00
2.863481632864580320e+02 9.337032574428670628e+00
2.862858182454579605e+02 9.337032574428670628e+00
2.862234731974579631e+02 9.337032574428670628e+00
2.861611281414580503e+02 9.337032574428670628e+00
2.860987830784579842e+02 9.337032574428670628e+00
2.860364380064580132e+02 9.337032574428670628e+00
2.859740929234580449e+02 9.337032574428670628e+00
2.859117478314580580e+02 9.337032574428670628e+00
2.858494027274579707e+02 9.337032574428670628e+00
2.857870576134579892e+02 9.337032574428670628e+00
2.857247124854580420e+02 9.337032574428670628e+00
2.856623673454579944e+02 9.337032574428670628e+00
2.856000221904579917e+02 9.337032574428670628e+00
2.855376770224580127e+02 9.337032574428670628e+00
2.854753318374579862e+02 9.337032574428670628e+00
2.854129866374580047e+02 9.337032574428670628e+00
2.853506414214579650e+02 9.337032574428670628e+00
2.852882961874580019e+02 9.337032574428670628e+00
2.852259509354580018e+02 9.337032574428670628e+00
2.851636056644579753e+02 9.337032574428670628e+00
2.851012603744580360e+02 9.337032574428670628e+00
2.850389150644579672e+02 9.337032574428670628e+00
2.849765697344579962e+02 9.337032574428670628e+00
2.849142243824580305e+02 9.337032574428670628e+00
2.848518790084579564e+02 9.337032574428670628e+00
2.847895336114580118e+02 9.337032574428670628e+00
2.847271881914579694e+02 9.337032574428670628e+00
2.846648427474579535e+02 9.337032574428670628e+00
2.846024972794579639e+02 9.337032574428670628e+00
2.845401517854580220e+02 9.337032574428670628e+00
2.844778062654580140e+02 9.337032574428670628e+00
2.844154607194580535e+02 9.337032574428670628e+00
2.843531151464580375e+02 9.337032574428670628e+00
2.842907694054579792e+02 9.337032574428670628e+00
2.842284237594580532e+02 9.337032574428670628e+00
2.841660780824580002e+02 9.337032574428670628e+00
2.841037323734580582e+02 9.337032574428670628e+00
2.840413866334579893e+02 9.337032574428670628e+00
2.839790408594580526e+02 9.337032574428670628e+00
2.839166950534579996e+02 9.337032574428670628e+00
2.838543492124579757e+02 9.337032574428670628e+00
2.837920033374579702e+02 9.337032574428670628e+00
2.837296574264580045e+02 9.337032574428670628e+00
2.836673114784579752e+02 9.337032574428670628e+00
2.836049654944579856e+02 9.337032574428670628e+00
2.835426194734580463e+02 9.337032574428670628e+00
2.834802734134579509e+02 9.337032574428670628e+00
2.834179273134580512e+02 9.337032574428670628e+00
2.833555811754579850e+02 9.337032574428670628e+00
2.832932349954580218e+02 9.337032574428670628e+00
2.832308887754580269e+02 9.337032574428670628e+00
2.831685425134580214e+02 9.337032574428670628e+00
2.831061962094580053e+02 9.337032574428670628e+00
2.830438498614579999e+02 9.337032574428670628e+00
2.829815034694580049e+02 9.337032574428670628e+00
2.829191570334580206e+02 9.337032574428670628e+00
2.828568105524580574e+02 9.337032574428670628e+00
2.827944640244580228e+02 9.337032574428670628e+00
2.827321174504580199e+02 9.337032574428670628e+00
2.826697708294580593e+02 9.337032574428670628e+00
2.826074241604580379e+02 9.337032574428670628e+00
2.825450774424579663e+02 9.337032574428670628e+00
2.824827306754579581e+02 9.337032574428670628e+00
2.824203838584580240e+02 9.337032574428670628e+00
2.823580369904579470e+02 9.337032574428670628e+00
2.822956900704579652e+02 9.337032574428670628e+00
2.822333430994579544e+02 9.337032574428670628e+00
2.821709960754580493e+02 9.337032574428670628e+00
2.821086489974580331e+02 9.337032574428670628e+00
2.820463018654580196e+02 9.337032574428670628e+00
2.819839986014580404e+02 9.337032574428670628e+00
2.819216530704580350e+02 9.337032574428670628e+00
2.818593075274580428e+02 9.337032574428670628e+00
2.817969619714579608e+02 9.337032574428670628e+00
2.817346164044579950e+02 9.337032574428670628e+00
2.816722708234579500e+02 9.337032574428670628e+00
2.816099252304580318e+02 9.337032574428670628e+00
2.815475796254580132e+02 9.337032574428670628e+00
2.814852340064580289e+02 9.337032574428670628e+00
2.814228883754580579e+02 9.337032574428670628e+00
2.813605427304580076e+02 9.337032574428670628e+00
2.812981970724579810e+02 9.337032574428670628e+00
2.812358514014579782e+02 9.337032574428670628e+00
2.811735057174579993e+02 9.337032574428670628e+00
2.811111600194580546e+02 9.337032574428670628e+00
2.810488143084580202e+02 9.337032574428670628e+00
2.809864685834580200e+02 9.337032574428670628e+00
2.809241228454580437e+02 9.337032574428670628e+00
2.808617770924579986e+02 9.337032574428670628e+00
2.807994313264579773e+02 9.337032574428670628e+00
2.807370855464579904e+02 9.337032574428670628e+00
2.806747397524580379e+02 9.337032574428670628e+00
2.806123939434580166e+02 9.337032574428670628e+00
2.805500481214580191e+02 9.337032574428670628e+00
2.804877022844579528e+02 9.337032574428670628e+00
2.804253564334580346e+02 9.337032574428670628e+00
2.803630105684580371e+02 9.337032574428670628e+00
2.803006646884579709e+02 9.337032574428670628e+00
2.802383187944580527e+02 9.337032574428670628e+00
2.801759728854579521e+02 9.337032574428670628e+00
2.801136269624579995e+02 9.337032574428670628e+00
2.800512810244579782e+02 9.337032574428670628e+00
2.799889350714580019e+02 9.337032574428670628e+00
2.799265891044580599e+02 9.337032574428670628e+00
2.798642431224580491e+02 9.337032574428670628e+00
2.798018971254579697e+02 9.337032574428670628e+00
2.797395511144580382e+02 9.337032574428670628e+00
2.796772050874580486e+02 9.337032574428670628e+00
2.796148590464579797e+02 9.337032574428670628e+00
2.795525129904579558e+02 9.337032574428670628e+00
2.794901669194579767e+02 9.337032574428670628e+00
2.794278208334580427e+02 9.337032574428670628e+00
2.793654747324580399e+02 9.337032574428670628e+00
2.793031286174579577e+02 9.337032574428670628e+00
2.792407824864580448e+02 9.337032574428670628e+00
2.791784363414580525e+02 9.337032574428670628e+00
2.791160901814579915e+02 9.337032574428670628e+00
2.790537440064579755e+02 9.337032574428670628e+00
2.789913978164580044e+02 9.337032574428670628e+00
2.789290516124579540e+02 9.337032574428670628e+00
2.788667053934579485e+02 9.337032574428670628e+00
2.788043591594579880e+02 9.337032574428670628e+00
2.787420129114579481e+02 9.337032574428670628e+00
2.786796666484579532e+02 9.337032574428670628e+00
2.786173203714579927e+02 9.337032574428670628e+00
2.785549740794579634e+02 9.337032574428670628e+00
2.784926277734579685e+02 9.337032574428670628e+00
2.784302814534580079e+02 9.337032574428670628e+00
2.783679351194579681e+02 9.337032574428670628e+00
2.783055887714579626e+02 9.337032574428670628e+00
2.782432424094579915e+02 9.337032574428670628e+00
2.781808960334580547e+02 9.337032574428670628e+00
2.781185496444580281e+02 9.337032574428670628e+00
2.780562032414580358e+02 9.337032574428670628e+00
2.779938568254579536e+02 9.337032574428670628e+00
2.779315103974579984e+02 9.337032574428670628e+00
2.778691639564579532e+02 9.337032574428670628e+00
2.778068175024580455e+02 9.337032574428670628e+00
2.777444710354580479e+02 9.337032574428670628e+00
2.776821245564579499e+02 9.337032574428670628e+00
2.776197780654579788e+02 9.337032574428670628e+00
2.775574315634580103e+02 9.337032574428670628e+00
2.774950850494580550e+02 9.337032574428670628e+00
2.774327385244579887e+02 9.337032574428670628e+00
2.773703919884580387e+02 9.337032574428670628e+00
2.773080454424579671e+02 9.337032574428670628e+00
2.772456988854580118e+02 9.337032574428670628e+00
2.771833523194580380e+02 9.337032574428670628e+00
2.771210057434580563e+02 9.337032574428670628e+00
2.770586591584580560e+02 9.337032574428670628e+00
2.769963125654580267e+02 9.337032574428670628e+00
2.769339659644579683e+02 9.337032574428670628e+00
2.768716193554579945e+02 9.337032574428670628e+00
2.768092727384579916e+02 9.337032574428670628e+00
2.767469261164580416e+02 9.337032574428670628e+00
2.766845794874580520e+02 9.337032574428670628e+00
2.766222328524580121e+02 9.337032574428670628e+00
2.765598862134580145e+02 9.337032574428670628e+00
2.764975395694579561e+02 9.337032574428670628e+00
2.764351929224580431e+02 9.337032574428670628e+00
2.763728462724580481e+02 9.337032574428670628e+00
2.763104996204579606e+02 9.337032574428670628e+00
2.762481529664580080e+02 9.337032574428670628e+00
2.761858063124580553e+02 9.337032574428670628e+00
2.761234596584579890e+02 9.337032574428670628e+00
2.760611130054580258e+02 9.337032574428670628e+00
2.759987663554580308e+02 9.337032574428670628e+00
2.759364197074580147e+02 9.337032574428670628e+00
2.758740730644580594e+02 9.337032574428670628e+00
2.758117264264580513e+02 9.337032574428670628e+00
2.757493799254579585e+02 9.337032574428670628e+00
2.756870333174579741e+02 9.337032574428670628e+00
2.756246867204579871e+02 9.337032574428670628e+00
2.755623401354579869e+02 9.337032574428670628e+00
2.754999935634579629e+02 9.337032574428670628e+00
2.754376470084579864e+02 9.337032574428670628e+00
2.753753004694579545e+02 9.337032574428670628e+00
2.753129539494579490e+02 9.337032574428670628e+00
2.752506074514580519e+02 9.337032574428670628e+00
2.751882609764580252e+02 9.337032574428670628e+00
2.751258703124579483e+02 9.337032574428670628e+00
2.750635224684579612e+02 9.337032574428670628e+00
2.750011746034579687e+02 9.337032574428670628e+00
2.749388267194579498e+02 9.337032574428670628e+00
2.748764788164580182e+02 9.337032574428670628e+00
2.748141308954580495e+02 9.337032574428670628e+00
2.747517829554580544e+02 9.337032574428670628e+00
2.746894349974580223e+02 9.337032574428670628e+00
2.746270870234580457e+02 9.337032574428670628e+00
2.745647390314580321e+02 9.337032574428670628e+00
2.745023910244579497e+02 9.337032574428670628e+00
2.744400430024580260e+02 9.337032574428670628e+00
2.743776949654580335e+02 9.337032574428670628e+00
2.743153469144579617e+02 9.337032574428670628e+00
2.742529988504580274e+02 9.337032574428670628e+00
2.741906507734580032e+02 9.337032574428670628e+00
2.741283026864579710e+02 9.337032574428670628e+00
2.740659545874579521e+02 9.337032574428670628e+00
2.740036064794580284e+02 9.337032574428670628e+00
2.739412583624579725e+02 9.337032574428670628e+00
2.738789102384579905e+02 9.337032574428670628e+00
2.738165621074579690e+02 9.337032574428670628e+00
2.737542139724579897e+02 9.337032574428670628e+00
2.736918658324579496e+02 9.337032574428670628e+00
2.736295176894580550e+02 9.337032574428670628e+00
2.735671695444579541e+02 9.337032574428670628e+00
2.735048214004579563e+02 9.337032574428670628e+00
2.734424732574579480e+02 9.337032574428670628e+00
2.733801251184580110e+02 9.337032574428670628e+00
2.733177769824580423e+02 9.337032574428670628e+00
2.732554288534579996e+02 9.337032574428670628e+00
2.731930807314579965e+02 9.337032574428670628e+00
2.731307326194580014e+02 9.337032574428670628e+00
2.730683845184580036e+02 9.337032574428670628e+00
2.730060364304579821e+02 9.337032574428670628e+00
2.729436883574580293e+02 9.337032574428670628e+00
2.728813403004580209e+02 9.337032574428670628e+00
2.728189922604579465e+02 9.337032574428670628e+00
2.727566442404580016e+02 9.337032574428670628e+00
2.726942962404579589e+02 9.337032574428670628e+00
2.726319482614580352e+02 9.337032574428670628e+00
2.725696003044579925e+02 9.337032574428670628e+00
2.725072523704580476e+02 9.337032574428670628e+00
2.724449044564580049e+02 9.337032574428670628e+00
2.723825565634579675e+02 9.337032574428670628e+00
2.723202086874579777e+02 9.337032574428670628e+00
2.722578608254579535e+02 9.337032574428670628e+00
2.721954642154580029e+02 9.337032574428670628e+00
2.721331187724579763e+02 9.337032574428670628e+00
2.720707733384579683e+02 9.337032574428670628e+00
2.720084712264579707e+02 9.337032574428670628e+00
2.719461246004579493e+02 9.337032574428670628e+00
2.718837780124579808e+02 9.337032574428670628e+00
2.718214314614579621e+02 9.337032574428670628e+00
2.717590849454580280e+02 9.337032574428670628e+00
2.716967384654580542e+02 9.337032574428670628e+00
2.716343920204580513e+02 9.337032574428670628e+00
2.715720456094580300e+02 9.337032574428670628e+00
2.715096992314580007e+02 9.337032574428670628e+00
2.714473528864579635e+02 9.337032574428670628e+00
2.713850065734580426e+02 9.337032574428670628e+00
2.713226602914580212e+02 9.337032574428670628e+00
2.712603140404580131e+02 9.337032574428670628e+00
2.711979678204580182e+02 9.337032574428670628e+00
2.711356216294580577e+02 9.337032574428670628e+00
2.710732754674580178e+02 9.337032574428670628e+00
2.710109293334580229e+02 9.337032574428670628e+00
2.709485832274579593e+02 9.337032574428670628e+00
2.708862371494580543e+02 9.337032574428670628e+00
2.708238910974579881e+02 9.337032574428670628e+00
2.707615450724579773e+02 9.337032574428670628e+00
2.706991990724580432e+02 9.337032574428670628e+00
2.706368530984579479e+02 9.337032574428670628e+00
2.705745071484580535e+02 9.337032574428670628e+00
2.705121612224580190e+02 9.337032574428670628e+00
2.704498153204579580e+02 9.337032574428670628e+00
2.703874694414579949e+02 9.337032574428670628e+00
2.703251235844580265e+02 9.337032574428670628e+00
2.702627777504580422e+02 9.337032574428670628e+00
2.702004319374579495e+02 9.337032574428670628e+00
2.701380861464579652e+02 9.337032574428670628e+00
2.700757403754579968e+02 9.337032574428670628e+00
2.700133946254580337e+02 9.337032574428670628e+00
2.699510488954579728e+02 9.337032574428670628e+00
2.698887031844580520e+02 9.337032574428670628e+00
2.698263574924580439e+02 9.337032574428670628e+00
2.697640118194579486e+02 9.337032574428670628e+00
2.697016661644580040e+02 9.337032574428670628e+00
2.696393205274579827e+02 9.337032574428670628e+00
2.695769749074580091e+02 9.337032574428670628e+00
2.695146293044579693e+02 9.337032574428670628e+00
2.694522837184579771e+02 9.337032574428670628e+00
2.693899381484580431e+02 9.337032574428670628e+00
2.693275925944580536e+02 9.337032574428670628e+00
2.692652470564580085e+02 9.337032574428670628e+00
2.692029015324580428e+02 9.337032574428670628e+00
2.691405560244580215e+02 9.337032574428670628e+00
2.690782105304579659e+02 9.337032574428670628e+00
2.690158650504579896e+02 9.337032574428670628e+00
2.689535195844579789e+02 9.337032574428670628e+00
2.688911741324580476e+02 9.337032574428670628e+00
2.688288286934579787e+02 9.337032574428670628e+00
2.687664832664580103e+02 9.337032574428670628e+00
2.687041378534580076e+02 9.337032574428670628e+00
2.686417924514580022e+02 9.337032574428670628e+00
2.685794470624579731e+02 9.337032574428670628e+00
2.685171016844580549e+02 9.337032574428670628e+00
2.684547563174580205e+02 9.337032574428670628e+00
2.683924109624579728e+02 9.337032574428670628e+00
2.683300656174580467e+02 9.337032574428670628e+00
2.682677202844579938e+02 9.337032574428670628e+00
2.682053749604579593e+02 9.337032574428670628e+00
2.681430296474580359e+02 9.337032574428670628e+00
2.680806843434580173e+02 9.337032574428670628e+00
2.680183390494580067e+02 9.337032574428670628e+00
2.679559937654580040e+02 9.337032574428670628e+00
2.678936484894580303e+02 9.337032574428670628e+00
2.678313032234579509e+02 9.337032574428670628e+00
2.677689579654580143e+02 9.337032574428670628e+00
2.677066127164579825e+02 9.337032574428670628e+00
2.676442674754579798e+02 9.337032574428670628e+00
2.675819222424580062e+02 9.337032574428670628e+00
2.675195770174579479e+02 9.337032574428670628e+00
2.674572317994580430e+02 9.337032574428670628e+00
2.673948865894580535e+02 9.337032574428670628e+00
2.673325413864579900e+02 9.337032574428670628e+00
2.672701961914579556e+02 9.337032574428670628e+00
2.672078510024579714e+02 9.337032574428670628e+00
2.671455059454579555e+02 9.337032574428670628e+00
2.670831607554579818e+02 9.337032574428670628e+00
2.670208155734580373e+02 9.337032574428670628e+00
2.669584703974580293e+02 9.337032574428670628e+00
2.668961252284579473e+02 9.337032574428670628e+00
2.668337800664580186e+02 9.337032574428670628e+00
2.667714349114580159e+02 9.337032574428670628e+00
2.667090897624579497e+02 9.337032574428670628e+00
2.666467446204580369e+02 9.337032574428670628e+00
2.665843994844579470e+02 9.337032574428670628e+00
2.665220543544580210e+02 9.337032574428670628e+00
2.664597092294580420e+02 9.337032574428670628e+00
2.663973641114579891e+02 9.337032574428670628e+00
2.663350189984579970e+02 9.337032574428670628e+00
2.662726738904579520e+02 9.337032574428670628e+00
2.662103287874579678e+02 9.337032574428670628e+00
2.661479836894580444e+02 9.337032574428670628e+00
2.660856385964579545e+02 9.337032574428670628e+00
2.660232935064579465e+02 9.337032574428670628e+00
2.659609484204580099e+02 9.337032574428670628e+00
2.658986033374580416e+02 9.337032574428670628e+00
2.658362582564580521e+02 9.337032574428670628e+00
2.657739131804580097e+02 9.337032574428670628e+00
2.657115681054579568e+02 9.337032574428670628e+00
2.656492230314580070e+02 9.337032574428670628e+00
2.655868779584580466e+02 9.337032574428670628e+00
2.655245328854579725e+02 9.337032574428670628e+00
2.654621878114580227e+02 9.337032574428670628e+00
2.653998427364579697e+02 9.337032574428670628e+00
2.653374976594580517e+02 9.337032574428670628e+00
2.652751525794580516e+02 9.337032574428670628e+00
2.652128074954579802e+02 9.337032574428670628e+00
2.651504624064579616e+02 9.337032574428670628e+00
2.650881174644579801e+02 9.337032574428670628e+00
2.650257724024580170e+02 9.337032574428670628e+00
2.649634273404580540e+02 9.337032574428670628e+00
2.649010822774579879e+02 9.337032574428670628e+00
2.648387372124580565e+02 9.337032574428670628e+00
2.647763921454580327e+02 9.337032574428670628e+00
2.647140470754580406e+02 9.337032574428670628e+00
2.646517020044580590e+02 9.337032574428670628e+00
2.645893569284580167e+02 9.337032574428670628e+00
2.645270118484580166e+02 9.337032574428670628e+00
2.644646667634579558e+02 9.337032574428670628e+00
2.644411238814580543e+02 9.384239697428663263e+00
2.644289803804579719e+02 9.445390697428658555e+00
2.644167539944580199e+02 9.506525104428684259e+00
2.644044452744580553e+02 9.567642988428682216e+00
2.643920547794579647e+02 9.628744349428680849e+00
2.643795830584579676e+02 9.689829185428672886e+00
2.643670306554579952e+02 9.750897497428676175e+00
2.643543981074580529e+02 9.811949286428680139e+00
2.643416859434580033e+02 9.872984553428674204e+00
2.643288946854580104e+02 9.934003300428665639e+00
2.643160248504579499e+02 9.995005531428668988e+00
2.643030769474580097e+02 1.005599124842866310e+01
2.642900515134579678e+02 1.011696029342867043e+01
2.642769489874579563e+02 1.017791294842866456e+01
2.642637698844579859e+02 1.023884909342866401e+01
2.642505146884580540e+02 1.029976873542867999e+01
2.642371838784579836e+02 1.036067187942865964e+01
2.642237779254580232e+02 1.042155852942867433e+01
2.642102972954580196e+02 1.048242869342866790e+01
2.641967424494579859e+02 1.054328237742866214e+01
2.641831138404580201e+02 1.060411958742867888e+01
2.641694119174580351e+02 1.066494033242867978e+01
2.641556371234580070e+02 1.072574461842865823e+01
2.641417898954579755e+02 1.078653245342867173e+01
2.641278706664580227e+02 1.084730384642868195e+01
2.641138798614579741e+02 1.090805880642867898e+01
2.640998179034580176e+02 1.096879734042867405e+01
2.640856852054579917e+02 1.102951945942866452e+01
2.640714821814579523e+02 1.109022517042866163e+01
2.640572092344579573e+02 1.115091448542868058e+01
2.640428667674579515e+02 1.121158741142867576e+01
2.640284551734579850e+02 1.127224396042866239e+01
2.640139748454579944e+02 1.133288414142865896e+01
2.639994261674580116e+02 1.139350796542866284e+01
2.639848095214579757e+02 1.145411544042867469e+01
2.639701252834580032e+02 1.151470657942867071e+01
2.639553738254580253e+02 1.157528139042867998e+01
2.639405555144580262e+02 1.163583988642867872e+01
2.639256707134580324e+02 1.169638207642865702e+01
2.639107197784580308e+02 1.175690797142866906e+01
2.638957030654580080e+02 1.181741758242868379e+01
2.638806209234580251e+02 1.187791092042867014e+01
2.638654736964579683e+02 1.193838799542866447e+01
2.638502617244579938e+02 1.199884881842866413e+01
2.638349853454580511e+02 1.205929340142868433e+01
2.638196448914580401e+02 1.211972175342865832e+01
2.638042406894580267e+02 1.218013388542866871e+01
2.637887730654579741e+02 1.224052980942867386e+01
2.637732423374580435e+02 1.230090953542868171e+01
2.637576488224579521e+02 1.236127307442866119e+01
2.637419928334580277e+02 1.242162043742866651e+01
2.637262746774579796e+02 1.248195163342865932e+01
2.637104946594579928e+02 1.254226667442868326e+01
2.636946530794579644e+02 1.260256557042866099e+01
2.636787502354580397e+02 1.266284833242867514e+01
2.636627864194579729e+02 1.272311496942865894e+01
2.636467619214579940e+02 1.278336549342868445e+01
2.636306770274580344e+02 1.284359991442867432e+01
2.636145320194579540e+02 1.290381824142867551e+01
2.635983271754579960e+02 1.296402048542865693e+01
2.635820627704579806e+02 1.302420665742867278e+01
2.635657390774579767e+02 1.308437676542866690e+01
2.635493563634580028e+02 1.314453082142868290e+01
2.635329148934579848e+02 1.320466883442868244e+01
2.635164149274580154e+02 1.326479081442867347e+01
2.634998567244579704e+02 1.332489677242868176e+01
2.634832405384580056e+02 1.338498671742866897e+01
2.634665666204579679e+02 1.344506065942867146e+01
2.634498352184579630e+02 1.350511860742867931e+01
2.634330465764580254e+02 1.356516057242866147e+01
2.634162009364579831e+02 1.362518656542867213e+01
2.633992985354580583e+02 1.368519659442868353e+01
2.633823396084580395e+02 1.374519067042866460e+01
2.633653243874579744e+02 1.380516880342868014e+01
2.633482531014580559e+02 1.386513100242866336e+01
2.633311259734579721e+02 1.392507727842866849e+01
2.633139432284579584e+02 1.398500764142867503e+01
2.632967051264579936e+02 1.404492195242867503e+01
2.632794118134580117e+02 1.410482046642867182e+01
2.632620635334580470e+02 1.416470308542867862e+01
2.632446604964580388e+02 1.422456981542866039e+01
2.632272029124580399e+02 1.428442066642868191e+01
2.632096909834579606e+02 1.434425564442867973e+01
2.631921249124580413e+02 1.440407475642866508e+01
2.631745048984579967e+02 1.446387801042866705e+01
2.631568311374580276e+02 1.452366541242867903e+01
2.631391038214580362e+02 1.458343696842866599e+01
2.631213231434580280e+02 1.464319268442867816e+01
2.631034892894579684e+02 1.470293256542866267e+01
2.630856024444579475e+02 1.476265661642868032e+01
2.630676627924579520e+02 1.482236484042867097e+01
2.630496705124580217e+02 1.488205724142867759e+01
2.630316257804580005e+02 1.494173382242866843e+01
2.630135287734579492e+02 1.500139458342867194e+01
2.629953796614580028e+02 1.506103952742868479e+01
2.629771786154580582e+02 1.512066865342866073e+01
2.629589258014579514e+02 1.518028196342866387e+01
2.629406213824580050e+02 1.523987945942867306e+01
2.629222655194579943e+02 1.529946114642866384e+01
2.629038583664579960e+02 1.535902703342868314e+01
2.628854000744580048e+02 1.541857714242866884e+01
2.628668907814580393e+02 1.547811151742866720e+01
2.628483306134580175e+02 1.553763023442867031e+01
2.628297196744579765e+02 1.559713343942866892e+01
2.628110580234579743e+02 1.565662139442867762e+01
2.627923456504580031e+02 1.571609458142865812e+01
2.627735824064580470e+02 1.577555390742868191e+01
2.627547679064579711e+02 1.583500099642868442e+01
2.627359011854579762e+02 1.589443928142868323e+01
2.627169861704580285e+02 1.595385679042866833e+01
2.626980263864580252e+02 1.601324294742867593e+01
2.626790167764580133e+02 1.607261405142868327e+01
2.626599574994580166e+02 1.613196998242868219e+01
2.626408487084580088e+02 1.619131063442868523e+01
2.626216905654579818e+02 1.625063587142868116e+01
2.626024831684580363e+02 1.630994573842867723e+01
2.625832266894580584e+02 1.636924005142865823e+01
2.625639212474580404e+02 1.642851878042868563e+01
2.625445669604579848e+02 1.648778189042867481e+01
2.625251639424580503e+02 1.654702934642868328e+01
2.625057123564579911e+02 1.660626096742866409e+01
2.624862122524579604e+02 1.666547689442866087e+01
2.624666637624580403e+02 1.672467702742867957e+01
2.624470669874579585e+02 1.678386133442866068e+01
2.624274220294580005e+02 1.684302978742867296e+01
2.624077289844579468e+02 1.690218235842867145e+01
2.623879879474580434e+02 1.696131902242866474e+01
2.623681990084580207e+02 1.702043975442866142e+01
2.623483622554579711e+02 1.707954453142867735e+01
2.623284777734580189e+02 1.713863333142866097e+01
2.623085456434579896e+02 1.719770612942867771e+01
2.622885659454579468e+02 1.725676290442866545e+01
2.622685387554579961e+02 1.731580363542867573e+01
2.622484641464580477e+02 1.737482829842867815e+01
2.622283421884580434e+02 1.743383687142867799e+01
2.622081729514580388e+02 1.749282933342866997e+01
2.621879564984580497e+02 1.755180565942866266e+01
2.621676928924579784e+02 1.761076582842867921e+01
2.621473821924579966e+02 1.766970981542867136e+01
2.621270244564580594e+02 1.772863759742868339e+01
2.621066197374579474e+02 1.778754914842867763e+01
2.620861680864580308e+02 1.784644444442868050e+01
2.620656695524580186e+02 1.790532345842866491e+01
2.620451241804580036e+02 1.796418616542866786e+01
2.620245320134579856e+02 1.802303253742867284e+01
2.620038930914579964e+02 1.808186254542867388e+01
2.619832074514579858e+02 1.814067616242867231e+01
2.619624751284580384e+02 1.819947335742868333e+01
2.619416961524579506e+02 1.825825410142867256e+01
2.619208705524579841e+02 1.831701836142867634e+01
2.618999983544579777e+02 1.837576610542866362e+01
2.618790795804580398e+02 1.843449730042867074e+01
2.618581142494579694e+02 1.849321191342867721e+01
2.618371023794580310e+02 1.855190990742867641e+01
2.618160439824579839e+02 1.861059124742866899e+01
2.617949390694580529e+02 1.866925589542865893e+01
2.617737876474580503e+02 1.872790381442866803e+01
2.617525897214580368e+02 1.878653496342867513e+01
2.617313452904580231e+02 1.884514930242867692e+01
2.617100543544580091e+02 1.890374679042868067e+01
2.616887169064579552e+02 1.896232738342866853e+01
2.616673329374579566e+02 1.902089103742867948e+01
2.616459024344580371e+02 1.907943770842866726e+01
2.616244253844579930e+02 1.913796734842868474e+01
2.616029017654580571e+02 1.919647991042866053e+01
2.615813315554580072e+02 1.925497534542868650e+01
2.615597147284580046e+02 1.931345360142865886e+01
2.615380512544580256e+02 1.937191462842868006e+01
2.615163411004579643e+02 1.943035837142867805e+01
2.614945842274580059e+02 1.948878477742867332e+01
2.614727805954580049e+02 1.954719378942867181e+01
2.614509301594579824e+02 1.960558534942866160e+01
2.614290328694580126e+02 1.966395939942865922e+01
2.614070886724579736e+02 1.972231587742866665e+01
2.613850975114580137e+02 1.978065472142868586e+01
2.613630593254579821e+02 1.983897586942866198e+01
2.613409740474580190e+02 1.989727925342866044e+01
2.613188416084580581e+02 1.995556480842868652e+01
2.612966619334579832e+02 2.001383246542867411e+01
2.612744349424579582e+02 2.007208215242867411e+01
2.612521605524579513e+02 2.013031379942865939e+01
2.612298386744579943e+02 2.018852733142868416e+01
2.612074692144580581e+02 2.024672267442867835e+01
2.611850520744580422e+02 2.030489974842866374e+01
2.611625871494580338e+02 2.036305847642865885e+01
2.611400743314580382e+02 2.042119877842868547e+01
2.611175135054580210e+02 2.047932057042866560e+01
2.610949045504580113e+02 2.053742376942868120e+01
2.610722473414579667e+02 2.059550828842868597e+01
2.610495417454580434e+02 2.065357404042866207e+01
2.610267876244579952e+02 2.071162093542868021e+01
2.610040010144579696e+02 2.076960776242865947e+01
2.609811501814579628e+02 2.082761480242866625e+01
2.609582504214579899e+02 2.088560259042868594e+01
2.609353015734580481e+02 2.094357102142866367e+01
2.609123034704579709e+02 2.100151998742866155e+01
2.608892559394579962e+02 2.105944937442866305e+01
2.608661587994579918e+02 2.111735907142867674e+01
2.608430118624580132e+02 2.117524895942868213e+01
2.608198149314579837e+02 2.123311892042867655e+01
2.607965678034580037e+02 2.129096883242867122e+01
2.607732702654580521e+02 2.134879857242865953e+01
2.607499220984580575e+02 2.140660801242865929e+01
2.607265230724579510e+02 2.146439702342867051e+01
2.607030729174579733e+02 2.152216555042867796e+01
2.606795714644579789e+02 2.157991326842867963e+01
2.606560184004579810e+02 2.163764017342866097e+01
2.606324134574579716e+02 2.169534612842867816e+01
2.606087563584580380e+02 2.175303098742868357e+01
2.605850468164580320e+02 2.181069460142866134e+01
2.605612845364580039e+02 2.186833681242866234e+01
2.605374692134579959e+02 2.192595745042866540e+01
2.605136004324579631e+02 2.198355658242867250e+01
2.604896779594579925e+02 2.204113380542868228e+01
2.604657014014580341e+02 2.209868906442867953e+01
2.604416703964580506e+02 2.215622219342868604e+01
2.604175845744579760e+02 2.221373301042866544e+01
2.603934435724580112e+02 2.227122127842867982e+01
2.603692470544579578e+02 2.232868665542867959e+01
2.603449947674579903e+02 2.238612856842867060e+01
2.603206868114579606e+02 2.244354556942867518e+01
2.602963237214580090e+02 2.250093516142866790e+01
2.602718913124579672e+02 2.255832935342867174e+01
2.602474110124580307e+02 2.261567644142867195e+01
2.602228756914580003e+02 2.267299186542866707e+01
2.601983203094579835e+02 2.273019292842867500e+01
2.601736663564579999e+02 2.278746102742867308e+01
2.601489528684580250e+02 2.284470355242866546e+01
2.601241793004580245e+02 2.290192018242866467e+01
2.600993450834579903e+02 2.295911058342867861e+01
2.600744496884580599e+02 2.301627427142868143e+01
2.600494923924580348e+02 2.307341113942866784e+01
2.600244726104579627e+02 2.313052070142866157e+01
2.599993896824580020e+02 2.318760256842868372e+01
2.599742429204580390e+02 2.324465634042867279e+01
2.599490316104580074e+02 2.330168159942867234e+01
2.599237550104580237e+02 2.335867791542868233e+01
2.598984123454579844e+02 2.341564483742866898e+01
2.598730028104579901e+02 2.347258189942867190e+01
2.598475082064580306e+02 2.352952733142866393e+01
2.598219639994579779e+02 2.358639947242867763e+01
2.597963501954580465e+02 2.364324048542867374e+01
2.597706658464580300e+02 2.370004981842866343e+01
2.597449099584579812e+02 2.375682689742866316e+01
2.597190814974580348e+02 2.381357112142866228e+01
2.596931793814580374e+02 2.387028186642866601e+01
2.596672024784580231e+02 2.392695847942867360e+01
2.596411496044580076e+02 2.398360028042868564e+01
2.596150195204580200e+02 2.404020655442867493e+01
2.595888109274580415e+02 2.409677655842868305e+01
2.595625224654580165e+02 2.415330951042868080e+01
2.595361526544580215e+02 2.420980469942868396e+01
2.595097001034579876e+02 2.426626104042868448e+01
2.594831631774580387e+02 2.432267775342866045e+01
2.594565402184579739e+02 2.437905389542866530e+01
2.594298294834580361e+02 2.443538846642867313e+01
2.594030291334580056e+02 2.449168041842868249e+01
2.593761372304580277e+02 2.454792864142866549e+01
2.593491673034580458e+02 2.460409959842867167e+01
2.593220838454580530e+02 2.466026147042866157e+01
2.592949025574579878e+02 2.471637540542867484e+01
2.592676210074579899e+02 2.477244003642867298e+01
2.592402366174580379e+02 2.482845391142866376e+01
2.592127466504579729e+02 2.488441548142868598e+01
2.591851481954579981e+02 2.494032309542866344e+01
2.591574381554580100e+02 2.499617498842867391e+01
2.591296132294580161e+02 2.505196926642868149e+01
2.591016698914580161e+02 2.510770390142867470e+01
2.590736043404579618e+02 2.516337676942866253e+01
2.590454126194579771e+02 2.521898535442867839e+01
2.590170903184579743e+02 2.527452726042868036e+01
2.589886327864580267e+02 2.532999970442868332e+01
2.589600350114580465e+02 2.538539967242867235e+01
2.589312915194580569e+02 2.544072399142866558e+01
2.589023964674580043e+02 2.549596903642868639e+01
2.588733434524579593e+02 2.555113095142867152e+01
2.588441255134579819e+02 2.560620547442867334e+01
2.588147351084580237e+02 2.566118779942867079e+01
2.587851637514580148e+02 2.571607302742865997e+01
2.587554024294580017e+02 2.577085511942867058e+01
2.587254408044580600e+02 2.582552805342866620e+01
2.586952676804580165e+02 2.588008460142865985e+01
2.586648706814580123e+02 2.593451645842868558e+01
2.586342356784579692e+02 2.598881472742867160e+01
2.586033470494580229e+02 2.604296878842866292e+01
2.585721868854580521e+02 2.609696686042867597e+01
2.585407348384580359e+02 2.615079524042867476e+01
2.585089675434580272e+02 2.620443797642867523e+01
2.584768579524580332e+02 2.625787632542867911e+01
2.584443744704580581e+02 2.631108802642865996e+01
2.584114797964579680e+02 2.636404632142868465e+01
2.583781293714579874e+02 2.641671859342867990e+01
2.583442692864579726e+02 2.646906434642867723e+01
2.583098329784580187e+02 2.652103279742867059e+01
2.582747372544579889e+02 2.657255792142866468e+01
2.582388764464580504e+02 2.662355316542867101e+01
2.582028319834579975e+02 2.667441934842868179e+01
2.581671260644580457e+02 2.672552369542865947e+01
2.581317713464580379e+02 2.677687232542866624e+01
2.580967818914579652e+02 2.682847056342866310e+01
2.580621722434579510e+02 2.688032435442867651e+01
2.580279578084579839e+02 2.693243980642868607e+01
2.579941549314580129e+02 2.698482318942866343e+01
2.579607809684579820e+02 2.703748093642867545e+01
2.579278543714579541e+02 2.709041963742866344e+01
2.578953947784579555e+02 2.714364603742866322e+01
2.578634231164580228e+02 2.719716702242866901e+01
2.578319617044580241e+02 2.725098961142866116e+01
2.578010343784580414e+02 2.730512093342867885e+01
2.577706666174579482e+02 2.735956821442867337e+01
2.577408856894580254e+02 2.741433873842866475e+01
2.577117208064580041e+02 2.746943981742866114e+01
2.576832032944579964e+02 2.752487874242866539e+01
2.576553667834579642e+02 2.758066272542866315e+01
2.576282474044580226e+02 2.763679883142865989e+01
2.576018840184579517e+02 2.769329388242867296e+01
2.575763184524579970e+02 2.775015435742868064e+01
2.575515957584579496e+02 2.780738625042867440e+01
2.575277644954580296e+02 2.786499491342867074e+01
2.575048770234580502e+02 2.792298485642866623e+01
2.574829762424580508e+02 2.798139672442867365e+01
2.574621515624580184e+02 2.804015653842868616e+01
2.574424537334579668e+02 2.809930348142865952e+01
2.574239535854580367e+02 2.815883573642868143e+01
2.574067273924579808e+02 2.821874884642867798e+01
2.573908571774580309e+02 2.827903511442867668e+01
2.573764309534580548e+02 2.833968291042866028e+01
2.573635428964580001e+02 2.840067586342867045e+01
2.573522933904579872e+02 2.846199193242867054e+01
2.573427889044580184e+02 2.852360234942866768e+01
2.573351416454580090e+02 2.858547046042867734e+01
2.573294688964579677e+02 2.864755046042867193e+01
2.573258919844579964e+02 2.870978608142867117e+01
