1.521196354054580411e+02 3.200063897142866409e+01
1.522585583624580181e+02 3.200310797042866540e+01
1.523974814014580375e+02 3.200557238242867442e+01
1.525364045214579960e+02 3.200803220342866240e+01
1.526753277234579969e+02 3.201048743242866834e+01
1.528142510064580506e+02 3.201293806642866713e+01
1.529531743684579510e+02 3.201538410342866570e+01
1.530920978134579968e+02 3.201782553942866372e+01
1.532310213384579924e+02 3.202026237342867176e+01
1.533699449454580304e+02 3.202269460142867530e+01
1.535088686324580181e+02 3.202512222142866705e+01
1.536477924004580586e+02 3.202754523142866816e+01
1.537867162484580490e+02 3.202996362842866773e+01
1.539256401774579786e+02 3.203237740942866907e+01
1.540645641864579716e+02 3.203478657242866490e+01
1.542034882754580281e+02 3.203719111442867273e+01
1.543424124444580343e+02 3.203959103342867110e+01
1.544813366944579798e+02 3.204198632542867387e+01
1.546202610234579993e+02 3.204437698942866319e+01
1.547591854334579580e+02 3.204676302142866717e+01
1.548981099224579907e+02 3.204914441942866432e+01
1.550370344914579732e+02 3.205152118042867215e+01
1.551759591394580298e+02 3.205389330242866919e+01
1.553148838674580361e+02 3.205626078142866930e+01
1.554538086744580028e+02 3.205862361642866887e+01
1.555927335614580329e+02 3.206098180342866755e+01
1.557316585264580340e+02 3.206333534042867228e+01
1.558705835714579848e+02 3.206568422442867217e+01
1.560095086954580097e+02 3.206802845242867051e+01
1.561484338984579949e+02 3.207036802142867060e+01
1.562873591794579511e+02 3.207270292942866519e+01
1.564262845394579813e+02 3.207503317342867177e+01
1.565652099784579718e+02 3.207735875142866888e+01
1.567041354954580470e+02 3.207967965842866676e+01
1.568430610914579688e+02 3.208199589342866176e+01
1.569819867654579753e+02 3.208430745342867141e+01
1.571209125174579526e+02 3.208661433542867059e+01
1.572598383484580040e+02 3.208891653642866260e+01
1.573987642564580369e+02 3.209121405342866495e+01
1.575376902424580408e+02 3.209350688342866675e+01
1.576766163064580155e+02 3.209579502442867494e+01
1.578155424484579612e+02 3.209807847342866438e+01
1.579544686684579915e+02 3.210035722742866682e+01
1.580933948304579530e+02 3.210263128042867464e+01
1.582323211954580415e+02 3.210490063442866671e+01
1.583712476374579978e+02 3.210716528442866746e+01
1.585101741554580599e+02 3.210942522842866964e+01
1.586491007514579792e+02 3.211168046242867291e+01
1.587880274234580043e+02 3.211393098342866637e+01
1.589269541714580214e+02 3.211617678842866752e+01
1.590658809964580200e+02 3.211841787542866911e+01
1.592048078974580108e+02 3.212065424042867079e+01
1.593437348744579936e+02 3.212288588042867588e+01
1.594826619274579684e+02 3.212511279342866288e+01
1.596215890564580491e+02 3.212733497542867411e+01
1.597605162614580081e+02 3.212955242442867387e+01
1.598994435424579592e+02 3.213176513642866183e+01
1.600383708984580267e+02 3.213397310942867335e+01
1.601772983304579725e+02 3.213617633842866184e+01
1.603162258374580347e+02 3.213837482242866628e+01
1.604551534194579858e+02 3.214056855742867214e+01
1.605940810774580427e+02 3.214275754042866851e+01
1.607330088094579992e+02 3.214494176842867290e+01
1.608719366174579477e+02 3.214712123842867442e+01
1.610108644994580231e+02 3.214929594742866215e+01
1.611497924564579876e+02 3.215146589142866418e+01
1.612887204874579652e+02 3.215363106742866961e+01
1.614276485934580592e+02 3.215579147342867117e+01
1.615665767744580421e+02 3.215794710542866852e+01
1.617055050284580489e+02 3.216009796142866861e+01
1.618444333574580583e+02 3.216224403542866384e+01
1.619833617604579672e+02 3.216438532742866840e+01
1.621222902374580030e+02 3.216652183242866414e+01
1.622612187874579490e+02 3.216865354742866856e+01
1.624001474124580113e+02 3.217078046942867076e+01
1.625390761094579943e+02 3.217290259442867040e+01
1.626780048814579800e+02 3.217501992142866385e+01
1.628169337254580000e+02 3.217713244442867193e+01
1.629558626434580333e+02 3.217924016142867316e+01
1.630947916344579767e+02 3.218134306942867084e+01
1.632337206994580470e+02 3.218344116442866465e+01
1.633726498354580485e+02 3.218553444342867209e+01
1.635115790454579496e+02 3.218762290342866805e+01
1.636505083284579882e+02 3.218970654042866641e+01
1.637894376834579475e+02 3.219178535042866685e+01
1.639283671104580549e+02 3.219385933242866571e+01
1.640672966104579586e+02 3.219592848142867325e+01
1.642062261824580105e+02 3.219799279342867493e+01
1.643451558264579830e+02 3.220005226642866347e+01
1.644840855424579900e+02 3.220210689642866697e+01
1.646230153304580313e+02 3.220415668042867452e+01
1.647619451904579932e+02 3.220620161342866794e+01
1.649008751214580002e+02 3.220824169442867202e+01
1.650398051244580415e+02 3.221027691742866494e+01
1.651787351994580035e+02 3.221230728142867150e+01
1.653176653444580211e+02 3.221433278042866988e+01
1.654565955614579593e+02 3.221635341342867065e+01
1.655955258494580562e+02 3.221836917442866621e+01
1.657344562084579707e+02 3.222038006142866351e+01
1.658733866374580543e+02 3.222238607142866584e+01
1.660123171384580587e+02 3.222438719842866561e+01
1.661512477094580049e+02 3.222638344142867339e+01
1.662901783504580067e+02 3.222837479642867464e+01
1.664291090624580534e+02 3.223036125842866539e+01
1.665680398444580419e+02 3.223234282442866316e+01
1.667069706964579723e+02 3.223431949142867126e+01
1.668459016194579476e+02 3.223629125542867513e+01
1.669848326114579891e+02 3.223825811242867445e+01
1.671237636724579829e+02 3.224022005942867253e+01
1.672626948044580217e+02 3.224217709242866903e+01
1.674016260054580130e+02 3.224412920742866362e+01
1.675405572764580597e+02 3.224607640142867382e+01
1.676794886154579558e+02 3.224801866942866724e+01
1.678184200244580211e+02 3.224995600942866503e+01
1.679573515024580388e+02 3.225188841642866322e+01
1.680962830494580089e+02 3.225381588642867570e+01
1.682352146654580451e+02 3.225573841642866313e+01
1.683741463494580444e+02 3.225765600242866782e+01
1.685130781024579960e+02 3.225956864142866465e+01
1.686520099244580138e+02 3.226147632742867444e+01
1.687909418144579945e+02 3.226337905942866513e+01
1.689298737724580519e+02 3.226527683142867176e+01
1.690688057984579586e+02 3.226716963942866556e+01
1.692077378924580557e+02 3.226905748142866770e+01
1.693466700544580021e+02 3.227094035242867420e+01
1.694856022844580252e+02 3.227281824742866689e+01
1.696245345814580219e+02 3.227469116442866692e+01
1.697634669464579815e+02 3.227655909842867032e+01
1.699023993784580284e+02 3.227842204642866619e+01
1.700413318784580383e+02 3.228028000242867535e+01
1.701802644444580324e+02 3.228213296542866573e+01
1.703191970784579894e+02 3.228398092842866873e+01
1.704581297784580443e+02 3.228582388942866288e+01
1.705970625454579590e+02 3.228766184242866899e+01
1.707359953794579610e+02 3.228949478542866558e+01
1.708749282794579472e+02 3.229132271442866653e+01
1.710138612464580206e+02 3.229314562342866424e+01
1.711527942794579644e+02 3.229496350942866201e+01
1.712917273784580061e+02 3.229677636842867372e+01
1.714306605434580320e+02 3.229858419642867062e+01
1.715695937744580419e+02 3.230038698842866296e+01
1.717085270714580361e+02 3.230218474142866825e+01
1.718474604334580249e+02 3.230397745042866831e+01
1.719863938614579979e+02 3.230576511142866281e+01
1.721253273524579868e+02 3.230754771942866199e+01
1.722642609114580523e+02 3.230932527242867280e+01
1.724031945344580095e+02 3.231109776342866979e+01
1.725421282234579508e+02 3.231286519042867411e+01
1.726810619764580110e+02 3.231462754742866395e+01
1.728199957944579523e+02 3.231638483142867102e+01
1.729589296774580021e+02 3.231813703742866295e+01
1.730978636244580571e+02 3.231988416142866782e+01
1.732367976364579931e+02 3.232162619842866746e+01
1.733757317114580587e+02 3.232336314542866518e+01
1.735146658514580054e+02 3.232509499642866757e+01
1.736536000554579573e+02 3.232682174842866374e+01
1.737925343234580282e+02 3.232854339542867450e+01
1.739314686544580013e+02 3.233025993442867474e+01
1.740704030494579797e+02 3.233197136042867470e+01
1.742093375074579740e+02 3.233367766842867042e+01
1.743482720294579735e+02 3.233537885542866519e+01
1.744872066144579890e+02 3.233707491542866563e+01
1.746261412624580203e+02 3.233876584442867141e+01
1.747650759734579538e+02 3.234045163742866436e+01
1.749040107474580168e+02 3.234213229142866197e+01
1.750429455834579926e+02 3.234380779942866724e+01
1.751818804824579843e+02 3.234547815942867288e+01
1.753208154434580024e+02 3.234714336442866767e+01
1.754597504674580364e+02 3.234880341142866911e+01
1.755986855524579937e+02 3.235045829542867324e+01
1.757376207004579669e+02 3.235210801142866188e+01
1.758765559104579665e+02 3.235375255442867370e+01
1.760154911814580032e+02 3.235539192042866574e+01
1.761544265144579526e+02 3.235702610442866245e+01
1.762933619084580528e+02 3.235865510242866350e+01
1.764322973644579520e+02 3.236027890742867186e+01
1.765712328814580019e+02 3.236189751742866605e+01
1.767101684594579751e+02 3.236351092542866326e+01
1.768491040984579854e+02 3.236511912742866315e+01
1.769880397974580433e+02 3.236672211842866176e+01
1.771269755584580139e+02 3.236831989442867297e+01
1.772659113784580427e+02 3.236991244942867496e+01
1.774048472604579842e+02 3.237149977942866741e+01
1.775437832014579840e+02 3.237308187842867113e+01
1.776827192034580207e+02 3.237465874142866795e+01
1.778216552644580020e+02 3.237623036442867175e+01
1.779605913854580308e+02 3.237779674242866434e+01
1.780995275674579830e+02 3.237935787042867020e+01
1.782384638074580039e+02 3.238091374242866749e+01
1.783774001074579587e+02 3.238246435342866647e+01
1.785163364664579717e+02 3.238400969942866681e+01
1.786552728854580323e+02 3.238554977442867511e+01
1.787942093624580480e+02 3.238708457442866262e+01
1.789331458984580081e+02 3.238861409242867495e+01
1.790720824934580264e+02 3.239013832542867277e+01
1.792110191474579892e+02 3.239165726642867327e+01
1.793499558594580208e+02 3.239317091042867247e+01
1.794888926294580074e+02 3.239467925342867005e+01
1.796278294584580522e+02 3.239618228942867262e+01
1.797667663444579489e+02 3.239768001242867257e+01
1.799057032884580281e+02 3.239917241842866957e+01
1.800446402904579486e+02 3.240065950142867024e+01
1.801835773504580516e+02 3.240214125642867060e+01
1.803225144674580065e+02 3.240361767742866306e+01
1.804614516414580407e+02 3.240508875942867206e+01
1.806003888734580300e+02 3.240655449642867580e+01
1.807393261614579956e+02 3.240801488442867395e+01
1.808782635064580404e+02 3.240946991742867311e+01
1.810172009084580509e+02 3.241091958842866205e+01
1.811561383674580270e+02 3.241236389442867249e+01
1.812950758824579793e+02 3.241380282742867536e+01
1.814340134534580216e+02 3.241523638342867031e+01
1.815729510804580400e+02 3.241666455642866396e+01
1.817118887644580241e+02 3.241808734142866655e+01
1.818508265034579949e+02 3.241950473142866684e+01
1.819897642974579526e+02 3.242091672142867509e+01
1.821287021484579896e+02 3.242232330642867311e+01
1.822676400534580239e+02 3.242372448042866750e+01
1.824065780144580344e+02 3.242512023642867547e+01
1.825455160304580318e+02 3.242651057042866825e+01
1.826844541014580159e+02 3.242789547542866302e+01
1.828233922274579868e+02 3.242927494642867003e+01
1.829623304074579551e+02 3.243064897742866748e+01
1.831012686424580238e+02 3.243201756242866196e+01
1.832402069314579762e+02 3.243338069542867430e+01
1.833791452744580397e+02 3.243473837042866847e+01
1.835180836714579868e+02 3.243609058142866530e+01
1.836570221224580450e+02 3.243743732342867503e+01
1.837959606274579869e+02 3.243877858942867221e+01
1.839348991854580504e+02 3.244011437342866344e+01
1.840738377974579976e+02 3.244144467042867319e+01
1.842127764624579527e+02 3.244276947342866180e+01
1.843517151804580294e+02 3.244408877542867486e+01
1.844906539514580004e+02 3.244540257242866943e+01
1.846295927754579793e+02 3.244671085742866268e+01
1.847685316514579767e+02 3.244801362342867179e+01
1.849074705804579821e+02 3.244931086542866439e+01
1.850464095614580060e+02 3.245060257642867185e+01
1.851853485944580484e+02 3.245188874942866875e+01
1.853242876794579956e+02 3.245316938042866894e+01
1.854632268164579614e+02 3.245444446142867179e+01
1.856021660054580593e+02 3.245571398642866967e+01
1.857411052454579590e+02 3.245697794842866557e+01
1.858800445364580014e+02 3.245823634242866973e+01
1.860189838794579487e+02 3.245948916042866728e+01
1.861579232724580493e+02 3.246073639742866845e+01
1.862968627174580547e+02 3.246197804542867260e+01
1.864358022124579861e+02 3.246321409942867575e+01
1.865747417584579466e+02 3.246444455142866303e+01
1.867136813544579468e+02 3.246566939642867311e+01
1.868526210004579866e+02 3.246688862642866269e+01
1.869915606964579524e+02 3.246810223542866680e+01
1.871305004424579579e+02 3.246931021742866363e+01
1.872694402384580030e+02 3.247051256342866310e+01
1.874083800834579847e+02 3.247170926942866487e+01
1.875473199784580061e+02 3.247290032642866464e+01
1.876862599224579640e+02 3.247408572942867266e+01
1.878251999154579721e+02 3.247526547042867406e+01
1.879641399564580411e+02 3.247643954342867545e+01
1.881030800474580360e+02 3.247760794042866195e+01
1.882420201854579886e+02 3.247877065442866495e+01
1.883809603734579809e+02 3.247992768042866629e+01
1.885199006084580446e+02 3.248107900942867587e+01
1.886588408914580555e+02 3.248222463542867189e+01
1.887977812234580028e+02 3.248336455042866788e+01
1.889367216014580322e+02 3.248449874842867047e+01
1.890756620284579981e+02 3.248562722242866840e+01
1.892146025014580459e+02 3.248674996342867161e+01
1.893535430224580409e+02 3.248786696642866190e+01
1.894924835904579936e+02 3.248897822242866340e+01
1.896314242044580283e+02 3.249008372542866852e+01
1.897703648654580206e+02 3.249118346742866237e+01
1.899093055734579707e+02 3.249227744142866214e+01
1.900482463264580133e+02 3.249336563942866718e+01
1.901871871264580136e+02 3.249444805442866624e+01
1.903261279724579822e+02 3.249552468042866593e+01
1.904650688634580433e+02 3.249659550742867253e+01
1.906040098004579590e+02 3.249766052942866423e+01
1.907429507824579673e+02 3.249871973842866879e+01
1.908818918104580575e+02 3.249977312642867133e+01
1.910208328824580235e+02 3.250082068742866426e+01
1.911597739994579683e+02 3.250186241142866805e+01
1.912987151614580057e+02 3.250289829242867512e+01
1.914376563674580325e+02 3.250392832242867058e+01
1.915765976174580487e+02 3.250495249342866799e+01
1.917155389124580438e+02 3.250597079742866669e+01
1.918544802504580389e+02 3.250698322642866600e+01
1.919934216324580234e+02 3.250798977342866891e+01
1.921323630574580079e+02 3.250899042942867112e+01
1.922713045264579819e+02 3.250998518742867560e+01
1.924102460384579558e+02 3.251097403842866385e+01
1.925491875934580435e+02 3.251195697542866725e+01
1.926881291904580280e+02 3.251293398942866730e+01
1.928270708304580126e+02 3.251390507242866335e+01
1.929660125124580077e+02 3.251487021742867256e+01
1.931049542374580028e+02 3.251582941442867281e+01
1.932438960034580191e+02 3.251678265542866342e+01
1.933828378124580354e+02 3.251772993342867579e+01
1.935217796614579697e+02 3.251867123942866300e+01
1.936607215534580178e+02 3.251960656542866701e+01
1.937996634854579838e+02 3.252053590142866568e+01
1.939386054584579711e+02 3.252145924042866199e+01
1.940775474724579794e+02 3.252237657442866947e+01
1.942164895274580090e+02 3.252328789342866600e+01
1.943554316224579566e+02 3.252419318842867568e+01
1.944943737574580496e+02 3.252509245342866251e+01
1.946333159324579469e+02 3.252598567642866811e+01
1.947722581474579897e+02 3.252687285142867069e+01
1.949112004014579611e+02 3.252775396842866229e+01
1.950501426954579642e+02 3.252862901842866705e+01
1.951890850284580097e+02 3.252949799342867010e+01
1.953280274004579837e+02 3.253036088342866350e+01
1.954669698114580001e+02 3.253121768042867501e+01
1.956059122604579557e+02 3.253206837442866828e+01
1.957448547474579641e+02 3.253291295742867106e+01
1.958837972734580148e+02 3.253375141942867543e+01
1.960227398364580154e+02 3.253458375242866651e+01
1.961616824374579551e+02 3.253540994542867537e+01
1.963006250764579477e+02 3.253622999142866234e+01
1.964395677524580037e+02 3.253704387842866907e+01
1.965785104654580095e+02 3.253785159942867011e+01
1.967174532144579757e+02 3.253865314442867174e+01
1.968563960014579948e+02 3.253944850342866602e+01
1.969953388234579847e+02 3.254023766742866286e+01
1.971342816824580382e+02 3.254102062642866855e+01
1.972732245774580520e+02 3.254179737142866458e+01
1.974121675084580261e+02 3.254256789242867143e+01
1.975511104744579711e+02 3.254333217942866696e+01
1.976900534754580008e+02 3.254409022342867530e+01
1.978289965124579908e+02 3.254484201342867067e+01
1.979679395834579623e+02 3.254558754042866298e+01
1.981068826894580184e+02 3.254632679542866214e+01
1.982458258294580560e+02 3.254705976642866716e+01
1.983847690044579508e+02 3.254778644442867375e+01
1.985237122124579514e+02 3.254850682042866339e+01
1.986626554544580472e+02 3.254922088242866351e+01
1.988015987304580108e+02 3.254992862042866619e+01
1.989405420394579664e+02 3.255063002542866712e+01
1.990794853804580384e+02 3.255132508642866895e+01
1.992184287554579782e+02 3.255201379342866375e+01
1.993573721624580344e+02 3.255269613542866836e+01
1.994963156014579795e+02 3.255337210242867485e+01
1.996352590734580303e+02 3.255404168342867166e+01
1.997742025764579807e+02 3.255470486842866507e+01
1.999131461114580475e+02 3.255536164642867192e+01
2.000520896774580137e+02 3.255601200642866644e+01
2.001910332754579827e+02 3.255665593842866912e+01
2.003299769034579754e+02 3.255729343142866838e+01
2.004689205614579919e+02 3.255792447342866325e+01
2.006078641214580216e+02 3.255854905442867420e+01
2.007468078374579932e+02 3.255916716342867545e+01
2.008857515844579780e+02 3.255977878942866965e+01
2.010246953604579971e+02 3.256038392142867366e+01
2.011636391654580507e+02 3.256098254742867226e+01
2.013025830004580143e+02 3.256157465642866811e+01
2.014415268634580229e+02 3.256216023742866383e+01
2.015804707554579522e+02 3.256273927942866209e+01
2.017194146754580402e+02 3.256331176942867245e+01
2.018583586234580594e+02 3.256387769842866220e+01
2.019973025994580098e+02 3.256443705242866571e+01
2.021362466024580158e+02 3.256498982042867141e+01
2.022751906334579530e+02 3.256553599142866773e+01
2.024141346914580595e+02 3.256607555242866425e+01
2.025530787754580047e+02 3.256660849242866362e+01
2.026920228864580054e+02 3.256713479942866485e+01
2.028309670234579585e+02 3.256765446142866693e+01
2.029699111864579777e+02 3.256816746642866889e+01
2.031088553744579599e+02 3.256867380242866972e+01
2.032477995884580082e+02 3.256917345642866479e+01
2.033867438284580089e+02 3.256966641642866733e+01
2.035256880914579938e+02 3.257015266942867271e+01
2.036646323804580447e+02 3.257063220442866935e+01
2.038035766934579556e+02 3.257110500842866685e+01
2.039425210294579642e+02 3.257157106842867478e+01
2.040814653904580496e+02 3.257203037242866372e+01
2.042204097744580054e+02 3.257248290742867169e+01
2.043593541814580590e+02 3.257292865942866200e+01
2.044982986114579830e+02 3.257336761742866571e+01
2.046372430634580155e+02 3.257379976642867092e+01
2.047761875384580321e+02 3.257422509542866607e+01
2.049151320344580540e+02 3.257464358942866767e+01
2.050540765534580601e+02 3.257505523742866416e+01
2.051930210934579577e+02 3.257546002342866842e+01
2.053319656544579743e+02 3.257585793642866889e+01
2.054709102354580068e+02 3.257624896142866788e+01
2.056098548374580446e+02 3.257663308642866440e+01
2.057487994604579740e+02 3.257701029542867133e+01
2.058877441024580435e+02 3.257738057742866289e+01
2.060266884194580257e+02 3.257774391542866255e+01
2.061656331004580238e+02 3.257810029842867294e+01
2.063045778004580484e+02 3.257844971242867160e+01
2.064435225194579857e+02 3.257879214142867141e+01
2.065824672564579600e+02 3.257912757242866775e+01
2.067214120114579714e+02 3.257945599142866655e+01
2.068603567844580198e+02 3.257977738342867013e+01
2.069993015744580021e+02 3.258009173342866660e+01
2.071382463814580319e+02 3.258039902842866553e+01
2.072771912064579851e+02 3.258069925342866924e+01
2.074161360464580071e+02 3.258099239342866582e+01
2.075550809034579629e+02 3.258127843342867180e+01
2.076940257754579875e+02 3.258155735842867529e+01
2.078329706634579566e+02 3.258182915442866801e+01
2.079719155664579944e+02 3.258209380542866285e+01
2.081108604834579978e+02 3.258235129642866212e+01
2.082498054154579563e+02 3.258260161242866815e+01
2.083887503624579836e+02 3.258284473842866902e+01
2.085276953224579870e+02 3.258308065742867399e+01
2.086666402954579667e+02 3.258330935542867479e+01
2.088055852814580362e+02 3.258353081542866647e+01
2.089445302804579683e+02 3.258374502342866919e+01
2.090834752924579902e+02 3.258395196142867434e+01
2.092224203154580096e+02 3.258415161542867367e+01
2.093613653504580157e+02 3.258434396742867278e+01
2.095003103974580085e+02 3.258452900242867400e+01
2.096392554544580094e+02 3.258470670442866179e+01
2.097782005224580075e+02 3.258487705642867382e+01
2.099171456004580136e+02 3.258504004142866251e+01
2.100560906884580277e+02 3.258519564342866914e+01
2.101950357854579465e+02 3.258534384542867457e+01
2.103339808924579870e+02 3.258548463042867382e+01
2.104729260074580566e+02 3.258561798142866195e+01
2.106118711314580310e+02 3.258574388142866241e+01
2.107508162624580450e+02 3.258586231442867387e+01
2.108897614014579744e+02 3.258597326042866626e+01
2.110287065474580572e+02 3.258607670442867033e+01
2.111676517004579523e+02 3.258617262742867382e+01
2.113065968604580007e+02 3.258626101242867179e+01
2.114455420254579963e+02 3.258634184142866985e+01
2.115844871964580420e+02 3.258641509642867362e+01
2.117234323724580349e+02 3.258648075942867450e+01
2.118623775534579750e+02 3.258653881142867448e+01
2.120013227394579758e+02 3.258658923542866859e+01
2.121402679284580586e+02 3.258663201242867302e+01
2.122792131214579854e+02 3.258666712342867555e+01
2.124181583174579941e+02 3.258669455042866758e+01
2.125571035164579712e+02 3.258671427342867588e+01
2.126960487174580408e+02 3.258672627442866343e+01
2.128349939204579755e+02 3.258673053442867484e+01
2.129739391254580028e+02 3.258672703342866583e+01
2.131128843314580195e+02 3.258671575242866680e+01
2.132518295374580362e+02 3.258669667142866189e+01
2.133907747434580529e+02 3.258666977142866727e+01
2.135297199494579559e+02 3.258663503242866710e+01
2.136686651554579726e+02 3.258659243342867029e+01
2.138076103594580104e+02 3.258654195642866824e+01
2.139465555614579557e+02 3.258648357942866625e+01
2.140855007624580253e+02 3.258641728242866265e+01
2.142244459604580129e+02 3.258634304442866636e+01
2.143633911554580322e+02 3.258626084542867574e+01
2.145023363464579802e+02 3.258617066442867127e+01
2.146412815344579599e+02 3.258607248042866189e+01
2.147802267174579924e+02 3.258596627242867072e+01
2.149191718954579642e+02 3.258585201742867099e+01
2.150581170684579888e+02 3.258572969642866468e+01
2.151970622354579632e+02 3.258559928542866402e+01
2.153360073964580010e+02 3.258546076442866735e+01
2.154749525504579992e+02 3.258531411042866210e+01
2.156138976974579577e+02 3.258515930142866779e+01
2.157528428364580009e+02 3.258499631542867547e+01
2.158918232124579504e+02 3.258482508542866896e+01
2.160307263914580176e+02 3.258464573042866874e+01
2.161696556974580403e+02 3.258445809842866225e+01
2.163085922654580031e+02 3.258426218942866370e+01
2.164475327634580140e+02 3.258405798442867507e+01
2.165864751814579563e+02 3.258384546142867322e+01
2.167254607014579619e+02 3.258362453042867202e+01
2.168644188344580357e+02 3.258339527842867511e+01
2.170033737164580430e+02 3.258315764442867390e+01
2.171423260574579785e+02 3.258291160242867335e+01
2.172812763984580329e+02 3.258265712842867146e+01
2.174202252474579495e+02 3.258239419642867318e+01
2.175591727094579824e+02 3.258212278342866597e+01
2.176981191744579860e+02 3.258184286342866898e+01
2.178370648334579869e+02 3.258155440942866932e+01
2.179760098434580300e+02 3.258125739742866500e+01
2.181149543264579620e+02 3.258095180142867520e+01
2.182538983834579653e+02 3.258063759542866222e+01
2.183928420934580004e+02 3.258031475342867367e+01
2.185317855244580301e+02 3.257998324942867185e+01
2.186707287284579593e+02 3.257964305542866867e+01
2.188096717504579942e+02 3.257929414742866214e+01
2.189486146254579921e+02 3.257893649542867109e+01
2.190875170974580328e+02 3.257857018242867042e+01
2.192264648354579890e+02 3.257819495342867100e+01
2.193654118464580165e+02 3.257781090042866623e+01
2.195043582384579963e+02 3.257741799742867528e+01
2.196433041014579999e+02 3.257701621442867435e+01
2.197822495124580087e+02 3.257660552342867533e+01
2.199211945354580280e+02 3.257618589642867590e+01
2.200601392254580446e+02 3.257575730342866649e+01
2.201990836284580269e+02 3.257531971742866261e+01
2.203380277834580170e+02 3.257487310742866526e+01
2.204769717254579859e+02 3.257441744442866849e+01
2.206159154814579892e+02 3.257395269842866270e+01
2.207548591794580375e+02 3.257347883942866673e+01
2.208938026114580566e+02 3.257299583742867100e+01
2.210327459274580519e+02 3.257250366142866227e+01
2.211716891414579891e+02 3.257200228142867360e+01
2.213106322644579791e+02 3.257149166542867391e+01
2.214495753094579982e+02 3.257097178342866783e+01
2.215885182824579829e+02 3.257044260142867387e+01
2.217274611944580442e+02 3.256990409042867185e+01
2.218664040494580263e+02 3.256935621542866244e+01
2.220053468534579793e+02 3.256879894542867504e+01
2.221442896124579534e+02 3.256823224742867495e+01
2.222832323284580411e+02 3.256765608842867010e+01
2.224221750074579518e+02 3.256707043542866842e+01
2.225611176494580263e+02 3.256647525342867056e+01
2.227000602574580057e+02 3.256587050942867023e+01
2.228390028344579719e+02 3.256525616942867174e+01
2.229779453804580385e+02 3.256463219742867210e+01
2.231168878974579570e+02 3.256399856042866503e+01
2.232558303864580580e+02 3.256335522142867234e+01
2.233947728454580215e+02 3.256270214542866626e+01
2.235337152764580537e+02 3.256203929742867587e+01
2.236726576794580410e+02 3.256136663942866249e+01
2.238116000544579833e+02 3.256068413642866943e+01
2.239505424004580050e+02 3.255999174942866858e+01
2.240894847174579922e+02 3.255928944342867482e+01
2.242284270054580588e+02 3.255857717842867061e+01
2.243673692614580091e+02 3.255785491842866719e+01
2.245063113984579672e+02 3.255712262442866489e+01
2.246452536264579862e+02 3.255638025742866404e+01
2.247841958104580158e+02 3.255562777742867553e+01
2.249231379514580453e+02 3.255486514542867127e+01
2.250620800504579506e+02 3.255409232142866216e+01
2.252010221084579484e+02 3.255330926542867331e+01
2.253399641254580388e+02 3.255251593742867300e+01
2.254789061024579837e+02 3.255171229442867542e+01
2.256178480404580000e+02 3.255089829542867363e+01
2.257567899354580163e+02 3.255007389942867491e+01
2.258957317914579903e+02 3.254923906342866502e+01
2.260346736054579537e+02 3.254839374342866876e+01
2.261736153774580202e+02 3.254753789742867554e+01
2.263125571074579625e+02 3.254667148142866751e+01
2.264514987934580290e+02 3.254579445142866945e+01
2.265904404344580030e+02 3.254490676242867409e+01
2.267293820304579981e+02 3.254400836842867051e+01
2.268683234214580011e+02 3.254309922642867292e+01
2.270072648764580094e+02 3.254217928742867372e+01
2.271462062754580415e+02 3.254124850642866562e+01
2.272851476164580049e+02 3.254030683642866251e+01
2.274240888974580344e+02 3.253935422842867098e+01
2.275630301184580162e+02 3.253839063542866228e+01
2.277019712764579822e+02 3.253741600942867507e+01
2.278409123704580566e+02 3.253643029942866605e+01
2.279798533994580225e+02 3.253543345742867388e+01
2.281187943604580255e+02 3.253442543342867310e+01
2.282577352524579624e+02 3.253340617542867363e+01
2.283966760734579680e+02 3.253237563242867481e+01
2.285356168234580423e+02 3.253133375242867231e+01
2.286745574984580003e+02 3.253028048342866185e+01
2.288134980984579556e+02 3.252921577242866391e+01
2.289524386214580431e+02 3.252813956442866328e+01
2.290913790634579641e+02 3.252705180742866986e+01
2.292303194264580384e+02 3.252595244442867539e+01
2.293692597074579567e+02 3.252484142142866830e+01
2.295081999044579675e+02 3.252371868142866873e+01
2.296471400164579677e+02 3.252258416742866842e+01
2.297860800394579996e+02 3.252143782342866274e+01
2.299250199744580527e+02 3.252027958942867514e+01
2.300639598174580556e+02 3.251910940742866529e+01
2.302028995684580082e+02 3.251792721742867087e+01
2.303418392254580453e+02 3.251673296042866212e+01
2.304807787844579821e+02 3.251552657442866945e+01
2.306197182464580351e+02 3.251430799742866640e+01
2.307586576084580088e+02 3.251307716842867279e+01
2.308975968684580380e+02 3.251183402342866913e+01
2.310365360244580302e+02 3.251057849842866432e+01
2.311754770414580094e+02 3.250931051042866926e+01
2.313144196604579861e+02 3.250802999542866445e+01
2.314533621244580104e+02 3.250673690442867070e+01
2.315923044324579791e+02 3.250543117042867181e+01
2.317312465814580378e+02 3.250411272342866909e+01
2.318701885704579695e+02 3.250278149542867112e+01
2.320091303984580122e+02 3.250143741742866865e+01
2.321480720624579703e+02 3.250008041842867357e+01
2.322870135624579575e+02 3.249871042742866933e+01
2.324259548954580055e+02 3.249732737042867114e+01
2.325648960594580217e+02 3.249593117542867304e+01
2.327038370534580167e+02 3.249452176742867238e+01
2.328427778754580117e+02 3.249309907242867013e+01
2.329817185234580279e+02 3.249166301242866695e+01
2.331206589964579621e+02 3.249021351042866712e+01
2.332595992904579703e+02 3.248875048842867130e+01
2.333985394044579493e+02 3.248727386842866593e+01
2.335374793374580236e+02 3.248578356742866191e+01
2.336764190864579973e+02 3.248427950542866682e+01
2.338153586494580054e+02 3.248276160042866678e+01
2.339542980244579553e+02 3.248122976642866178e+01
2.340932372094579819e+02 3.247968392042866270e+01
2.342321762024579925e+02 3.247812397642866955e+01
2.343711150004580190e+02 3.247654984542867140e+01
2.345100970124579476e+02 3.247496094142866951e+01
2.346490344214579977e+02 3.247335817842867556e+01
2.347879716454579579e+02 3.247174096042866864e+01
2.349269086814579737e+02 3.247010919442866594e+01
2.350658455274579524e+02 3.246846278642866679e+01
2.352047821804580394e+02 3.246680164242867050e+01
2.353437186384580286e+02 3.246512566442866188e+01
2.354826548964579729e+02 3.246343475642867560e+01
2.356215909544579858e+02 3.246172881842867497e+01
2.357605268084579961e+02 3.246000774842867287e+01
2.358994624544580461e+02 3.245827144542867160e+01
2.360383978914580325e+02 3.245651980542866255e+01
2.361773331154579978e+02 3.245475272342866191e+01
2.363162681234579736e+02 3.245297009042867131e+01
2.364552029124579917e+02 3.245117180042867489e+01
2.365941374794579701e+02 3.244935774142866336e+01
2.367330718204579512e+02 3.244752780142867010e+01
2.368720059324579665e+02 3.244568186742866800e+01
2.370109398134580374e+02 3.244381982342867587e+01
2.371498734584579893e+02 3.244194155142866265e+01
2.372888068644579675e+02 3.244004693242866466e+01
2.374277400284580040e+02 3.243813584542866835e+01
2.375666729464580271e+02 3.243620816742866708e+01
2.377056056144579657e+02 3.243426377242867176e+01
2.378445380284579755e+02 3.243230253442866484e+01
2.379834701864579642e+02 3.243032432242866747e+01
2.381224020824579952e+02 3.242832900542867236e+01
2.382613337134579865e+02 3.242631645042866495e+01
2.384002650744579910e+02 3.242428652042867299e+01
2.385391961614580509e+02 3.242223907742866373e+01
2.386781269714579707e+02 3.242017398042866461e+01
2.388170574994580306e+02 3.241809108642866732e+01
2.389559877414580455e+02 3.241599025042867055e+01
2.390949176914579652e+02 3.241387132342867261e+01
2.392338473464580488e+02 3.241173415442866457e+01
2.393727767014580081e+02 3.240957859042867284e+01
2.395117057504580202e+02 3.240740447442866667e+01
2.396506344904580033e+02 3.240521164842866852e+01
2.397895629144580312e+02 3.240299994842866482e+01
2.399284910184580326e+02 3.240076921142867405e+01
2.400674187974579468e+02 3.239851926842866447e+01
2.402063462454579508e+02 3.239624994842866812e+01
2.403452733564579944e+02 3.239396107542867043e+01
2.404842001264580063e+02 3.239165247442867468e+01
2.406231265474579573e+02 3.238932396142866565e+01
2.407620526154580034e+02 3.238697535342867440e+01
2.409009783234579913e+02 3.238460646242867114e+01
2.410399036664579739e+02 3.238221709442867535e+01
2.411788286364580358e+02 3.237980705542866389e+01
2.413177532274580130e+02 3.237737614442867340e+01
2.414566774334579691e+02 3.237492415842866222e+01
2.415956012464579885e+02 3.237245088942867000e+01
2.417345246614580105e+02 3.236995612542866496e+01
2.418734476694580167e+02 3.236743964842866461e+01
2.420123702634579672e+02 3.236490123942866859e+01
2.421512924364580499e+02 3.236234067142867588e+01
2.422902141804580083e+02 3.235975771342867091e+01
2.424291354874580406e+02 3.235715213042866623e+01
2.425680563494580042e+02 3.235452368242867038e+01
2.427069767574579942e+02 3.235187212242866650e+01
2.428458967044579708e+02 3.234919719942866578e+01
2.429848161794580506e+02 3.234649865642867184e+01
2.431237351744579769e+02 3.234377623142867009e+01
2.432626536804579587e+02 3.234102965442867372e+01
2.434015716874579880e+02 3.233825865242867081e+01
2.435404891864580463e+02 3.233546294242866992e+01
2.436794061654580332e+02 3.233264223642867563e+01
2.438183226154580439e+02 3.232979624142867436e+01
2.439572385254579672e+02 3.232692465542866245e+01
2.440961538834580438e+02 3.232402716842866397e+01
2.442350686804580278e+02 3.232110346442866700e+01
2.443739830294579747e+02 3.231815321642866223e+01
2.445128966564580537e+02 3.231517609842867245e+01
2.446518096854579767e+02 3.231217176542866554e+01
2.447907221024580053e+02 3.230913986942866956e+01
2.449296338954580392e+02 3.230608005142867256e+01
2.450685450494580095e+02 3.230299194442866195e+01
2.452074555514580538e+02 3.229987517042867040e+01
2.453463653864579896e+02 3.229672934142866580e+01
2.454852745394579756e+02 3.229355406142867224e+01
2.456241829934579641e+02 3.229034892042866289e+01
2.457630907344579896e+02 3.228711349942866349e+01
2.459019977454580044e+02 3.228384736642866670e+01
2.460409040074579821e+02 3.228055007742866422e+01
2.461798095044579782e+02 3.227722117742866459e+01
2.463187142174579662e+02 3.227386019642866444e+01
2.464576181274580335e+02 3.227046665042866636e+01
2.465964795554579609e+02 3.226704107542867206e+01
2.467353835944580283e+02 3.226358085842867496e+01
2.468742867174580056e+02 3.226008654042866652e+01
2.470131889014580224e+02 3.225655757742867280e+01
2.471520901244579704e+02 3.225299340742866860e+01
2.472909903634579791e+02 3.224939345242867006e+01
2.474298895954579507e+02 3.224575711442866321e+01
2.475687877944580464e+02 3.224208377742866816e+01
2.477076849354579622e+02 3.223837280542867489e+01
2.478465809894580048e+02 3.223462353942867509e+01
2.479854759304579943e+02 3.223083529942866932e+01
2.481243697274580313e+02 3.222700738142867039e+01
2.482632623514579677e+02 3.222313905842866433e+01
2.484021537684580494e+02 3.221922957642866692e+01
2.485410439454580569e+02 3.221527815442866682e+01
2.486799328474580193e+02 3.221128398442866825e+01
2.488188204384579763e+02 3.220724622642867274e+01
2.489577066794579991e+02 3.220316401042867227e+01
2.490965915314580457e+02 3.219903643342866673e+01
2.492354749504580127e+02 3.219486255742867087e+01
2.493743568924580245e+02 3.219064140642867500e+01
2.495132373124579885e+02 3.218637196642867337e+01
2.496521161614579682e+02 3.218205318142866389e+01
2.497909933874580588e+02 3.217768395242867285e+01
2.499298689364580355e+02 3.217326313542866245e+01
2.500687427524580357e+02 3.216878953442867584e+01
2.502076147754580120e+02 3.216426190342867386e+01
2.503464849424579484e+02 3.215967893942866596e+01
2.504853531864579850e+02 3.215503928342867113e+01
2.506242194374579526e+02 3.215034151042866739e+01
2.507630836204579623e+02 3.214558413142867010e+01
2.509019456564580537e+02 3.214076558242866355e+01
2.510408054634579571e+02 3.213588422542867562e+01
2.511796629504579528e+02 3.213093834142866712e+01
2.513185180234580116e+02 3.212592612142866955e+01
2.514573705834580437e+02 3.212084566242867112e+01
2.515962205244580332e+02 3.211569496242866961e+01
2.517350677284579774e+02 3.211047190842867138e+01
2.518739120754580085e+02 3.210517427042866956e+01
2.520127534354580234e+02 3.209979969042867509e+01
2.521515916684580247e+02 3.209434567442867348e+01
2.522904266244580072e+02 3.208880957842867332e+01
2.524292581424579680e+02 3.208318859542867330e+01
2.525680860484580421e+02 3.207747974242867173e+01
2.527069102764580180e+02 3.207167983942867551e+01
2.528457303604580488e+02 3.206578551142866473e+01
2.529845462254580184e+02 3.205979313642867368e+01
2.531233576334580562e+02 3.205369884142866255e+01
2.532621643254580590e+02 3.204749847842867183e+01
2.534009660164579714e+02 3.204118758642866993e+01
2.535397623974579915e+02 3.203476136542867181e+01
2.536785531294579528e+02 3.202821463142867486e+01
2.538173378374579556e+02 3.202154177742867347e+01
2.539561161104580265e+02 3.201473672242867252e+01
2.540948874914579960e+02 3.200779284842867156e+01
2.542336514744579858e+02 3.200070293842866676e+01
2.543724074914579774e+02 3.199345908742867195e+01
2.545111549114580498e+02 3.198605261842866909e+01
2.546498930194580339e+02 3.197847396042866919e+01
2.547886210114580194e+02 3.197071252142867692e+01
2.549273379694580512e+02 3.196275652342867701e+01
2.550660428484580393e+02 3.195459281042867516e+01
2.552047344444579835e+02 3.194620660542866730e+01
2.553434112594580370e+02 3.193758122742867656e+01
2.554820719114580356e+02 3.192869768942867026e+01
2.556207143284579502e+02 3.191953428842867524e+01
2.557593362344579759e+02 3.191006597442867232e+01
2.558979349004579831e+02 3.190026358942867191e+01
2.560365070074580558e+02 3.189009286142866628e+01
2.561750484674579980e+02 3.187951304342866976e+01
2.560364832714580530e+02 3.186924878242866654e+01
2.558978883594580225e+02 3.185939368142866712e+01
2.557592677274580524e+02 3.184990698342867788e+01
2.556206246164579738e+02 3.184075440742867258e+01
2.554819616904580357e+02 3.183190679042867188e+01
2.553432811644580056e+02 3.182333907742866685e+01
2.552045850654580477e+02 3.181502956042866614e+01
2.550658747294580166e+02 3.180695924942866881e+01
2.549271516174580370e+02 3.179911146042867287e+01
2.547884168984580242e+02 3.179147141342867755e+01
2.546496715904580128e+02 3.178402595042866707e+01
2.545109165804580584e+02 3.177676329042867209e+01
2.543721526534580448e+02 3.176967284042867945e+01
2.542333804974579721e+02 3.176274502742867512e+01
2.540946007274580438e+02 3.175597117242866929e+01
2.539558138914580354e+02 3.174934337142867591e+01
2.538170204794579945e+02 3.174285440342867659e+01
2.536782209334580216e+02 3.173649765142867452e+01
2.535394156514580004e+02 3.173026703342867094e+01
2.534006049944579786e+02 3.172415693942867776e+01
2.532617892904580117e+02 3.171816218742867122e+01
2.531229688374580178e+02 3.171227797442866958e+01
2.529841439094580551e+02 3.170649984142867694e+01
2.528453147564579808e+02 3.170082363642867662e+01
2.527064816074579880e+02 3.169524548942866815e+01
2.525676445304580398e+02 3.168976177642867853e+01
2.524288039824579641e+02 3.168436912142867001e+01
2.522899600234580362e+02 3.167906434342867428e+01
2.521511128184579889e+02 3.167384446042867907e+01
2.520122625234579914e+02 3.166870666442867943e+01
2.518734092834579883e+02 3.166364831242867339e+01
2.517345532304579478e+02 3.165866690842866760e+01
2.515956944914580049e+02 3.165376009542867664e+01
2.514568331804579771e+02 3.164892564142867215e+01
2.513179694094580441e+02 3.164416143542866777e+01
2.511791032804580368e+02 3.163946547342866822e+01
2.510402348894579632e+02 3.163483585142867227e+01
2.509013643254580188e+02 3.163027076342866550e+01
2.507624916754579658e+02 3.162576848742866886e+01
2.506236170174580025e+02 3.162132738542866761e+01
2.504847404274580072e+02 3.161694589542866751e+01
2.503458619764580249e+02 3.161262252642867665e+01
2.502069817324580185e+02 3.160835585442867668e+01
2.500680997574580147e+02 3.160414451742867570e+01
2.499292161134580397e+02 3.159998721542866562e+01
2.497903308554579667e+02 3.159588270142867472e+01
2.496514440384580098e+02 3.159182977942867510e+01
2.495125557144579602e+02 3.158782730442866793e+01
2.493736659304580030e+02 3.158387417842866896e+01
2.492347747344579716e+02 3.157996934442867243e+01
2.490958821694579797e+02 3.157611178742866898e+01
2.489569882774580378e+02 3.157230053442867401e+01
2.488180930994580535e+02 3.156853464542866661e+01
2.486791966724579765e+02 3.156481321642867144e+01
2.485402990334579840e+02 3.156113537842866990e+01
2.484014002174580469e+02 3.155750029142867774e+01
2.482625002564580541e+02 3.155390714742867075e+01
2.481235991834579977e+02 3.155035516442867660e+01
2.479846970284580152e+02 3.154684358942867206e+01
2.478457938194580379e+02 3.154337169542867159e+01
2.477068895864579758e+02 3.153993877642866650e+01
2.475679843544580194e+02 3.153654415442867887e+01
2.474290781494580074e+02 3.153318717042867192e+01
2.472901709964580164e+02 3.152986718742867467e+01
2.471512629174580411e+02 3.152658358942867878e+01
2.470123539374580446e+02 3.152333577842867030e+01
2.468734440764580427e+02 3.152012317642866535e+01
2.467345333554580407e+02 3.151694522142866717e+01
2.465956217954580438e+02 3.151380137042867702e+01
2.464567529264580230e+02 3.151069206342867446e+01
2.463178416484579998e+02 3.150761488242866548e+01
2.461789296404579659e+02 3.150457026742867228e+01
2.460400169224580509e+02 3.150155773542867266e+01
2.459011035104579719e+02 3.149857681742866689e+01
2.457621894214580038e+02 3.149562705542866681e+01
2.456232746724579670e+02 3.149270800742867138e+01
2.454843592774580543e+02 3.148981924142867328e+01
2.453454432534579723e+02 3.148696033742866618e+01
2.452065266144580278e+02 3.148413088642866953e+01
2.450676093744579589e+02 3.148133049142867534e+01
2.449286915474579587e+02 3.147855876442866574e+01
2.447897731454580139e+02 3.147581532842867702e+01
2.446508541834579660e+02 3.147309981542867874e+01
2.445119346724580396e+02 3.147041186842866622e+01
2.443730146254579836e+02 3.146775113542866720e+01
2.442340939174579830e+02 3.146511727542867831e+01
2.440951728224579824e+02 3.146250995942866879e+01
2.439562512254579474e+02 3.145992886242867925e+01
2.438173291354580101e+02 3.145737366642867627e+01
2.436784065644580437e+02 3.145484406342867700e+01
2.435394835204579636e+02 3.145233975142867777e+01
2.434005600154579838e+02 3.144986043542867193e+01
2.432616360574580199e+02 3.144740582842866772e+01
2.431227116564579660e+02 3.144497564842867732e+01
2.429837868214579544e+02 3.144256962042866732e+01
2.428448615604580141e+02 3.144018747642867240e+01
2.427059358824580499e+02 3.143782895242867070e+01
2.425670097944579879e+02 3.143549379342867311e+01
2.424280833074580528e+02 3.143318174642866936e+01
2.422891564264579642e+02 3.143089256542867460e+01
2.421502291594579788e+02 3.142862601142867263e+01
2.420113015154580012e+02 3.142638184742866869e+01
2.418723735004579680e+02 3.142415984342867930e+01
2.417334451214580326e+02 3.142195977242867500e+01
2.415945163854580073e+02 3.141978141542866965e+01
2.414555872984580560e+02 3.141762455442866653e+01
2.413166578684579804e+02 3.141548897642867288e+01
2.411777281014580581e+02 3.141337447542867878e+01
2.410387980024580088e+02 3.141128084642867790e+01
2.408998675784579859e+02 3.140920788942866793e+01
2.407609368354580397e+02 3.140715541042866832e+01
2.406220057794579930e+02 3.140512321442866650e+01
2.404830744144580308e+02 3.140311111542866840e+01
2.403441427474579655e+02 3.140111892842866936e+01
2.402052107834579715e+02 3.139914647042867202e+01
2.400662785274579960e+02 3.139719356542867601e+01
2.399273459854579755e+02 3.139526003842867041e+01
2.397884131604579920e+02 3.139334571842867305e+01
2.396494800594579715e+02 3.139145043642866639e+01
2.395105466864579853e+02 3.138957402842867950e+01
2.393716130454579911e+02 3.138771633142867401e+01
2.392326791414580498e+02 3.138587718742867239e+01
2.390937449794579948e+02 3.138405643842866866e+01
2.389548105634580111e+02 3.138225393242867867e+01
2.388158758974580564e+02 3.138046951742867563e+01
2.386769409864579643e+02 3.137870304542867572e+01
2.385380058334580440e+02 3.137695437142867760e+01
2.383990704434580152e+02 3.137522335142866936e+01
2.382601348194579600e+02 3.137350984542866783e+01
2.381211989654579497e+02 3.137181371442867928e+01
2.379822628854580557e+02 3.137013482242867823e+01
2.378433265814580295e+02 3.136847303642867857e+01
2.377043900614580139e+02 3.136682822342866572e+01
2.375654533254580087e+02 3.136520025542867174e+01
2.374265163774579719e+02 3.136358900442867181e+01
2.372875792214579747e+02 3.136199434542866626e+01
2.371486418604579853e+02 3.136041615442867325e+01
2.370097042984579616e+02 3.135885431142866864e+01
2.368707665374579960e+02 3.135730869642867091e+01
2.367318285804580569e+02 3.135577919142867742e+01
2.365928904324579776e+02 3.135426568242867162e+01
2.364539520944579749e+02 3.135276805342867235e+01
2.363150135694580172e+02 3.135128619442867759e+01
2.361760748624580515e+02 3.134981999342867809e+01
2.360371359744579536e+02 3.134836934242867912e+01
2.358981969084580328e+02 3.134693413542867901e+01
2.357592576674580300e+02 3.134551426542867247e+01
2.356203182544580272e+02 3.134410962842867931e+01
2.354813786714580033e+02 3.134272012442867705e+01
2.353424389224580295e+02 3.134134564942867129e+01
2.352034990084579817e+02 3.133998610742866830e+01
2.350645589324580556e+02 3.133864139742867039e+01
2.349256186974579919e+02 3.133731142542867687e+01
2.347866783044580075e+02 3.133599609442867617e+01
2.346477377574580601e+02 3.133469531242867490e+01
2.345087970584580148e+02 3.133340898642867600e+01
2.343698117884579801e+02 3.133213662042866687e+01
2.342308697654579532e+02 3.133087892942867470e+01
2.340919275804580479e+02 3.132963542442866967e+01
2.339529852354580157e+02 3.132840601842867656e+01
2.338140427314579597e+02 3.132719062642867058e+01
2.336751000714579618e+02 3.132598916142867651e+01
2.335361572574580009e+02 3.132480154142866624e+01
2.333972142914580559e+02 3.132362768342867909e+01
2.332582711744580024e+02 3.132246750442866912e+01
2.331193279074580573e+02 3.132132092542867596e+01
2.329803844944579510e+02 3.132018786742866823e+01
2.328414409364580138e+02 3.131906825042866771e+01
2.327024972344580078e+02 3.131796199842866812e+01
2.325635533904580257e+02 3.131686903542867739e+01
2.324246094074580355e+02 3.131578928442867138e+01
2.322856652844580481e+02 3.131472267242866891e+01
2.321467210254580209e+02 3.131366912642867462e+01
2.320077766304579541e+02 3.131262857242867526e+01
2.318688321014580538e+02 3.131160094042867215e+01
2.317298874404579578e+02 3.131058615942867718e+01
2.315909426494579861e+02 3.130958415942867745e+01
2.314519977284580250e+02 3.130859487142867792e+01
2.313130526794580533e+02 3.130761822742867295e+01
2.311741075044580498e+02 3.130665416042867477e+01
2.310351639594579751e+02 3.130570261642867180e+01
2.308962223044580355e+02 3.130476353042866933e+01
2.307572805734579902e+02 3.130383682542867163e+01
2.306183387694580347e+02 3.130292243642866978e+01
2.304793968924580554e+02 3.130202029942867270e+01
2.303404549454580206e+02 3.130113035442867542e+01
2.302015129294580333e+02 3.130025253742867264e+01
2.300625708464579589e+02 3.129938678842867361e+01
2.299236286984580033e+02 3.129853304742867337e+01
2.297846864864580425e+02 3.129769125442866695e+01
2.296457442114579521e+02 3.129686135142867087e+01
2.295068018774580310e+02 3.129604327842866596e+01
2.293678594834579485e+02 3.129523698042866542e+01
2.292289170324580141e+02 3.129444239842866793e+01
2.290899745254579898e+02 3.129365947842867612e+01
2.289510319664579470e+02 3.129288816242867810e+01
2.288120893534580205e+02 3.129212839742866592e+01
2.286731466884579618e+02 3.129138012842866701e+01
2.285342039744579665e+02 3.129064330242867342e+01
2.283952612124580241e+02 3.128991786542867359e+01
2.282563184044579998e+02 3.128920376442867379e+01
2.281173755514579966e+02 3.128850094942867699e+01
2.279784326544580040e+02 3.128780936842867888e+01
2.278394897164579902e+02 3.128712896942867516e+01
2.277005467374579553e+02 3.128645970342867244e+01
2.275616037204579811e+02 3.128580152042867368e+01
2.274226606654579541e+02 3.128515437042866765e+01
2.272837175744579667e+02 3.128451820642866821e+01
2.271447744494579979e+02 3.128389297942866776e+01
2.270058312904580475e+02 3.128327864242866596e+01
2.268668881004579703e+02 3.128267514742867306e+01
2.267279450004579644e+02 3.128208244942866756e+01
2.265890017184579506e+02 3.128150050042867392e+01
2.264500584154580451e+02 3.128092925442866701e+01
2.263111150924580102e+02 3.128036866942867888e+01
2.261721717494579593e+02 3.127981869742867715e+01
2.260332283884579851e+02 3.127927929642866545e+01
2.258942850094579740e+02 3.127875042142867912e+01
2.257553416134580289e+02 3.127823202942867553e+01
2.256163982004580362e+02 3.127772407742866889e+01
2.254774547694580065e+02 3.127722652342867704e+01
2.253385113214580429e+02 3.127673932542867519e+01
2.251995678584580105e+02 3.127626244242867060e+01
2.250606243774580548e+02 3.127579583142867747e+01
2.249216808784579484e+02 3.127533945242867830e+01
2.247827373614580324e+02 3.127489326642867340e+01
2.246437938234579974e+02 3.127445723142866640e+01
2.245048502654579465e+02 3.127403130842867185e+01
2.243659068214580543e+02 3.127361545942867949e+01
2.242269632794579479e+02 3.127320964442867179e+01
2.240880197304580292e+02 3.127281382542866695e+01
2.239490761744579572e+02 3.127242796442866890e+01
2.238101326114579592e+02 3.127205202342866741e+01
2.236711890424580247e+02 3.127168596542867007e+01
2.235322454684580293e+02 3.127132975342867027e+01
2.233933018874579943e+02 3.127098335042867561e+01
2.232543583014580122e+02 3.127064671942867946e+01
2.231154147074580010e+02 3.127031982642867192e+01
2.229764711084580426e+02 3.127000263442867478e+01
2.228375275014580552e+02 3.126969510842867450e+01
2.226985838864580387e+02 3.126939721442867537e+01
2.225596402604580248e+02 3.126910891642867441e+01
2.224206966234580136e+02 3.126883018042867590e+01
2.222817529714580473e+02 3.126856097242866994e+01
2.221428093024580335e+02 3.126830125942867866e+01
2.220038656134580037e+02 3.126805100742867793e+01
2.218649219004580004e+02 3.126781018342867569e+01
2.217259781584579628e+02 3.126757875542866927e+01
2.215870343804579647e+02 3.126735668942867719e+01
2.214480905624580487e+02 3.126714395442867200e+01
2.213091466944579793e+02 3.126694051842867950e+01
2.211702027674579654e+02 3.126674634942866859e+01
2.210312587724579885e+02 3.126656141642866871e+01
2.208923146964579587e+02 3.126638568742867719e+01
2.207533705244580347e+02 3.126621913342867387e+01
2.206144261074579731e+02 3.126606172142866669e+01
2.204754816534579618e+02 3.126591342442867116e+01
2.203365370344579901e+02 3.126577420942866681e+01
2.201975922214580237e+02 3.126564404842866551e+01
2.200586471824580599e+02 3.126552291142867190e+01
2.199197018774579533e+02 3.126541076842867639e+01
2.197807562584579841e+02 3.126530759242866608e+01
2.196418102724580308e+02 3.126521335342867403e+01
2.195028638544579849e+02 3.126512802242866584e+01
2.193639169284579680e+02 3.126505157242867128e+01
2.192249694034580330e+02 3.126498397542867380e+01
2.190860211704579683e+02 3.126492520342867110e+01
2.189471182244580518e+02 3.126487524342867275e+01
2.188081748954579666e+02 3.126483403842867048e+01
2.186692314394579739e+02 3.126480157542867389e+01
2.185302878214579891e+02 3.126477782842867370e+01
2.183913439954580440e+02 3.126476277042867125e+01
2.182523999104579957e+02 3.126475637642867511e+01
2.181134554984579950e+02 3.126475861842866877e+01
2.179745106794579783e+02 3.126476947142867502e+01
2.178355653544579695e+02 3.126478891042867403e+01
2.176966193974580506e+02 3.126481690842866712e+01
2.175576726564580099e+02 3.126485344142866651e+01
2.174187249354579876e+02 3.126489848442866659e+01
2.172797758484579731e+02 3.126495201242867594e+01
2.171408252884579611e+02 3.126501400042867473e+01
2.170018727474579805e+02 3.126508442542867883e+01
2.168629176844579547e+02 3.126516326342867202e+01
2.167239593894580025e+02 3.126525049142867019e+01
2.165849737274580207e+02 3.126534610342866571e+01
2.164460311854580254e+02 3.126545002442867016e+01
2.163070905824579881e+02 3.126556225942867329e+01
2.161681539284580253e+02 3.126568278142867641e+01
2.160292245564580185e+02 3.126581156442867027e+01
2.158903213284580147e+02 3.126594856342867601e+01
2.157513409224580414e+02 3.126609386442867944e+01
2.156123957734579903e+02 3.126624732842867260e+01
2.154734506344579472e+02 3.126640896942867798e+01
2.153345055064580151e+02 3.126657876642867606e+01
2.151955603904579561e+02 3.126675669542867908e+01
2.150566152874579871e+02 3.126694273542866753e+01
2.149176701954580153e+02 3.126713686442867512e+01
2.147787251174580092e+02 3.126733906042867872e+01
2.146397800524579793e+02 3.126754930242867303e+01
2.145008350024580182e+02 3.126776756842867755e+01
2.143618899654580332e+02 3.126799383742867278e+01
2.142229449434580033e+02 3.126822808842866763e+01
2.140839999374580316e+02 3.126847030142867467e+01
2.139450549454580255e+02 3.126872045442867076e+01
2.138061099704579533e+02 3.126897852742866846e+01
2.136671650114580530e+02 3.126924450042866610e+01
2.135282200694579728e+02 3.126951835242867261e+01
2.133892751454580434e+02 3.126980006342867213e+01
2.132503302374580585e+02 3.127008961342867721e+01
2.131113853484579863e+02 3.127038698242867198e+01
2.129724404774579511e+02 3.127069215142867264e+01
2.128334956254580561e+02 3.127100510042867754e+01
2.126945507924579601e+02 3.127132581042867443e+01
2.125556059784580043e+02 3.127165426142867588e+01
2.124166611854580538e+02 3.127199043542867329e+01
2.122777164114580160e+02 3.127233431142867559e+01
2.121387716594579729e+02 3.127268587242867781e+01
2.119998269274580593e+02 3.127304509942866773e+01
2.118608822174580268e+02 3.127341197342867574e+01
2.117219375284579996e+02 3.127378647542867540e+01
2.115829928624579566e+02 3.127416858842867597e+01
2.114440482184580219e+02 3.127455829242867580e+01
2.113051035974579577e+02 3.127495557142867355e+01
2.111661590004579807e+02 3.127536040642867121e+01
2.110272144254579985e+02 3.127577277942867440e+01
2.108882698754579792e+02 3.127619267242867451e+01
2.107493253494580472e+02 3.127662006942867023e+01
2.106103808484579645e+02 3.127705495042867412e+01
2.104714363714579690e+02 3.127749730042867427e+01
2.103324919204580397e+02 3.127794710142867629e+01
2.101935474954579490e+02 3.127840433642867524e+01
2.100546030954580488e+02 3.127886898742867672e+01
2.099156587224579766e+02 3.127934103942866884e+01
2.097767143764579600e+02 3.127982047342866778e+01
2.096377700564580095e+02 3.128030727442867587e+01
2.094988257644579903e+02 3.128080142542867392e+01
2.093598814994580266e+02 3.128130290942867120e+01
2.092209372634579836e+02 3.128181171142867001e+01
2.090819930544579961e+02 3.128232781442866539e+01
2.089430488744580430e+02 3.128285120142866660e+01
2.088041047244580000e+02 3.128338185842866537e+01
2.086651606024580019e+02 3.128391976742866731e+01
2.085262165104580276e+02 3.128446491442867838e+01
2.083872724484579635e+02 3.128501728242867941e+01
2.082483284154580474e+02 3.128557685642867270e+01
2.081093844144580203e+02 3.128614362142867478e+01
2.079704404434580169e+02 3.128671756142867011e+01
2.078314965034580268e+02 3.128729866142867522e+01
2.076925525954580394e+02 3.128788690542867457e+01
2.075536087184579515e+02 3.128848227942867410e+01
2.074146648734579799e+02 3.128908476842867614e+01
2.072757210614580003e+02 3.128969435642867936e+01
2.071367772814580235e+02 3.129031102942867548e+01
2.069978335344580387e+02 3.129093477342867047e+01
2.068588898204580460e+02 3.129156557242867720e+01
2.067199461394580453e+02 3.129220341242867320e+01
2.065810024934580156e+02 3.129284827942867864e+01
2.064420588804579779e+02 3.129350015842866739e+01
2.063031153014580354e+02 3.129415903542867383e+01
2.061641717574579502e+02 3.129482489742867912e+01
2.060252282484579496e+02 3.129549772842866773e+01
2.058862847744580336e+02 3.129617751542867765e+01
2.057473413364579642e+02 3.129686424442867221e+01
2.056083979334579794e+02 3.129755790242867519e+01
2.054694545664579550e+02 3.129825847442867470e+01
2.053305112354580046e+02 3.129896594742866611e+01
2.051915679414580040e+02 3.129968030742866958e+01
2.050526246834579638e+02 3.130040154142866626e+01
2.049136814634579764e+02 3.130112963642866575e+01
2.047747382804580525e+02 3.130186457842867398e+01
2.046357951344579647e+02 3.130260635442867212e+01
2.044968520264580434e+02 3.130335495142866975e+01
2.043579089564579476e+02 3.130411035642867645e+01
2.042189659254580079e+02 3.130487255542866976e+01
2.040800229324580073e+02 3.130564153742866651e+01
2.039410799784580490e+02 3.130641728742866903e+01
2.038021370634580194e+02 3.130719979442866574e+01
2.036631941874580320e+02 3.130798904542866623e+01
2.035242513514579628e+02 3.130878502742866587e+01
2.033853085554580389e+02 3.130958772742867424e+01
2.032463657994580331e+02 3.131039713442866557e+01
2.031074230844580484e+02 3.131121323442867421e+01
2.029684804094579818e+02 3.131203601642867440e+01
2.028295377744579469e+02 3.131286546742867571e+01
2.026905951814580362e+02 3.131370157642866658e+01
2.025516526294580331e+02 3.131454432942866717e+01
2.024127101194580405e+02 3.131539371642866953e+01
2.022737676514580585e+02 3.131624972342866542e+01
2.021348252244579839e+02 3.131711234042867531e+01
2.019958828404580231e+02 3.131798155442866616e+01
2.018569404994579486e+02 3.131885735442866903e+01
2.017179982004579983e+02 3.131973972842866871e+01
2.015790559444580481e+02 3.132062866442867843e+01
2.014401137314579842e+02 3.132152415142867241e+01
2.013011715624580233e+02 3.132242617842866750e+01
2.011622294374580520e+02 3.132333473342867691e+01
2.010232873554579669e+02 3.132424980442867124e+01
2.008843453174579849e+02 3.132517138142867097e+01
2.007454033244579819e+02 3.132609945242867511e+01
2.006064613764579576e+02 3.132703400742867572e+01
2.004675195994580577e+02 3.132797503242867876e+01
2.003285777384580228e+02 3.132892251942866935e+01
2.001896359224579669e+02 3.132987645742867855e+01
2.000506941524579929e+02 3.133083683342867332e+01
1.999117524274579978e+02 3.133180363842867777e+01
1.997728107484579709e+02 3.133277686142866614e+01
1.996338691164580155e+02 3.133375649042866584e+01
1.994949275304580283e+02 3.133474251642867259e+01
1.993559859904580094e+02 3.133573492742867117e+01
1.992170444984580513e+02 3.133673371342866787e+01
1.990781030524579478e+02 3.133773886442866896e+01
1.989391616534580294e+02 3.133875036942867709e+01
1.988002203024580581e+02 3.133976821842867011e+01
1.986612789994580339e+02 3.134079240142866851e+01
1.985223377444579569e+02 3.134182290742867494e+01
1.983833965364579512e+02 3.134285972542867782e+01
1.982444553774579958e+02 3.134390284742867649e+01
1.981055142674579770e+02 3.134495226242867361e+01
1.979665732054580189e+02 3.134600796042867543e+01
1.978276321924579975e+02 3.134706993142867404e+01
1.976886912284580262e+02 3.134813816442867207e+01
1.975497503134579915e+02 3.134921265142866886e+01
1.974108094484579965e+02 3.135029338142866706e+01
1.972718686334580411e+02 3.135138034542867658e+01
1.971329278684580117e+02 3.135247353342867527e+01
1.969939871524580326e+02 3.135357293442866577e+01
1.968550464874579689e+02 3.135467854142867949e+01
1.967161058734580479e+02 3.135579034242867280e+01
1.965771653094580529e+02 3.135690833042867709e+01
1.964382247964579733e+02 3.135803249342867716e+01
1.962992843344580365e+02 3.135916282342867234e+01
1.961603439234580151e+02 3.136029931042866892e+01
1.960214035644580122e+02 3.136144194642866623e+01
1.958824632574580278e+02 3.136259072042866691e+01
1.957435230014579588e+02 3.136374562442867031e+01
1.956045827984580114e+02 3.136490664942867213e+01
1.954656426464579795e+02 3.136607378542867863e+01
1.953267025474579555e+02 3.136724702342867133e+01
1.951877625014580531e+02 3.136842635542867797e+01
1.950488225084580449e+02 3.136961177142867641e+01
1.949098825674580553e+02 3.137080326242867656e+01
1.947709426804579493e+02 3.137200082042867777e+01
1.946320028464579650e+02 3.137320443642867573e+01
1.944930630664579780e+02 3.137441410042867673e+01
1.943541233394579990e+02 3.137562980542866953e+01
1.942151836664580173e+02 3.137685154242867824e+01
1.940762440474580330e+02 3.137807930142866653e+01
1.939373044834580355e+02 3.137931307542866577e+01
1.937983649734580354e+02 3.138055285542867168e+01
1.936594255174580326e+02 3.138179863142867632e+01
1.935204861174580060e+02 3.138305039742867208e+01
1.933815467714579768e+02 3.138430814342867947e+01
1.932426074814580375e+02 3.138557186142866939e+01
1.931036682464579712e+02 3.138684154242866597e+01
1.929647290664580055e+02 3.138811717942867219e+01
1.928257899424580160e+02 3.138939876342866953e+01
1.926868508744580026e+02 3.139068628542866790e+01
1.925479118624579655e+02 3.139197973942867392e+01
1.924089729074580077e+02 3.139327911542866545e+01
1.922700340074580367e+02 3.139458440542867024e+01
1.921310951644580314e+02 3.139589560242867705e+01
1.919921563784579917e+02 3.139721269742866738e+01
1.918532176494580312e+02 3.139853568242866899e+01
1.917142789774580365e+02 3.139986455042867064e+01
1.915753403624580073e+02 3.140119929342867167e+01
1.914364018054580470e+02 3.140253990242866777e+01
1.912974633054580522e+02 3.140388637042867614e+01
1.911585248634580125e+02 3.140523869042867133e+01
1.910195864794580416e+02 3.140659685242867383e+01
1.908806481524580363e+02 3.140796085142866545e+01
1.907417098854579649e+02 3.140933067742866669e+01
1.906027716754579728e+02 3.141070632442866994e+01
1.904638335244580389e+02 3.141208778342867092e+01
1.903248954324580495e+02 3.141347504842867622e+01
1.901859573994580046e+02 3.141486811142867097e+01
1.900470194254580178e+02 3.141626696342867930e+01
1.899080815104579756e+02 3.141767159942866883e+01
1.897691436544579915e+02 3.141908201042867788e+01
1.896302058584580550e+02 3.142049818942866679e+01
1.894912681224580524e+02 3.142192012842867754e+01
1.893523304454579943e+02 3.142334782142867411e+01
1.892133928294579732e+02 3.142478126042867004e+01
1.890744552734579997e+02 3.142622043842866830e+01
1.889355177774579602e+02 3.142766534842867188e+01
1.887965803424579576e+02 3.142911598242866589e+01
1.886576429674580027e+02 3.143057233342866752e+01
1.885187056534579710e+02 3.143203439542866917e+01
1.883797684004579764e+02 3.143350216042867018e+01
1.882408312084580189e+02 3.143497562142867352e+01
1.881018940784579740e+02 3.143645477142866795e+01
1.879629570094579663e+02 3.143793960442867430e+01
1.878240200024579849e+02 3.143943011242867769e+01
1.876850830564580406e+02 3.144092628842866688e+01
1.875461461724580090e+02 3.144242812642867690e+01
1.874072093514579933e+02 3.144393561842867868e+01
1.872682725914580146e+02 3.144544875842867881e+01
1.871293358944580518e+02 3.144696754042866971e+01
1.869903992604579912e+02 3.144849195642867912e+01
1.868514626884579570e+02 3.145002199942866739e+01
1.867125261794580524e+02 3.145155766442867318e+01
1.865735897334580500e+02 3.145309894242867799e+01
1.864346533504579497e+02 3.145464582942866727e+01
1.862957170304579790e+02 3.145619831642867936e+01
1.861567807744580136e+02 3.145775639942867130e+01
1.860178445814579504e+02 3.145932006942866721e+01
1.858789084524580062e+02 3.146088932142867733e+01
1.857399723874579536e+02 3.146246414842867622e+01
1.856010363864580199e+02 3.146404454442867049e+01
1.854621004494579779e+02 3.146563050142867368e+01
1.853231645774580443e+02 3.146722201542867126e+01
1.851842287694580023e+02 3.146881907942866619e+01
1.850452930254579655e+02 3.147042168542867202e+01
1.849063573464580372e+02 3.147202982942867422e+01
1.847674217324579899e+02 3.147364350342867212e+01
1.846284861834580511e+02 3.147526270142867233e+01
1.844895507004579827e+02 3.147688741842867088e+01
1.843506152814580332e+02 3.147851764742867076e+01
1.842116799284579542e+02 3.148015338242867855e+01
1.840727446414579731e+02 3.148179461642866883e+01
1.839338094194579867e+02 3.148344134442866604e+01
1.837948742644579738e+02 3.148509356042867680e+01
1.836559391744579557e+02 3.148675125742867564e+01
1.835170041514580248e+02 3.148841443042867283e+01
1.833780691934579750e+02 3.149008307342867496e+01
1.832391343034580018e+02 3.149175717942867081e+01
1.831001994784580233e+02 3.149343674242866697e+01
1.829612647214580079e+02 3.149512175842867734e+01
1.828223300314579660e+02 3.149681221942867282e+01
1.826833954074580220e+02 3.149850812042867787e+01
1.825444608514580409e+02 3.150020945642867432e+01
1.824055263614580440e+02 3.150191622042867934e+01
1.822665919404579995e+02 3.150362840642867113e+01
1.821276575864580423e+02 3.150534601042867777e+01
1.819887232994580586e+02 3.150706902442867019e+01
1.818497890814580273e+02 3.150879744442867647e+01
1.817108549304579697e+02 3.151053126442867480e+01
1.815719208474579887e+02 3.151227047842867179e+01
1.814329868334579601e+02 3.151401508042867405e+01
1.812940528874580082e+02 3.151576506542867762e+01
1.811551190104580087e+02 3.151752042742867488e+01
1.810161852014579722e+02 3.151928116142867609e+01
1.808772514614580018e+02 3.152104726142867364e+01
1.807383177904579838e+02 3.152281872242867777e+01
1.805993841884580320e+02 3.152459553842866669e+01
1.804604506554580325e+02 3.152637770442867904e+01
1.803215171924579749e+02 3.152816521442867881e+01
1.801825837984579834e+02 3.152995806342867624e+01
1.800436504734580581e+02 3.153175624642866737e+01
1.799047172184579608e+02 3.153355975642866937e+01
1.797657840334580328e+02 3.153536858942866772e+01
1.796268509184580466e+02 3.153718274042867264e+01
1.794879178744579917e+02 3.153900220342867655e+01
1.793489848994580029e+02 3.154082697342867547e+01
1.792100519954580591e+02 3.154265704442867602e+01
1.790711191614580571e+02 3.154449241242867785e+01
1.789321863984579863e+02 3.154633307142867338e+01
1.787932537054579711e+02 3.154817901642867284e+01
1.786543210844579903e+02 3.155003024142866863e+01
1.785153885334579513e+02 3.155188674342867827e+01
1.783764560544579467e+02 3.155374851442867268e+01
1.782375236464579871e+02 3.155561555242867300e+01
1.780985913094579587e+02 3.155748784942867857e+01
1.779596590444579647e+02 3.155936540242867849e+01
1.778207268504580156e+02 3.156124820542867937e+01
1.776817947284579873e+02 3.156313625442866666e+01
1.775428626784579933e+02 3.156502954242867176e+01
1.774039307014580231e+02 3.156692806642866955e+01
1.772649987954579842e+02 3.156883182142867028e+01
1.771260669614579797e+02 3.157074080042867692e+01
1.769871352004579990e+02 3.157265500042867856e+01
1.768482035124580420e+02 3.157457441642867124e+01
1.767092718964580058e+02 3.157649904242867578e+01
1.765703403534579934e+02 3.157842887442867763e+01
1.764314088834580048e+02 3.158036390842867647e+01
1.762924774864580399e+02 3.158230413742867526e+01
1.761535461624579852e+02 3.158424955842867732e+01
1.760146149114579543e+02 3.158620016542867504e+01
1.758756837344580504e+02 3.158815595442866808e+01
1.757367526304580565e+02 3.159011692142867034e+01
1.755978216004579622e+02 3.159208305942867057e+01
1.754588906444579948e+02 3.159405436642867571e+01
1.753199597614580512e+02 3.159603083642867816e+01
1.751810289534579965e+02 3.159801246442867395e+01
1.750420982194579551e+02 3.159999924542867333e+01
1.749031675594580406e+02 3.160199117642866540e+01
1.747642369734580257e+02 3.160398825242867460e+01
1.746253064624580134e+02 3.160599046742867912e+01
1.744863760254580143e+02 3.160799781842866807e+01
1.743474456634580179e+02 3.161001029942867646e+01
1.742085153774580135e+02 3.161202790742867919e+01
1.740695851654580224e+02 3.161405063742867227e+01
1.739306550284580339e+02 3.161607848342867655e+01
1.737917249664580481e+02 3.161811144342867053e+01
1.736527949804580544e+02 3.162014951142867503e+01
1.735138650694579496e+02 3.162219268342867551e+01
1.733749352344579506e+02 3.162424095542867164e+01
1.732360054744579543e+02 3.162629432242867367e+01
1.730970757914580531e+02 3.162835277942867762e+01
1.729581461834580409e+02 3.163041632342867260e+01
1.728192166514580208e+02 3.163248494942866884e+01
1.726802871964579822e+02 3.163455865242867660e+01
1.725413578174580493e+02 3.163663742942867074e+01
1.724024285144579949e+02 3.163872127542867574e+01
1.722634992884580356e+02 3.164081018642867704e+01
1.721245701384579547e+02 3.164290415742867069e+01
1.719856410674579479e+02 3.164500318442867055e+01
1.718467120714580574e+02 3.164710726442866573e+01
1.717077831514580453e+02 3.164921639142867704e+01
1.715688543104579935e+02 3.165133056242867937e+01
1.714299255454580475e+02 3.165344977342867239e+01
1.712909968574579693e+02 3.165557401842867691e+01
1.711520682484579652e+02 3.165770329542867145e+01
1.710131397154579531e+02 3.165983759942866627e+01
1.708742112614580151e+02 3.166197692642867523e+01
1.707352828844580586e+02 3.166412127142866595e+01
1.705963545854579593e+02 3.166627063242867379e+01
1.704574263644580583e+02 3.166842500342867694e+01
1.703184982214580145e+02 3.167058438042867508e+01
1.701795701574580448e+02 3.167274876042867149e+01
1.700406421714580461e+02 3.167491813942866585e+01
1.699017142634580182e+02 3.167709251242866841e+01
1.697627864344579507e+02 3.167927187542867884e+01
1.696238586844579572e+02 3.168145622542867201e+01
1.694849310134580378e+02 3.168364555842867603e+01
1.693460034204579756e+02 3.168583987042867633e+01
1.692070759074579769e+02 3.168803915642866897e+01
1.690681484734580522e+02 3.169024341342867146e+01
1.689292211184579742e+02 3.169245263642866561e+01
1.687902938424579702e+02 3.169466682342867259e+01
1.686513666464580297e+02 3.169688596942867420e+01
1.685124395304580389e+02 3.169911007142867376e+01
1.683735124934580085e+02 3.170133912442866730e+01
1.682345855364580416e+02 3.170357312442866871e+01
1.680956586594580244e+02 3.170581206942867070e+01
1.679567318634579465e+02 3.170805595342866567e+01
1.678178051464580562e+02 3.171030477442867479e+01
1.676788785104579915e+02 3.171255852742866566e+01
1.675399519544579903e+02 3.171481720942867000e+01
1.674010254784580525e+02 3.171708081642867327e+01
1.672620990844580433e+02 3.171934934442867515e+01
1.671231727704579839e+02 3.172162278942867530e+01
1.669842465374579774e+02 3.172390114942866646e+01
1.668453203844580344e+02 3.172618441942867307e+01
1.667063943134580200e+02 3.172847259542866638e+01
1.665674683234580584e+02 3.173076567542866755e+01
1.664285424154580255e+02 3.173306365342866897e+01
1.662896165874580561e+02 3.173536652742867759e+01
1.661506908414580153e+02 3.173767429342867885e+01
1.660117651774580168e+02 3.173998694842867607e+01
1.658728395954579469e+02 3.174230448742867949e+01
1.657339140944580436e+02 3.174462690842866763e+01
1.655949886764580583e+02 3.174695420642867916e+01
1.654560633394580123e+02 3.174928637842867474e+01
1.653171380844580085e+02 3.175162342142867189e+01
1.651782129124580365e+02 3.175396533142867028e+01
1.650392878224579931e+02 3.175631210542867322e+01
1.649003628154579815e+02 3.175866373942866616e+01
1.647614378904580121e+02 3.176102022942867720e+01
1.646225130484579608e+02 3.176338157342867063e+01
1.644835882894580550e+02 3.176574776642867093e+01
1.643446636134579535e+02 3.176811880542866717e+01
1.642057390194580080e+02 3.177049468842866631e+01
1.640668145094579700e+02 3.177287540942867494e+01
1.639278900824579637e+02 3.177526096742867523e+01
1.637889657394579785e+02 3.177765135742867741e+01
1.636500414784580357e+02 3.178004657742867423e+01
1.635111173024579898e+02 3.178244662242867591e+01
1.633721932094579756e+02 3.178485149042867519e+01
1.632332692004579826e+02 3.178726117742867174e+01
1.630943452744580213e+02 3.178967568042866887e+01
1.629554214334579569e+02 3.179209499642866987e+01
1.628164976764580274e+02 3.179451912042867079e+01
1.626775740034580053e+02 3.179694805142866798e+01
1.625386504144580044e+02 3.179938178442867169e+01
1.623997269104580141e+02 3.180182031742867466e+01
1.622608034904580450e+02 3.180426364642867654e+01
1.621218801554579727e+02 3.180671176742867701e+01
1.619829569044580353e+02 3.180916467942867243e+01
1.618440337384579948e+02 3.181162237742867305e+01
1.617051106584579543e+02 3.181408485842866796e+01
1.615661876624580486e+02 3.181655211942867467e+01
1.614272647514580399e+02 3.181902415642867865e+01
1.612883419264580311e+02 3.182150096842867626e+01
1.611494191864580330e+02 3.182398255042867774e+01
1.610104965314580454e+02 3.182646889942867219e+01
1.608715739624580578e+02 3.182896001342866654e+01
1.607326514794579566e+02 3.183145588742867105e+01
1.605937290824579691e+02 3.183395652042866786e+01
1.604548067704579921e+02 3.183646190842867085e+01
1.603158845444580152e+02 3.183897204742866549e+01
1.601769624044580382e+02 3.184148693542867292e+01
1.600380403514580507e+02 3.184400656842867861e+01
1.598991183844579496e+02 3.184653094442867527e+01
1.597601965034579621e+02 3.184906006042866622e+01
1.596212747094579640e+02 3.185159391242866533e+01
1.594823530014579660e+02 3.185413249842866534e+01
1.593434313804579574e+02 3.185667581342867649e+01
1.592045098454579488e+02 3.185922385742867036e+01
1.590655883984580328e+02 3.186177662442866776e+01
1.589266670384579925e+02 3.186433411442866870e+01
1.587877457654580553e+02 3.186689632142866557e+01
1.586488245784580045e+02 3.186946324442866896e+01
1.585099034804580356e+02 3.187203488042866795e+01
1.583709824684579530e+02 3.187461122542867642e+01
1.582320615454579524e+02 3.187719227742867290e+01
1.580931407084579519e+02 3.187977803242867125e+01
1.579542200864579513e+02 3.188236848642867116e+01
1.578152994174579931e+02 3.188496364142866568e+01
1.576763788364580137e+02 3.188756349042867200e+01
1.575374583434580131e+02 3.189016803242867226e+01
1.573985379394579809e+02 3.189277726342866615e+01
1.572596176244580306e+02 3.189539118042867116e+01
1.571206973974580592e+02 3.189800978142866583e+01
1.569817772594580561e+02 3.190063306242867824e+01
1.568428572104580212e+02 3.190326102242867634e+01
1.567039372504579546e+02 3.190589365642867037e+01
1.565650173794579700e+02 3.190853096342867090e+01
1.564260975974579537e+02 3.191117293942867761e+01
1.562871779044580194e+02 3.191381958242866901e+01
1.561482583014580428e+02 3.191647088942867683e+01
1.560093387874580344e+02 3.191912685742867595e+01
1.558704193624579943e+02 3.192178748342866967e+01
1.557315000284580151e+02 3.192445276542867916e+01
1.555925807824580147e+02 3.192712270042867928e+01
1.554536616274579615e+02 3.192979728442866971e+01
1.553147425614579902e+02 3.193247651742867887e+01
1.551758235864579660e+02 3.193516039442867438e+01
1.550369047004580239e+02 3.193784891242867374e+01
1.548979859054580288e+02 3.194054207142867696e+01
1.547590672004579915e+02 3.194323986542867644e+01
1.546201485854580255e+02 3.194594229442867217e+01
1.544812300614580067e+02 3.194864935442867804e+01
1.543423116274580593e+02 3.195136104342867256e+01
1.542033932844580590e+02 3.195407735742866961e+01
1.540644750314580165e+02 3.195679829542866557e+01
1.539255568694580347e+02 3.195952385342867430e+01
1.537866387984580001e+02 3.196225403042867796e+01
1.536477208184580263e+02 3.196498882242867623e+01
1.535088029294579997e+02 3.196772822742867604e+01
1.533698851314580338e+02 3.197047224242866648e+01
1.532309674254580045e+02 3.197322086542866870e+01
1.530920498094580466e+02 3.197597409342867181e+01
1.529531322854580253e+02 3.197873192342867910e+01
1.528142148544580436e+02 3.198149435442867272e+01
1.526752975134580197e+02 3.198426138242866656e+01
1.525363802634580566e+02 3.198703300442867814e+01
1.523974631054580300e+02 3.198980921942867539e+01
1.522585460404580431e+02 3.199259002442867583e+01
1.521196290664580033e+02 3.199537541642866856e+01
1.519807125294580032e+02 3.199816538642867769e+01
