-1.173308632717886155e+02 8.487259155699339530e+00
-1.173276554157887119e+02 8.568651014699318225e+00
-1.173229758467886938e+02 8.650010867699327477e+00
-1.173170689627886247e+02 8.731291521699338531e+00
-1.173101172947886823e+02 8.812490004699318646e+00
-1.173022619307887169e+02 8.893605179699326513e+00
-1.172936143517887047e+02 8.974638920699325340e+00
-1.172842643767886273e+02 9.055594569699328744e+00
-1.172742857107886891e+02 9.136475130699343694e+00
-1.172637396797886993e+02 9.217283589699340141e+00
-1.172526778797887062e+02 9.298023292699317821e+00
-1.172411443047886621e+02 9.378696952699320022e+00
-1.172291767347886378e+02 9.459307423699319983e+00
-1.172168079257886291e+02 9.539857362699327936e+00
-1.172040664827886474e+02 9.620349264699333602e+00
-1.171909775627886745e+02 9.700785464699341887e+00
-1.171775634227886655e+02 9.781168146699334542e+00
-1.171638438637886281e+02 9.861499349699320405e+00
-1.171498365937886490e+02 9.941780974699318207e+00
-1.171355575207886375e+02 1.002201479869932221e+01
-1.171210209947886085e+02 1.010220248069932403e+01
-1.171062400147886535e+02 1.018234557269933838e+01
-1.170912263977886312e+02 1.026244552469932181e+01
-1.170759909197886088e+02 1.034250369469932274e+01
-1.170605434387886987e+02 1.042252135769932941e+01
-1.170448930017886084e+02 1.050249970669934463e+01
-1.170290479287886853e+02 1.058243986369932621e+01
-1.170130158967886871e+02 1.066234288369934369e+01
-1.169968039997886251e+02 1.074220975769931918e+01
-1.169804187907886615e+02 1.082204151769933809e+01
-1.169638664187886832e+02 1.090183881069932248e+01
-1.169471525307886566e+02 1.098160261469933197e+01
-1.169302824157886960e+02 1.106133371469933557e+01
-1.169132610097886698e+02 1.114103284769932678e+01
-1.168960929277886578e+02 1.122070071269933145e+01
-1.168787824917886553e+02 1.130033797069932255e+01
-1.168613337527886813e+02 1.137994524869932000e+01
-1.168437505157886278e+02 1.145952313869934436e+01
-1.168260363557886592e+02 1.153907220369932496e+01
-1.168081946377886595e+02 1.161859297569932004e+01
-1.167902285337886212e+02 1.169808596069932172e+01
-1.167721410327886531e+02 1.177755163969933072e+01
-1.167539433837887088e+02 1.185695382969932687e+01
-1.167356221727886521e+02 1.193636315969933115e+01
-1.167171876537886135e+02 1.201574619769933427e+01
-1.166986421887886252e+02 1.209510345069931780e+01
-1.166799880417886186e+02 1.217443528769933003e+01
-1.166612273577886469e+02 1.225374206069934324e+01
-1.166423621707886866e+02 1.233302410369932112e+01
-1.166233944117886665e+02 1.241228173369932186e+01
-1.166043259167886106e+02 1.249151525169934551e+01
-1.165851584267886381e+02 1.257072494669932006e+01
-1.165658935977886301e+02 1.264991108869934600e+01
-1.165465330067886214e+02 1.272907393869933479e+01
-1.165270781497887072e+02 1.280821374169933868e+01
-1.165075304537886893e+02 1.288733073269934515e+01
-1.164878912767886447e+02 1.296642513169932975e+01
-1.164681619087886872e+02 1.304549715069932425e+01
-1.164483435827886240e+02 1.312454698769933792e+01
-1.164284374687887009e+02 1.320357483169933310e+01
-1.164084446847886909e+02 1.328258086269933891e+01
-1.163883662917886284e+02 1.336156524969933024e+01
-1.163682033047886932e+02 1.344052815069934148e+01
-1.163479566857887164e+02 1.351946971769932837e+01
-1.163276273567886108e+02 1.359839009269932397e+01
-1.163072161887887148e+02 1.367728940769932500e+01
-1.162867240167886109e+02 1.375616778769934534e+01
-1.162661516327886773e+02 1.383502535169932024e+01
-1.162454997897886813e+02 1.391386220569932242e+01
-1.162247692047886574e+02 1.399267845369933205e+01
-1.162039605587886797e+02 1.407147418969932140e+01
-1.161830744987886135e+02 1.415024949969931889e+01
-1.161621116387886730e+02 1.422900446469932056e+01
-1.161410725607886150e+02 1.430773915669933238e+01
-1.161199578157886378e+02 1.438645364269932792e+01
-1.160987679267886676e+02 1.446514798269932633e+01
-1.160775033867887203e+02 1.454382222869931773e+01
-1.160561646607886530e+02 1.462247642769934508e+01
-1.160347521887887012e+02 1.470111061969932642e+01
-1.160132663827887143e+02 1.477972483969931794e+01
-1.159917076317886711e+02 1.485831911569933617e+01
-1.159700762997887011e+02 1.493689346769934012e+01
-1.159483727257886301e+02 1.501544790969932386e+01
-1.159265972257886403e+02 1.509398245469932043e+01
-1.159047500947886817e+02 1.517249710269932983e+01
-1.158828316057887093e+02 1.525099185269933422e+01
-1.158608420077887047e+02 1.532946669469932566e+01
-1.158387815327887154e+02 1.540792161169934182e+01
-1.158166503897886912e+02 1.548635658369933843e+01
-1.157944487667886904e+02 1.556477158269932737e+01
-1.157721768357887129e+02 1.564316657269931987e+01
-1.157498347477886398e+02 1.572154151269932321e+01
-1.157274226337886773e+02 1.579989635569932283e+01
-1.157049406067886537e+02 1.587823104669933194e+01
-1.156823887647886693e+02 1.595654552469934195e+01
-1.156597550537886434e+02 1.603488163369933162e+01
-1.156370627947886476e+02 1.611315877269932528e+01
-1.156143008187886778e+02 1.619141572869934365e+01
-1.155914691457886363e+02 1.626965242969932390e+01
-1.155685677757886367e+02 1.634786880069932025e+01
-1.155455966937886103e+02 1.642606476169932606e+01
-1.155225558657886893e+02 1.650424022269932678e+01
-1.154994452427887097e+02 1.658239509069933959e+01
-1.154762647577886980e+02 1.666052926369933473e+01
-1.154530143257886436e+02 1.673864263569932476e+01
-1.154296938477886840e+02 1.681673509169933212e+01
-1.154063032047887134e+02 1.689480651169931846e+01
-1.153828422647886498e+02 1.697285676669934062e+01
-1.153593108757886228e+02 1.705088572269933778e+01
-1.153357088707886930e+02 1.712889323769933370e+01
-1.153120360627886782e+02 1.720687916569933762e+01
-1.152882922517886470e+02 1.728484335469933697e+01
-1.152644772167886629e+02 1.736278564769934363e+01
-1.152405907167886596e+02 1.744070588569933378e+01
-1.152166324937886372e+02 1.751860391369932657e+01
-1.151926022657886222e+02 1.759647958469934181e+01
-1.151684997247886884e+02 1.767433276569933653e+01
-1.151443423857886899e+02 1.775210597569934023e+01
-1.151200795227886999e+02 1.782996104469932064e+01
-1.150957581307886528e+02 1.790774556769934023e+01
-1.150713613227886469e+02 1.798551238369931937e+01
-1.150468900807886428e+02 1.806325688869931767e+01
-1.150223445297886826e+02 1.814097716769932234e+01
-1.149977244257886184e+02 1.821867242769933526e+01
-1.149730293537886325e+02 1.829634234769934054e+01
-1.149482588187886165e+02 1.837398678969931964e+01
-1.149234122977886443e+02 1.845160562269932214e+01
-1.148985020167886830e+02 1.852915901969932477e+01
-1.148734992547886975e+02 1.860673444169932012e+01
-1.148484192737887213e+02 1.868428231769933134e+01
-1.148232613487886908e+02 1.876180284169932477e+01
-1.147980247627886854e+02 1.883929609369933544e+01
-1.147727088027886282e+02 1.891676206669932370e+01
-1.147473127447886725e+02 1.899420068069933976e+01
-1.147218358597886834e+02 1.907161179969934395e+01
-1.146962773987886237e+02 1.914899523969932105e+01
-1.146706365977886151e+02 1.922635078169934175e+01
-1.146449126727886494e+02 1.930367816969932804e+01
-1.146191048147886420e+02 1.938097711969932746e+01
-1.145932121917886377e+02 1.945824732369932875e+01
-1.145672339447886259e+02 1.953548844969931864e+01
-1.145411692307886540e+02 1.961270001169932087e+01
-1.145150170607887219e+02 1.968988184969932220e+01
-1.144887765207887185e+02 1.976703347469932126e+01
-1.144624466297886727e+02 1.984415447269931931e+01
-1.144360263747886108e+02 1.992124440969933019e+01
-1.144095147077887020e+02 1.999830283269934128e+01
-1.143829105437887108e+02 2.007532927169932080e+01
-1.143562127597886899e+02 2.015232323669933479e+01
-1.143294201927886604e+02 2.022928421669933030e+01
-1.143025316377886327e+02 2.030621168269933108e+01
-1.142755458487887097e+02 2.038310508369933771e+01
-1.142484615607886269e+02 2.045996377069933558e+01
-1.142212773647886195e+02 2.053678734969934183e+01
-1.141939770177886828e+02 2.061361692469931839e+01
-1.141665881027886087e+02 2.069037016869932089e+01
-1.141390950297886491e+02 2.076708618469932688e+01
-1.141114992287886878e+02 2.084375603169933200e+01
-1.140837930327886340e+02 2.092039583969934213e+01
-1.140559777127886889e+02 2.099699669269931590e+01
-1.140280516647886486e+02 2.107355747669932455e+01
-1.140000130907886557e+02 2.115007740969933892e+01
-1.139718747457886536e+02 2.122651604169933037e+01
-1.139436034807887097e+02 2.130295726569933734e+01
-1.139152143617886566e+02 2.137935370969931981e+01
-1.138867052647886737e+02 2.145570454169932262e+01
-1.138580739937886790e+02 2.153200886869932518e+01
-1.138293182727886403e+02 2.160826573069933332e+01
-1.138004357037886791e+02 2.168447420469933107e+01
-1.137714239377886258e+02 2.176063293069931959e+01
-1.137422803607886124e+02 2.183674094269933974e+01
-1.137130023317887151e+02 2.191279699869933850e+01
-1.136835871037886534e+02 2.198879979269934282e+01
-1.136540318137886914e+02 2.206474794969934194e+01
-1.136243334757886885e+02 2.214064002269931919e+01
-1.135944889747886180e+02 2.221647448769933320e+01
-1.135644950617886195e+02 2.229224974169934015e+01
-1.135343483387887034e+02 2.236796409369931737e+01
-1.135040452577886469e+02 2.244361576369933076e+01
-1.134735821027886402e+02 2.251920287269932786e+01
-1.134429549867886351e+02 2.259472344269933686e+01
-1.134121598347886390e+02 2.267017538469933768e+01
-1.133811923757886859e+02 2.274555649169933602e+01
-1.133500481237886959e+02 2.282086443569932399e+01
-1.133187223687886842e+02 2.289609675569933600e+01
-1.132872101527886741e+02 2.297125085269933109e+01
-1.132555062587886994e+02 2.304632397769933405e+01
-1.132236051837886350e+02 2.312131322969932867e+01
-1.131915011187886364e+02 2.319621554369932781e+01
-1.131591879157886922e+02 2.327102769169933438e+01
-1.131266590597886932e+02 2.334574628069933411e+01
-1.130939076237886809e+02 2.342036776669933218e+01
-1.130609262207886729e+02 2.349488846969933675e+01
-1.130277069307886393e+02 2.356930463269933185e+01
-1.129942412127886371e+02 2.364361249669933684e+01
-1.129605198207886758e+02 2.371780835069933246e+01
-1.129265325137887146e+02 2.379188900569933551e+01
-1.128922745097886207e+02 2.386583772969932582e+01
-1.128577342867887126e+02 2.393965068369933036e+01
-1.128228990547886212e+02 2.401332456869933552e+01
-1.127877566537887049e+02 2.408685239869932460e+01
-1.127522942507887080e+02 2.416022612069932407e+01
-1.127164978647886926e+02 2.423343732969933129e+01
-1.126803524597886224e+02 2.430647677369933390e+01
-1.126438419527886197e+02 2.437933399669933365e+01
-1.126069486807886904e+02 2.445199802569932856e+01
-1.125696536607887026e+02 2.452445638169932707e+01
-1.125319362087886645e+02 2.459669533969932687e+01
-1.124937737667886211e+02 2.466869964469933407e+01
-1.124551416697886168e+02 2.474045227869932617e+01
-1.124160129387886116e+02 2.481193404169933459e+01
-1.123763576947886520e+02 2.488312368569933497e+01
-1.123361219737887211e+02 2.495403376869933609e+01
-1.122943496687886125e+02 2.502395719369933502e+01
-1.122430707437887065e+02 2.508721281769932787e+01
-1.121870983987887200e+02 2.514641973669933250e+01
-1.121274653837886888e+02 2.520194985569932911e+01
-1.120649288887886712e+02 2.525420635269933101e+01
-1.120000784817886768e+02 2.530354379569932988e+01
-1.119333469597886221e+02 2.535029034969932482e+01
-1.118652026477886636e+02 2.539464415869932523e+01
-1.117956069117886670e+02 2.543704006969932507e+01
-1.117249157357886986e+02 2.547758420069932939e+01
-1.116531173967887014e+02 2.551654830669932394e+01
-1.115806892847886900e+02 2.555390000569933662e+01
-1.115075640167886775e+02 2.558987076269932359e+01
-1.114338302167886638e+02 2.562457739669932621e+01
-1.113595606237886102e+02 2.565812269569933690e+01
-1.112848164997886613e+02 2.569059696969933171e+01
-1.112098312217886757e+02 2.572200533269932876e+01
-1.111342877017886792e+02 2.575256983469933303e+01
-1.110584000387886761e+02 2.578227842969933548e+01
-1.109822053597887077e+02 2.581118598169932810e+01
-1.109057305277886769e+02 2.583934400769932793e+01
-1.108290003137886686e+02 2.586679845169932790e+01
-1.107520364687886456e+02 2.589359091869933494e+01
-1.106748581807886183e+02 2.591975920069933537e+01
-1.105974824557887075e+02 2.594533773869932602e+01
-1.105199244287886984e+02 2.597035801369932884e+01
-1.104421976197886295e+02 2.599484887769932939e+01
-1.103643141537886265e+02 2.601883684769933680e+01
-1.102863718267886668e+02 2.604232045369933601e+01
-1.102082068587886567e+02 2.606537454669933496e+01
-1.101299148987886554e+02 2.608799359169933396e+01
-1.100515040477887112e+02 2.611019695769933335e+01
-1.099729171547886324e+02 2.613202039469932814e+01
-1.098940287327886551e+02 2.615351537169933138e+01
-1.098153122957886296e+02 2.617457081469932589e+01
-1.097365299387887205e+02 2.619526871269933466e+01
-1.096576257377887202e+02 2.621563874369933345e+01
-1.095786873687886498e+02 2.623567241569933017e+01
-1.094997294317886087e+02 2.625537985269932406e+01
-1.094206264817886165e+02 2.627480461269933087e+01
-1.093414770717887166e+02 2.629393378169932660e+01
-1.092622051487886381e+02 2.631279645769932429e+01
-1.091828514077886609e+02 2.633139282269933190e+01
-1.091033815777886673e+02 2.634974022069933497e+01
-1.090238950577886214e+02 2.636782479669932755e+01
-1.089442791257887109e+02 2.638568071269932958e+01
-1.088647360317887376e+02 2.640327105769933169e+01
-1.087853237737886900e+02 2.642059217569932983e+01
-1.087055694917886228e+02 2.643775406069933709e+01
-1.086258147017886984e+02 2.645468913769933650e+01
-1.085461183967887280e+02 2.647139216369932413e+01
-1.084663343847886097e+02 2.648790034169933350e+01
-1.083865072127885867e+02 2.650421029269933015e+01
-1.083066382837886010e+02 2.652032745769932731e+01
-1.082267291467886423e+02 2.653625698969932856e+01
-1.081467814227886208e+02 2.655200378769932357e+01
-1.080667967097886901e+02 2.656757252969933703e+01
-1.079867765387885754e+02 2.658296769269933080e+01
-1.079067223597886311e+02 2.659819357369933712e+01
-1.078266355287886142e+02 2.661325429769933137e+01
-1.077465173047886253e+02 2.662815383169932559e+01
-1.076663688527886222e+02 2.664289599169933709e+01
-1.075861912447886368e+02 2.665748445469933259e+01
-1.075059854627887432e+02 2.667192275969933135e+01
-1.074257524077887354e+02 2.668621432169932817e+01
-1.073454928957886239e+02 2.670036243269932541e+01
-1.072652076737886944e+02 2.671437026969933370e+01
-1.071848974147886508e+02 2.672824090069933689e+01
-1.071045627327885938e+02 2.674197728669932772e+01
-1.070242041867887508e+02 2.675558228769932967e+01
-1.069438221907886089e+02 2.676905868469933480e+01
-1.068634174577885858e+02 2.678240910669933683e+01
-1.067829903397885971e+02 2.679563614769933011e+01
-1.067025413497886746e+02 2.680874228669933146e+01
-1.066220710937887759e+02 2.682172989969932431e+01
-1.065415802677885893e+02 2.683460126569932314e+01
-1.064610273767885644e+02 2.684736524669932933e+01
-1.063805363907887056e+02 2.686000452069932365e+01
-1.063000790037886816e+02 2.687252598369933665e+01
-1.062196164947887098e+02 2.688493789169932668e+01
-1.061392605877886979e+02 2.689722531369932668e+01
-1.060581441257887434e+02 2.690952158869932376e+01
-1.059776496017885563e+02 2.692161885369933216e+01
-1.058971132047887238e+02 2.693361991869932481e+01
-1.058165643717887576e+02 2.694552214769932519e+01
-1.057359533497886730e+02 2.695733455169933634e+01
-1.056553055177886051e+02 2.696905498069932960e+01
-1.055746333477887617e+02 2.698068320869933601e+01
-1.054938926717887568e+02 2.699222708969933038e+01
-1.054131426807885816e+02 2.700367963169933105e+01
-1.053323146687885981e+02 2.701505199069932317e+01
-1.052515773167886834e+02 2.702632197269932490e+01
-1.051708694327886349e+02 2.703749979069933218e+01
-1.050901087027885694e+02 2.704859824069932372e+01
-1.050092653697887215e+02 2.705962258869933024e+01
-1.049284859137886485e+02 2.707055418869933661e+01
-1.048481373127886798e+02 2.708134545469933485e+01
-1.047673568577887124e+02 2.709211353369933661e+01
-1.046865659157886910e+02 2.710280283769933263e+01
-1.046057647177886736e+02 2.711341452569932997e+01
-1.045249534857885862e+02 2.712394972569933671e+01
-1.044436938387885618e+02 2.713446609569932733e+01
-1.043630218907886444e+02 2.714483087469932698e+01
-1.042820655437886614e+02 2.715515764069933269e+01
-1.042014838617886596e+02 2.716536351569932961e+01
-1.041207471217886393e+02 2.717551693269932755e+01
-1.040398878847887261e+02 2.718561444569933272e+01
-1.039589057477886342e+02 2.719565677969932338e+01
-1.038778617347887518e+02 2.720563710769933508e+01
-1.037973468137887210e+02 2.721548419869933255e+01
-1.037162932297886471e+02 2.722532956069932553e+01
-1.036354008767885659e+02 2.723508861469932540e+01
-1.035545222077886081e+02 2.724478026669932618e+01
-1.034736300317887014e+02 2.725440864069932800e+01
-1.033927232687886715e+02 2.726397468069932373e+01
-1.033118025587885711e+02 2.727347910469932302e+01
-1.032308690217886067e+02 2.728292256169932628e+01
-1.031499238527886462e+02 2.729230567769933558e+01
-1.030689681717886685e+02 2.730162907369933478e+01
-1.029880029727886210e+02 2.731089337369933290e+01
-1.029070291177887100e+02 2.732009920069933528e+01
-1.028260473357887292e+02 2.732924718269933706e+01
-1.027450582447887371e+02 2.733833794569932607e+01
-1.026640623557885590e+02 2.734737211569933280e+01
-1.025830600957886816e+02 2.735635031569933417e+01
-1.025020518137885972e+02 2.736527316169932433e+01
-1.024210379207887343e+02 2.737414125269933507e+01
-1.023400183577885798e+02 2.738295522769933044e+01
-1.022589934957887579e+02 2.739171566469933694e+01
-1.021779634727887185e+02 2.740042315569933251e+01
-1.020969283967886838e+02 2.740907828369933341e+01
-1.020158883467887279e+02 2.741768162469933046e+01
-1.019348433777887237e+02 2.742623374369933131e+01
-1.018537935237887666e+02 2.743473519969933605e+01
-1.017727386327886450e+02 2.744318655769932391e+01
-1.016916789367886338e+02 2.745158833469932702e+01
-1.016106142837887489e+02 2.745994107469933354e+01
-1.015295446107887471e+02 2.746824530469932668e+01
-1.014484698267886813e+02 2.747650154269932798e+01
-1.013673898137886624e+02 2.748471030169932661e+01
-1.012863044267886323e+02 2.749287208469933219e+01
-1.012052134837886967e+02 2.750098739269933290e+01
-1.011241167687886389e+02 2.750905671869933045e+01
-1.010430140247886754e+02 2.751708055169932621e+01
-1.009619049467886214e+02 2.752505937469932817e+01
-1.008807891827885612e+02 2.753299366869933706e+01
-1.007996663327886324e+02 2.754088391069932484e+01
-1.007185359537887450e+02 2.754873056969933387e+01
-1.006373975807885870e+02 2.755653411369933181e+01
-1.005562507937887347e+02 2.756429499369932401e+01
-1.004750953657886328e+02 2.757201363569932440e+01
-1.003939316807887678e+02 2.757969040269933103e+01
-1.003127166837885795e+02 2.758732972269932660e+01
-1.002316523027887740e+02 2.759491307669933136e+01
-1.001506349127886040e+02 2.760245069969933596e+01
-1.000696046967885593e+02 2.760994856569933020e+01
-9.998796940078872808e+01 2.761746138769932557e+01
-9.990703235878876853e+01 2.762486966269932864e+01
-9.982592097178857671e+01 2.763225401569933481e+01
-9.974466486478863203e+01 2.763961187369932659e+01
-9.966321008778876944e+01 2.764694822569933663e+01
-9.958217209778862866e+01 2.765420814569933228e+01
-9.950097296578869077e+01 2.766144393369933496e+01
-9.941994765178864668e+01 2.766862608569933357e+01
-9.933885091678857293e+01 2.767577674269933041e+01
-9.925766565378862083e+01 2.768289762469932569e+01
-9.917647713078858374e+01 2.768998151169933308e+01
-9.909528368578875757e+01 2.769702885669933679e+01
-9.901408606778872468e+01 2.770403990069933187e+01
-9.893284821378856009e+01 2.771101803369933592e+01
-9.885164673578864836e+01 2.771795697269933001e+01
-9.877044210378866751e+01 2.772486041469932516e+01
-9.868923435078872330e+01 2.773172864469933430e+01
-9.860802351578863068e+01 2.773856194369932737e+01
-9.852680963778865930e+01 2.774536058769932723e+01
-9.844559275678861354e+01 2.775212484669933488e+01
-9.836437291578872077e+01 2.775885499069933715e+01
-9.828315015478855798e+01 2.776555128169933440e+01
-9.820192451678857992e+01 2.777221397869933028e+01
-9.812069604578877602e+01 2.777884333869933542e+01
-9.803946478178872326e+01 2.778543961369932802e+01
-9.795823076878863844e+01 2.779200305069932497e+01
-9.787699404878875953e+01 2.779853389569932531e+01
-9.779575466178866350e+01 2.780503238769933105e+01
-9.771451265178856715e+01 2.781149876669933363e+01
-9.763326805878872960e+01 2.781793326569932745e+01
-9.755202092278872783e+01 2.782433611469932444e+01
-9.747077128578857241e+01 2.783070754369933653e+01
-9.738951918778874983e+01 2.783704777469933234e+01
-9.730826466778862027e+01 2.784335702969932314e+01
-9.722700790178859620e+01 2.784963551569933671e+01
-9.714574867978862471e+01 2.785588346869933574e+01
-9.706448715778864766e+01 2.786210108969932620e+01
-9.698322337478870736e+01 2.786828858969933620e+01
-9.690195737078860816e+01 2.787444617269932579e+01
-9.682064462678872019e+01 2.788057739469933338e+01
-9.673937241278858323e+01 2.788667587769933576e+01
-9.665809800978863109e+01 2.789274505069933596e+01
-9.657682145378871041e+01 2.789878510869933237e+01
-9.649554274078863614e+01 2.790479624869933062e+01
-9.641426201178873612e+01 2.791077864969932776e+01
-9.633297920078857146e+01 2.791673250969933306e+01
-9.625169437078861279e+01 2.792265800869933301e+01
-9.617044595178876421e+01 2.792855255069932596e+01
-9.608915349678872531e+01 2.793442215269933016e+01
-9.600785940078876024e+01 2.794026391269932574e+01
-9.592656363978866807e+01 2.794607800769933093e+01
-9.584526623778864973e+01 2.795186461269932821e+01
-9.576396721878867879e+01 2.795762389869932818e+01
-9.568266660478874996e+01 2.796335603469933417e+01
-9.560136441878862001e+01 2.796906118669932440e+01
-9.552006068278873840e+01 2.797473952069933389e+01
-9.543875541778865568e+01 2.798039119769933691e+01
-9.535744864478860450e+01 2.798601637869933612e+01
-9.527614038678856900e+01 2.799161522169932326e+01
-9.519483066278857564e+01 2.799718788269932546e+01
-9.511351949478861911e+01 2.800273451469933050e+01
-9.503220689978874702e+01 2.800825527069932619e+01
-9.495089289978872671e+01 2.801375030069933203e+01
-9.486957751278859519e+01 2.801921975269933185e+01
-9.478826075578862742e+01 2.802466377269933062e+01
-9.470694264778862248e+01 2.803008250369933663e+01
-9.462562320478863853e+01 2.803547609069933699e+01
-9.454430244078875489e+01 2.804084467169933603e+01
-9.446298037178857498e+01 2.804618838669933112e+01
-9.438165700878866460e+01 2.805150737369932656e+01
-9.430033236278868003e+01 2.805680176669932635e+01
-9.421900644078877463e+01 2.806207169969933446e+01
-9.413767924778866814e+01 2.806731730469933339e+01
-9.405635078278859851e+01 2.807253871369933407e+01
-9.397502104078861862e+01 2.807773605469933287e+01
-9.389369000878863858e+01 2.808290945669932981e+01
-9.381235774978867425e+01 2.808805904169932788e+01
-9.373102399978856170e+01 2.809318494869933502e+01
-9.364964679878866605e+01 2.809828992769933009e+01
-9.356830720978868499e+01 2.810336901069932836e+01
-9.348696187178856576e+01 2.810842504169932354e+01
-9.340560517178877831e+01 2.811345847969933587e+01
-9.332424320978870469e+01 2.811846905669932895e+01
-9.324287795378867827e+01 2.812345676469933053e+01
-9.316151029178863041e+01 2.812842165969933106e+01
-9.308014077978859291e+01 2.813336381869932623e+01
-9.299876967878876144e+01 2.813828333469932730e+01
-9.291739707678866012e+01 2.814318031169932866e+01
-9.283607305378868091e+01 2.814805186269933657e+01
-9.275470654278873894e+01 2.815290355269933187e+01
-9.267334015478863307e+01 2.815773292669932815e+01
-9.259197400278875989e+01 2.816254008269932640e+01
-9.251060796378860118e+01 2.816732513069932864e+01
-9.242924225878877564e+01 2.817208815769932428e+01
-9.234787663178857997e+01 2.817682927869933351e+01
-9.226651070778856933e+01 2.818154861369932362e+01
-9.218514374478863260e+01 2.818624630069932735e+01
-9.210377441478871674e+01 2.819092251069932686e+01
-9.202240059178856768e+01 2.819557745669932913e+01
-9.194102036478861351e+01 2.820021133669932922e+01
-9.185959204178865889e+01 2.820482659369932676e+01
-9.177815953578860331e+01 2.820942080969932775e+01
-9.169723036378863412e+01 2.821396563269933111e+01
-9.161587475778864587e+01 2.821851339469933251e+01
-9.153453026678866422e+01 2.822303956069932340e+01
-9.145312204978867499e+01 2.822754835969933040e+01
-9.137174176578864149e+01 2.823203478569933011e+01
-9.129036097178877185e+01 2.823650049769932835e+01
-9.120871787478867532e+01 2.824095984269932913e+01
-9.112718877378856064e+01 2.824539228969932836e+01
-9.104575573278870593e+01 2.824979897469933476e+01
-9.096466821878865971e+01 2.825416663869933487e+01
-9.088327582678866179e+01 2.825853040769932889e+01
-9.080187214778865723e+01 2.826287449569932519e+01
-9.072047488478855826e+01 2.826719803069933690e+01
-9.063908301178875604e+01 2.827150114269932502e+01
-9.055769414378855231e+01 2.827578403269932394e+01
-9.047630675278864487e+01 2.828004685069932478e+01
-9.039492011978867936e+01 2.828428970569932588e+01
-9.031353420278864519e+01 2.828851266569933287e+01
-9.023214961978860060e+01 2.829271576569933089e+01
-9.015076775078873084e+01 2.829689900169933381e+01
-9.006939081178856554e+01 2.830106232569932345e+01
-8.998802062278863900e+01 2.830520570969932592e+01
-8.990664652478866969e+01 2.830932975969932741e+01
-8.982519999678865474e+01 2.831343798069932305e+01
-8.974426655678857401e+01 2.831750105369933479e+01
-8.966272481578866405e+01 2.832157529969933663e+01
-8.958132576978877637e+01 2.832562308569932341e+01
-8.949992723678869311e+01 2.832965158669933103e+01
-8.941852915178864691e+01 2.833366085969932513e+01
-8.933713163478873298e+01 2.833765095269932388e+01
-8.925573453278875036e+01 2.834162192469932862e+01
-8.917433791678863031e+01 2.834557382169933604e+01
-8.909294161078864249e+01 2.834950670169932962e+01
-8.901154575378868117e+01 2.835342060569933054e+01
-8.893015026878865115e+01 2.835731558269933217e+01
-8.884875513378855771e+01 2.836119167969933486e+01
-8.876736032178868641e+01 2.836504894169933166e+01
-8.868596580678863006e+01 2.836888741169933681e+01
-8.860457155978869537e+01 2.837270713369932551e+01
-8.852317754578857034e+01 2.837650814669932586e+01
-8.844178373178860397e+01 2.838029049169933060e+01
-8.836039007578855831e+01 2.838405420769932519e+01
-8.827899653278868186e+01 2.838779933269933409e+01
-8.819760304678865737e+01 2.839152590169932822e+01
-8.811620955578868575e+01 2.839523395169932840e+01
-8.803481611078868241e+01 2.839892350969933332e+01
-8.795342223678866844e+01 2.840259462869933671e+01
-8.787205270078865738e+01 2.840624622669932720e+01
-8.779071162478871315e+01 2.840987816469932525e+01
-8.770930382378864465e+01 2.841349470169932445e+01
-8.762785269278865030e+01 2.841709478769933028e+01
-8.754637435078856811e+01 2.842067770769932977e+01
-8.746487916978875887e+01 2.842424300969932816e+01
-8.738337372778855183e+01 2.842779041669932738e+01
-8.730186225078873008e+01 2.843131975569932379e+01
-8.722034751878877046e+01 2.843483091869933688e+01
-8.713883140978859387e+01 2.843832383669932895e+01
-8.705727894978858217e+01 2.844180000569932432e+01
-8.697576985778877656e+01 2.844525604169932720e+01
-8.689443034578866332e+01 2.844868667169932408e+01
-8.681294203778870155e+01 2.845210533669933639e+01
-8.673158737978869226e+01 2.845550018569932504e+01
-8.665016345878856896e+01 2.845887970869933170e+01
-8.656874835478865293e+01 2.846224064369933515e+01
-8.648733189878871030e+01 2.846558341169933115e+01
-8.640591183878868264e+01 2.846890809769933028e+01
-8.632448778478860163e+01 2.847221470769932594e+01
-8.624306007878871583e+01 2.847550321369933002e+01
-8.616162919678876619e+01 2.847877358269933623e+01
-8.608019564678861002e+01 2.848202577769932375e+01
-8.599875972078856989e+01 2.848525976569932894e+01
-8.591732189978856127e+01 2.848847550569933063e+01
-8.583588243878861590e+01 2.849167296269932947e+01
-8.575444156978855403e+01 2.849485209869932945e+01
-8.567299949778870882e+01 2.849801287469933087e+01
-8.559155661878875776e+01 2.850115524169932613e+01
-8.551011275678874313e+01 2.850427916669932316e+01
-8.542866814978864909e+01 2.850738459869933550e+01
-8.534722289478858670e+01 2.851047148969933076e+01
-8.526577706778866172e+01 2.851353978569932579e+01
-8.518433073378864151e+01 2.851658942969932653e+01
-8.510288394178868998e+01 2.851962036069932438e+01
-8.502143673278860092e+01 2.852263251469932825e+01
-8.493998914078869689e+01 2.852562581969933220e+01
-8.485854118978872407e+01 2.852860020069933356e+01
-8.477709289778871948e+01 2.853155557669933629e+01
-8.469560101078863568e+01 2.853449341469933032e+01
-8.461415772078871100e+01 2.853741029869933143e+01
-8.453271348478855884e+01 2.854030791969933389e+01
-8.445126836778862867e+01 2.854318616669933206e+01
-8.436982243278870897e+01 2.854604491869932659e+01
-8.428837572678875745e+01 2.854888404869932472e+01
-8.420692829278877412e+01 2.855170341769933273e+01
-8.412548016378863736e+01 2.855450287869932779e+01
-8.404403137078870145e+01 2.855728227269932873e+01
-8.396258193578873374e+01 2.856004142669933188e+01
-8.388113187778876068e+01 2.856278015469932896e+01
-8.379968121078863419e+01 2.856549825869932491e+01
-8.371822994778867155e+01 2.856819551969933357e+01
-8.363677809578857136e+01 2.857087170269932486e+01
-8.355536721878874573e+01 2.857352520369933657e+01
-8.347390677178859164e+01 2.857615869169932310e+01
-8.339244679478869671e+01 2.857877022469932982e+01
-8.331098707478858501e+01 2.858135947869932991e+01
-8.322952754678871656e+01 2.858392608969933590e+01
-8.314806814278867364e+01 2.858646965569933585e+01
-8.306660879178875234e+01 2.858898973569933233e+01
-8.298514942078858780e+01 2.859148583769932728e+01
-8.290368995278876696e+01 2.859395741469933583e+01
-8.282223031278871872e+01 2.859640385669932883e+01
-8.274077041778863872e+01 2.859882448369933527e+01
-8.265931018478872261e+01 2.860121854169932831e+01
-8.257784946278874827e+01 2.860358520469933197e+01
-8.249638834678862054e+01 2.860592360669932432e+01
-8.241492660378875712e+01 2.860823297469932314e+01
-8.233346422078861337e+01 2.861051308569932772e+01
-8.225200108778867047e+01 2.861276635469933538e+01
-8.222511096978868750e+01 2.853583640869932836e+01
-8.219860842378861321e+01 2.845877205069932714e+01
-8.217245587878855417e+01 2.838158817569932424e+01
-8.214662150578860178e+01 2.830429717569933601e+01
-8.212107811578866290e+01 2.822690965469933033e+01
-8.209580210678868184e+01 2.814943427269932741e+01
-8.207077301678859271e+01 2.807187874369933311e+01
-8.204597287678856787e+01 2.799424967369933270e+01
-8.202138581878861601e+01 2.791655282469932686e+01
-8.199699775378857680e+01 2.783879325469932908e+01
-8.197279609978872372e+01 2.776097543269932899e+01
-8.194876956678862712e+01 2.768310332669932805e+01
-8.192490797978857131e+01 2.760518048269932834e+01
-8.190120212878863981e+01 2.752721007869932990e+01
-8.187764364878862011e+01 2.744919497769932448e+01
-8.185422490878872281e+01 2.737113776969933454e+01
-8.183093893178860867e+01 2.729304080569932367e+01
-8.180777931378869994e+01 2.721490622669933046e+01
-8.178474016278855174e+01 2.713673598869933201e+01
-8.176181604178859175e+01 2.705853188469932391e+01
-8.173900192278856025e+01 2.698029556169932519e+01
-8.171629309978865763e+01 2.690202838869932478e+01
-8.169368531778863485e+01 2.682373203169932552e+01
-8.167117450778877696e+01 2.674540766969933614e+01
-8.164875690678863407e+01 2.666705650469933531e+01
-8.162642899578858646e+01 2.658867965669933042e+01
-8.160418748078868134e+01 2.651027816769932954e+01
-8.158202927278861694e+01 2.643185301169933510e+01
-8.155995146878862556e+01 2.635340509769932638e+01
-8.153795133878870161e+01 2.627493527669932760e+01
-8.151602630878855393e+01 2.619644434769933028e+01
-8.149417395078862114e+01 2.611793306169933615e+01
-8.147239197278858569e+01 2.603940212369933604e+01
-8.145067820478865883e+01 2.596085219869933169e+01
-8.142903059278873457e+01 2.588228391469933243e+01
-8.140744718778873334e+01 2.580369786169932311e+01
-8.138592614078865495e+01 2.572509459969933587e+01
-8.136446569578865251e+01 2.564647466069932946e+01
-8.134306418178866238e+01 2.556783854569933467e+01
-8.132172000778868437e+01 2.548918673069933405e+01
-8.130043165878859668e+01 2.541051966869932599e+01
-8.127919768878868467e+01 2.533183778969932476e+01
-8.125801671678877369e+01 2.525314150169933569e+01
-8.123688742578869437e+01 2.517443119469932711e+01
-8.121580855378860520e+01 2.509570723969932615e+01
-8.119477889478875454e+01 2.501696999169933022e+01
-8.117379729478861350e+01 2.493821978769932812e+01
-8.115286264578875830e+01 2.485945695169933245e+01
-8.113198525178867726e+01 2.478072469869933414e+01
-8.111114205278872191e+01 2.470194021269933060e+01
-8.109034277478858144e+01 2.462314409169933427e+01
-8.106958647878863644e+01 2.454433660969933229e+01
-8.104887226078867002e+01 2.446551802869932501e+01
-8.102819925378875610e+01 2.438668860069933331e+01
-8.100756662178864076e+01 2.430784856669932381e+01
-8.098697356078864118e+01 2.422899815769932630e+01
-8.096641929478877842e+01 2.415013759869933452e+01
-8.094590307578877741e+01 2.407126710369933065e+01
-8.092542418478873856e+01 2.399238687869932463e+01
-8.090498192578874637e+01 2.391349712269932937e+01
-8.088457562778862098e+01 2.383459802869933597e+01
-8.086420464178863199e+01 2.375568977969932760e+01
-8.084386834178857839e+01 2.367677255469932973e+01
-8.082356612278871921e+01 2.359784652569932817e+01
-8.080329739878865780e+01 2.351891185969933318e+01
-8.078306160378869549e+01 2.343996871469933652e+01
-8.076285818978871589e+01 2.336101724769932630e+01
-8.074268662678863961e+01 2.328205760769933264e+01
-8.072254639978868340e+01 2.320308993969932843e+01
-8.070243701178864626e+01 2.312411438469932889e+01
-8.068235798078862331e+01 2.304513107669932381e+01
-8.066230883778857219e+01 2.296614014769932410e+01
-8.064228913078872552e+01 2.288714172569932614e+01
-8.062229841878874481e+01 2.280813593369933656e+01
-8.060233627578858773e+01 2.272912289069931902e+01
-8.058240228578856090e+01 2.265010271369932937e+01
-8.056249604878857440e+01 2.257107551469933426e+01
-8.054261717178869162e+01 2.249204140169932842e+01
-8.052276527678858997e+01 2.241300048269933498e+01
-8.050293999378877174e+01 2.233395285969932686e+01
-8.048314096478870283e+01 2.225489863169933713e+01
-8.046336784078866344e+01 2.217583789769934199e+01
-8.044362028378859009e+01 2.209677075169934213e+01
-8.042389796378856204e+01 2.201769728469934151e+01
-8.040420055878857397e+01 2.193861758769934411e+01
-8.038452775878872103e+01 2.185953174569933211e+01
-8.036487925778860131e+01 2.178043984569932334e+01
-8.034525476178859549e+01 2.170134196869934229e+01
-8.032565398178857663e+01 2.162223819469933872e+01
-8.030607663778877736e+01 2.154312860369931926e+01
-8.028652245678867416e+01 2.146401327069934339e+01
-8.026699117178858955e+01 2.138489227169931794e+01
-8.024748252478875088e+01 2.130576567769931629e+01
-8.022799626278865048e+01 2.122663356069931595e+01
-8.020853213778863733e+01 2.114749598869933678e+01
-8.018908991178872725e+01 2.106835303169932061e+01
-8.016966935078866641e+01 2.098920475369932959e+01
-8.015027022478861340e+01 2.091005122069931943e+01
-8.013089231178864225e+01 2.083089249669932386e+01
-8.011153539578876348e+01 2.075172863969932635e+01
-8.009219926378872856e+01 2.067255971369933221e+01
-8.007288370878868022e+01 2.059338577769934275e+01
-8.005358853078868719e+01 2.051420688869932363e+01
-8.003431353178856966e+01 2.043502310469934358e+01
-8.001505852078875591e+01 2.035583448169932197e+01
-7.999582330978873301e+01 2.027664107269932359e+01
-7.997659733278860017e+01 2.019740011469933805e+01
-7.995740069878874579e+01 2.011819527569933896e+01
-7.993822330978863988e+01 2.003898572169932280e+01
-7.991906499378873718e+01 1.995977149869934308e+01
-7.989992558278876800e+01 1.988055265369932911e+01
-7.988080491578861597e+01 1.980132922969933773e+01
-7.986170283278860893e+01 1.972210127269933722e+01
-7.984261917678858822e+01 1.964286882469933815e+01
-7.982355379778877591e+01 1.956363192869934053e+01
-7.980450654578871195e+01 1.948439062369932984e+01
-7.978547727578856552e+01 1.940514495269933448e+01
-7.976646584778868032e+01 1.932589495269933266e+01
-7.974747212178871791e+01 1.924664066469931711e+01
-7.972849596178875231e+01 1.916738212469933345e+01
-7.970953723778856670e+01 1.908811936969933143e+01
-7.969059581878863696e+01 1.900885243769933552e+01
-7.967167161178858237e+01 1.892958149569934179e+01
-7.965276443678871487e+01 1.885030634869933763e+01
-7.963387419978866433e+01 1.877102713469934159e+01
-7.961500078278876913e+01 1.869174388969934242e+01
-7.959614407178864326e+01 1.861245664669933220e+01
-7.957730395378857224e+01 1.853316544069933869e+01
-7.955848031978857193e+01 1.845387030569934339e+01
-7.953967306278863703e+01 1.837457127169934168e+01
-7.952088207878873050e+01 1.829526837369933290e+01
-7.950210726678855622e+01 1.821596164369931969e+01
-7.948334852678871698e+01 1.813665111169932587e+01
-7.946460576178864699e+01 1.805733681169933291e+01
-7.944587887778865820e+01 1.797801877269931836e+01
-7.942716778178859727e+01 1.789869702669934171e+01
-7.940847238378873385e+01 1.781937160469933090e+01
-7.938979259578863434e+01 1.774004253669933817e+01
-7.937112833378873233e+01 1.766070985269933047e+01
-7.935247951278856249e+01 1.758137358469933886e+01
-7.933384605178875404e+01 1.750203376069932304e+01
-7.931522787178877820e+01 1.742269041169932464e+01
-7.929662489578876716e+01 1.734334356669932120e+01
-7.927803704778861515e+01 1.726399325569933652e+01
-7.925946425378865001e+01 1.718463950569934084e+01
-7.924090644478869194e+01 1.710528234769931899e+01
-7.922236354878859288e+01 1.702592180969931590e+01
-7.920383549878860663e+01 1.694655791769934083e+01
-7.918532222778875962e+01 1.686719069769931778e+01
-7.916682367178859181e+01 1.678782017469932342e+01
-7.914833976678855265e+01 1.670844637069932404e+01
-7.912987044978862627e+01 1.662906930469931766e+01
-7.911141565978877566e+01 1.654968899369932345e+01
-7.909297533578873640e+01 1.647030544569934207e+01
-7.907454941578870944e+01 1.639091866469933123e+01
-7.905613783878865775e+01 1.631152864169932926e+01
-7.903774054178856545e+01 1.623213535569933086e+01
-7.901935745678869694e+01 1.615273876469932546e+01
-7.900098851378865561e+01 1.607333879969933221e+01
-7.898263360378868470e+01 1.599393522069933304e+01
-7.896429268378855681e+01 1.591452806369934159e+01
-7.894596562578871612e+01 1.583511699069932455e+01
-7.892766387778860349e+01 1.575575187869931959e+01
-7.890936671278868175e+01 1.567634305369931802e+01
-7.889108359578867180e+01 1.559693175069934590e+01
-7.887281446678875341e+01 1.551751790069933712e+01
-7.885455924678862516e+01 1.543810134369933529e+01
-7.883631782478877881e+01 1.535868177969932979e+01
-7.881809004578857980e+01 1.527925870869932190e+01
-7.879987569978865736e+01 1.519983137469932011e+01
-7.878167455678871534e+01 1.512039893069932894e+01
-7.876348668378872731e+01 1.504096183069932202e+01
-7.874529892978861767e+01 1.496146270269934142e+01
-7.872708851678871156e+01 1.488180187069933957e+01
-7.870894618378869723e+01 1.480237651069932348e+01
-7.869081726678868449e+01 1.472294770369932415e+01
-7.867270179478859404e+01 1.464351571569934229e+01
-7.865459966378861623e+01 1.456408020469932829e+01
-7.863653150278864246e+01 1.448473190769933261e+01
-7.861846095478867369e+01 1.440531128969933228e+01
-7.860038683978868335e+01 1.432581310369933725e+01
-7.858232448278872084e+01 1.424630475469932911e+01
-7.856427582178875468e+01 1.416679485769932079e+01
-7.854623596378868911e+01 1.408726191869933153e+01
-7.852821834178857330e+01 1.400776525669933470e+01
-7.851021393978871288e+01 1.392826521469932821e+01
-7.849222305678867428e+01 1.384876317969933801e+01
-7.847424579978869019e+01 1.376925968469932648e+01
-7.845628218878877647e+01 1.368975488069934521e+01
-7.843833220478867929e+01 1.361024874069933865e+01
-7.842039581578873708e+01 1.353074116269933391e+01
-7.840247297978871188e+01 1.345123200369933691e+01
-7.838456366878867243e+01 1.337172117769931923e+01
-7.836666785478868746e+01 1.329220858769934033e+01
-7.834878545878868294e+01 1.321269390469932681e+01
-7.833091650578862186e+01 1.313317725769933553e+01
-7.831306095378872101e+01 1.305365847669934531e+01
-7.829521878678869484e+01 1.297413748269933897e+01
-7.827738998678873372e+01 1.289461420469932840e+01
-7.825957454178873718e+01 1.281508858169933340e+01
-7.824177244478855187e+01 1.273556056069934606e+01
-7.822398368678872771e+01 1.265603009369933396e+01
-7.820620826678859316e+01 1.257649713869934338e+01
-7.818844618178863470e+01 1.249696165869933928e+01
-7.817069743278861438e+01 1.241742362169931901e+01
-7.815297141278855975e+01 1.233792511869932262e+01
-7.813524837178860594e+01 1.225837752669933955e+01
-7.811753878778867488e+01 1.217882775669933970e+01
-7.809984265678858151e+01 1.209927573269933099e+01
-7.808215997878855319e+01 1.201972139169932596e+01
-7.806449075978875385e+01 1.194016467369933387e+01
-7.804683500378868644e+01 1.186060552769932563e+01
-7.802919272078869994e+01 1.178104390469933627e+01
-7.801156395478855643e+01 1.170147990969933538e+01
-7.799394866478868948e+01 1.162191325569934541e+01
-7.797634689078867609e+01 1.154234401669932275e+01
-7.795875865178877007e+01 1.146277216269932886e+01
-7.794118396778875990e+01 1.138319766269932209e+01
-7.792362286078864031e+01 1.130362048969933220e+01
-7.790607535578860166e+01 1.122404061569934264e+01
-7.788853149478867977e+01 1.114441268669934537e+01
-7.787101056078867600e+01 1.106482406769932503e+01
-7.785350329278875847e+01 1.098523258669933078e+01
-7.783600972478856761e+01 1.090563822669934346e+01
-7.781852988978866392e+01 1.082604096969932606e+01
-7.780106382378866670e+01 1.074644079769932681e+01
-7.778361156378863939e+01 1.066683769369932655e+01
-7.776617315078860315e+01 1.058723164169932396e+01
-7.774874862378860030e+01 1.050762262469932828e+01
-7.773133802878859910e+01 1.042801062669933820e+01
-7.771394140778861015e+01 1.034839563269934182e+01
-7.769655880778859114e+01 1.026877762369934111e+01
-7.767919027978868485e+01 1.018915658669933144e+01
-7.766183587078862161e+01 1.010953250369933265e+01
-7.764449563478873984e+01 1.002990535969933283e+01
-7.762716962678868526e+01 9.950275136699323397e+00
-7.760985790078856894e+01 9.870641819699320862e+00
-7.759256051578867641e+01 9.791005391699334481e+00
-7.757527753078861110e+01 9.711365834699327237e+00
-7.755800900978860568e+01 9.631723131699336804e+00
-7.754075501578867602e+01 9.552077266699333435e+00
-7.752351561578856831e+01 9.472428219699329688e+00
-7.750629087578872145e+01 9.392775973699334813e+00
-7.748908086978858023e+01 9.313120509699322369e+00
-7.747188566778876861e+01 9.233461809699340606e+00
-7.745470534578871025e+01 9.153799855699324084e+00
-7.743753998178871711e+01 9.074134625699334933e+00
-7.742038965578862530e+01 8.994466102699325560e+00
-7.740325444878871508e+01 8.914794265699319098e+00
-7.738613444578876965e+01 8.835119095699345948e+00
-7.736902973578875731e+01 8.755440570699326130e+00
-7.735194040678865690e+01 8.675758670699329045e+00
-7.733486655278861122e+01 8.596073374699320979e+00
-7.731780826878875246e+01 8.516384662699342911e+00
-7.730076565278872636e+01 8.436692511699325436e+00
-7.728373880678859109e+01 8.356996902699327379e+00
-7.726672783378862164e+01 8.277297810699328906e+00
-7.724973284278857477e+01 8.197595214699324728e+00
-7.723275396778862500e+01 8.117889213699319484e+00
-7.721579126878859256e+01 8.038179526699329003e+00
-7.719884489278874184e+01 7.958466270699337208e+00
-7.718191495978871330e+01 7.878749424699340587e+00
-7.716500159378855983e+01 7.799028963699318417e+00
-7.714810492278874676e+01 7.719304865699332829e+00
-7.713122507678858142e+01 7.639577105699335569e+00
-7.711436219178867191e+01 7.559845661699331920e+00
-7.709751640678868512e+01 7.480110509699319898e+00
-7.708068786478870038e+01 7.400371625699325939e+00
-7.706387671378874415e+01 7.320628986699337482e+00
-7.704708310478858380e+01 7.240882569699341964e+00
-7.703030719378861590e+01 7.161132350699337401e+00
-7.701354914178872946e+01 7.081378305699321807e+00
-7.699680911578874998e+01 7.001620411699339463e+00
-7.698008728378871979e+01 6.921858645699320967e+00
-7.696338382378857546e+01 6.842092983699321174e+00
-7.694669891478869772e+01 6.762323400699320253e+00
-7.693003274378870060e+01 6.682549875699341335e+00
-7.691338550278859998e+01 6.602772381699328896e+00
-7.689675736078865498e+01 6.522990763699330508e+00
-7.688014856978870171e+01 6.443205230699324382e+00
-7.686355931678858155e+01 6.363415645699338263e+00
-7.684698981678874929e+01 6.283621981699345049e+00
-7.683044029178867618e+01 6.203824209699338788e+00
-7.681391096978867949e+01 6.124022298699334677e+00
-7.679740208478855834e+01 6.044216216699330069e+00
-7.678092173978856749e+01 5.964443998699342053e+00
-7.676445350978869442e+01 5.884624890699332589e+00
-7.674800652878874985e+01 5.804801796699327276e+00
-7.673158106478862805e+01 5.724974690699316859e+00
-7.671517739178861461e+01 5.645143541699344958e+00
-7.669879579278867254e+01 5.565308313699337539e+00
-7.668243655878868026e+01 5.485468963699323020e+00
-7.666609998978864837e+01 5.405625445699333120e+00
-7.664978639378873027e+01 5.325777705699342057e+00
-7.663349606678875148e+01 5.245925573699328659e+00
-7.661722939378873320e+01 5.166069266699328644e+00
-7.660098667678866491e+01 5.086208546699329425e+00
-7.658476826978866825e+01 5.006343352699322402e+00
-7.656857453678875913e+01 4.926473623699327398e+00
-7.655240585378859919e+01 4.846599298699335812e+00
-7.653626261178860091e+01 4.766720314699331773e+00
-7.652014521778855283e+01 4.686836611699324529e+00
-7.650405409078857133e+01 4.606948135699345137e+00
-7.648798966978856129e+01 4.527054833699328817e+00
-7.647195242278857563e+01 4.447156722699323161e+00
-7.645594278778875719e+01 4.367253587699328143e+00
-7.643996129278875173e+01 4.287345572699327256e+00
-7.642400844978860164e+01 4.207432644699328428e+00
-7.640808479178858192e+01 4.127514777699322401e+00
-7.639219088678859748e+01 4.047592012699330333e+00
-7.637632732678875414e+01 3.967664406699317858e+00
-7.636049473078864480e+01 3.887732039699320019e+00
-7.634468384878877600e+01 3.807744883699332838e+00
-7.632891302278866874e+01 3.727792381699335245e+00
-7.631317474978877158e+01 3.647833164699325614e+00
-7.629746968278877262e+01 3.567866917699338281e+00
-7.628179848378871952e+01 3.487893231699321639e+00
-7.626616184478857008e+01 3.407911672699317940e+00
-7.625056038478859932e+01 3.327921241699319133e+00
-7.623500409078869211e+01 3.247968968699344039e+00
-7.621947856878873040e+01 3.167976356699331753e+00
-7.620399133378859347e+01 3.087977237699324640e+00
-7.618854322678870972e+01 3.007970942699320638e+00
-7.617313497678864564e+01 2.927955968699326839e+00
-7.615776707278868685e+01 2.847929279699333627e+00
-7.614243925878858477e+01 2.767883645699318329e+00
-7.612714971278873577e+01 2.687803212699340527e+00
-7.611190163278874365e+01 2.607698029699339948e+00
-7.609671165678864213e+01 2.527648843699343395e+00
-7.608154561778869152e+01 2.447468035699320588e+00
-7.606639967978875916e+01 2.367126242699318261e+00
-7.605135481378860618e+01 2.287045373699318596e+00
-7.603635342278866460e+01 2.206911333699328459e+00
-7.602140536978876639e+01 2.126767335699317307e+00
-7.600651240978876899e+01 2.046612958699332019e+00
-7.599167643978861975e+01 1.966447911699323647e+00
-7.597689947878856742e+01 1.886271902699339087e+00
-7.596218368578874447e+01 1.806084635699325425e+00
-7.594753136678863825e+01 1.725885826699330217e+00
-7.593294499778866680e+01 1.645675210699342195e+00
-7.591842724278862420e+01 1.565452582699340844e+00
-7.590398099378862184e+01 1.485217888699328803e+00
-7.588960937878877644e+01 1.404971184699339126e+00
-7.587531587178872883e+01 1.324713117699322318e+00
-7.586110440878869099e+01 1.244445446699320890e+00
-7.584697969178873223e+01 1.164172639699320833e+00
-7.583294653778861516e+01 1.083898020699327169e+00
-7.581900653278862023e+01 1.003604177699334521e+00
-7.580516516178872166e+01 9.232934236993247668e-01
-7.579142778478862397e+01 8.429645916993325772e-01
-7.577780043878860283e+01 7.626172056993328896e-01
-7.576428334078863713e+01 6.822122386993402232e-01
-7.575089672778867111e+01 6.018255836993279262e-01
-7.573764212878867852e+01 5.214169796993434192e-01
-7.572452860578877676e+01 4.409849126993395374e-01
-7.571156647478855461e+01 3.605284596993288404e-01
-7.569876729178858454e+01 2.800459036993361850e-01
-7.568614424878873592e+01 1.995355166993322826e-01
-7.568238211678871608e+01 1.264406576993240550e-01
-7.576387523878869956e+01 1.267351966993333634e-01
-7.584536622978870923e+01 1.274126986993354138e-01
-7.592685440178874501e+01 1.283710956993405206e-01
-7.600833971878873285e+01 1.295471886993385113e-01
-7.608982231578860933e+01 1.308986156993415251e-01
-7.617130237478872345e+01 1.323953376993261544e-01
-7.625278008478866809e+01 1.340151286993221391e-01
-7.633425562378860718e+01 1.357409976993340650e-01
-7.641572915578862535e+01 1.375596066993312605e-01
-7.649720082778875963e+01 1.394602546993342629e-01
-7.657867077178875093e+01 1.414342026993340995e-01
-7.666013910478872617e+01 1.434742006993206531e-01
-7.674160593378869066e+01 1.455741576993335173e-01
-7.682307135178857038e+01 1.477288936993277901e-01
-7.690453544578858214e+01 1.499339636993300418e-01
-7.698599829278859374e+01 1.521855146993305596e-01
-7.706745996078856820e+01 1.544801836993388577e-01
-7.714892051278874874e+01 1.568150146993235183e-01
-7.723038000878872822e+01 1.591873906993344634e-01
-7.731183850078863884e+01 1.615949836993211819e-01
-7.739329603678865510e+01 1.640357096993244057e-01
-7.747475265978877701e+01 1.665076956993419288e-01
-7.755620841178856040e+01 1.690092526993299260e-01
-7.763766333078874027e+01 1.715388466993391092e-01
-7.771911745178871911e+01 1.740950836993322981e-01
-7.780057080678861325e+01 1.766766896993390845e-01
-7.788202342478857076e+01 1.792824986993269420e-01
-7.796347533578872913e+01 1.819114396993387062e-01
-7.804492645278864416e+01 1.845625206993207201e-01
-7.812637703978870718e+01 1.872348386993297198e-01
-7.820782699078867495e+01 1.899275456993239630e-01
-7.828927632778876955e+01 1.926398566993344219e-01
-7.837072507078855210e+01 1.953710446993187078e-01
-7.845217323978872059e+01 1.981204296993342440e-01
-7.853362085278862992e+01 2.008873786993393140e-01
-7.861506792678855504e+01 2.036712966993450835e-01
-7.869651447678856471e+01 2.064716296993270306e-01
-7.877796051978870651e+01 2.092878556993201244e-01
-7.885940606878861558e+01 2.121194836993441357e-01
-7.894085113878858806e+01 2.149660536993183713e-01
-7.902229574178872440e+01 2.178271296993346540e-01
-7.910373989078865975e+01 2.207023006993341085e-01
-7.918518359678873253e+01 2.235911796993451106e-01
-7.926662687178858846e+01 2.264933986993372117e-01
-7.934806972678856596e+01 2.294086106993420970e-01
-7.942951217078856985e+01 2.323364846993359323e-01
-7.951095421378872175e+01 2.352767086993213241e-01
-7.959239586578868852e+01 2.382289836993339294e-01
-7.967383713478861296e+01 2.411930276993433098e-01
-7.975527802978862724e+01 2.441685716993236555e-01
-7.983671855878864676e+01 2.471553566993423545e-01
-7.991815872878859750e+01 2.501531396993260103e-01
-7.999959854878861165e+01 2.531616856993439968e-01
-8.008103802578861519e+01 2.561807716993387829e-01
-8.016247716578877203e+01 2.592101846993176140e-01
-8.024391597478856397e+01 2.622497196993452406e-01
-8.032535446078858854e+01 2.652991816993238161e-01
-8.040679262878856548e+01 2.683583826993372612e-01
-8.048823048578864814e+01 2.714271436993174746e-01
-8.056966803578856684e+01 2.745052916993318548e-01
-8.065110528478871288e+01 2.775926616993347751e-01
-8.073254223878856806e+01 2.806890956993202679e-01
-8.081397890278876162e+01 2.837944396993253293e-01
-8.089541528178855856e+01 2.869085486993201983e-01
-8.097685137978859871e+01 2.900312796993392284e-01
-8.105828720178860181e+01 2.931624986993215942e-01
-8.113972275178875293e+01 2.963020746993168530e-01
-8.122115811678858677e+01 2.994498836993289559e-01
-8.130259310178857390e+01 3.026057986993367366e-01
-8.138399063778874165e+01 3.057682586993353824e-01
-8.146542363578859636e+01 3.089399846993404197e-01
-8.154685634978872599e+01 3.121194796993239096e-01
-8.162828877978867581e+01 3.153066386993446657e-01
-8.170972092678866261e+01 3.185013606993339352e-01
-8.179115279178867581e+01 3.217035476993333476e-01
-8.187258426878869955e+01 3.249131006993382642e-01
-8.195401560378863337e+01 3.281299366993169486e-01
-8.203544665278863590e+01 3.313539626993434184e-01
-8.211687741678869656e+01 3.345850926993323982e-01
-8.219830789678857741e+01 3.378232436993374166e-01
-8.227973809478871203e+01 3.410683356993234328e-01
-8.236116816578859812e+01 3.443202976993307574e-01
-8.244259786978872739e+01 3.475790446993203830e-01
-8.252402731078868214e+01 3.508445076993398914e-01
-8.260545649178865801e+01 3.541166166993337527e-01
-8.268688541678861270e+01 3.573953036993389731e-01
-8.276831408778875243e+01 3.606805016993251400e-01
-8.284974250378863303e+01 3.639721486993226507e-01
-8.293117067178863522e+01 3.672701796993367851e-01
-8.301259859278874842e+01 3.705745376993450635e-01
-8.309402626878872411e+01 3.738851616993388860e-01
-8.317545370178876851e+01 3.772019956993420409e-01
-8.325688089478862253e+01 3.805249866993181684e-01
-8.333830784878873033e+01 3.838540786993194787e-01
-8.341973456778859486e+01 3.871892216993347291e-01
-8.350116091978870259e+01 3.905303586993414400e-01
-8.358258712978872040e+01 3.938774516993435726e-01
-8.366401310078876463e+01 3.972304486993226136e-01
-8.374543883578857617e+01 4.005893036993387057e-01
-8.382686433378862034e+01 4.039539726993171542e-01
-8.390828959778863805e+01 4.073244106993359481e-01
-8.398971462678863986e+01 4.107005776993349344e-01
-8.407113942378859406e+01 4.140824326993213789e-01
-8.415256398878872801e+01 4.174699346993309690e-01
-8.423398832278857640e+01 4.208630456993392444e-01
-8.431541242678858339e+01 4.242617286993395909e-01
-8.439683630078874899e+01 4.276659476993432407e-01
-8.447825994778858671e+01 4.310756656993435798e-01
-8.455968336578857247e+01 4.344908506993379604e-01
-8.464110655778867454e+01 4.379114686993448857e-01
-8.472252952378866553e+01 4.413374876993332863e-01
-8.480395226378877283e+01 4.447688746993395115e-01
-8.488537477878875848e+01 4.482056016993186121e-01
-8.496679706978861191e+01 4.516476366993247837e-01
-8.504821913778877729e+01 4.550949526993309235e-01
-8.512964098378856193e+01 4.585475216993205039e-01
-8.521106260578866909e+01 4.620053156993338406e-01
-8.529248400678861231e+01 4.654683096993226799e-01
-8.537390518578862952e+01 4.689364766993451838e-01
-8.545532614378871017e+01 4.724097936993319480e-01
-8.553674688078862687e+01 4.758882356993199836e-01
-8.561816739778859642e+01 4.793717786993357266e-01
-8.569958769578860824e+01 4.828604026993348897e-01
-8.578100777378867292e+01 4.863540826993260624e-01
-8.586242763278855250e+01 4.898527996993396472e-01
-8.594384727378869115e+01 4.933565326993419320e-01
-8.602526669578864471e+01 4.968652616993170512e-01
-8.610668589978862997e+01 5.003789676993238844e-01
-8.618810488578864692e+01 5.038976316993358795e-01
-8.626952365378869558e+01 5.074212346993266509e-01
-8.635094220578875479e+01 5.109497606993232965e-01
-8.643236053978861833e+01 5.144831926993350679e-01
-8.651377865678873036e+01 5.180215136993427949e-01
-8.659519655778862557e+01 5.215647086993345782e-01
-8.667661424178876928e+01 5.251127616993375158e-01
-8.675803170878870674e+01 5.286656586993291329e-01
-8.683944896078864417e+01 5.322233846993259521e-01
-8.692086599678859216e+01 5.357859266993233449e-01
-8.700228281678877806e+01 5.393532706993272585e-01
-8.708369942078874715e+01 5.429254056993403355e-01
-8.716511580978871621e+01 5.465023176993401011e-01
-8.724653198378868524e+01 5.500839966993186225e-01
-8.732794794278865425e+01 5.536704296993281149e-01
-8.740936368578863380e+01 5.572616076993216483e-01
-8.749077921478860276e+01 5.608575186993408623e-01
-8.757219452978856111e+01 5.644581536993388271e-01
-8.765360963078873624e+01 5.680635026993360315e-01
-8.773502451678868397e+01 5.716735576993318135e-01
-8.781643918978861052e+01 5.752883096993360867e-01
-8.789785364978874327e+01 5.789077506993197675e-01
-8.797926789578863804e+01 5.825318716993211909e-01
-8.806068193078871786e+01 5.861606666993185444e-01
-8.814209575278877651e+01 5.897941276993395876e-01
-8.822350936478855488e+01 5.934322496993235108e-01
-8.830492276578874566e+01 5.970750246993264954e-01
-8.838637678578865575e+01 6.007242786993362005e-01
-8.846779098978876732e+01 6.043764026993204697e-01
-8.854920498078863034e+01 6.080331636993224764e-01
-8.863061875578873128e+01 6.116945586993171036e-01
-8.871203231078865770e+01 6.153605806993215355e-01
-8.879344555278871098e+01 6.190312236993423811e-01
-8.887485756078862664e+01 6.227064416993260965e-01
-8.895626937878873264e+01 6.263862786993189546e-01
-8.903768100678857422e+01 6.300707316993242602e-01
-8.911909244478860614e+01 6.337597976993168958e-01
-8.920050369178861160e+01 6.374534746993180123e-01
-8.928191474878858003e+01 6.411517616993381852e-01
-8.936332561578873879e+01 6.448546556993238754e-01
-8.944473629178864371e+01 6.485621566993319265e-01
-8.952614677878872840e+01 6.522742636993444920e-01
-8.960755707478855925e+01 6.559909756993437258e-01
-8.968896718178856986e+01 6.597122936993190523e-01
-8.977037709778855401e+01 6.634382156993200441e-01
-8.985178682378872850e+01 6.671687436993255504e-01
-8.993319635978863857e+01 6.709038786993249959e-01
-9.001460570478874956e+01 6.746436206993183804e-01
-9.009601485978859614e+01 6.783879716993413966e-01
-9.017733163778856920e+01 6.821326846993446269e-01
-9.025841261078866751e+01 6.858711296993266204e-01
-9.033955460378874136e+01 6.896169806993174278e-01
-9.042084641478876961e+01 6.933743556993380297e-01
-9.050221551078865900e+01 6.971399256993225935e-01
-9.058361336178867873e+01 7.009114576993243917e-01
-9.066501968878864659e+01 7.046880176993300937e-01
-9.074643031478862554e+01 7.084694166993205089e-01
-9.082784771278861058e+01 7.122557756993234124e-01
-9.090927611878859693e+01 7.160472966993342014e-01
-9.099072017178863803e+01 7.198442036993429882e-01
-9.107218470478855465e+01 7.236467296993299714e-01
-9.115367013278873287e+01 7.274549036993295248e-01
-9.123525218278868465e+01 7.312722786993407498e-01
-9.131668940678864033e+01 7.350875606993173550e-01
-9.139844597978876095e+01 7.389225176993267086e-01
-9.147956743478866315e+01 7.427323556993218334e-01
-9.156101408078856707e+01 7.465621566993451141e-01
-9.164240697778868139e+01 7.503941326993316396e-01
-9.172387184478870381e+01 7.542342106993277229e-01
-9.180534425678874300e+01 7.580793706993250725e-01
-9.188681641978868697e+01 7.619292506993434744e-01
-9.196831182478862843e+01 7.657849726993407602e-01
-9.204976086578867012e+01 7.696432506993363676e-01
-9.213121001278872768e+01 7.735062896993173398e-01
-9.221265686178875853e+01 7.773739846993424907e-01
-9.229410024878856689e+01 7.812462906993192790e-01
-9.237553963878858099e+01 7.851231906993422216e-01
-9.245697483478861045e+01 7.890046846993260532e-01
-9.253840568378868170e+01 7.928907756993243128e-01
-9.261983256578864143e+01 7.967814906993356816e-01
-9.270125520778864825e+01 8.006768286993423134e-01
-9.278267377078859113e+01 8.045768066993349565e-01
-9.286408827778868158e+01 8.084814366993288148e-01
-9.294549869778856532e+01 8.123907286993318211e-01
-9.302690494478869709e+01 8.163046906993446372e-01
-9.310830685878872259e+01 8.202233266993249616e-01
-9.318970419078877399e+01 8.241466366993296377e-01
-9.327109659778861328e+01 8.280746156993262774e-01
-9.335254069778861208e+01 8.320100146993257839e-01
-9.343393998978862669e+01 8.359481856993414839e-01
-9.351533674978858812e+01 8.398911826993372687e-01
-9.359673083678862326e+01 8.438390136993422219e-01
-9.367812206478865278e+01 8.477916836993318883e-01
-9.375951020378860790e+01 8.517491966993208097e-01
-9.384086024778875412e+01 8.557098606993253087e-01
-9.392224851978866695e+01 8.596774096993345937e-01
-9.400363197278861094e+01 8.636497626993292487e-01
-9.408501112378857556e+01 8.676269606993304295e-01
-9.416638758378857688e+01 8.716090986993282330e-01
-9.424770829078860856e+01 8.755935926993362317e-01
-9.432905127678859003e+01 8.795842796993343926e-01
-9.441038801578869766e+01 8.835797786993185854e-01
-9.449173315578863708e+01 8.875808296993358271e-01
-9.457322187378858303e+01 8.915941116993241211e-01
-9.465507739278868371e+01 8.956306886993178340e-01
-9.473585745278873560e+01 8.996193876993362482e-01
-9.481700305978856136e+01 9.036313136993402440e-01
-9.489816924978876500e+01 9.076494686993231698e-01
-9.497944789178868064e+01 9.116784326993371268e-01
-9.506085379078862729e+01 9.157189836993399057e-01
-9.514222594078873385e+01 9.197631606993371678e-01
-9.522422221778865037e+01 9.238437396993407491e-01
-9.530537110178860871e+01 9.278874896993346555e-01
-9.538681882278874014e+01 9.319514966993170946e-01
-9.546824172978867296e+01 9.360196616993238239e-01
-9.554960721778874699e+01 9.400903706993420927e-01
-9.563096668278862467e+01 9.441662106993266024e-01
-9.571236248278873404e+01 9.482493326993238769e-01
-9.579371877678872238e+01 9.523359546993407365e-01
-9.587507673578861045e+01 9.564281656993404157e-01
-9.595640189278864796e+01 9.605242546993412178e-01
-9.603777559078875470e+01 9.646283446993396682e-01
-9.611914814478868152e+01 9.687379626993407600e-01
-9.620052076278861364e+01 9.728531936993266571e-01
-9.628189375378869386e+01 9.769740816993436328e-01
-9.636326749078861553e+01 9.811006726993315441e-01
-9.644464211178873825e+01 9.852330016993181561e-01
-9.652601766378856496e+01 9.893710986993272671e-01
-9.660739414078861387e+01 9.935149936993258324e-01
-9.668877150478860472e+01 9.976647136993409548e-01
-9.677014970078866440e+01 1.001820285699342783e+00
-9.685152866078860256e+01 1.005981736699330220e+00
-9.693290831578869415e+01 1.010149093699330258e+00
-9.701428848678855843e+01 1.014322378699337612e+00
-9.709566940678868718e+01 1.018501635699341712e+00
-9.717705075678858861e+01 1.022686881699333306e+00
-9.725843251478872276e+01 1.026878146699336192e+00
-9.733981464778875647e+01 1.031075463699342443e+00
-9.742119711778863689e+01 1.035278864699326284e+00
-9.750257988178859136e+01 1.039488380699329362e+00
-9.758396276378866219e+01 1.043704039699339781e+00
-9.766534590678870131e+01 1.047925882699321853e+00
-9.774672920778866114e+01 1.052153940699317225e+00
-9.782811263778862099e+01 1.056388250699332509e+00
-9.790949617178861786e+01 1.060628847699338628e+00
-9.799087978878864647e+01 1.064875768699342196e+00
-9.807226347178865922e+01 1.069129050699321404e+00
-9.815364720678857680e+01 1.073388733699336406e+00
-9.823503098578871118e+01 1.077654856699344244e+00
-9.831641480178868164e+01 1.081927458699330380e+00
-9.839779865178874729e+01 1.086206581699333817e+00
-9.847918253578868075e+01 1.090492267699336715e+00
-9.856056645878865652e+01 1.094784559699339077e+00
-9.864195042678861114e+01 1.099083500699340910e+00
-9.872333445078865566e+01 1.103389135699321066e+00
-9.880471854378865260e+01 1.107701509699343667e+00
-9.888610272078867069e+01 1.112020669699337994e+00
-9.896748700178872582e+01 1.116346663699336439e+00
-9.904887151978877569e+01 1.120679543699329095e+00
-9.913025602678871451e+01 1.125019345699333151e+00
-9.921164073278859519e+01 1.129366129699339361e+00
-9.929302566978876143e+01 1.133719946699319969e+00
-9.937441086978864746e+01 1.138080847699332487e+00
-9.945579636178862870e+01 1.142448887699335280e+00
-9.953718217478862584e+01 1.146824118699318440e+00
-9.961856833178862303e+01 1.151206595699325597e+00
-9.969995502878859384e+01 1.155596381699344199e+00
-9.978134215078861757e+01 1.159993527699318072e+00
-9.986272981878877886e+01 1.164398094699341080e+00
-9.994411800178872340e+01 1.168810137699343166e+00
-1.000255069877885887e+02 1.173229730699337559e+00
-1.001068967007887238e+02 1.177656927699321621e+00
-1.001882872067886581e+02 1.182091792699329069e+00
-1.002696785697886241e+02 1.186534390699326202e+00
-1.003510306537885697e+02 1.190982586699324663e+00
-1.004324221177886045e+02 1.195440744699330260e+00
-1.005138145397887399e+02 1.199906829699320276e+00
-1.005951797397886764e+02 1.204379356699338821e+00
-1.006763857587887685e+02 1.208851110699318276e+00
-1.007583208337885878e+02 1.213371157699318026e+00
-1.008395017777887404e+02 1.217857739699344855e+00
-1.009211310597887348e+02 1.222377337699318112e+00
-1.010025642527885736e+02 1.226894380699339315e+00
-1.010840236477887117e+02 1.231421247699320709e+00
-1.011654868077885965e+02 1.235956768699328912e+00
-1.012468794027887213e+02 1.240496870699321796e+00
-1.013282653717886603e+02 1.245045184699326235e+00
-1.014096435237887306e+02 1.249601721699339585e+00
-1.014910143897887735e+02 1.254166586699331454e+00
-1.015723373997885517e+02 1.258737576699322069e+00
-1.016537128557887115e+02 1.263320412699319384e+00
-1.017351232487886534e+02 1.267914206699335189e+00
-1.018164909067887436e+02 1.272514662699326671e+00
-1.018978526587887643e+02 1.277123939699341015e+00
-1.019792095047885994e+02 1.281742182699322719e+00
-1.020605621207886031e+02 1.286369520699328639e+00
-1.021419109867887016e+02 1.291006070699343589e+00
-1.022232564237886834e+02 1.295651945699337837e+00
-1.023045988147885907e+02 1.300307261699335193e+00
-1.023859386247887358e+02 1.304972142699331705e+00
-1.024672766607887695e+02 1.309646736699325409e+00
-1.025486143857886816e+02 1.314331226699342103e+00
-1.026299545417885781e+02 1.319025878699325638e+00
-1.027112280547886201e+02 1.323726797699340985e+00
-1.027925388387887722e+02 1.328440100699329385e+00
-1.028738488497886863e+02 1.333163697699338179e+00
-1.029548947567887751e+02 1.337882353699332505e+00
-1.030361292167886802e+02 1.342622525699330716e+00
-1.031174592547887130e+02 1.347378960699320949e+00
-1.031993260837885771e+02 1.352177708699334069e+00
-1.032806127757886259e+02 1.356953416699345105e+00
-1.033620963217886981e+02 1.361751783699323148e+00
-1.034435690817886950e+02 1.366560747699328893e+00
-1.035249815307887218e+02 1.371377504699343497e+00
-1.036063688227887667e+02 1.376204252699342767e+00
-1.036876781987885749e+02 1.381037978699329649e+00
-1.037690076047886976e+02 1.385884633699324020e+00
-1.038498719897887383e+02 1.390715359699318476e+00
-1.039309290187887598e+02 1.395569530699323657e+00
-1.040125861337886306e+02 1.400471874699339203e+00
-1.040941692197887676e+02 1.405382194699332565e+00
-1.041755221007886973e+02 1.410291180699336344e+00
-1.042568156967887205e+02 1.415209241699320053e+00
-1.043378816957886954e+02 1.420126294699334046e+00
-1.044196871007887637e+02 1.425101284699327842e+00
-1.045010223537886702e+02 1.430060893699324431e+00
-1.045823166437886300e+02 1.435031345699333549e+00
-1.046636810167886722e+02 1.440019621699339503e+00
-1.047450649437886057e+02 1.445022834699320136e+00
-1.048258223397886866e+02 1.450001302699338801e+00
-1.049071900367885917e+02 1.455031465699325288e+00
-1.049889648467886616e+02 1.460101231699344915e+00
-1.050703511027887487e+02 1.465161486699334326e+00
-1.051516293977886960e+02 1.470229757699333284e+00
-1.052329691867886083e+02 1.475316817699327210e+00
-1.053143325437887086e+02 1.480420544699332375e+00
-1.053953523257885934e+02 1.485518049699341425e+00
-1.054765072957887639e+02 1.490639632699317652e+00
-1.055578558027885663e+02 1.495789313699323664e+00
-1.056396302287886044e+02 1.500982240699319625e+00
-1.057209329197886234e+02 1.506161656699323892e+00
-1.058022767577886896e+02 1.511360369699322526e+00
-1.058831981017886790e+02 1.516548904699324574e+00
-1.059649679717886954e+02 1.521809173699343098e+00
-1.060462804527886362e+02 1.527057583699321874e+00
-1.061277673237885608e+02 1.532335122699341134e+00
-1.062092217447887776e+02 1.537628751699334551e+00
-1.062906009307885995e+02 1.542935974699322976e+00
-1.063719285617886214e+02 1.548258620699319188e+00
-1.064532526937885848e+02 1.553600155699332852e+00
-1.065343689297886556e+02 1.558947427699327370e+00
-1.066156845157887290e+02 1.564327641699340354e+00
-1.066970642377885667e+02 1.569732318699341711e+00
-1.067783297647887082e+02 1.575149983699323464e+00
-1.068596884457886915e+02 1.580594850699317711e+00
-1.069409860297886041e+02 1.586057020699333187e+00
-1.070223263607886963e+02 1.591543891699321200e+00
-1.071036711977886569e+02 1.597053344699323141e+00
-1.071850108407887490e+02 1.602585180699340306e+00
-1.072663434117885970e+02 1.608139741699337044e+00
-1.073476693627886505e+02 1.613717544699331263e+00
-1.074289893287885604e+02 1.619319137699325672e+00
-1.075103040027887289e+02 1.624945094699332238e+00
-1.075916139767885795e+02 1.630595999699342435e+00
-1.076729197247885566e+02 1.636272455699317341e+00
-1.077542576967885850e+02 1.641977612699339950e+00
-1.078355980877887248e+02 1.647710016699325486e+00
-1.079169302267885939e+02 1.653469557699328796e+00
-1.079982248887887124e+02 1.659254812699335169e+00
-1.080795170567886032e+02 1.665068947699343660e+00
-1.081608066877887211e+02 1.670912686699343119e+00
-1.082420937427885690e+02 1.676786784699335620e+00
-1.083233413037886237e+02 1.682689341699320273e+00
-1.084046254007886034e+02 1.688626710699328903e+00
-1.084859065777887679e+02 1.694596898699320953e+00
-1.085671848047887522e+02 1.700600807699335526e+00
-1.086484600407887626e+02 1.706639385699323164e+00
-1.087297322357886458e+02 1.712713622699330251e+00
-1.088110013297885814e+02 1.718824561699325848e+00
-1.088922672557885960e+02 1.724973294699329252e+00
-1.089735299347886155e+02 1.731160972699332667e+00
-1.090547894057886822e+02 1.737388813699330292e+00
-1.091360453137886850e+02 1.743658073699340783e+00
-1.092172976847886900e+02 1.749970108699320015e+00
-1.092985464037886629e+02 1.756326338699342848e+00
-1.093797913437886962e+02 1.762728268699324197e+00
-1.094610323657886681e+02 1.769177487699342244e+00
-1.095422693187886978e+02 1.775675684699327128e+00
-1.096235020417886687e+02 1.782224651699341855e+00
-1.097047303567886445e+02 1.788826293699334435e+00
-1.097859540717886091e+02 1.795482641699341464e+00
-1.098671729797887053e+02 1.802195861699336099e+00
-1.099483868537887190e+02 1.808968268699335802e+00
-1.100295954487886263e+02 1.815802340699339545e+00
-1.101107984977886360e+02 1.822700737699325835e+00
-1.101919957087886530e+02 1.829666317699339295e+00
-1.102731867627886402e+02 1.836702159699332704e+00
-1.103543713127886292e+02 1.843811588699328929e+00
-1.104355489747887020e+02 1.850998203699323774e+00
-1.105167193297886286e+02 1.858265911699324313e+00
-1.105978468387886267e+02 1.865615763699328689e+00
-1.106790045767886284e+02 1.873059071699334943e+00
-1.107601532547887189e+02 1.880597425699325420e+00
-1.108412922397886575e+02 1.888236406699339121e+00
-1.109224208227886663e+02 1.895982167699334475e+00
-1.110035382057886579e+02 1.903841521699338735e+00
-1.110846434857886322e+02 1.911822042699317770e+00
-1.111657356367886393e+02 1.919932192699339346e+00
-1.112468134837887135e+02 1.928181473699329906e+00
-1.113278756737886113e+02 1.936580615699331709e+00
-1.114089206387886577e+02 1.945141812699337613e+00
-1.114899465457886834e+02 1.953879012699322182e+00
-1.115709512317887118e+02 1.962808302699319718e+00
-1.116519321247886580e+02 1.971948387699332450e+00
-1.117328861197886170e+02 1.981321233699323336e+00
-1.118138095407886965e+02 1.990952936699319942e+00
-1.118946974227886528e+02 2.000874831699339218e+00
-1.119755440417886518e+02 2.011125219699342104e+00
-1.120563417857887032e+02 2.021751634699332278e+00
-1.121370806177886550e+02 2.032814329699324851e+00
-1.122177469007886828e+02 2.044391615699329812e+00
-1.122983214207887102e+02 2.056588471699332565e+00
-1.123787757757886254e+02 2.069551270699339973e+00
-1.124590653607886850e+02 2.083494946699336658e+00
-1.125391136307887052e+02 2.098758415699326640e+00
-1.126187711887887133e+02 2.115935293699341635e+00
-1.126976781687886557e+02 2.136261778699339864e+00
-1.127744527497886509e+02 2.163383627699336564e+00
-1.128480218737886105e+02 2.198416469699329134e+00
-1.129199851367886538e+02 2.236571925699327501e+00
-1.129905500087886310e+02 2.277332147699344667e+00
-1.130598156547887072e+02 2.320263227699332909e+00
-1.131278999097886242e+02 2.365043427699323964e+00
-1.131949059907886692e+02 2.411419807699322071e+00
-1.132609238587886864e+02 2.459190143699335529e+00
-1.133260318757886296e+02 2.508190305699334210e+00
-1.133902983887886364e+02 2.558285261699343671e+00
-1.134537543327886340e+02 2.609339017699331187e+00
-1.135165169837887049e+02 2.661309343699334029e+00
-1.135785951987886335e+02 2.714086050699326513e+00
-1.136400616907886558e+02 2.767628095699326884e+00
-1.137008968027887192e+02 2.821827230699331501e+00
-1.137611568527886163e+02 2.876652111699333325e+00
-1.138208680997886120e+02 2.932054717699334567e+00
-1.138800512087886716e+02 2.987989780699327191e+00
-1.139387510377887054e+02 3.044442274699339812e+00
-1.139970075417886335e+02 3.101399890699345185e+00
-1.140548482957886733e+02 3.158844412699342463e+00
-1.141122569777886326e+02 3.216718175699317506e+00
-1.141692460307886847e+02 3.274995276699333324e+00
-1.142258358467886126e+02 3.333661609699324124e+00
-1.142820355817886764e+02 3.392694806699343424e+00
-1.143378571927886185e+02 3.452078224699325126e+00
-1.143932913847886255e+02 3.511774838699342816e+00
-1.144483990877887152e+02 3.571825955699343247e+00
-1.145031556617886679e+02 3.632182760699341095e+00
-1.145575699937886327e+02 3.692834288699335055e+00
-1.146116861737886836e+02 3.753811286699336058e+00
-1.146654542667887142e+02 3.815040258699316844e+00
-1.147189056797886622e+02 3.876540601699322686e+00
-1.147720468677887027e+02 3.938305161699322987e+00
-1.148248864247886729e+02 4.000330646699343795e+00
-1.148774437217886941e+02 4.062627979699318992e+00
-1.149296631127886883e+02 4.125119686699339816e+00
-1.149816348997886450e+02 4.187903800699321444e+00
-1.150333019527887188e+02 4.250902676699344518e+00
-1.150846859737887087e+02 4.314134365699335838e+00
-1.151357716707886709e+02 4.377572534699329942e+00
-1.151866512877886350e+02 4.441326285699337184e+00
-1.152373127547886895e+02 4.505377156699343466e+00
-1.152874885147886914e+02 4.569379563699318858e+00
-1.153375038277887086e+02 4.633742791699337893e+00
-1.153872421897886795e+02 4.698315586699341573e+00
-1.154367332387887188e+02 4.763134373699320356e+00
-1.154859143637886234e+02 4.828115276699340264e+00
-1.155348207577886512e+02 4.893303208699326667e+00
-1.155834516617886436e+02 4.958696937699319740e+00
-1.156318059497886850e+02 5.024295502699335891e+00
-1.156798820567886139e+02 5.090098101699330080e+00
-1.157276782007886311e+02 5.156104423699322759e+00
-1.157751920837887099e+02 5.222314235699333729e+00
-1.158224210367886542e+02 5.288727612699337222e+00
-1.158693619777886568e+02 5.355344890699332616e+00
-1.159160113817887066e+02 5.422166668699323289e+00
-1.159623652697887053e+02 5.489193809699334459e+00
-1.160084191727886207e+02 5.556427451699325282e+00
-1.160541681137886769e+02 5.623869007699330957e+00
-1.160996065667886512e+02 5.691520177699335825e+00
-1.161447284197887200e+02 5.759382959699327564e+00
-1.161895269377887132e+02 5.827459659699333550e+00
-1.162339947057887173e+02 5.895752905699329638e+00
-1.162781235807886731e+02 5.964265667699341300e+00
-1.163219046207886720e+02 6.033001269699345137e+00
-1.163653280167886521e+02 6.101963416699324405e+00
-1.164083830107886968e+02 6.171156215699331149e+00
-1.164510577957886142e+02 6.240584207699318320e+00
-1.164933394097887174e+02 6.310252390699322866e+00
-1.165352136067886875e+02 6.380166264699330902e+00
-1.165766647137886309e+02 6.450331866699333894e+00
-1.166176754587886251e+02 6.520755817699343204e+00
-1.166582267687886940e+02 6.591445373699333921e+00
-1.166982975447886872e+02 6.662408484699331446e+00
-1.167378643787886574e+02 6.733653863699335496e+00
-1.167769012357886993e+02 6.805191056699318786e+00
-1.168153790617886614e+02 6.877030537699330814e+00
-1.168532653227887010e+02 6.949183796699334614e+00
-1.168905234397886659e+02 7.021663457699323097e+00
-1.169271121107886700e+02 7.094483401699325675e+00
-1.169629844687886759e+02 7.167658904699341527e+00
-1.169980870507887118e+02 7.241206802699328371e+00
-1.170323584997886144e+02 7.315145660699319485e+00
-1.170657279337886791e+02 7.389495965699343749e+00
-1.170981128617886213e+02 7.464280324699321234e+00
-1.171294164837886171e+02 7.539523659699331581e+00
-1.171595241667887137e+02 7.615253376699333110e+00
-1.171882987407886674e+02 7.691499450699343932e+00
-1.172155741057887042e+02 7.768294203699317002e+00
-1.172411466817886492e+02 7.845672414699341068e+00
-1.172647628657886969e+02 7.923669437699335738e+00
-1.172861016247886425e+02 8.002319213699328415e+00
-1.173047486647886615e+02 8.081648989699337093e+00
-1.173192233587886619e+02 8.161825971699320448e+00
-1.173274459097886790e+02 8.242892719699332460e+00
-1.173313766507886555e+02 8.324288163699341325e+00
-1.173322664627886240e+02 8.405776534699318958e+00
