-1.231954014407886859e+02 -3.295471996530066150e+01
-1.230443995457886501e+02 -3.259215151630065321e+01
-1.228699922447886763e+02 -3.224017673830065434e+01
-1.226752835037886769e+02 -3.189901865430065797e+01
-1.224628436137886354e+02 -3.156862034830067998e+01
-1.222348123377886111e+02 -3.124879546730066338e+01
-1.219929760907886873e+02 -3.093928969630065851e+01
-1.217388338977886804e+02 -3.063981845130068038e+01
-1.214736516377887199e+02 -3.035008953330067172e+01
-1.211985058437886380e+02 -3.006981635730066316e+01
-1.209143187457886768e+02 -2.979872532630066573e+01
-1.206218490347887098e+02 -2.953652721930067671e+01
-1.203218552217886952e+02 -2.928304363530066823e+01
-1.200149140597886515e+02 -2.903802757430066706e+01
-1.197015598997886343e+02 -2.880127707430066764e+01
-1.193822675427886395e+02 -2.857260753030068301e+01
-1.190574609617886779e+02 -2.835184992430067652e+01
-1.187275214767886098e+02 -2.813884989330066944e+01
-1.183927940657887063e+02 -2.793346639630068395e+01
-1.180536293017886180e+02 -2.773559134530067283e+01
-1.177102385597886212e+02 -2.754506261630067954e+01
-1.173629248697886567e+02 -2.736179526330066025e+01
-1.170119327187886427e+02 -2.718569004730066396e+01
-1.166556491477886937e+02 -2.702185623730066411e+01
-1.162736959317886374e+02 -2.693070692230066854e+01
-1.158902872817886589e+02 -2.684592943630066131e+01
-1.155057288427886704e+02 -2.676658609430067415e+01
-1.151202439107886164e+02 -2.669194608830066429e+01
-1.147340007217886466e+02 -2.662142731330068202e+01
-1.143471289457886257e+02 -2.655455745430067438e+01
-1.139597315217887115e+02 -2.649094736230066971e+01
-1.135718909407886201e+02 -2.643027189330068083e+01
-1.131836729287886953e+02 -2.637225595630065911e+01
-1.127951233387886703e+02 -2.631666342830068217e+01
-1.124059769347886402e+02 -2.626325016330066475e+01
-1.120165992327887068e+02 -2.621188740430066488e+01
-1.116269671847886400e+02 -2.616241363830065936e+01
-1.112371040717887070e+02 -2.611469282430065775e+01
-1.108470300227886298e+02 -2.606860442630066288e+01
-1.104567680367887021e+02 -2.602404167330068319e+01
-1.100663720167886765e+02 -2.598091253930065747e+01
-1.096760879307886114e+02 -2.593915455930065761e+01
-1.092852428907886804e+02 -2.589861702030067292e+01
-1.088939992487886173e+02 -2.585924793230067209e+01
-1.085025870877885552e+02 -2.582100615330066873e+01
-1.081126736147885765e+02 -2.578398814130066441e+01
-1.077207925657886278e+02 -2.574781099930067896e+01
-1.073293843807885821e+02 -2.571265473130067036e+01
-1.069383468727886282e+02 -2.567845997830066196e+01
-1.065483521567885816e+02 -2.564523738430066757e+01
-1.061569793537886142e+02 -2.561274184130065734e+01
-1.057655406287886706e+02 -2.558104979530066814e+01
-1.053740403097886826e+02 -2.555012740030066354e+01
-1.049824823427887566e+02 -2.551994310630068341e+01
-1.045908703427886337e+02 -2.549046744830065947e+01
-1.041992076167885841e+02 -2.546167285930065916e+01
-1.038074972067887245e+02 -2.543353350230067278e+01
-1.034157419107885687e+02 -2.540602512330066176e+01
-1.030239443097885612e+02 -2.537912491930067560e+01
-1.026321067877887288e+02 -2.535281141930066084e+01
-1.022402315527886856e+02 -2.532706437830067259e+01
-1.018483206487886434e+02 -2.530186468130066757e+01
-1.014563759757887453e+02 -2.527719425730067471e+01
-1.010643992987887430e+02 -2.525303599930067477e+01
-1.006723922637887370e+02 -2.522937369830067311e+01
-1.002803564037886588e+02 -2.520619197430066194e+01
-9.988829315078859850e+01 -2.518347622030067257e+01
-9.949620384178874133e+01 -2.516121254930068218e+01
-9.910408973178877545e+01 -2.513938774430065948e+01
-9.871195199378857410e+01 -2.511798921330067103e+01
-9.831979172978876136e+01 -2.509700495330066516e+01
-9.792760983178877154e+01 -2.507642349730066300e+01
-9.753540752878856779e+01 -2.505623391730066984e+01
-9.714318561878857849e+01 -2.503642574430066858e+01
-9.675094496378855524e+01 -2.501698896930066596e+01
-9.635868637578877838e+01 -2.499791400830066479e+01
-9.596641087378870338e+01 -2.497919169230065606e+01
-9.557411865378875859e+01 -2.496081319030066581e+01
-9.518181067778877491e+01 -2.494277006730068180e+01
-9.478948759578869954e+01 -2.492505421130065812e+01
-9.439715002078864359e+01 -2.490765782730066391e+01
-9.400479853278861242e+01 -2.489057342130068307e+01
-9.361243368378868013e+01 -2.487379378530065921e+01
-9.322005599578855595e+01 -2.485731197830066819e+01
-9.282771221078868962e+01 -2.484112320830068299e+01
-9.243531387678862643e+01 -2.482521736230067333e+01
-9.204290430078876284e+01 -2.480959001330067437e+01
-9.165048391178865472e+01 -2.479423516930067350e+01
-9.125805312278870929e+01 -2.477914704730066475e+01
-9.086561232378866748e+01 -2.476432006230067984e+01
-9.047316188778867740e+01 -2.474974881730066656e+01
-9.008070217078861219e+01 -2.473542809630067651e+01
-8.968823351178875214e+01 -2.472135285430065821e+01
-8.929575623778859494e+01 -2.470751821030067319e+01
-8.890327065578875931e+01 -2.469391944130067529e+01
-8.851077706378859489e+01 -2.468055197030066594e+01
-8.811827574578873623e+01 -2.466741136630066578e+01
-8.772576697278859115e+01 -2.465449333230067097e+01
-8.733325100378860384e+01 -2.464179370430066385e+01
-8.694072808778864214e+01 -2.462930844130066177e+01
-8.654819846478866907e+01 -2.461703362530066030e+01
-8.615566236178855775e+01 -2.460496544930067486e+01
-8.576312000078868891e+01 -2.459310021930066270e+01
-8.537057158778870303e+01 -2.458143434730068222e+01
-8.497801732878869529e+01 -2.456996434430068277e+01
-8.458545741578868160e+01 -2.455868682130066460e+01
-8.419230288678872398e+01 -2.454758198130066305e+01
-8.379974769578856808e+01 -2.453668032130066123e+01
-8.340718406578875488e+01 -2.452596141030066335e+01
-8.301461242578861288e+01 -2.451542222330065712e+01
-8.262203321178876081e+01 -2.450505981530066535e+01
-8.222944685278875454e+01 -2.449487131830066389e+01
-8.183685375678859941e+01 -2.448485393830067025e+01
-8.144441215078867913e+01 -2.447500887630065947e+01
-8.105164886478868880e+01 -2.446532169830068071e+01
-8.065903776378863199e+01 -2.445580159130066633e+01
-8.026642131278876491e+01 -2.444644210330066514e+01
-7.987257384578865071e+01 -2.443721228130065626e+01
-7.948117348978857422e+01 -2.442819517630065818e+01
-7.908854263078873714e+01 -2.441930298130067101e+01
-7.869594587078867676e+01 -2.441056273530066889e+01
-7.830330207078858962e+01 -2.440197038830067910e+01
-7.791065493078858140e+01 -2.439352472630066515e+01
-7.751800516378861516e+01 -2.438522362130067833e+01
-7.712535264278866975e+01 -2.437706497330067279e+01
-7.673269608978861811e+01 -2.436904670830066877e+01
-7.634003660678862957e+01 -2.436116684630065876e+01
-7.594737289178860351e+01 -2.435342340430066699e+01
-7.555546931278863099e+01 -2.434582914930068043e+01
-7.516214174078876908e+01 -2.433834021830066874e+01
-7.476842686178869712e+01 -2.433097542230067845e+01
-7.437669761478863961e+01 -2.432377655530067884e+01
-7.398402271778863337e+01 -2.431668747630068239e+01
-7.359134555878867445e+01 -2.430972395530066521e+01
-7.319866622278877344e+01 -2.430288430830067270e+01
-7.280598478778856020e+01 -2.429616688530067492e+01
-7.241330133078858466e+01 -2.428957006930066242e+01
-7.202061592578874638e+01 -2.428309227430066741e+01
-7.162792864578872809e+01 -2.427673194830067516e+01
-7.123523955778873074e+01 -2.427048756730065904e+01
-7.084254873078870673e+01 -2.426435763830066250e+01
-7.044985622878866138e+01 -2.425834069530067083e+01
-7.005716211278863170e+01 -2.425243530130067526e+01
-6.966446644378865471e+01 -2.424664004730068356e+01
-6.927176927978857179e+01 -2.424095354730065921e+01
-6.887907067678870021e+01 -2.423537444330066748e+01
-6.848637068878869627e+01 -2.422990140230067979e+01
-6.809366936878868160e+01 -2.422453311430068013e+01
-6.770096676578859274e+01 -2.421926829230066502e+01
-6.730826292978858305e+01 -2.421410567330066144e+01
-6.691555790778861024e+01 -2.420904401630066261e+01
-6.652285174478865315e+01 -2.420408210030067764e+01
-6.613014448578869064e+01 -2.419921872730067136e+01
-6.573743617378872273e+01 -2.419445271930068131e+01
-6.534472684978877055e+01 -2.418978291530067892e+01
-6.495201655278864905e+01 -2.418520817830066605e+01
-6.455930532278861733e+01 -2.418072738730067428e+01
-6.416659319678873885e+01 -2.417633943830066912e+01
-6.377388021078863289e+01 -2.417204324830067819e+01
-6.338116640078860087e+01 -2.416783774930065576e+01
-6.298845179978874853e+01 -2.416372189030066053e+01
-6.259329532878868463e+01 -2.415966988030067952e+01
-6.220315890278865822e+01 -2.415575635030067403e+01
-6.181052993878856228e+01 -2.415190409530067583e+01
-6.141867028978876419e+01 -2.414814470530067680e+01
-6.102486805178872942e+01 -2.414445157030065658e+01
-6.063214936378867037e+01 -2.414085238730067928e+01
-6.023943009478861654e+01 -2.413733592830068275e+01
-5.984671027178873715e+01 -2.413390126230067878e+01
-5.945398992078875722e+01 -2.413054747330066263e+01
-5.906126906578865032e+01 -2.412727365630068377e+01
-5.866854773078861740e+01 -2.412407891930068260e+01
-5.827582593978863201e+01 -2.412096238230067158e+01
-5.788310371478868888e+01 -2.411792317930065721e+01
-5.749038107878877213e+01 -2.411496045430068236e+01
-5.709765805178867026e+01 -2.411207336130065571e+01
-5.670493465578860537e+01 -2.410926106830067894e+01
-5.631221090978860389e+01 -2.410652275130068389e+01
-5.591948695078858123e+01 -2.410385759930066385e+01
-5.552676254578872772e+01 -2.410126480930066961e+01
-5.513403784978876843e+01 -2.409874358930066407e+01
-5.474131287978875093e+01 -2.409629315630065705e+01
-5.434858765378871226e+01 -2.409391273730066629e+01
-5.395586218778871057e+01 -2.409160156830067123e+01
-5.356313649678858724e+01 -2.408935889430066979e+01
-5.317041059678862780e+01 -2.408718396930067840e+01
-5.277768450378866305e+01 -2.408507605530065732e+01
-5.238495823078855551e+01 -2.408303442030067387e+01
-5.199223179278860130e+01 -2.408105834430066849e+01
-5.159950520478864178e+01 -2.407914711230067084e+01
-5.120677847778856062e+01 -2.407730001830067224e+01
-5.081405162478867510e+01 -2.407551636130066797e+01
-5.042132466078859920e+01 -2.407379544930067183e+01
-5.002859759578868193e+01 -2.407213659730068045e+01
-4.963587044178856900e+01 -2.407053912530066597e+01
-4.924314320978859882e+01 -2.406900236130065807e+01
-4.885037274878877156e+01 -2.406752547930066655e+01
-4.845764704878874340e+01 -2.406610815030067485e+01
-4.806492124878863592e+01 -2.406474954730067495e+01
-4.767219536078877695e+01 -2.406344902130068064e+01
-4.727946939478860600e+01 -2.406220592830068128e+01
-4.688674336378866769e+01 -2.406101963130067745e+01
-4.649401727778862892e+01 -2.405988949630066642e+01
-4.610129114678861129e+01 -2.405881489530066730e+01
-4.570856497978874700e+01 -2.405779520430065688e+01
-4.531583878878868177e+01 -2.405682980430067275e+01
-4.492311257978857952e+01 -2.405591808130067122e+01
-4.453038636378877868e+01 -2.405505942430066213e+01
-4.413766014778875046e+01 -2.405425322630066987e+01
-4.374493394278860592e+01 -2.405349888430067651e+01
-4.335220775478873634e+01 -2.405279579830066083e+01
-4.295948159078861295e+01 -2.405214337430068028e+01
-4.256675546078858474e+01 -2.405154101830067859e+01
-4.217402936978859884e+01 -2.405098814030067089e+01
-4.178130332478858122e+01 -2.405048415430065845e+01
-4.138857733378867465e+01 -2.405002847530066035e+01
-4.099585140178859888e+01 -2.404962052230068181e+01
-4.060304153478872990e+01 -2.404925964330068311e+01
-4.021064964178876266e+01 -2.404894566330066752e+01
-3.981766233978859759e+01 -2.404867722630067917e+01
-3.942494838478873476e+01 -2.404845441030066056e+01
-3.903222283678869076e+01 -2.404827643530067505e+01
-3.863934009978865447e+01 -2.404814269330067233e+01
-3.824677201978860808e+01 -2.404805274930067682e+01
-3.785394326278864696e+01 -2.404800589430068314e+01
-3.746317720978876764e+01 -2.404800154530066081e+01
-3.706798368878875749e+01 -2.404803944530065607e+01
-3.667584963578869406e+01 -2.404811852730066946e+01
-3.628337069678863713e+01 -2.404823848230067185e+01
-3.589252023778871603e+01 -2.404839794630067829e+01
-3.549889222778855924e+01 -2.404859832630067373e+01
-3.510492909578860576e+01 -2.404883828130065737e+01
-3.471202132078869340e+01 -2.404911628730065942e+01
-3.431918900878858381e+01 -2.404943229930067261e+01
-3.392680696078863889e+01 -2.404978537130066840e+01
-3.353397638878877274e+01 -2.405017574130065938e+01
-3.314125044278861765e+01 -2.405060233430067385e+01
-3.274848950478858001e+01 -2.405106471730065820e+01
-3.235586318078875934e+01 -2.405156210130065730e+01
-3.196317770878872366e+01 -2.405209414330066053e+01
-3.157055052778864379e+01 -2.405266010230065987e+01
-3.117789700978855549e+01 -2.405325951130067708e+01
-3.078553090178874996e+01 -2.405389127130068161e+01
-3.039237099078863835e+01 -2.405455659630068155e+01
-2.999965502578865895e+01 -2.405525283730066732e+01
-2.960693627578857345e+01 -2.405598013430066473e+01
-2.921421569278877328e+01 -2.405673788230067700e+01
-2.882149403178877733e+01 -2.405752547130067498e+01
-2.842877187478856982e+01 -2.405834228730067181e+01
-2.803604964378869013e+01 -2.405918771030065884e+01
-2.764332761978866770e+01 -2.406006111330067299e+01
-2.725060595778868233e+01 -2.406096186530067982e+01
-2.685788469578855953e+01 -2.406188932830066207e+01
-2.646516376478857424e+01 -2.406284285630065867e+01
-2.607244299578869473e+01 -2.406382179730065829e+01
-2.567972211778860370e+01 -2.406482549130067738e+01
-2.528700076478876113e+01 -2.406585326930065705e+01
-2.489427847178862763e+01 -2.406690445430067982e+01
-2.450153411778874002e+01 -2.406797841730066168e+01
-2.410892182078859847e+01 -2.406907402830067255e+01
-2.371620941678870409e+01 -2.407019122530065758e+01
-2.332348879278865539e+01 -2.407132903330066753e+01
-2.293071619678866924e+01 -2.407248685330067062e+01
-2.253792593478860695e+01 -2.407366384330067532e+01
-2.214513495678861332e+01 -2.407485919530067164e+01
-2.175238310178869838e+01 -2.407607201230068128e+01
-2.135961641778871822e+01 -2.407730167230065987e+01
-2.096688810378859458e+01 -2.407854720330068332e+01
-2.057416429978875172e+01 -2.407980788930067817e+01
-2.018150522378877909e+01 -2.408108269730068329e+01
-1.978849548178877527e+01 -2.408237213330066240e+01
-1.939579677878859698e+01 -2.408367315330066205e+01
-1.900319426178871041e+01 -2.408498555230066174e+01
-1.861064200478867647e+01 -2.408630856130066533e+01
-1.821802566778874066e+01 -2.408764162330068004e+01
-1.782627357178862226e+01 -2.408898059730067231e+01
-1.743288556778870557e+01 -2.409033306030066157e+01
-1.703979498578869212e+01 -2.409169138430065615e+01
-1.664707143978862192e+01 -2.409305426230066516e+01
-1.625440586878866966e+01 -2.409442167830065884e+01
-1.586317577878875973e+01 -2.409578770330066888e+01
-1.546892881378866669e+01 -2.409716675430068378e+01
-1.507624196078868017e+01 -2.409854165030067108e+01
-1.468352144878858390e+01 -2.409991674230066039e+01
-1.429095292478868551e+01 -2.410129011530066734e+01
-1.389823221578862622e+01 -2.410266152830068265e+01
-1.350534356378861567e+01 -2.410402967730068369e+01
-1.311264045278866952e+01 -2.410539192930066221e+01
-1.271992066178867908e+01 -2.410674753130068027e+01
-1.232719055578863454e+01 -2.410809494830065702e+01
-1.193448150678872999e+01 -2.410943249930066301e+01
-1.154176211878857039e+01 -2.411075865430067822e+01
-1.114904273578858529e+01 -2.411207167030066145e+01
-1.075632357978870068e+01 -2.411336976630066076e+01
-1.036360450978858871e+01 -2.411465108530067525e+01
-9.970885514788593085e+00 -2.411591368030066107e+01
-9.578166582788613326e+00 -2.411715551830065962e+01
-9.185561606788583688e+00 -2.411837411430066069e+01
-8.792889783788583102e+00 -2.411956779730065747e+01
-8.400009198788753295e+00 -2.412073461830068410e+01
-8.007291434788699647e+00 -2.412187099230068199e+01
-7.614572654788704043e+00 -2.412297480230067137e+01
-7.221853871788740165e+00 -2.412404329430067307e+01
-6.829135076788675818e+00 -2.412507355830068079e+01
-6.436416258788627331e+00 -2.412606251630067433e+01
-6.043697409788679309e+00 -2.412700690330067843e+01
-5.650978519788710130e+00 -2.412790325330068342e+01
-5.258259581788566450e+00 -2.412874787830066836e+01
-4.865540587788560245e+00 -2.412953684730068105e+01
-4.472821531788754967e+00 -2.413026596530066215e+01
-4.080102410788727596e+00 -2.413093074030068053e+01
-3.687383220788748250e+00 -2.413152635930067547e+01
-3.294663961788588669e+00 -2.413204764830068072e+01
-2.901944634788693467e+00 -2.413248903430065795e+01
-2.509225325788607908e+00 -2.413284450030065997e+01
-2.116505823788744411e+00 -2.413310753530067743e+01
-1.723786316788706197e+00 -2.413327106530065791e+01
-1.331066969788567755e+00 -2.413332739430067519e+01
-9.383474567885932149e-01 -2.413327105730065725e+01
-5.456279487885657975e-01 -2.413310754030068139e+01
-1.529084477886917814e-01 -2.413284453830065601e+01
2.398108612113937776e-01 -2.413248912030065796e+01
6.325301882112890350e-01 -2.413204779730066818e+01
1.025249447211221243e+00 -2.413152658230067615e+01
1.417968637211428407e+00 -2.413093104730067395e+01
1.810687758211228404e+00 -2.413026636430067740e+01
2.203406815211250258e+00 -2.412953734530067251e+01
2.596125809211256463e+00 -2.412874847930067901e+01
2.988844747211400144e+00 -2.412790396230066037e+01
3.381563637211369322e+00 -2.412700772430066465e+01
3.774282487211306769e+00 -2.412606345030065924e+01
4.167001305211355699e+00 -2.412507460730067166e+01
4.559720100211420046e+00 -2.412404445930065933e+01
4.952438883211383924e+00 -2.412297608330068144e+01
5.345157664211368953e+00 -2.412187238930065902e+01
5.737876453211269379e+00 -2.412073612730067040e+01
6.130595261211423619e+00 -2.411956990730068284e+01
6.523314100211250022e+00 -2.411837620230066292e+01
6.916032979211335530e+00 -2.411715736630067042e+01
7.308751911211315289e+00 -2.411591563730065602e+01
7.701470907211300343e+00 -2.411465314730066822e+01
8.094189977211412312e+00 -2.411337193230066234e+01
8.486909134211286343e+00 -2.411207393530066767e+01
8.879628516211282019e+00 -2.411076101630068180e+01
9.272347904211441616e+00 -2.410943495530066727e+01
9.665067415211437307e+00 -2.410809745830065864e+01
1.005778706121136956e+01 -2.410675016330067066e+01
1.045050685121137057e+01 -2.410539464430065593e+01
1.084322679821130286e+01 -2.410403241330068269e+01
1.123594691121129863e+01 -2.410266492630067248e+01
1.162866720221123096e+01 -2.410129358730067040e+01
1.202138768221143827e+01 -2.409991974930066405e+01
1.241410836021137065e+01 -2.409854472130068004e+01
1.280682924721136651e+01 -2.409716976430065571e+01
1.319955035321132009e+01 -2.409579610130067451e+01
1.359227168821135301e+01 -2.409442491430065658e+01
1.398494846721123785e+01 -2.409305750630066356e+01
1.437766675421144491e+01 -2.409169468830067373e+01
1.477038511721130298e+01 -2.409033768530066411e+01
1.516310356221143074e+01 -2.408898754430067513e+01
1.555582209421132056e+01 -2.408764528530066329e+01
1.594854071521140604e+01 -2.408631189930066441e+01
1.634125943121139457e+01 -2.408498835430067331e+01
1.673397824621124741e+01 -2.408367559030066829e+01
1.712669716421137522e+01 -2.408237452530066136e+01
1.751941618921128097e+01 -2.408108605730067708e+01
1.791213532421138765e+01 -2.407981106130067062e+01
1.830485457321142562e+01 -2.407855039230066652e+01
1.869757393821137370e+01 -2.407730488930065960e+01
1.909029342421140640e+01 -2.407607537130065722e+01
1.948301303321127520e+01 -2.407486264230068329e+01
1.987573276821140311e+01 -2.407366748930065725e+01
2.026845263221130367e+01 -2.407249068430065719e+01
2.066117262821139988e+01 -2.407133298630067131e+01
2.105389275621123701e+01 -2.407019514030066532e+01
2.144661302121144431e+01 -2.406907787930067499e+01
2.183933342321133964e+01 -2.406798192230065681e+01
2.223205396621133545e+01 -2.406690797830067297e+01
2.262477464921144232e+01 -2.406585674730068192e+01
2.301749547621139058e+01 -2.406482891630066590e+01
2.341021644721140760e+01 -2.406382516330067389e+01
2.380293756421124485e+01 -2.406284615830066898e+01
2.419565882821134650e+01 -2.406189256230068096e+01
2.458838023921125782e+01 -2.406096502930067160e+01
2.498110179921141238e+01 -2.406006420230066212e+01
2.537382350821135546e+01 -2.405919072230066647e+01
2.576654536721130384e+01 -2.405834521830068340e+01
2.615926737521126810e+01 -2.405752831630065813e+01
2.655198953421122710e+01 -2.405674063630065618e+01
2.694471184321141877e+01 -2.405598279230066439e+01
2.733743430121139895e+01 -2.405525539130065837e+01
2.773015690921138443e+01 -2.405455903830066333e+01
2.812287966621138580e+01 -2.405389433230068263e+01
2.851560257121141362e+01 -2.405326186930066612e+01
2.890832562321125110e+01 -2.405266223930068392e+01
2.930104882221135298e+01 -2.405209603230066406e+01
2.969377216621128568e+01 -2.405156383030067602e+01
3.008649565421128713e+01 -2.405106621730068284e+01
3.047921928421137849e+01 -2.405060377230067203e+01
3.087194305521134297e+01 -2.405017707030067342e+01
3.126466696521142907e+01 -2.404978668830066724e+01
3.165739101121144117e+01 -2.404943319730066875e+01
3.205011519221139338e+01 -2.404911716930068266e+01
3.244303329121126467e+01 -2.404883904630066738e+01
3.283710428421127858e+01 -2.404859891830066587e+01
3.323039010421135231e+01 -2.404839859030066052e+01
3.362101320721140496e+01 -2.404823906730068117e+01
3.401373802021126380e+01 -2.404811888130067743e+01
3.440646295021124956e+01 -2.404803956530066600e+01
3.479918799221141512e+01 -2.404800168530065818e+01
3.519191314521131630e+01 -2.404800580830068313e+01
3.558463856921130741e+01 -2.404805250030066688e+01
3.597736392821130380e+01 -2.404814233030067427e+01
3.637008938421141124e+01 -2.404827586530067762e+01
3.676283651321128332e+01 -2.404845368630067171e+01
3.715552112021137532e+01 -2.404867631930066452e+01
3.754864172721127602e+01 -2.404894468330065749e+01
3.794076547821137524e+01 -2.404925827530068361e+01
3.833371778121127704e+01 -2.404961910130067437e+01
3.872644371321135282e+01 -2.405002687630065950e+01
3.911916970421125939e+01 -2.405048237430066749e+01
3.951189574821128758e+01 -2.405098617730068256e+01
3.990462183921127348e+01 -2.405153886930066776e+01
4.029734796921130169e+01 -2.405214103730066810e+01
4.069007413221143565e+01 -2.405279327130066847e+01
4.108280032021130523e+01 -2.405349616330066098e+01
4.147552652521122241e+01 -2.405425031030067018e+01
4.186825274021126120e+01 -2.405505631030068159e+01
4.226097895621128941e+01 -2.405591476730067413e+01
4.265370516521139166e+01 -2.405682628830068026e+01
4.304643135621122951e+01 -2.405779148330067230e+01
4.343915752221133175e+01 -2.405881096730068336e+01
4.383188365321134938e+01 -2.405988535930067584e+01
4.422460974021137758e+01 -2.406101528330067296e+01
4.461733577121131589e+01 -2.406220136730068404e+01
4.501006173621127004e+01 -2.406344424430066553e+01
4.540278762421135639e+01 -2.406474455330068096e+01
4.579551342421123650e+01 -2.406610293630067687e+01
4.618823912421126465e+01 -2.406752004330065731e+01
4.658100959221124526e+01 -2.406899670130065871e+01
4.697373682421144281e+01 -2.407053323930066924e+01
4.736646397821132837e+01 -2.407213048430066848e+01
4.775919104321124564e+01 -2.407378910630067637e+01
4.815191800821131096e+01 -2.407550978730067115e+01
4.854464486121142386e+01 -2.407729321030067737e+01
4.893737158821127764e+01 -2.407914007030067793e+01
4.933009817821144338e+01 -2.408105106530068085e+01
4.972282461621139760e+01 -2.408302690230065579e+01
5.011555088921127776e+01 -2.408506829630065837e+01
5.050827698321123194e+01 -2.408717596930067018e+01
5.090100288321141875e+01 -2.408935065030068401e+01
5.129372857421131471e+01 -2.409159307830067220e+01
5.168645404121130582e+01 -2.409390400030066459e+01
5.207917926821133392e+01 -2.409628417030067382e+01
5.247190423921134084e+01 -2.409873435330068148e+01
5.286462893521130013e+01 -2.410125532130068038e+01
5.325735334121137043e+01 -2.410384785830067855e+01
5.365007730121138252e+01 -2.410651275530066684e+01
5.404280104821137343e+01 -2.410925081630066913e+01
5.443552444521142775e+01 -2.411206285230066371e+01
5.482824747321129166e+01 -2.411494968530068306e+01
5.522097011021142521e+01 -2.411791215030067903e+01
5.561369233621135777e+01 -2.412095109230066825e+01
5.600641412821133258e+01 -2.412406736530065743e+01
5.639913563021141840e+01 -2.412726183930068302e+01
5.679185648621128735e+01 -2.413053539130067904e+01
5.718457683921124612e+01 -2.413388891330067665e+01
5.757729666321134232e+01 -2.413732331130067266e+01
5.797001593321138557e+01 -2.414083950130067180e+01
5.836273445621137057e+01 -2.414443841230068344e+01
5.875444624121124093e+01 -2.414811144830066425e+01
5.914849797521142705e+01 -2.415189138030067895e+01
5.954096729921130304e+01 -2.415574180030067097e+01
5.993313202621143887e+01 -2.415967561530068153e+01
6.032631821221130508e+01 -2.416370736630066673e+01
6.071903281521136364e+01 -2.416782294830066391e+01
6.111174662721137452e+01 -2.417202817130067771e+01
6.150445961521123195e+01 -2.417632408330068117e+01
6.189717174221132723e+01 -2.418071175330068101e+01
6.228988297421133780e+01 -2.418519226530066746e+01
6.268259327321143815e+01 -2.418976672230065716e+01
6.307530259921136917e+01 -2.419443624430065753e+01
6.346801091321131594e+01 -2.419920197130066342e+01
6.386071817421125729e+01 -2.420406506230066768e+01
6.425342433921142060e+01 -2.420902669430067178e+01
6.464612936321137227e+01 -2.421408806830067917e+01
6.503883320221135023e+01 -2.421925040330067347e+01
6.543153580721141793e+01 -2.422451494030066144e+01
6.582423713021140088e+01 -2.422988294430068024e+01
6.621693712021138367e+01 -2.423535569930067979e+01
6.660963572621122353e+01 -2.424093451730068338e+01
6.700233289221128530e+01 -2.424662073130066275e+01
6.739502856421123056e+01 -2.425241569930066632e+01
6.778772268221123909e+01 -2.425832080630065590e+01
6.818041518821124214e+01 -2.426433746230067001e+01
6.857310601821123441e+01 -2.427046710530067841e+01
6.896579510821143799e+01 -2.427671119830067070e+01
6.935848239121142456e+01 -2.428307123730065697e+01
6.975116779921123111e+01 -2.428954874430065658e+01
7.014385125921140229e+01 -2.429614527330066309e+01
7.053653269721135644e+01 -2.430286240930068331e+01
7.092921203721144252e+01 -2.430970176930066984e+01
7.132188919821138029e+01 -2.431666500330068104e+01
7.171456409821135480e+01 -2.432375379530067150e+01
7.210601751421123140e+01 -2.433094726330066848e+01
7.250019545721139025e+01 -2.433832041930066836e+01
7.289333218421134575e+01 -2.434580546030066373e+01
7.328524002921122360e+01 -2.435339951330068331e+01
7.367790465221142426e+01 -2.436114268930067439e+01
7.407056424121142868e+01 -2.436902226930068238e+01
7.446322066721123178e+01 -2.437704024830066984e+01
7.485587167421127219e+01 -2.438519858130068130e+01
7.524852161321123845e+01 -2.439349940830068064e+01
7.564116859021137884e+01 -2.440194478430067804e+01
7.603381239421142368e+01 -2.441053685130067308e+01
7.642640914721133072e+01 -2.441927681730068045e+01
7.681904000821137402e+01 -2.442816873330066230e+01
7.721182423421137742e+01 -2.443721771530065823e+01
7.760428783621128446e+01 -2.444641510530068373e+01
7.799690445521142124e+01 -2.445577432230068027e+01
7.838951539321138284e+01 -2.446529415030066090e+01
7.878226308721141891e+01 -2.447498066830065611e+01
7.917472028821126173e+01 -2.448482584630066228e+01
7.956731338521140628e+01 -2.449484295630066910e+01
7.995989974521140198e+01 -2.450503118530066260e+01
8.035247896021124347e+01 -2.451539332630066426e+01
8.074505060021138547e+01 -2.452593224930067706e+01
8.113761423021142605e+01 -2.453665089730067095e+01
8.153016942221134400e+01 -2.454755229530065819e+01
8.192332401421131749e+01 -2.455865687830067756e+01
8.231588391921141579e+01 -2.456993414430065670e+01
8.270843817021128075e+01 -2.458140389230068124e+01
8.310098657521135124e+01 -2.459306951230068350e+01
8.349352892921129410e+01 -2.460493449230066787e+01
8.388606502421126265e+01 -2.461700242130067906e+01
8.427859464021130975e+01 -2.462927699330067455e+01
8.467111754921134548e+01 -2.464176201430067792e+01
8.506363351121140681e+01 -2.465446140430067246e+01
8.545614227821138797e+01 -2.466737920330067979e+01
8.584864359121129951e+01 -2.468051957530066076e+01
8.624113717721130001e+01 -2.469388681830066545e+01
8.663362275321142647e+01 -2.470748536330067324e+01
8.702610002321139859e+01 -2.472131978530067542e+01
8.741856867621132210e+01 -2.473539481030065801e+01
8.781102838821144019e+01 -2.474971531830068372e+01
8.820347882021124519e+01 -2.476428635530067979e+01
8.859591961521132930e+01 -2.477911313730067988e+01
8.898835040121130646e+01 -2.479420106030066151e+01
8.938077078521124008e+01 -2.480955571030066764e+01
8.977318035921135220e+01 -2.482518287030067583e+01
9.016557869021144711e+01 -2.484108853330065969e+01
9.055792246621140862e+01 -2.485727712430066205e+01
9.095030015121133715e+01 -2.487375875930068148e+01
9.134266499821129059e+01 -2.489053823030065971e+01
9.173501648421134291e+01 -2.490762247730067358e+01
9.212735405721142001e+01 -2.492501870930068364e+01
9.251967713821127859e+01 -2.494273442030067756e+01
9.291198511121129400e+01 -2.496077740530067146e+01
9.330427706121136566e+01 -2.497915576530065707e+01
9.369655281121131907e+01 -2.499787797130066380e+01
9.408881139621135503e+01 -2.501695281830067685e+01
9.448105204721142059e+01 -2.503638948930067087e+01
9.487327395321122481e+01 -2.505619756830067146e+01
9.526547625221124349e+01 -2.507638706330068246e+01
9.565765814521128618e+01 -2.509696844430068197e+01
9.604981840521136860e+01 -2.511795264130067196e+01
9.644195613821139546e+01 -2.513935112030067032e+01
9.683407024221142478e+01 -2.516117588530066129e+01
9.722615954521134540e+01 -2.518343952930068141e+01
9.761822279221124177e+01 -2.520615526930067674e+01
9.801025864521139397e+01 -2.522933699330065949e+01
9.840226567221125720e+01 -2.525299931030066247e+01
9.879424234021135476e+01 -2.527715759930067563e+01
9.918618700421134804e+01 -2.530182807130067246e+01
9.957809789721127913e+01 -2.532702783330067220e+01
9.996997312121143864e+01 -2.535277495830068162e+01
1.003618106302114086e+02 -2.537908856130065871e+01
1.007536082172113368e+02 -2.540598889030065877e+01
1.011453634972114344e+02 -2.543349741630067840e+01
1.015370738902112464e+02 -2.546163694430067537e+01
1.019287365962112801e+02 -2.549043173030066711e+01
1.023203485752113977e+02 -2.551990761130066332e+01
1.027119065182113502e+02 -2.555009215730067851e+01
1.031034068102113963e+02 -2.558101483530067455e+01
1.034933221702114281e+02 -2.561258231730066015e+01
1.038862182752112915e+02 -2.564520309130066877e+01
1.042761325952114078e+02 -2.567841913930068287e+01
1.046672515732113027e+02 -2.571262135930068027e+01
1.050587574232112331e+02 -2.574778700230067940e+01
1.054505209952114058e+02 -2.578395393030067950e+01
1.058404455842113805e+02 -2.582097354430068137e+01
1.062320090702113760e+02 -2.585923094430067337e+01
1.066231117622113800e+02 -2.589858677230067130e+01
1.070139102892113954e+02 -2.593912019430068128e+01
1.074042379472113282e+02 -2.598088361330065865e+01
1.077946386532113650e+02 -2.602401420930065612e+01
1.081848997062112687e+02 -2.606857790130068153e+01
1.085749723552113721e+02 -2.611466728030067586e+01
1.089648343562113553e+02 -2.616238921830067099e+01
1.093544655972113162e+02 -2.621186426930067270e+01
1.097438427062112680e+02 -2.626322848530066878e+01
1.101329612092112313e+02 -2.631663954630066016e+01
1.105215122042112910e+02 -2.637223400830067632e+01
1.109097334572112743e+02 -2.643025239030067652e+01
1.112975770802112550e+02 -2.649093056730067630e+01
1.116849771132114313e+02 -2.655454363930065753e+01
1.120718509762113229e+02 -2.662141678730067085e+01
1.124580957272113722e+02 -2.669193922830067933e+01
1.128435817562114210e+02 -2.676658338130065928e+01
1.132281408262114439e+02 -2.684593147430068072e+01
1.136115496272113035e+02 -2.693071449130065886e+01
1.139935024582113385e+02 -2.702187035430067041e+01
1.143497502632114049e+02 -2.718578435930067982e+01
1.147007094102113172e+02 -2.736195729430066237e+01
1.150479921102113678e+02 -2.754528502530068224e+01
1.153913544642113322e+02 -2.773586635330066130e+01
1.157304938432113488e+02 -2.793378587130068169e+01
1.160651996822113290e+02 -2.813920584330066887e+01
1.163951215692112839e+02 -2.835223436930065688e+01
1.167199147642112678e+02 -2.857301285530065726e+01
1.170391979982113355e+02 -2.880169629330067593e+01
1.173525471102113045e+02 -2.903845461230066505e+01
1.176594868052112872e+02 -2.928347366230066129e+01
1.179594818222114156e+02 -2.953695699330067370e+01
1.182519534702113617e+02 -2.979915314330066778e+01
1.185361420962114209e+02 -3.007024383530066913e+01
1.188112854652112276e+02 -3.035052076330067550e+01
1.190764570812113163e+02 -3.064026090730068219e+01
1.193305745692113362e+02 -3.093975471230067953e+01
1.195723641342114263e+02 -3.124929865030066978e+01
1.198003161242112640e+02 -3.156918181430067349e+01
1.200126299652112323e+02 -3.189966290830066598e+01
1.202071472232113649e+02 -3.224093184230066100e+01
1.203812732902112259e+02 -3.259304688030065478e+01
1.205318677822114353e+02 -3.295576678330065334e+01
1.205867682662114078e+02 -3.333753975530067493e+01
1.205697188902112487e+02 -3.372988871730067473e+01
1.205504942922113116e+02 -3.412214203530067635e+01
1.205293001102112669e+02 -3.451430336930065579e+01
1.205062796512112584e+02 -3.490632105730066570e+01
1.204815302072112502e+02 -3.529825996030067614e+01
1.204551284052112408e+02 -3.569009846130067132e+01
1.204271318732113798e+02 -3.608183840230066863e+01
1.203975895372113030e+02 -3.647342882330065805e+01
1.203665328202113471e+02 -3.686492591530066676e+01
1.203339923072113891e+02 -3.725629825230067382e+01
1.202999904042113997e+02 -3.764754541630066598e+01
1.202645449072114445e+02 -3.803866506930067004e+01
1.202276698312113297e+02 -3.842965315930067760e+01
1.201893759182113683e+02 -3.882050543630067097e+01
1.201496711172113976e+02 -3.921121746530065622e+01
1.201085609612113387e+02 -3.960178461730067312e+01
1.200660488852112451e+02 -3.999220193930066358e+01
1.200221314742113066e+02 -4.038250782930067118e+01
1.199768174582112863e+02 -4.077261797630067264e+01
1.199301010392113369e+02 -4.116256432530065723e+01
1.198819791772113206e+02 -4.155234117030065732e+01
1.198324475222113108e+02 -4.194194289230066630e+01
1.197815005562112276e+02 -4.233136347030066560e+01
1.197291316592112764e+02 -4.272059659530066966e+01
1.196753331742112607e+02 -4.310963564330067044e+01
1.196200964612113751e+02 -4.349847366030065388e+01
1.195634119472112218e+02 -4.388710334530066604e+01
1.195052691522113548e+02 -4.427551706130066833e+01
1.194456567622113710e+02 -4.466370661530067565e+01
1.193845625472112317e+02 -4.505166389630065993e+01
1.193219734662112899e+02 -4.543938033130067566e+01
1.192578756052113533e+02 -4.582684732630065838e+01
1.191922541822113146e+02 -4.621405625530065464e+01
1.191250935642114257e+02 -4.660099836230066472e+01
1.190563771822113779e+02 -4.698766522530065259e+01
1.189862994972112631e+02 -4.737289685730065258e+01
1.189142925442112357e+02 -4.775968195630066049e+01
1.188407570202113277e+02 -4.814570834930066923e+01
1.187656257092113776e+02 -4.853123616530067608e+01
1.186884830722114259e+02 -4.891822561930067792e+01
1.186103689892112527e+02 -4.930139827730065605e+01
1.185302881262113317e+02 -4.968558602230067578e+01
1.184484331272114161e+02 -5.006968723230065876e+01
1.183648383502112722e+02 -5.045340610530067949e+01
1.182794302392113934e+02 -5.083694547530067354e+01
1.181922764882114336e+02 -5.121987104030066718e+01
1.181032817082113127e+02 -5.160247306630066788e+01
1.180124626852113181e+02 -5.198454465230066290e+01
1.179197742202112806e+02 -5.236614279430066432e+01
1.178251007942114086e+02 -5.274759402130067798e+01
1.177287321772113557e+02 -5.312760976130065416e+01
1.176302325512114351e+02 -5.350777434030067781e+01
1.175296772812113488e+02 -5.388762303930065656e+01
1.174271141532114200e+02 -5.426682314230067306e+01
1.173224977272112994e+02 -5.464539661630067968e+01
1.172157758742113458e+02 -5.502338030730067686e+01
1.171069226512112493e+02 -5.540071115330065510e+01
1.169958876192112314e+02 -5.577740637830067527e+01
1.168826463292113260e+02 -5.615338896230066013e+01
1.167671221172112439e+02 -5.652874860630067388e+01
1.166494024992113339e+02 -5.690304313130065594e+01
1.165292287412113694e+02 -5.727692566930065965e+01
1.164065513762112971e+02 -5.765035549430067618e+01
1.162815361692113640e+02 -5.802265167730067930e+01
1.161540184412114343e+02 -5.839413474830067941e+01
1.160240717632113103e+02 -5.876441758630065948e+01
1.158913488542113157e+02 -5.913429741730067946e+01
1.157561898522114063e+02 -5.950263957330066233e+01
1.156180809382114205e+02 -5.987064849930067822e+01
1.154773307662113950e+02 -6.023729377830066056e+01
1.153336999202114441e+02 -6.060300433230066375e+01
1.151873499102113385e+02 -6.096717371630067106e+01
1.150379608772113045e+02 -6.133039570930066731e+01
1.148855861392113695e+02 -6.169232253530066856e+01
1.147301317302114114e+02 -6.205296293630068050e+01
1.145715369282112590e+02 -6.241223752230067845e+01
1.144097327402113535e+02 -6.277007884130066628e+01
1.142446431462114163e+02 -6.312642677530067914e+01
1.140761807682112305e+02 -6.348123598230066733e+01
1.139043030142112514e+02 -6.383435937630066093e+01
1.137291460812113257e+02 -6.418529472030066074e+01
1.135499492592113313e+02 -6.453530370630066670e+01
1.133673430932114172e+02 -6.488289007030066102e+01
1.131810676612114150e+02 -6.522831932130067401e+01
1.129907437362113853e+02 -6.557202596430066421e+01
1.127966426662113975e+02 -6.591325121230066486e+01
1.125974934492113846e+02 -6.625389787530066599e+01
1.123952431142112403e+02 -6.659036000230067032e+01
1.121885779122114002e+02 -6.692460048830066910e+01
1.119787118512114432e+02 -6.725443239130068207e+01
1.117636318352114415e+02 -6.758274944430066000e+01
1.115436720032113556e+02 -6.790866611430068644e+01
1.113194901202113272e+02 -6.823090811430067504e+01
1.110905203632113682e+02 -6.855000386430067749e+01
1.108568331502114290e+02 -6.886554607530068495e+01
1.106182880452112443e+02 -6.917741937930067309e+01
1.103747349922113301e+02 -6.948550497830068196e+01
1.101260081472113654e+02 -6.978968648930067786e+01
1.098725445512112913e+02 -7.008912896430068429e+01
1.096135456722112451e+02 -7.038446166730066977e+01
1.093496576332112511e+02 -7.067463275230066699e+01
1.090796775142113404e+02 -7.096062525830068068e+01
1.088046487792113624e+02 -7.124099330430068733e+01
1.085241852372113556e+02 -7.151583841030067390e+01
1.082381729032112219e+02 -7.178495889030067190e+01
1.079465420992113707e+02 -7.204810483130067666e+01
1.076493757382112619e+02 -7.230489524630066001e+01
1.073467342572113523e+02 -7.255498822130066117e+01
1.070384010992112565e+02 -7.279827229230066621e+01
1.067246462352112815e+02 -7.303425483030066800e+01
1.064052918632113744e+02 -7.326280274830067185e+01
1.060804943262113795e+02 -7.348354344630068624e+01
1.057503359582114228e+02 -7.369618015930068111e+01
1.054149202742113687e+02 -7.390042182230068590e+01
1.050743726662114170e+02 -7.409598575130065967e+01
1.047288402432112946e+02 -7.428260077030067521e+01
1.043864201182113050e+02 -7.443509174130066697e+01
1.042012092632113820e+02 -7.408879643830066186e+01
1.040177411882113176e+02 -7.374157251930067503e+01
1.038318361092114230e+02 -7.339565038130068331e+01
1.036400601352112574e+02 -7.305290957530066009e+01
1.034396984282113010e+02 -7.271517748230066047e+01
1.032285606152112507e+02 -7.238408208530067611e+01
1.030050272182112678e+02 -7.206123223830066138e+01
1.027680001072114067e+02 -7.174816035030066530e+01
1.025168760132113732e+02 -7.144628300630067486e+01
1.022515080782112875e+02 -7.115684931130066104e+01
1.019721523032114021e+02 -7.088089264130066169e+01
1.016793963922113164e+02 -7.061919305730067720e+01
1.013740790802113736e+02 -7.037226014430068233e+01
1.010571470722112792e+02 -7.014029494030067724e+01
1.007298034322112983e+02 -6.992337398330066378e+01
1.003931147402112458e+02 -6.972124421830066865e+01
1.000482060312114356e+02 -6.953354139930065969e+01
9.969603132521129396e+01 -6.935971794730066620e+01
9.933760013121141697e+01 -6.919921356730067430e+01
9.897376460621140382e+01 -6.905138032330067688e+01
9.860528539121142444e+01 -6.891554802730068729e+01
9.823283286021128902e+01 -6.879104397330065979e+01
9.785702796821138350e+01 -6.867721795030068677e+01
9.747829484421131951e+01 -6.857340735630067741e+01
9.709706776721137089e+01 -6.847900660830067920e+01
9.671379206321140032e+01 -6.839345848730066280e+01
9.632876087021136868e+01 -6.831621571030068196e+01
9.594224988821125066e+01 -6.824677409830066210e+01
9.555449206821131725e+01 -6.818466398630066294e+01
9.516565320721124976e+01 -6.812944516230068359e+01
9.477598553221142197e+01 -6.808072520630067004e+01
9.438559685721125447e+01 -6.803812439730067751e+01
9.399461779221124402e+01 -6.800129733430067347e+01
9.360316078321139344e+01 -6.796992425930066872e+01
9.321132271021124893e+01 -6.794370909630067956e+01
9.281918705621129106e+01 -6.792237756030066009e+01
9.242682585921139093e+01 -6.790567539530066199e+01
9.203430167621141322e+01 -6.789336672430066244e+01
9.164166583721126358e+01 -6.788523246230066377e+01
9.124896625221131785e+01 -6.788106907930067280e+01
9.104094206221125773e+01 -6.772657491730068102e+01
9.110767887021134470e+01 -6.733956604230066034e+01
9.116899175921130904e+01 -6.695165913230066224e+01
9.122553329221128138e+01 -6.656302703230066697e+01
9.127774727221131457e+01 -6.617378908630068679e+01
9.132594322321133973e+01 -6.578403258330068581e+01
9.137033883421136693e+01 -6.539382439130066871e+01
9.141108562721129260e+01 -6.500321800630068481e+01
9.144828528421126634e+01 -6.461225751230067260e+01
9.148200025121141721e+01 -6.422098088730068355e+01
9.151226089021125176e+01 -6.382942181830066630e+01
9.153907027321125156e+01 -6.343761125530065925e+01
9.156240738121132949e+01 -6.304557857630067730e+01
9.158222915221122662e+01 -6.265335257130067959e+01
9.159847166021123144e+01 -6.226096229630065437e+01
9.161105059221122815e+01 -6.186843788830066870e+01
9.161986114921128888e+01 -6.147581136930066492e+01
9.162477740121144620e+01 -6.108311750630065973e+01
9.162565114121130705e+01 -6.069039475230065506e+01
9.162231020921140612e+01 -6.029768633430067126e+01
9.161455626021134435e+01 -5.990504153530066134e+01
9.160216190421138549e+01 -5.951251725130067172e+01
9.158486710921138751e+01 -5.912017991430065678e+01
9.156237475921139435e+01 -5.872810789030067014e+01
9.153434728921129704e+01 -5.833642158530066268e+01
9.150039116121129723e+01 -5.794517235130067689e+01
9.146006192921132083e+01 -5.755453160330066709e+01
9.141283763221136383e+01 -5.716461096230066374e+01
9.135813515021132503e+01 -5.677572199630066763e+01
9.129525651421127463e+01 -5.638807350930066065e+01
9.122339264721122731e+01 -5.600199248130065399e+01
9.114159282321125488e+01 -5.561789667830067430e+01
9.104873369521138216e+01 -5.523632705430066636e+01
9.094355552021139033e+01 -5.485824397130065933e+01
9.082432739121136933e+01 -5.448408673230066057e+01
9.068921131121138046e+01 -5.411537859730066913e+01
9.053593420121129043e+01 -5.375385604430065456e+01
9.036180637921134462e+01 -5.340192139030066443e+01
9.016371793921135236e+01 -5.306292460130067212e+01
8.993825161021132431e+01 -5.274153397130067589e+01
8.968686537321141827e+01 -5.243988929530065235e+01
8.942602890621142819e+01 -5.214633360530067563e+01
8.915594140021144653e+01 -5.186127506730066017e+01
8.887494878721136615e+01 -5.158697200930067339e+01
8.858162977021143547e+01 -5.132590568530066122e+01
8.827502355221136554e+01 -5.108059530030067918e+01
8.795479554221142848e+01 -5.085329391930066123e+01
8.762147004021122143e+01 -5.064576616330067083e+01
8.727614332321141433e+01 -5.045888284930067158e+01
8.692041427121139918e+01 -5.029263613330065397e+01
8.655607088321144715e+01 -5.014620488330067616e+01
8.618485059521131575e+01 -5.001817693130067966e+01
8.580828815321129355e+01 -4.990680720430066941e+01
8.542765310321138372e+01 -4.981024011230065440e+01
8.504394996821125119e+01 -4.972666530230066684e+01
8.465795086521134749e+01 -4.965440813530066322e+01
8.427023874721126617e+01 -4.959197072030065812e+01
8.388124931721122834e+01 -4.953804114230067768e+01
8.349130668121134136e+01 -4.949148489530066541e+01
8.310065162221135893e+01 -4.945132788130067780e+01
8.270946309721139755e+01 -4.941673656330065256e+01
8.231787506921128283e+01 -4.938699835930066939e+01
8.192598693321124870e+01 -4.936150350330067482e+01
8.153387370821124591e+01 -4.933972931030067599e+01
8.114159178621130764e+01 -4.932122652730067358e+01
8.074918367821138077e+01 -4.930560783530066971e+01
8.035667637721135748e+01 -4.929253805730065352e+01
7.996408972021131945e+01 -4.928172638430067565e+01
7.957145284421122255e+01 -4.927291990630067886e+01
7.917878052221126950e+01 -4.926589727330065926e+01
7.878608400621138230e+01 -4.926046437930066446e+01
7.839337266721136643e+01 -4.925645046630067014e+01
7.800065413321127039e+01 -4.925370482930066629e+01
7.760793025421131119e+01 -4.925209404730066609e+01
7.721520305421122998e+01 -4.925149970730067395e+01
7.682246826221140168e+01 -4.925149145730066635e+01
7.642976485521140262e+01 -4.925149145730066635e+01
7.603704849221131212e+01 -4.925149145730066635e+01
7.564427588321123608e+01 -4.925149145730066635e+01
7.525146395721131398e+01 -4.925149145730066635e+01
7.485867721321133672e+01 -4.925149145730066635e+01
7.446587911521137926e+01 -4.925149145730066635e+01
7.407309686121143955e+01 -4.925149145730066635e+01
7.368044904621129376e+01 -4.925149145730066635e+01
7.328797373521129543e+01 -4.925149145730066635e+01
7.289526541021123762e+01 -4.925149145730066635e+01
7.250249894321123634e+01 -4.925149145730066635e+01
7.210983250021141089e+01 -4.925149145730066635e+01
7.171702903321138933e+01 -4.925149145730066635e+01
7.132431081021141495e+01 -4.925149145730066635e+01
7.093147034221138370e+01 -4.925149145730066635e+01
7.053859675521144368e+01 -4.925149145730066635e+01
7.014605389321141615e+01 -4.925149145730066635e+01
6.975338220421136270e+01 -4.925149145730066635e+01
6.936100424021142885e+01 -4.925149145730066635e+01
6.896818634321144259e+01 -4.925149145730066635e+01
6.857591032821133581e+01 -4.925149145730066635e+01
6.818237856921123807e+01 -4.925149145730066635e+01
6.778989296721138658e+01 -4.925149145730066635e+01
6.739708695121126425e+01 -4.925149145730066635e+01
6.700418509521128385e+01 -4.925149145730066635e+01
6.661140754921134999e+01 -4.925149145730066635e+01
6.621867495521124169e+01 -4.925149145730066635e+01
6.582596201021138427e+01 -4.925149145730066635e+01
6.543325636021123159e+01 -4.925149145730066635e+01
6.504055193621130115e+01 -4.925149145730066635e+01
6.464784596321138110e+01 -4.925149145730066635e+01
6.425513712121133381e+01 -4.925149145730066635e+01
6.386242481721129138e+01 -4.925149145730066635e+01
6.346970881121129082e+01 -4.925149145730066635e+01
6.307698902021130039e+01 -4.925149145730066635e+01
6.268426542221132536e+01 -4.925149145730066635e+01
6.229153801321140804e+01 -4.925149145730066635e+01
6.189880678421141624e+01 -4.925149145730066635e+01
6.150607173221138169e+01 -4.925149145730066635e+01
6.111333286721142599e+01 -4.925149145730066635e+01
6.072059025421131651e+01 -4.925149145730066635e+01
6.032784406221131235e+01 -4.925149145730066635e+01
5.993509464021136068e+01 -4.925149145730066635e+01
5.954234307021138761e+01 -4.925149145730066635e+01
5.914959044421144085e+01 -4.925149145730066635e+01
5.875683940021136209e+01 -4.925149145730066635e+01
5.836409415621133689e+01 -4.925149145730066635e+01
5.797136127721128673e+01 -4.925149145730066635e+01
5.757864775321141337e+01 -4.925149145730066635e+01
5.718603854121138852e+01 -4.925149145730066635e+01
5.679341254521128235e+01 -4.925149145730066635e+01
5.640141559821122996e+01 -4.925149145730066635e+01
5.600877344921141798e+01 -4.925149145730066635e+01
5.561604603321134732e+01 -4.925149145730066635e+01
5.522281667221128032e+01 -4.925149145730066635e+01
5.483009285321136872e+01 -4.925149145730066635e+01
5.443737002521143609e+01 -4.925149145730066635e+01
5.404464813221139252e+01 -4.925149145730066635e+01
5.365192711621139665e+01 -4.925149145730066635e+01
5.325920691621141145e+01 -4.925149145730066635e+01
5.286648746721144221e+01 -4.925149145730066635e+01
5.247376870021130912e+01 -4.925149145730066635e+01
5.208105054321131888e+01 -4.925149145730066635e+01
5.168833291421142917e+01 -4.925149145730066635e+01
5.129561572721141260e+01 -4.925149145730066635e+01
5.090289888921134320e+01 -4.925149145730066635e+01
5.051018229521142189e+01 -4.925149145730066635e+01
5.011744346121136573e+01 -4.925149145730066635e+01
4.972472946921143944e+01 -4.925149145730066635e+01
4.933201512821133861e+01 -4.925149145730066635e+01
4.893930029221124300e+01 -4.925149145730066635e+01
4.854658479521131653e+01 -4.925149145730066635e+01
4.815386845021126305e+01 -4.925149145730066635e+01
4.776115105121144211e+01 -4.925149145730066635e+01
4.736843237021130903e+01 -4.925149145730066635e+01
4.697571215921144017e+01 -4.925149145730066635e+01
4.658299010321130140e+01 -4.925149145730066635e+01
4.619026607921128402e+01 -4.925149145730066635e+01
4.579755836321137963e+01 -4.925149145730066635e+01
4.540485542321144408e+01 -4.925149145730066635e+01
4.501215210121122823e+01 -4.925149145730066635e+01
4.461944830821144592e+01 -4.925149145730066635e+01
4.422674410421123525e+01 -4.925149145730066635e+01
4.383395349921138973e+01 -4.925149145730066635e+01
4.344124528721127376e+01 -4.925149145730066635e+01
4.304853622521127932e+01 -4.925149145730066635e+01
4.265582624621143282e+01 -4.925149145730066635e+01
4.226311527721136940e+01 -4.925149145730066635e+01
4.187040323621127413e+01 -4.925149145730066635e+01
4.147769004021134265e+01 -4.925149145730066635e+01
4.108497560021137929e+01 -4.925149145730066635e+01
4.069225985621133646e+01 -4.925149145730066635e+01
4.029954263221125643e+01 -4.925149145730066635e+01
3.990678014721143541e+01 -4.925149145730066635e+01
3.951405703421133353e+01 -4.925149145730066635e+01
3.912133218821136893e+01 -4.925149145730066635e+01
3.872860534421138823e+01 -4.925149145730066635e+01
3.833587647821141786e+01 -4.925149145730066635e+01
3.794314551021139437e+01 -4.925149145730066635e+01
3.755041236921138648e+01 -4.925149145730066635e+01
3.715767713821142593e+01 -4.925149145730066635e+01
3.676493950721138049e+01 -4.925149145730066635e+01
3.637228400521135541e+01 -4.925149145730066635e+01
3.597955286921128959e+01 -4.925149145730066635e+01
3.558682033721143512e+01 -4.925149145730066635e+01
3.519408620421123146e+01 -4.925149145730066635e+01
3.480135056021131845e+01 -4.925149145730066635e+01
3.440861340521124134e+01 -4.925149145730066635e+01
3.401587474421140200e+01 -4.925149145730066635e+01
3.362313458121130338e+01 -4.925149145730066635e+01
3.323039292321132621e+01 -4.925149145730066635e+01
3.283764978121135414e+01 -4.925149145730066635e+01
3.244478330821144141e+01 -4.925149145730066635e+01
3.205205158821141254e+01 -4.925149145730066635e+01
3.165931716921127403e+01 -4.925149145730066635e+01
3.126658013321130269e+01 -4.925149145730066635e+01
3.087384056321129933e+01 -4.925149145730066635e+01
3.048114396521136982e+01 -4.925149145730066635e+01
3.008840501221143526e+01 -4.925149145730066635e+01
2.969566415221143174e+01 -4.925149145730066635e+01
2.930292147121135926e+01 -4.925149145730066635e+01
2.891017705721142406e+01 -4.925149145730066635e+01
2.851743099321143049e+01 -4.925149145730066635e+01
2.812468336521137857e+01 -4.925149145730066635e+01
2.773193425821127889e+01 -4.925149145730066635e+01
2.733918375921134825e+01 -4.925149145730066635e+01
2.694643195321136986e+01 -4.925149145730066635e+01
2.655367892721133316e+01 -4.925149145730066635e+01
2.616092476721123816e+01 -4.925149145730066635e+01
2.576816956021130167e+01 -4.925149145730066635e+01
2.537541338721134920e+01 -4.925149145730066635e+01
2.498265632521124857e+01 -4.925149145730066635e+01
2.458989843721124302e+01 -4.925149145730066635e+01
2.419713976821131141e+01 -4.925149145730066635e+01
2.380438032221141142e+01 -4.925149145730066635e+01
2.341166449121137916e+01 -4.925149145730066635e+01
2.301891445821129523e+01 -4.925149145730066635e+01
2.262616676121129089e+01 -4.925149145730066635e+01
2.223324333221139781e+01 -4.925149145730066635e+01
2.184004835521127674e+01 -4.925149145730066635e+01
2.144687115321144333e+01 -4.925149145730066635e+01
2.105371902521133265e+01 -4.925149145730066635e+01
2.066059075121134114e+01 -4.925149145730066635e+01
2.026748647921126789e+01 -4.925149145730066635e+01
1.987440397621130828e+01 -4.925149145730066635e+01
1.948363509121136516e+01 -4.925149145730066635e+01
1.909083056321142280e+01 -4.925149145730066635e+01
1.869810511621122018e+01 -4.925149145730066635e+01
1.830544992821128503e+01 -4.925149145730066635e+01
1.791278012421130583e+01 -4.925149145730066635e+01
1.752011869521143339e+01 -4.925149145730066635e+01
1.712740132221133749e+01 -4.925149145730066635e+01
1.673467786721144179e+01 -4.925149145730066635e+01
1.634194776921131265e+01 -4.925149145730066635e+01
1.594921190721143311e+01 -4.925149145730066635e+01
1.555647141521140320e+01 -4.925149145730066635e+01
1.516372738821124067e+01 -4.925149145730066635e+01
1.477098078021131577e+01 -4.925149145730066635e+01
1.437823249221142241e+01 -4.925149145730066635e+01
1.398548291321131209e+01 -4.925149145730066635e+01
1.359273282821132334e+01 -4.925149145730066635e+01
1.319998260721140859e+01 -4.925149145730066635e+01
1.280723257421132466e+01 -4.925149145730066635e+01
1.241448300021138884e+01 -4.925149145730066635e+01
1.202173410621131033e+01 -4.925149145730066635e+01
1.162898625021139587e+01 -4.925149145730066635e+01
1.123623928121142335e+01 -4.925149145730066635e+01
1.084349341321140336e+01 -4.925149145730066635e+01
1.045074872021123547e+01 -4.925149145730066635e+01
1.005800525421127922e+01 -4.925149145730066635e+01
9.665263051211381296e+00 -4.925149145730066635e+01
9.272522130211340752e+00 -4.925149145730066635e+01
8.879782499211300362e+00 -4.925149145730066635e+01
8.487044153211313002e+00 -4.925149145730066635e+01
8.094307083211246479e+00 -4.925149145730066635e+01
7.701530773211429093e+00 -4.925149145730066635e+01
7.308802899211427118e+00 -4.925149145730066635e+01
6.916075311211356436e+00 -4.925149145730066635e+01
6.523348079211386263e+00 -4.925149145730066635e+01
6.130621256211410852e+00 -4.925149145730066635e+01
5.737894885211430207e+00 -4.925149145730066635e+01
5.345168995211365015e+00 -4.925149145730066635e+01
4.952443494211278718e+00 -4.925149145730066635e+01
4.559718645211345844e+00 -4.925149145730066635e+01
4.166994307211238535e+00 -4.925149145730066635e+01
3.774270479211421669e+00 -4.925149145730066635e+01
3.381547151211319768e+00 -4.925149145730066635e+01
2.988824312211276091e+00 -4.925149145730066635e+01
2.596136144211326435e+00 -4.925149145730066635e+01
2.203404954211376943e+00 -4.925149145730066635e+01
1.810676033211306324e+00 -4.925149145730066635e+01
1.417949147211315042e+00 -4.925149145730066635e+01
1.025224056211440304e+00 -4.925149145730066635e+01
6.325005172112960761e-01 -4.925149145730066635e+01
2.397781742112365388e-01 -4.925149145730066635e+01
-1.529429157886588730e-01 -4.925149145730066635e+01
-5.456632627886810472e-01 -4.925149145730066635e+01
-9.383830917887243661e-01 -4.925149145730066635e+01
-1.331102650788667185e+00 -4.925149145730066635e+01
-1.723822210788599429e+00 -4.925149145730066635e+01
-2.116542039788642970e+00 -4.925149145730066635e+01
-2.509262386788665200e+00 -4.925149145730066635e+01
-2.901983477788777410e+00 -4.925149145730066635e+01
-3.294705822788588367e+00 -4.925149145730066635e+01
-3.687429363788711445e+00 -4.925149145730066635e+01
-4.080154458788770810e+00 -4.925149145730066635e+01
-4.472881349788709215e+00 -4.925149145730066635e+01
-4.865610276788716604e+00 -4.925149145730066635e+01
-5.258341474788581493e+00 -4.925149145730066635e+01
-5.651029620788763808e+00 -4.925149145730066635e+01
-6.043752461788558961e+00 -4.925149145730066635e+01
-6.436475790788650286e+00 -4.925149145730066635e+01
-6.829199621788662355e+00 -4.925149145730066635e+01
-7.221923961788748514e+00 -4.925149145730066635e+01
-7.614648813788649662e+00 -4.925149145730066635e+01
-8.007374316788714808e+00 -4.925149145730066635e+01
-8.400100209788748273e+00 -4.925149145730066635e+01
-8.792826583788697192e+00 -4.925149145730066635e+01
-9.185553408788651453e+00 -4.925149145730066635e+01
-9.578280643788589899e+00 -4.925149145730066635e+01
-9.971008234788628855e+00 -4.925149145730066635e+01
-1.036373611078860968e+01 -4.925149145730066635e+01
-1.075651247478876549e+01 -4.925149145730066635e+01
-1.114924955578871568e+01 -4.925149145730066635e+01
-1.154198791278858671e+01 -4.925149145730066635e+01
-1.193472755578872757e+01 -4.925149145730066635e+01
-1.232746848978863063e+01 -4.925149145730066635e+01
-1.272021070578861845e+01 -4.925149145730066635e+01
-1.311295418378867517e+01 -4.925149145730066635e+01
-1.350569888978870559e+01 -4.925149145730066635e+01
-1.389844477178857751e+01 -4.925149145730066635e+01
-1.429119175378863993e+01 -4.925149145730066635e+01
-1.468393962278864429e+01 -4.925149145730066635e+01
-1.507668852778860646e+01 -4.925149145730066635e+01
-1.546943811278865333e+01 -4.925149145730066635e+01
-1.586218815378865266e+01 -4.925149145730066635e+01
-1.625493837978874367e+01 -4.925149145730066635e+01
-1.664768846678871128e+01 -4.925149145730066635e+01
-1.704043804378861537e+01 -4.925149145730066635e+01
-1.743318632178861449e+01 -4.925149145730066635e+01
-1.782593291178872974e+01 -4.925149145730066635e+01
-1.821867691178872306e+01 -4.925149145730066635e+01
-1.861141736378872125e+01 -4.925149145730066635e+01
-1.900415317178871888e+01 -4.925149145730066635e+01
-1.939688319978867881e+01 -4.925149145730066635e+01
-1.978960657678871726e+01 -4.925149145730066635e+01
-2.018232388578858050e+01 -4.925149145730066635e+01
-2.057498491378860095e+01 -4.925149145730066635e+01
-2.096765449478866472e+01 -4.925149145730066635e+01
-2.136030957378861572e+01 -4.925149145730066635e+01
-2.175303697178864937e+01 -4.925149145730066635e+01
-2.214580446178874595e+01 -4.925149145730066635e+01
-2.253661366578862513e+01 -4.925149145730066635e+01
-2.292969647978870640e+01 -4.925149145730066635e+01
-2.332280119178867395e+01 -4.925149145730066635e+01
-2.371592994278862321e+01 -4.925149145730066635e+01
-2.410908253778857002e+01 -4.925149145730066635e+01
-2.450226018378871018e+01 -4.925149145730066635e+01
-2.489545557978872026e+01 -4.925149145730066635e+01
-2.528837223178866012e+01 -4.925149145730066635e+01
-2.568111998778872263e+01 -4.925149145730066635e+01
-2.607387006978874311e+01 -4.925149145730066635e+01
-2.646658610478866436e+01 -4.925149145730066635e+01
-2.685934553978868067e+01 -4.925149145730066635e+01
-2.725210419878871804e+01 -4.925149145730066635e+01
-2.764486207478862312e+01 -4.925149145730066635e+01
-2.803761912378863386e+01 -4.925149145730066635e+01
-2.843037528278873438e+01 -4.925149145730066635e+01
-2.882313047478860213e+01 -4.925149145730066635e+01
-2.921588461578867069e+01 -4.925149145730066635e+01
-2.960863762178869152e+01 -4.925149145730066635e+01
-3.000138940578867519e+01 -4.925149145730066635e+01
-3.039413988178862169e+01 -4.925149145730066635e+01
-3.078688896178877954e+01 -4.925149145730066635e+01
-3.117963656178867282e+01 -4.925149145730066635e+01
-3.157238259578875628e+01 -4.925149145730066635e+01
-3.196512697878856457e+01 -4.925149145730066635e+01
-3.235786962578876569e+01 -4.925149145730066635e+01
-3.275061044978869518e+01 -4.925149145730066635e+01
-3.314334936478857685e+01 -4.925149145730066635e+01
-3.353604602778872845e+01 -4.925149145730066635e+01
-3.392878554878856789e+01 -4.925149145730066635e+01
-3.432152253278863441e+01 -4.925149145730066635e+01
-3.471425689778865831e+01 -4.925149145730066635e+01
-3.510698856278858671e+01 -4.925149145730066635e+01
-3.549985527878865810e+01 -4.925149145730066635e+01
-3.589259839078872005e+01 -4.925149145730066635e+01
-3.628534001578859147e+01 -4.925149145730066635e+01
-3.667808014678857376e+01 -4.925149145730066635e+01
-3.707081877578875151e+01 -4.925149145730066635e+01
-3.746355589678873343e+01 -4.925149145730066635e+01
-3.785629150778876806e+01 -4.925149145730066635e+01
-3.824902560678864916e+01 -4.925149145730066635e+01
-3.864175810478863582e+01 -4.925149145730066635e+01
-3.903448920678860645e+01 -4.925149145730066635e+01
-3.942714491678870559e+01 -4.925149145730066635e+01
-3.981988249478862940e+01 -4.925149145730066635e+01
-4.021261767378868512e+01 -4.925149145730066635e+01
-4.060535076178857139e+01 -4.925149145730066635e+01
-4.099808167878867948e+01 -4.925149145730066635e+01
-4.139081049478872387e+01 -4.925149145730066635e+01
-4.178353728878877860e+01 -4.925149145730066635e+01
-4.217626208978876434e+01 -4.925149145730066635e+01
-4.256898515478869172e+01 -4.925149145730066635e+01
-4.296174754178863964e+01 -4.925149145730066635e+01
-4.335446472878865620e+01 -4.925149145730066635e+01
-4.374718043478864615e+01 -4.925149145730066635e+01
-4.413989483878876285e+01 -4.925149145730066635e+01
-4.453260800278857801e+01 -4.925149145730066635e+01
-4.492532001278877374e+01 -4.925149145730066635e+01
-4.531803095378867852e+01 -4.925149145730066635e+01
-4.571074090678857260e+01 -4.925149145730066635e+01
-4.610344994378860406e+01 -4.925149145730066635e+01
-4.649615813378872531e+01 -4.925149145730066635e+01
-4.688894865278857083e+01 -4.925149145730066635e+01
-4.728165284278870217e+01 -4.925149145730066635e+01
-4.767435662078864311e+01 -4.925149145730066635e+01
-4.806705993678869504e+01 -4.925149145730066635e+01
-4.845976286178856185e+01 -4.925149145730066635e+01
-4.885247125078862496e+01 -4.925149145730066635e+01
-4.924519522278873751e+01 -4.925149145730066635e+01
-4.963791724178858544e+01 -4.925149145730066635e+01
-5.003063741778859708e+01 -4.925149145730066635e+01
-5.042335607178856094e+01 -4.925149145730066635e+01
-5.081607344978860397e+01 -4.925149145730066635e+01
-5.120878977978858870e+01 -4.925149145730066635e+01
-5.160150526678862093e+01 -4.925149145730066635e+01
-5.199422009778876941e+01 -4.925149145730066635e+01
-5.238693443778865344e+01 -4.925149145730066635e+01
-5.277964843278877538e+01 -4.925149145730066635e+01
-5.317238721678867819e+01 -4.925149145730066635e+01
-5.356510381878874227e+01 -4.925149145730066635e+01
-5.395782066778869535e+01 -4.925149145730066635e+01
-5.435053786778857443e+01 -4.925149145730066635e+01
-5.474325551278874968e+01 -4.925149145730066635e+01
-5.513597368978875579e+01 -4.925149145730066635e+01
-5.552869247678867737e+01 -4.925149145730066635e+01
-5.592141194978862018e+01 -4.925149145730066635e+01
-5.631413217578855779e+01 -4.925149145730066635e+01
-5.670685321978871229e+01 -4.925149145730066635e+01
-5.709957514278866597e+01 -4.925149145730066635e+01
-5.749229800378870436e+01 -4.925149145730066635e+01
-5.788502185778870057e+01 -4.925149145730066635e+01
-5.827825016678875159e+01 -4.925149145730066635e+01
-5.867097662378873224e+01 -4.925149145730066635e+01
-5.906332438378862548e+01 -4.925149145730066635e+01
-5.945566067978856495e+01 -4.925149145730066635e+01
-5.984824196478857061e+01 -4.925149145730066635e+01
-6.024085271678868025e+01 -4.925149145730066635e+01
-6.063356651578860124e+01 -4.925149145730066635e+01
-6.102629954478865670e+01 -4.925149145730066635e+01
-6.141904480078855499e+01 -4.925149145730066635e+01
-6.181179577278871307e+01 -4.925149145730066635e+01
-6.220454828178876028e+01 -4.925149145730066635e+01
-6.259729971178862229e+01 -4.925149145730066635e+01
-6.299004898678876430e+01 -4.925149145730066635e+01
-6.338279502878876315e+01 -4.925149145730066635e+01
-6.377553749078865053e+01 -4.925149145730066635e+01
-6.416827620478861149e+01 -4.925149145730066635e+01
-6.456101110478866190e+01 -4.925149145730066635e+01
-6.495374217978869069e+01 -4.925149145730066635e+01
-6.534646943378865558e+01 -4.925149145730066635e+01
-6.573919287378870990e+01 -4.925149145730066635e+01
-6.613191250578856284e+01 -4.925149145730066635e+01
-6.652462835578862155e+01 -4.925149145730066635e+01
-6.691734051478860579e+01 -4.925149145730066635e+01
-6.731004924378871124e+01 -4.925149145730066635e+01
-6.770275517278864186e+01 -4.925149145730066635e+01
-6.809545969278869393e+01 -4.925149145730066635e+01
-6.848816571578876733e+01 -4.925149145730066635e+01
-6.888087964778864603e+01 -4.925149145730066635e+01
-6.927361440678859594e+01 -4.925149145730066635e+01
-6.966639626678860964e+01 -4.925149145730066635e+01
-7.005930929678865482e+01 -4.925149145730066635e+01
-7.045209116678856276e+01 -4.925149145730066635e+01
-7.084455396878874467e+01 -4.925149145730066635e+01
-7.123808014878872541e+01 -4.925149145730066635e+01
-7.163039258878856685e+01 -4.925149145730066635e+01
-7.202321603578874942e+01 -4.925149145730066635e+01
-7.241561271878876482e+01 -4.925149145730066635e+01
-7.280833609978876098e+01 -4.925149145730066635e+01
-7.320087929978862462e+01 -4.925149145730066635e+01
-7.359376933678876753e+01 -4.925149145730066635e+01
-7.398661366578866705e+01 -4.925149145730066635e+01
-7.437933680278874249e+01 -4.925149145730066635e+01
-7.477204308878876304e+01 -4.925149145730066635e+01
-7.516463191178863212e+01 -4.925149145730066635e+01
-7.555747122178863151e+01 -4.925149145730066635e+01
-7.595017979578855716e+01 -4.925149145730066635e+01
-7.634265053278872415e+01 -4.925149145730066635e+01
-7.673530310278860611e+01 -4.925149145730066635e+01
-7.712808701378875753e+01 -4.925149145730066635e+01
-7.752088515478871500e+01 -4.925149145730066635e+01
-7.791367137378856000e+01 -4.925149145730066635e+01
-7.830648192778866701e+01 -4.925149145730066635e+01
-7.869925320278875347e+01 -4.925149145730066635e+01
-7.909196987578874882e+01 -4.925149145730066635e+01
-7.948467423578867397e+01 -4.925149145730066635e+01
-7.987740874278856040e+01 -4.925149970930065280e+01
-8.027013596078867863e+01 -4.925209419030066016e+01
-8.066285994378867485e+01 -4.925370536130066768e+01
-8.105557874878863345e+01 -4.925645167630066368e+01
-8.144829026478859646e+01 -4.926046660730066407e+01
-8.184098687578861586e+01 -4.926590091230065838e+01
-8.223365924778872227e+01 -4.927292542130067687e+01
-8.262629613778867110e+01 -4.928173432030067858e+01
-8.301888274978873028e+01 -4.929254905730065417e+01
-8.341138856978872695e+01 -4.930562261330067741e+01
-8.380379642978877541e+01 -4.932124602830067062e+01
-8.419607804378856031e+01 -4.933975462230066711e+01
-8.458819084978867409e+01 -4.936153593030065423e+01
-8.498007840178874517e+01 -4.938703947930066107e+01
-8.537166561978855839e+01 -4.941678829530065542e+01
-8.576285298778870470e+01 -4.945139257030067625e+01
-8.615350640578876096e+01 -4.949156541930066311e+01
-8.654344671478870055e+01 -4.953814105630065256e+01
-8.693243283178875913e+01 -4.959209443230066228e+01
-8.732014021978861251e+01 -4.965456111430066954e+01
-8.770613255078873749e+01 -4.972685433830066160e+01
-8.808982597278858862e+01 -4.981047359630066040e+01
-8.847044709778865013e+01 -4.990709539530067929e+01
-8.884698965078868582e+01 -5.001853215330067570e+01
-8.921818177878876099e+01 -5.014664150130065678e+01
-8.958248589978856558e+01 -5.029317016130065809e+01
-8.993816145578861665e+01 -5.045953103230065295e+01
-9.028341755778873789e+01 -5.064654452430065845e+01
-9.061665337978874391e+01 -5.085421603430066995e+01
-9.093677235178856222e+01 -5.108167089830067908e+01
-9.124325157078860116e+01 -5.132713979330066678e+01
-9.153642863778858896e+01 -5.158836543030066224e+01
-9.181726800678856648e+01 -5.186282531330065382e+01
-9.208719461178870347e+01 -5.214803616130067354e+01
-9.234786562978874258e+01 -5.244173872030066974e+01
-9.259912085778873347e+01 -5.274349338830067069e+01
-9.282452890078874930e+01 -5.306492531130067647e+01
-9.302258603078857391e+01 -5.340394062530067032e+01
-9.319670221378859765e+01 -5.375588117530066512e+01
-9.334998131478877781e+01 -5.411740297330067762e+01
-9.348510845978861994e+01 -5.448610712130065536e+01
-9.360435343278876985e+01 -5.486025905430066274e+01
-9.370955194778875352e+01 -5.523833680430067972e+01
-9.380243314478875050e+01 -5.561990100930066916e+01
-9.388425571378874679e+01 -5.600399192630067802e+01
-9.395614220878869105e+01 -5.639006871130067822e+01
-9.401904280578864359e+01 -5.677771361930067684e+01
-9.407376620378872190e+01 -5.716659964230067459e+01
-9.412101010078876584e+01 -5.755651777330067631e+01
-9.416135747878874440e+01 -5.794715667530065417e+01
-9.419533017278862985e+01 -5.833840451630067747e+01
-9.422337255078863905e+01 -5.873008965230065570e+01
-9.424587814278865494e+01 -5.912216094230067398e+01
-9.426318448478863843e+01 -5.951449779930067763e+01
-9.427558869978869893e+01 -5.990702179930065796e+01
-9.428335082678867707e+01 -6.029966646430066390e+01
-9.428669827878874798e+01 -6.069237485130066290e+01
-9.428582941878866563e+01 -6.108509763630065237e+01
-9.428091643078877837e+01 -6.147779155730066947e+01
-9.427210754278857507e+01 -6.187041812630065607e+01
-9.425952870578871057e+01 -6.226294254630065694e+01
-9.424328473478871615e+01 -6.265533276530067752e+01
-9.422345995178861244e+01 -6.304755862030066993e+01
-9.420011828778874019e+01 -6.343959102630066837e+01
-9.417330279978872909e+01 -6.383140116830066546e+01
-9.414303448978861866e+01 -6.422295963730066148e+01
-9.410931025278873108e+01 -6.461423545730066564e+01
-9.407209967378875604e+01 -6.500519490230068698e+01
-9.403134022578873896e+01 -6.539579995630067799e+01
-9.398693010578867302e+01 -6.578600648430067110e+01
-9.393871760878877808e+01 -6.617576092730068638e+01
-9.388648477678870563e+01 -6.656499632730067617e+01
-9.382992166778862497e+01 -6.695362526830068362e+01
-9.376858381778865237e+01 -6.734152821030066605e+01
-9.370181754878862534e+01 -6.772853197430067951e+01
-9.391218361678861015e+01 -6.788108048130068539e+01
-9.430488296678876736e+01 -6.788526346530066746e+01
-9.469751833578865785e+01 -6.789341827530067519e+01
-9.509004181278859846e+01 -6.790574848230066607e+01
-9.548240202178871527e+01 -6.792247321430066620e+01
-9.587453635678875230e+01 -6.794382838830067328e+01
-9.626637273378864279e+01 -6.797006830530067134e+01
-9.665782761878867291e+01 -6.800146729430066728e+01
-9.704880407278855614e+01 -6.803832147530066266e+01
-9.743918958278877085e+01 -6.808095064730066781e+01
-9.782885346778866165e+01 -6.812970025430068688e+01
-9.821768829078868634e+01 -6.818495012430066993e+01
-9.860544043678859794e+01 -6.824709251030067492e+01
-9.899194555778862536e+01 -6.831656789330067170e+01
-9.937696997878865091e+01 -6.839384586530066201e+01
-9.976023790978874217e+01 -6.847943062030067551e+01
-1.001414549177887636e+02 -6.857386912330066764e+01
-1.005201785047887313e+02 -6.867771930930068436e+01
-1.008959705887885718e+02 -6.879158568030068466e+01
-1.012684098707887586e+02 -6.891613159830068014e+01
-1.016368738947886357e+02 -6.905200669030067218e+01
-1.020006924057887261e+02 -6.919988350830068669e+01
-1.023591047627886326e+02 -6.936043197830066731e+01
-1.027112591217886290e+02 -6.953429985130067337e+01
-1.030561412317887005e+02 -6.972204428830066547e+01
-1.033928052607887764e+02 -6.992421665730067559e+01
-1.037201205097886429e+02 -7.014117712830066864e+01
-1.040370247227886864e+02 -7.037318065430066838e+01
-1.043423135087885782e+02 -7.062014881130066613e+01
-1.046350410477885760e+02 -7.088188012130068216e+01
-1.049143694077887119e+02 -7.115786454030067887e+01
-1.051797117387887681e+02 -7.144732171730068160e+01
-1.054308129557885820e+02 -7.174921827530066309e+01
-1.056678204217886048e+02 -7.206230489430068076e+01
-1.058913382677886545e+02 -7.238516552930066439e+01
-1.061024650137886454e+02 -7.271626800330066942e+01
-1.063028204947887332e+02 -7.305400380930068138e+01
-1.064945953817885709e+02 -7.339674524130067823e+01
-1.066805048737886352e+02 -7.374266502230067033e+01
-1.068639834257886321e+02 -7.408988341330068295e+01
-1.070492117867887316e+02 -7.443616935030068760e+01
-1.073921276517886270e+02 -7.428202234430067108e+01
-1.077376390327886782e+02 -7.409536834330067734e+01
-1.080781645037887699e+02 -7.389976586430067584e+01
-1.084135570677886733e+02 -7.369548622930066983e+01
-1.087436914407886377e+02 -7.348281225630067581e+01
-1.090684642237887090e+02 -7.326203512730067757e+01
-1.093877931967886923e+02 -7.303345171230067479e+01
-1.097015222187886536e+02 -7.279743464930068342e+01
-1.100098508537887199e+02 -7.255409956430067098e+01
-1.103124191287887186e+02 -7.230401292230068577e+01
-1.106097541507886888e+02 -7.204701970930067034e+01
-1.109012187517887185e+02 -7.178396579030068381e+01
-1.111871727087886654e+02 -7.151484576430065943e+01
-1.114676087847886663e+02 -7.123997402930068290e+01
-1.117426112417886941e+02 -7.095957962030068700e+01
-1.120124684057886668e+02 -7.067366657230066096e+01
-1.122763981147886341e+02 -7.038340012230067089e+01
-1.125354192817886485e+02 -7.008799067330066634e+01
-1.127888285957886580e+02 -6.978856138630068529e+01
-1.130375445517886135e+02 -6.948434323030066651e+01
-1.132810719937886859e+02 -6.917624064830066288e+01
-1.135195939647886405e+02 -6.886434910930067588e+01
-1.137532552567887194e+02 -6.854879439330066759e+01
-1.139822036237886493e+02 -6.822968195230068034e+01
-1.142064627357886764e+02 -6.790728125830067086e+01
-1.144261772057886617e+02 -6.758168432630067457e+01
-1.146414687377886992e+02 -6.725300146830066694e+01
-1.148520999557887023e+02 -6.692190212530066162e+01
-1.150585680097886723e+02 -6.658790266330068164e+01
-1.152610126117886864e+02 -6.625103943830067976e+01
-1.154590827237886685e+02 -6.591218175830066173e+01
-1.156525093257887136e+02 -6.557212740530066242e+01
-1.158436309127887114e+02 -6.522696300130066049e+01
-1.160296052407886407e+02 -6.488206389430068555e+01
-1.162124733317886864e+02 -6.453395231130066634e+01
-1.163915230267886898e+02 -6.418420210130067005e+01
-1.165670042447886487e+02 -6.383258475930066567e+01
-1.167386675787887214e+02 -6.347986780830067488e+01
-1.169071180037886677e+02 -6.312505640230066462e+01
-1.170721972807886857e+02 -6.276870499130067316e+01
-1.172339923407887170e+02 -6.241085974630068023e+01
-1.173925788457886199e+02 -6.205158149730065276e+01
-1.175480255587886802e+02 -6.169093818530067352e+01
-1.177003927667886671e+02 -6.132901023830067544e+01
-1.178497766977886556e+02 -6.096578341030065218e+01
-1.179962230577886828e+02 -6.060135588930067030e+01
-1.181397610017886279e+02 -6.023586495830065957e+01
-1.182804982967886360e+02 -5.986924101830067713e+01
-1.184186023307886160e+02 -5.950123515230067284e+01
-1.185537503967886721e+02 -5.913291518530065360e+01
-1.186864083067887066e+02 -5.876321317530065613e+01
-1.188164588187886181e+02 -5.839263194130067092e+01
-1.189440668507886301e+02 -5.802087917930067107e+01
-1.190690651677886933e+02 -5.764862643830065991e+01
-1.191916341927886549e+02 -5.727552592530066278e+01
-1.193118307517886194e+02 -5.690157722430067366e+01
-1.194296343897886743e+02 -5.652701917830066947e+01
-1.195449693347886466e+02 -5.615228446930067463e+01
-1.196583058087886400e+02 -5.577600196030065405e+01
-1.197693418757886263e+02 -5.539931882630066440e+01
-1.198782002837886864e+02 -5.502198845730067234e+01
-1.199849281077887042e+02 -5.464400487330068046e+01
-1.200895506587886246e+02 -5.426543340130067605e+01
-1.201921207787886203e+02 -5.388623462930065244e+01
-1.202926820707886861e+02 -5.350639355730067592e+01
-1.203911145657886834e+02 -5.312652483930066438e+01
-1.204876429047886575e+02 -5.274591619030065459e+01
-1.205822517907887175e+02 -5.236476214130068030e+01
-1.206749974767886613e+02 -5.198297025930066440e+01
-1.207657901167886791e+02 -5.160105471930067011e+01
-1.208547307787887064e+02 -5.121873902330066386e+01
-1.209419360837887041e+02 -5.083564596630066745e+01
-1.210273331097887137e+02 -5.045221893430065307e+01
-1.211109798547886101e+02 -5.006832777730065942e+01
-1.211928488077886357e+02 -4.968422995830065503e+01
-1.212729446647886959e+02 -4.930004386830066920e+01
-1.213514179007886185e+02 -4.891516907030067074e+01
-1.214282318577886315e+02 -4.852989312930066745e+01
-1.215032332747886983e+02 -4.814512967430065515e+01
-1.215769441157886774e+02 -4.775828642130066015e+01
-1.216489588287887216e+02 -4.737156025230067513e+01
-1.217190560217886457e+02 -4.698632843230067380e+01
-1.217877920357886694e+02 -4.659966507330066321e+01
-1.218549730477886612e+02 -4.621272645930066147e+01
-1.219206156297886707e+02 -4.582552107630065308e+01
-1.219847354297886284e+02 -4.543805768430065228e+01
-1.220473472487886681e+02 -4.505034491230066607e+01
-1.221084650177886886e+02 -4.466239135730067034e+01
-1.221681018027886410e+02 -4.427420559230066743e+01
-1.222262698567886616e+02 -4.388579572330065304e+01
-1.222829805237886092e+02 -4.349716993530066844e+01
-1.223382443097886778e+02 -4.310833585930067358e+01
-1.223920708237886572e+02 -4.271930079030065741e+01
-1.224444687407886647e+02 -4.233007167830067630e+01
-1.224954457587886907e+02 -4.194065514030067021e+01
-1.225450085417886328e+02 -4.155105748430066370e+01
-1.225931626537886530e+02 -4.116128472530065352e+01
-1.226399125017886433e+02 -4.077134248530067140e+01
-1.226852611847886863e+02 -4.038123646430066316e+01
-1.227292146467886766e+02 -3.999093403730066854e+01
-1.227717640777886743e+02 -3.960052085030066138e+01
-1.228129130587886664e+02 -3.920995784630066083e+01
-1.228526582517887107e+02 -3.881924997430065361e+01
-1.228909942377887035e+02 -3.842840186230066735e+01
-1.229279131997886623e+02 -3.803741793930067416e+01
-1.229634045467886097e+02 -3.764630245030065936e+01
-1.229974544417886761e+02 -3.725505943630066241e+01
-1.230300453437887143e+02 -3.686369070430067296e+01
-1.230611550037886843e+02 -3.647219784830065947e+01
-1.230907532577886911e+02 -3.608061080330066517e+01
-1.231188088987886147e+02 -3.568887574530067042e+01
-1.231452736097886316e+02 -3.529704185930066984e+01
-1.231700903727886214e+02 -3.490510741230065861e+01
-1.231931834007886835e+02 -3.451309373530066438e+01
-1.232144565097886186e+02 -3.412093670430065373e+01
-1.232337680557886586e+02 -3.372868766630066517e+01
-1.232509149597886733e+02 -3.333634293230065992e+01
