-1.255779551358623252e+02 -1.771890685905652560e+02
-1.251335464155243926e+02 -1.771658075507248213e+02
-1.246891376951864601e+02 -1.771425465108843298e+02
-1.242447289748485275e+02 -1.771192854710438667e+02
-1.238003202545106376e+02 -1.770960244312033751e+02
-1.233559116096252524e+02 -1.770727633913628836e+02
-1.229115028892873198e+02 -1.770495023515224204e+02
-1.224670941689493873e+02 -1.770262413116819289e+02
-1.220226854486114547e+02 -1.770029802718414658e+02
-1.215782767282735222e+02 -1.769797192320009742e+02
-1.211338680079355896e+02 -1.769564582676130442e+02
-1.206894593630502186e+02 -1.769331972277726095e+02
-1.202450506427122860e+02 -1.769099361879321179e+02
-1.198006419223743535e+02 -1.768866751480916548e+02
-1.193562332020364209e+02 -1.768634141082511633e+02
-1.189118244816985168e+02 -1.768401530684106717e+02
-1.184674157613605843e+02 -1.768168920285702086e+02
-1.180230070410226517e+02 -1.767936309887297170e+02
-1.175785983961372807e+02 -1.767703699488892539e+02
-1.171341896757993482e+02 -1.767471089090487624e+02
-1.166897809554614156e+02 -1.767238478692082992e+02
-1.162453722351234831e+02 -1.767005868293678361e+02
-1.158009635147855505e+02 -1.766773257895273446e+02
-1.153565547944476180e+02 -1.766540648251394430e+02
-1.149121461495622327e+02 -1.766308037852989514e+02
-1.144677374292243002e+02 -1.766075427454584599e+02
-1.140233287088863676e+02 -1.765842817056179967e+02
-1.135789199885484635e+02 -1.765610206657775052e+02
-1.131345112682105309e+02 -1.765377596259370421e+02
-1.126901025478725984e+02 -1.765144985860965505e+02
-1.122456939029872274e+02 -1.764912375462560874e+02
-1.118012851826492948e+02 -1.764679765064156243e+02
-1.113568764623113623e+02 -1.764447154665751327e+02
-1.109124677419734297e+02 -1.764214544267346696e+02
-1.104680590216354972e+02 -1.763981933868941780e+02
-1.100236503012975646e+02 -1.763749323470537149e+02
-1.095792415809596605e+02 -1.763516713826657849e+02
-1.091348329360742468e+02 -1.763284103428252934e+02
-1.086904242157363569e+02 -1.763051493029848302e+02
-1.082460154953984244e+02 -1.762818882631443387e+02
-1.078016067750604918e+02 -1.762586272233038756e+02
-1.073571980547225593e+02 -1.762353661834634124e+02
-1.069127893343846267e+02 -1.762121051436229209e+02
-1.064683806894992415e+02 -1.761888441037824578e+02
-1.060239719691613089e+02 -1.761655830639419662e+02
-1.055795632488233764e+02 -1.761423220241014747e+02
-1.051351545284854438e+02 -1.761190609842610115e+02
-1.046907458081475113e+02 -1.760957999444205200e+02
-1.042463370878096214e+02 -1.760725389045800853e+02
-1.038019284429242362e+02 -1.760492779401921268e+02
-1.033575197225863036e+02 -1.760260169003516353e+02
-1.029131110022483711e+02 -1.760027558605112006e+02
-1.024687022819104385e+02 -1.759794948206707090e+02
-1.020242935615725060e+02 -1.759562337808302459e+02
-1.015798848412345734e+02 -1.759329727409897544e+02
-1.011354761208966409e+02 -1.759097117011492628e+02
-1.006910674760112698e+02 -1.758864506613087997e+02
-1.002466587556733373e+02 -1.758631896214683081e+02
-9.980225003533540473e+01 -1.758399285816278734e+02
-9.935784131499750060e+01 -1.758166675417873819e+02
-9.891343259465956805e+01 -1.757934065019469188e+02
-9.846902387432163550e+01 -1.757701454621064272e+02
-9.802461522943625027e+01 -1.757468844977184972e+02
-9.758020650909831772e+01 -1.757236234578780341e+02
-9.713579778876038517e+01 -1.757003624180375425e+02
-9.669138906842245262e+01 -1.756771013781970510e+02
-9.624698034808452007e+01 -1.756538403383565878e+02
-9.580257162774658752e+01 -1.756305792985160963e+02
-9.535816298286121651e+01 -1.756073182586756616e+02
-9.491375426252328396e+01 -1.755840572188351700e+02
-9.446934554218537983e+01 -1.755607961789947069e+02
-9.402493682184744728e+01 -1.755375351391542154e+02
-9.358052810150951473e+01 -1.755142740993137238e+02
-9.313611938117158218e+01 -1.754910130594732607e+02
-9.269171066083364963e+01 -1.754677520196327691e+02
-9.224730201594827861e+01 -1.754444910552448391e+02
-9.180289329561034606e+01 -1.754212300154043760e+02
-9.135848457527241351e+01 -1.753979689755638844e+02
-9.091407585493448096e+01 -1.753747079357234497e+02
-9.046966713459654841e+01 -1.753514468958829582e+02
-9.002525841425864428e+01 -1.753281858560424666e+02
-8.958084976937323063e+01 -1.753049248162020035e+02
-8.913644104903534071e+01 -1.752816637763615120e+02
-8.869203232869740816e+01 -1.752584027365210488e+02
-8.824762360835947561e+01 -1.752351416966805573e+02
-8.780321488802154306e+01 -1.752118806568400942e+02
-8.735880616768361051e+01 -1.751886196169996310e+02
-8.691439752279822528e+01 -1.751653585771591395e+02
-8.646998880246029273e+01 -1.751420976127712379e+02
-8.602558008212236018e+01 -1.751188365729307463e+02
-8.558117136178442763e+01 -1.750955755330902548e+02
-8.513676264144649508e+01 -1.750723144932497917e+02
-8.469235392110859095e+01 -1.750490534534093001e+02
-8.424794520077065840e+01 -1.750257924135688370e+02
-8.380353655588528738e+01 -1.750025313737283454e+02
-8.335912783554735483e+01 -1.749792703338878823e+02
-8.291471911520942228e+01 -1.749560092940474192e+02
-8.247031039487148973e+01 -1.749327482542069276e+02
-8.202590167453355718e+01 -1.749094872143664645e+02
-8.158149295419562463e+01 -1.748862261745259730e+02
-8.113708430931023941e+01 -1.748629651346855098e+02
-8.069267558897230685e+01 -1.748397041702975798e+02
-8.024826686863437430e+01 -1.748164431304570883e+02
-7.980385814829648439e+01 -1.747931820906166251e+02
-7.935944942795855184e+01 -1.747699210507761336e+02
-7.891504070762061929e+01 -1.747466600109356705e+02
-7.847063206273523406e+01 -1.747233989710952073e+02
-7.802622334239730151e+01 -1.747001379312547158e+02
-7.758181462205936896e+01 -1.746768768914142527e+02
-7.713740590172143641e+01 -1.746536158515737611e+02
-7.669299718138350386e+01 -1.746303548117332980e+02
-7.624858846104557131e+01 -1.746070937718928064e+02
-7.580417974070763876e+01 -1.745838327320523149e+02
-7.535977109582226774e+01 -1.745605716922118518e+02
-7.491536237548436361e+01 -1.745373107278239218e+02
-7.447095365514643106e+01 -1.745140496879834302e+02
-7.402654493480849851e+01 -1.744907886481429671e+02
-7.358213621447056596e+01 -1.744675276083025039e+02
-7.313772749413263341e+01 -1.744442665684620408e+02
-7.269331884924726239e+01 -1.744210055286215493e+02
-7.224891012890932984e+01 -1.743977444887810861e+02
-7.180450140857139729e+01 -1.743744834489405946e+02
-7.136009268823346474e+01 -1.743512224091001031e+02
-7.091568396789553219e+01 -1.743279613692596399e+02
-7.047127524755762806e+01 -1.743047003294191484e+02
-7.002686660267221441e+01 -1.742814392895787137e+02
-6.958245788233431028e+01 -1.742581782497382221e+02
-6.913804916199637773e+01 -1.742349172853502921e+02
-6.869364044165844518e+01 -1.742116562455098290e+02
-6.824923172132051263e+01 -1.741883952056693374e+02
-6.780482300098258008e+01 -1.741651341658288743e+02
-6.736041428064464753e+01 -1.741418731259883828e+02
-6.691600563575927652e+01 -1.741186120861478912e+02
-6.647159691542134397e+01 -1.740953510463074281e+02
-6.602718819508341141e+01 -1.740720900064669365e+02
-6.558277947474550729e+01 -1.740488289666265018e+02
-6.513837075440757474e+01 -1.740255679267860103e+02
-6.469396203406964219e+01 -1.740023068869455187e+02
-6.424955338918427117e+01 -1.739790458471050556e+02
-6.380514466884632441e+01 -1.739557848072645641e+02
-6.336073594850839186e+01 -1.739325237674241009e+02
-6.291632722817045931e+01 -1.739092628030361709e+02
-6.247191850783252676e+01 -1.738860017631956794e+02
-6.202750978749459421e+01 -1.738627407233552162e+02
-6.158310114260921608e+01 -1.738394796835147247e+02
-6.113869242227128353e+01 -1.738162186436742900e+02
-6.069428370193335098e+01 -1.737929576038337984e+02
-6.024987498159545396e+01 -1.737696965639933069e+02
-5.980546626125752141e+01 -1.737464355241528438e+02
-5.936105754091958886e+01 -1.737231744843123522e+02
-5.891664882058165631e+01 -1.736999134444718891e+02
-5.847224017569627819e+01 -1.736766524046313975e+02
-5.802783145535834564e+01 -1.736533913647909060e+02
-5.758342273502041309e+01 -1.736301303249504713e+02
-5.713901401468248054e+01 -1.736068693605625128e+02
-5.669460529434454799e+01 -1.735836083207220781e+02
-5.625019657400661544e+01 -1.735603472808815866e+02
-5.580578792912123731e+01 -1.735370862410410950e+02
-5.536137920878334029e+01 -1.735138252012006319e+02
-5.491697048844540774e+01 -1.734905641613601404e+02
-5.447256176810747519e+01 -1.734673031215196772e+02
-5.402815304776954264e+01 -1.734440420816791857e+02
-5.358374432743161009e+01 -1.734207810418386941e+02
-5.313933568254623196e+01 -1.733975200019982594e+02
-5.269492696220829941e+01 -1.733742589621577679e+02
-5.225051824187036686e+01 -1.733509979223173048e+02
-5.180610952153243431e+01 -1.733277368824768132e+02
-5.136170080119450176e+01 -1.733044759180888832e+02
-5.091729208085659764e+01 -1.732812148782484201e+02
-5.047288336051866509e+01 -1.732579538384079285e+02
-5.002847471563328696e+01 -1.732346927985674654e+02
-4.958406599529535441e+01 -1.732114317587269738e+02
-4.913965727495742186e+01 -1.731881707188864823e+02
-4.869524855461948931e+01 -1.731649096790460476e+02
-4.825083983428155676e+01 -1.731416486392055560e+02
-4.780643111394362421e+01 -1.731183875993650929e+02
-4.736202246905824609e+01 -1.730951265595246014e+02
-4.691761374872031354e+01 -1.730718655196841382e+02
-4.647320502838238099e+01 -1.730486044798436467e+02
-4.602879630804448396e+01 -1.730253434400031551e+02
-4.558438758770655141e+01 -1.730020824756152535e+02
-4.513997886736861886e+01 -1.729788214357747620e+02
-4.469557022248324074e+01 -1.729555603959342704e+02
-4.425116150214530819e+01 -1.729322993560938357e+02
-4.380675278180737564e+01 -1.729090383162533442e+02
-4.336234406146944309e+01 -1.728857772764128811e+02
-4.291793534113151054e+01 -1.728625162365723895e+02
-4.247352662079357799e+01 -1.728392551967318980e+02
-4.202911790045564544e+01 -1.728159941568914348e+02
-4.158470925557026732e+01 -1.727927331170509433e+02
-4.114030053523233477e+01 -1.727694720772104802e+02
-4.069589181489443774e+01 -1.727462110373699886e+02
-4.025148309455650519e+01 -1.727229499975295539e+02
-3.980707437421857264e+01 -1.726996890331416239e+02
-3.936266565388064009e+01 -1.726764279933011323e+02
-3.891825700899526197e+01 -1.726531669534606692e+02
-3.847384828865732942e+01 -1.726299059136201777e+02
-3.802943956831939687e+01 -1.726066448737796861e+02
-3.758503084798146432e+01 -1.725833838339392230e+02
-3.714062212764353177e+01 -1.725601227940987314e+02
-3.669621340730562764e+01 -1.725368617542582683e+02
-3.625180476242022110e+01 -1.725136007144177768e+02
-3.580739604208231697e+01 -1.724903396745773421e+02
-3.536298732174438442e+01 -1.724670786347368505e+02
-3.491857860140645187e+01 -1.724438175948963590e+02
-3.447416988106851932e+01 -1.724205565550558958e+02
-3.402976116073058677e+01 -1.723972955906679658e+02
-3.358535244039265422e+01 -1.723740345508274743e+02
-3.314094379550727609e+01 -1.723507735109870112e+02
-3.269653507516934354e+01 -1.723275124711465196e+02
-3.225212635483141099e+01 -1.723042514313060565e+02
-3.180771763449348555e+01 -1.722809903914655649e+02
-3.136330891415558497e+01 -1.722577293516251302e+02
-3.091890019381765242e+01 -1.722344683117846387e+02
-3.047449154893227430e+01 -1.722112072719441471e+02
-3.003008282859434175e+01 -1.721879462321036840e+02
-2.958567410825640920e+01 -1.721646851922631924e+02
-2.914126538791847665e+01 -1.721414241524227293e+02
-2.869685666758054410e+01 -1.721181631125822378e+02
-2.825244794724261155e+01 -1.720949021481943078e+02
-2.780803930235723342e+01 -1.720716411083538446e+02
-2.736363058201930087e+01 -1.720483800685133531e+02
-2.691922186168136832e+01 -1.720251190286728615e+02
-2.647481314134347130e+01 -1.720018579888324268e+02
-2.603040442100553875e+01 -1.719785969489919353e+02
-2.558599570066760620e+01 -1.719553359091514722e+02
-2.514158698032967365e+01 -1.719320748693109806e+02
-2.469717833544429553e+01 -1.719088138294705175e+02
-2.425276961510636298e+01 -1.718855527896300259e+02
-2.380836089476843043e+01 -1.718622917497895344e+02
-2.336395217443049788e+01 -1.718390307099490997e+02
-2.291954345409256533e+01 -1.718157696701086081e+02
-2.247513473375462922e+01 -1.717925087057206497e+02
-2.203072608886925465e+01 -1.717692476658802150e+02
-2.158631736853135408e+01 -1.717459866260397234e+02
-2.114190864819342153e+01 -1.717227255861992603e+02
-2.069749992785548898e+01 -1.716994645463587688e+02
-2.025309120751755643e+01 -1.716762035065183056e+02
-1.980868248717962388e+01 -1.716529424666778141e+02
-1.936427384229424575e+01 -1.716296814268373225e+02
-1.891986512195631320e+01 -1.716064203869968878e+02
-1.847545640161838065e+01 -1.715831593471563963e+02
-1.803104768128044810e+01 -1.715598983073159332e+02
-1.758663896094251555e+01 -1.715366372674754416e+02
-1.714223024060461498e+01 -1.715133762276349501e+02
-1.669782152026668243e+01 -1.714901152632470485e+02
-1.625341287538130430e+01 -1.714668542234065569e+02
-1.580900415504337175e+01 -1.714435931835660938e+02
-1.536459543470543743e+01 -1.714203321437256022e+02
-1.492018671436750488e+01 -1.713970711038851107e+02
-1.447577799402957233e+01 -1.713738100640446760e+02
-1.403136927369163978e+01 -1.713505490242041844e+02
-1.358696062880626165e+01 -1.713272879843637213e+02
-1.314255190846832910e+01 -1.713040269445232298e+02
-1.269814318813039655e+01 -1.712807659046827382e+02
-1.225373446779246400e+01 -1.712575048648422751e+02
-1.180932574745456520e+01 -1.712342438250017835e+02
-1.136491702711663265e+01 -1.712109827851613204e+02
-1.092050838223125453e+01 -1.711877218207733904e+02
-1.047609966189332198e+01 -1.711644607809328988e+02
-1.003169094155538943e+01 -1.711411997410924641e+02
-9.587282221217456879e+00 -1.711179387012519726e+02
-9.142873500879524329e+00 -1.710946776614115095e+02
-8.698464780541591779e+00 -1.710714166215710179e+02
-8.254056060203659229e+00 -1.710481555817305264e+02
-7.809647415318281993e+00 -1.710248945418900632e+02
-7.365238694980349443e+00 -1.710016335020495717e+02
-6.920829974642450644e+00 -1.709783724622091086e+02
-6.476421254304518094e+00 -1.709551114223686454e+02
-6.032012533966584655e+00 -1.709318503825281539e+02
-5.587603813628652105e+00 -1.709085893426876908e+02
-5.143195168743274870e+00 -1.708853283782997607e+02
-4.698786448405342320e+00 -1.708620673384592976e+02
-4.254377728067408881e+00 -1.708388062986188061e+02
-3.809969007729476775e+00 -1.708155452587783145e+02
-3.365560287391544225e+00 -1.707922842189378514e+02
-2.921151567053611231e+00 -1.707690231790973598e+02
-2.476742922168233552e+00 -1.707457621392568967e+02
-2.032334201830334308e+00 -1.707225010994164336e+02
-1.587925481492401758e+00 -1.706992400595759420e+02
-1.143516761154469208e+00 -1.706759790197354789e+02
-6.991080408165363247e-01 -1.706527179798949874e+02
-2.546993204786037746e-01 -1.706294569400545242e+02
1.897093998593288589e-01 -1.706061959002140327e+02
6.341180447447067881e-01 -1.705829349358261027e+02
1.078526765082639338e+00 -1.705596738959856395e+02
1.522935485420538360e+00 -1.705364128561451480e+02
1.967344205758504661e+00 -1.705131518163046849e+02
2.411752926096403904e+00 -1.704898907764641933e+02
2.856161646434369761e+00 -1.704666297366237302e+02
3.300570291319714133e+00 -1.704433686967832671e+02
3.744979011657680434e+00 -1.704201076569427755e+02
4.189387731995579678e+00 -1.703968466171023124e+02
4.633796452333545979e+00 -1.703735855772618208e+02
5.078205172671444778e+00 -1.703503245374213577e+02
5.522613893009343577e+00 -1.703270634975808662e+02
5.967022537894755452e+00 -1.703038024577403746e+02
6.411431258232654251e+00 -1.702805414933524730e+02
6.855839978570620552e+00 -1.702572804535119815e+02
7.300248698908519351e+00 -1.702340194136715184e+02
7.744657419246485652e+00 -1.702107583738310552e+02
8.189066139584385340e+00 -1.701874973339905637e+02
8.633474859922351641e+00 -1.701642362941501005e+02
9.077883504807696013e+00 -1.701409752543096090e+02
9.522292225145662314e+00 -1.701177142144691175e+02
9.966700945483561114e+00 -1.700944531746286543e+02
1.041110966582145991e+01 -1.700711921347881628e+02
1.085551838615942621e+01 -1.700479310949477281e+02
1.129992710649732679e+01 -1.700246700551072365e+02
1.174433575138273689e+01 -1.700014090152667734e+02
1.218874447172063569e+01 -1.699781480508788434e+02
1.263315319205860199e+01 -1.699548870110383518e+02
1.307756191239650256e+01 -1.699316259711978887e+02
1.352197063273446709e+01 -1.699083649313573972e+02
1.396637935307236766e+01 -1.698851038915169056e+02
1.441078799795777776e+01 -1.698618428516764425e+02
1.485519671829567834e+01 -1.698385818118359509e+02
1.529960543863357714e+01 -1.698153207719955162e+02
1.574401415897154344e+01 -1.697920597321550247e+02
1.618842287930943868e+01 -1.697687986923145615e+02
1.663283159964740676e+01 -1.697455376524740700e+02
1.707724024453274936e+01 -1.697222766126335785e+02
1.752164896487071744e+01 -1.696990155727931153e+02
1.796605768520861446e+01 -1.696757546084051853e+02
1.841046640554658254e+01 -1.696524935685646938e+02
1.885487512588447956e+01 -1.696292325287242306e+02
1.929928384622238013e+01 -1.696059714888837391e+02
1.974369256656034821e+01 -1.695827104490433044e+02
2.018810121144569081e+01 -1.695594494092028128e+02
2.063250993178365533e+01 -1.695361883693623497e+02
2.107691865212155591e+01 -1.695129273295218582e+02
2.152132737245952399e+01 -1.694896662896813666e+02
2.196573609279742101e+01 -1.694664052498409035e+02
2.241014481313538909e+01 -1.694431442100004119e+02
2.285455345802073168e+01 -1.694198831701599772e+02
2.329896217835869976e+01 -1.693966221303194857e+02
2.374337089869659678e+01 -1.693733611659315272e+02
2.418777961903456486e+01 -1.693501001260910925e+02
2.463218833937246188e+01 -1.693268390862506010e+02
2.507659705971036246e+01 -1.693035780464101094e+02
2.552100570459577256e+01 -1.692803170065696463e+02
2.596541442493367313e+01 -1.692570559667291548e+02
2.640982314527163766e+01 -1.692337949268886916e+02
2.685423186560953823e+01 -1.692105338870482001e+02
2.729864058594750276e+01 -1.691872728472077654e+02
2.774304930628540333e+01 -1.691640118073672738e+02
2.818745802662336786e+01 -1.691407507675267823e+02
2.863186667150871401e+01 -1.691174897276863192e+02
2.907627539184667853e+01 -1.690942286878458276e+02
2.952068411218457911e+01 -1.690709676480053645e+02
2.996509283252247613e+01 -1.690477066836174345e+02
3.040950155286044421e+01 -1.690244456437769429e+02
3.085391027319834123e+01 -1.690011846039364798e+02
3.129831891808375488e+01 -1.689779235640959882e+02
3.174272763842165190e+01 -1.689546625242555251e+02
3.218713635875962353e+01 -1.689314014844150620e+02
3.263154507909752056e+01 -1.689081404445745704e+02
3.307595379943548863e+01 -1.688848794047341073e+02
3.352036251977338566e+01 -1.688616183648936158e+02
3.396477116465879931e+01 -1.688383573250531526e+02
3.440917988499669633e+01 -1.688150962852126611e+02
3.485358860533460046e+01 -1.687918352453721695e+02
3.529799732567256143e+01 -1.687685742055317064e+02
3.574240604601046556e+01 -1.687453132411437764e+02
3.618681476634842653e+01 -1.687220522013033133e+02
3.663122348668633066e+01 -1.686987911614628501e+02
3.707563213157173720e+01 -1.686755301216223586e+02
3.752004085190964133e+01 -1.686522690817818955e+02
3.796444957224760230e+01 -1.686290080419414039e+02
3.840885829258550643e+01 -1.686057470021009408e+02
3.885326701292340346e+01 -1.685824859622604492e+02
3.929767573326137153e+01 -1.685592249224199577e+02
3.974208437814671413e+01 -1.685359638825794946e+02
4.018649309848468221e+01 -1.685127028427390030e+02
4.063090181882257923e+01 -1.684894418028985683e+02
4.107531053916054731e+01 -1.684661807630580768e+02
4.151971925949844433e+01 -1.684429197986701467e+02
4.196412797983641241e+01 -1.684196587588296836e+02
4.240853662472175500e+01 -1.683963977189891921e+02
4.285294534505972308e+01 -1.683731366791487289e+02
4.329735406539762010e+01 -1.683498756393082374e+02
4.374176278573558818e+01 -1.683266145994677458e+02
4.418617150607348520e+01 -1.683033535596272827e+02
4.463058022641138223e+01 -1.682800925197867912e+02
4.507498894674935030e+01 -1.682568314799463565e+02
4.551939759163469290e+01 -1.682335704401058649e+02
4.596380631197266098e+01 -1.682103094002653734e+02
4.640821503231055800e+01 -1.681870483604249102e+02
4.685262375264852608e+01 -1.681637873205844187e+02
4.729703247298642310e+01 -1.681405263561965171e+02
4.774144119332439118e+01 -1.681172653163560256e+02
4.818584983820973378e+01 -1.680940042765155340e+02
4.863025855854770185e+01 -1.680707432366750709e+02
4.907466727888559888e+01 -1.680474821968345793e+02
4.951907599922350300e+01 -1.680242211569941446e+02
4.996348471956146398e+01 -1.680009601171536531e+02
5.040789343989936810e+01 -1.679776990773131615e+02
5.085230208478477465e+01 -1.679544380374726984e+02
5.129671080512267878e+01 -1.679311769976322068e+02
5.174111952546063975e+01 -1.679079159577917437e+02
5.218552824579854388e+01 -1.678846549179512522e+02
5.262993696613650485e+01 -1.678613938781108175e+02
5.307434568647440898e+01 -1.678381329137228590e+02
5.351875440681230600e+01 -1.678148718738823675e+02
5.396316305169771965e+01 -1.677916108340419328e+02
5.440757177203561668e+01 -1.677683497942014412e+02
5.485198049237358475e+01 -1.677450887543609497e+02
5.529638921271148178e+01 -1.677218277145204866e+02
5.574079793304944985e+01 -1.676985666746799950e+02
5.618520665338734688e+01 -1.676753056348395319e+02
5.662961529827276053e+01 -1.676520445949990403e+02
5.707402401861065755e+01 -1.676287835551586056e+02
5.751843273894862563e+01 -1.676055225153181141e+02
5.796284145928652265e+01 -1.675822614754776225e+02
5.840725017962441967e+01 -1.675590004356371594e+02
5.885165889996238775e+01 -1.675357394712492294e+02
5.929606754484773035e+01 -1.675124784314087378e+02
5.974047626518569842e+01 -1.674892173915682747e+02
6.018488498552359545e+01 -1.674659563517277832e+02
6.062929370586156352e+01 -1.674426953118873200e+02
6.107370242619946055e+01 -1.674194342720468285e+02
6.151811114653742862e+01 -1.673961732322063369e+02
6.196251986687532565e+01 -1.673729121923659022e+02
6.240692851176073930e+01 -1.673496511525254107e+02
6.285133723209863632e+01 -1.673263901126849476e+02
6.329574595243654045e+01 -1.673031290728444560e+02
6.374015467277450142e+01 -1.672798680330039929e+02
6.418456339311239844e+01 -1.672566069931635013e+02
6.462897211345035942e+01 -1.672333460287755713e+02
6.507338075833570201e+01 -1.672100849889351082e+02
6.551778947867367719e+01 -1.671868239490946166e+02
6.596219819901156711e+01 -1.671635629092541251e+02
6.640660691934954230e+01 -1.671403018694136904e+02
6.685101563968743221e+01 -1.671170408295731988e+02
6.729542436002540740e+01 -1.670937797897327357e+02
6.773983300491074999e+01 -1.670705187498922442e+02
6.818424172524871096e+01 -1.670472577100517810e+02
6.862865044558661509e+01 -1.670239966702112895e+02
6.907305916592450501e+01 -1.670007356303707979e+02
6.951746788626248019e+01 -1.669774745905303348e+02
6.996187660660037011e+01 -1.669542135506898717e+02
7.040628532693834529e+01 -1.669309525863019132e+02
7.085069397182368789e+01 -1.669076915464614785e+02
7.129510269216164886e+01 -1.668844305066209870e+02
7.173951141249955299e+01 -1.668611694667805239e+02
7.218392013283751396e+01 -1.668379084269400323e+02
7.262832885317541809e+01 -1.668146473870995692e+02
7.307273757351332222e+01 -1.667913863472590776e+02
7.351714621839872166e+01 -1.667681253074185861e+02
7.396155493873662579e+01 -1.667448642675781230e+02
7.440596365907458676e+01 -1.667216032277376598e+02
7.485037237941249089e+01 -1.666983421878971967e+02
7.529478109975045186e+01 -1.666750811480567052e+02
7.573918982008835599e+01 -1.666518201082162136e+02
7.618359846497376964e+01 -1.666285591438283120e+02
7.662800718531167377e+01 -1.666052981039878205e+02
7.707241590564963474e+01 -1.665820370641473289e+02
7.751682462598753887e+01 -1.665587760243068658e+02
7.796123334632542878e+01 -1.665355149844663742e+02
7.840564206666340397e+01 -1.665122539446259111e+02
7.885005078700129388e+01 -1.664889929047854196e+02
7.929445943188670753e+01 -1.664657318649449849e+02
7.973886815222461166e+01 -1.664424708251044933e+02
8.018327687256257263e+01 -1.664192097852640018e+02
8.062768559290047676e+01 -1.663959487454235386e+02
8.107209431323843773e+01 -1.663726877055830471e+02
8.151650303357634186e+01 -1.663494266657425840e+02
8.196091167846175551e+01 -1.663261657013546539e+02
8.240532039879964543e+01 -1.663029046615141624e+02
8.284972911913754956e+01 -1.662796436216736993e+02
8.329413783947551053e+01 -1.662563825818332077e+02
8.373854655981341466e+01 -1.662331215419927730e+02
8.418295528015137563e+01 -1.662098605021522815e+02
8.462736392503671823e+01 -1.661865994623117899e+02
8.507177264537469341e+01 -1.661633384224713268e+02
8.551618136571258333e+01 -1.661400773826308352e+02
8.596059008605055851e+01 -1.661168163427903721e+02
8.640499880638844843e+01 -1.660935553029498806e+02
8.684940752672642361e+01 -1.660702942631093890e+02
8.729381624706431353e+01 -1.660470332232689543e+02
8.773822489194972718e+01 -1.660237722588809959e+02
8.818263361228763131e+01 -1.660005112190405612e+02
8.862704233262553544e+01 -1.659772501792000696e+02
8.907145105296349641e+01 -1.659539891393595781e+02
8.951585977330140054e+01 -1.659307280995191149e+02
8.996026849363936151e+01 -1.659074670596786234e+02
9.040467713852470411e+01 -1.658842060198381603e+02
9.084908585886266508e+01 -1.658609449799976687e+02
9.129349457920056921e+01 -1.658376839401571772e+02
9.173790329953853018e+01 -1.658144229003167425e+02
9.218231201987643431e+01 -1.657911618604762509e+02
9.262672074021433843e+01 -1.657679008206357878e+02
9.307112938509975208e+01 -1.657446397807952962e+02
9.351553810543764200e+01 -1.657213788164073662e+02
9.395994682577561719e+01 -1.656981177765669031e+02
9.440435554611350710e+01 -1.656748567367264116e+02
9.484876426645148229e+01 -1.656515956968859484e+02
9.529317298678937220e+01 -1.656283346570454569e+02
9.573758170712734739e+01 -1.656050736172049653e+02
9.618199035201268998e+01 -1.655818125773645306e+02
9.662639907235065095e+01 -1.655585515375240391e+02
9.707080779268855508e+01 -1.655352904976835759e+02
9.751521651302644500e+01 -1.655120294578430844e+02
9.795962523336442018e+01 -1.654887684180025929e+02
9.840403395370231010e+01 -1.654655073781621297e+02
9.884844259858772375e+01 -1.654422463383216382e+02
9.929285131892562788e+01 -1.654189853739337366e+02
9.973726003926358885e+01 -1.653957243340932450e+02
1.001816687596014930e+02 -1.653724632942527535e+02
1.006260774799394540e+02 -1.653492022544123188e+02
1.010704862002773581e+02 -1.653259412145718272e+02
1.015148948451627717e+02 -1.653026801747313641e+02
1.019593035655006616e+02 -1.652794191348908726e+02
1.024037122858385658e+02 -1.652561580950503810e+02
1.028481210061765267e+02 -1.652328970552099179e+02
1.032925297265144309e+02 -1.652096360153694263e+02
1.037369384468523918e+02 -1.651863749755289916e+02
1.041813471671902960e+02 -1.651631139356885001e+02
1.046257558120757096e+02 -1.651398528958480370e+02
1.050701645324136138e+02 -1.651165919314601069e+02
1.055145732527515747e+02 -1.650933308916196154e+02
1.059589819730894789e+02 -1.650700698517791523e+02
1.064033906934274398e+02 -1.650468088119386607e+02
1.068477994137653440e+02 -1.650235477720981692e+02
1.072922080586506866e+02 -1.650002867322577060e+02
1.077366167789886475e+02 -1.649770256924172145e+02
1.081810254993265517e+02 -1.649537646525767514e+02
1.086254342196645126e+02 -1.649305036127362882e+02
1.090698429400024168e+02 -1.649072425728957967e+02
1.095142516603403777e+02 -1.648839815330553336e+02
1.099586603052257203e+02 -1.648607204932148420e+02
1.104030690255636955e+02 -1.648374594533743789e+02
1.108474777459015854e+02 -1.648141984889864489e+02
1.112918864662395606e+02 -1.647909374491459573e+02
1.117362951865774505e+02 -1.647676764093054942e+02
1.121807039069153547e+02 -1.647444153694650026e+02
1.126251126272533156e+02 -1.647211543296245395e+02
1.130695212721386582e+02 -1.646978932897840764e+02
1.135139299924766334e+02 -1.646746322499435848e+02
1.139583387128145233e+02 -1.646513712101031217e+02
1.144027474331524985e+02 -1.646281101702626302e+02
1.148471561534903884e+02 -1.646048491304221670e+02
1.152915648738283636e+02 -1.645815880905816755e+02
1.157359735187137062e+02 -1.645583270507412124e+02
1.161803822390516672e+02 -1.645350660109007208e+02
1.166247909593895713e+02 -1.645118050465127908e+02
1.170691996797274754e+02 -1.644885440066723277e+02
1.175136084000654364e+02 -1.644652829668318645e+02
1.179580171204033405e+02 -1.644420219269913730e+02
1.184024257652887400e+02 -1.644187608871509099e+02
1.188468344856266441e+02 -1.643954998473104183e+02
1.192912432059646051e+02 -1.643722388074699552e+02
1.197356519263025092e+02 -1.643489777676294636e+02
1.201800606466404844e+02 -1.643257167277890005e+02
1.206244693669783743e+02 -1.643024556879485090e+02
1.210688780873162784e+02 -1.642791946481080174e+02
1.215132867322016921e+02 -1.642559336082675827e+02
1.219576954525395820e+02 -1.642326725684270912e+02
1.224021041728775572e+02 -1.642094115285866280e+02
1.228465128932154471e+02 -1.641861505641986980e+02
1.232909216135534223e+02 -1.641628895243582065e+02
1.237353303338913122e+02 -1.641396284845177433e+02
1.241797389787767258e+02 -1.641163674446772518e+02
1.246241476991146300e+02 -1.640931064048367602e+02
1.250685564194525909e+02 -1.640698453649962971e+02
1.255129651397904951e+02 -1.640465843251558056e+02
1.259573738601284560e+02 -1.640233232853153709e+02
1.264017825804663602e+02 -1.640000622454748793e+02
1.268461912253517028e+02 -1.639768012056344162e+02
1.272905999456896637e+02 -1.639535401657939246e+02
1.277350086660275679e+02 -1.639302791259534331e+02
1.281794173863655431e+02 -1.639070180861129700e+02
1.286238261067034330e+02 -1.638837571217250400e+02
1.290682348270414082e+02 -1.638604960818845484e+02
1.295126435473792981e+02 -1.638372350420440853e+02
1.299570521922647117e+02 -1.638139740022035937e+02
1.304014609126026301e+02 -1.637907129623631590e+02
1.308458696329405768e+02 -1.637674519225226675e+02
1.312902783532784952e+02 -1.637441908826822043e+02
1.317346870736163851e+02 -1.637209298428417128e+02
1.321790957939543603e+02 -1.636976688030012212e+02
1.326235044388396886e+02 -1.636744077631607581e+02
1.330679131591776638e+02 -1.636511467233202666e+02
1.335123218795155537e+02 -1.636278856834798319e+02
1.339567305998535289e+02 -1.636046246436393403e+02
1.344011393201914188e+02 -1.635813636792513819e+02
1.348455480405293940e+02 -1.635581026394109472e+02
1.352899566854147508e+02 -1.635348415995704556e+02
1.357343654057526976e+02 -1.635115805597299925e+02
1.361787741260906159e+02 -1.634883195198895010e+02
1.366231828464285059e+02 -1.634650584800490094e+02
1.370675915667664810e+02 -1.634417974402085463e+02
1.375120002871043710e+02 -1.634185364003680547e+02
1.379564090074423461e+02 -1.633952753605276200e+02
1.384008176523276745e+02 -1.633720143206871285e+02
1.388452263726656497e+02 -1.633487532808466369e+02
1.392896350930035396e+02 -1.633254922410061738e+02
1.397340438133415148e+02 -1.633022312011656823e+02
1.401784525336794047e+02 -1.632789702367777522e+02
1.406228612540172946e+02 -1.632557091969372891e+02
1.410672698989027083e+02 -1.632324481570967976e+02
1.415116786192406266e+02 -1.632091871172563344e+02
1.419560873395785734e+02 -1.631859260774158429e+02
1.424004960599164917e+02 -1.631626650375754082e+02
1.428449047802544385e+02 -1.631394039977349166e+02
1.432893135005923568e+02 -1.631161429578944251e+02
1.437337221454777705e+02 -1.630928819180539620e+02
1.441781308658156604e+02 -1.630696208782134704e+02
1.446225395861536356e+02 -1.630463598383730073e+02
1.450669483064915255e+02 -1.630230987985325157e+02
1.455113570268295007e+02 -1.629998377586920242e+02
1.459557657471673906e+02 -1.629765767943041226e+02
1.464001744675052805e+02 -1.629533157544636310e+02
1.468445831123906942e+02 -1.629300547146231963e+02
1.472889918327286125e+02 -1.629067936747827048e+02
1.477334005530665593e+02 -1.628835326349422132e+02
1.481778092734044776e+02 -1.628602715951017501e+02
1.486222179937424244e+02 -1.628370105552612586e+02
1.490666267140803427e+02 -1.628137495154207954e+02
1.495110353589657564e+02 -1.627904884755803039e+02
1.499554440793036463e+02 -1.627672274357398123e+02
1.503998527996416215e+02 -1.627439663958993492e+02
1.508442615199795114e+02 -1.627207053560588861e+02
1.512886702403174013e+02 -1.626974443162184230e+02
1.517330789606553765e+02 -1.626741833518304929e+02
1.521774876055407049e+02 -1.626509223119900014e+02
1.526218963258786800e+02 -1.626276612721495383e+02
1.530663050462165700e+02 -1.626044002323090467e+02
1.535107137665545451e+02 -1.625811391924685836e+02
1.539551224868924351e+02 -1.625578781526280920e+02
1.543995312072304102e+02 -1.625346171127876005e+02
1.548439399275683002e+02 -1.625113560729471374e+02
1.552883485724537138e+02 -1.624880950331066458e+02
1.557327572927916322e+02 -1.624648339932662111e+02
1.561771660131295221e+02 -1.624415729534257196e+02
1.566215747334674973e+02 -1.624183119135852564e+02
1.570659834538053872e+02 -1.623950508737447649e+02
1.575103921741433624e+02 -1.623717899093568349e+02
1.579548008190286907e+02 -1.623485288695163717e+02
1.583992095393666659e+02 -1.623252678296758802e+02
1.588436182597045558e+02 -1.623020067898353886e+02
1.592880269800425310e+02 -1.622787457499949255e+02
1.597324357003804209e+02 -1.622554847101544340e+02
1.601768444207183393e+02 -1.622322236703139993e+02
1.606212530656037245e+02 -1.622089626304735077e+02
1.610656617859416428e+02 -1.621857015906330162e+02
1.615100705062795896e+02 -1.621624405507925530e+02
1.619544792266175079e+02 -1.621391795109520615e+02
1.623988879469554831e+02 -1.621159184711115984e+02
1.628432966672933730e+02 -1.620926574312711068e+02
1.632877053876313482e+02 -1.620693964668831768e+02
1.637321140325166766e+02 -1.620461354270427137e+02
1.641765227528546518e+02 -1.620228743872022221e+02
1.646209314731925417e+02 -1.619996133473617874e+02
1.650653401935304316e+02 -1.619763523075212959e+02
1.655097489138684068e+02 -1.619530912676808043e+02
1.659541576342062967e+02 -1.619298302278403412e+02
1.663985662790917104e+02 -1.619065691879998496e+02
1.668429749994296287e+02 -1.618833081481593865e+02
1.672873837197675755e+02 -1.618600471083188950e+02
1.677317924401054938e+02 -1.618367860684784603e+02
1.681749818472585503e+02 -1.618310978517469607e+02
1.686119192562372575e+02 -1.619155126540342167e+02
1.690488566652159648e+02 -1.619999275317740057e+02
1.694859111010974573e+02 -1.620837344883300091e+02
1.699229699132268081e+02 -1.621675184318586389e+02
1.703600287253561589e+02 -1.622513024508398587e+02
1.707970875374854813e+02 -1.623350864698210785e+02
1.712341464250673937e+02 -1.624188704133497367e+02
1.716712052371967161e+02 -1.625026544323309565e+02
1.721084178216200371e+02 -1.625856321653781720e+02
1.725456390076339233e+02 -1.626685643250860380e+02
1.729828602691003141e+02 -1.627514965602464940e+02
1.734200815305667618e+02 -1.628344287199543601e+02
1.738573027920331526e+02 -1.629173609551147592e+02
1.742945240534995150e+02 -1.630002931148226537e+02
1.747317453149659627e+02 -1.630832252745305482e+02
1.751689665764323536e+02 -1.631661575096909758e+02
1.756061878378988013e+02 -1.632490896693988134e+02
1.760436126703412469e+02 -1.633309411222535630e+02
1.764810408226958316e+02 -1.634127750701170498e+02
1.769184689750504162e+02 -1.634946090179805083e+02
1.773558971274050009e+02 -1.635764430412965282e+02
1.777933252797595856e+02 -1.636582769891599582e+02
1.782307534321141702e+02 -1.637401109370234451e+02
1.786681815090161933e+02 -1.638219448848869320e+02
1.791056096613707780e+02 -1.639037788327503620e+02
1.795430378137253626e+02 -1.639856127806138488e+02
1.799804659660799473e+02 -1.640674468039298688e+02
1.804178941184345319e+02 -1.641492807517933272e+02
1.808555779794762088e+02 -1.642297348234485810e+02
1.812932757992393533e+02 -1.643101138952705753e+02
1.817309736190025262e+02 -1.643904930425451028e+02
1.821686714387656991e+02 -1.644708721143670687e+02
1.826063692585288436e+02 -1.645512512616415677e+02
1.830440670782920165e+02 -1.646316303334635336e+02
1.834817648980551894e+02 -1.647120094807380610e+02
1.839194627178183339e+02 -1.647923885525600269e+02
1.843571605375815068e+02 -1.648727676998345544e+02
1.847948583573446797e+02 -1.649531467716565203e+02
1.852325561771079094e+02 -1.650335259189310477e+02
1.856702539214185208e+02 -1.651139049907530421e+02
1.861082115243063697e+02 -1.651928512186776743e+02
1.865462742325943850e+02 -1.652712172165038567e+02
1.869843369408824572e+02 -1.653495831388774775e+02
1.874223996491705293e+02 -1.654279491367036314e+02
1.878604624329111061e+02 -1.655063150590772807e+02
1.882985251411991783e+02 -1.655846810569034346e+02
1.887365878494871652e+02 -1.656630470547296170e+02
1.891746505577752373e+02 -1.657414129771032378e+02
1.896127132660632526e+02 -1.658197789749293918e+02
1.900507760498038863e+02 -1.658981448973030126e+02
1.904888387580919016e+02 -1.659765108951291666e+02
1.909269014663799737e+02 -1.660548768175028158e+02
1.913650400799318163e+02 -1.661328100949629345e+02
1.918036229580897327e+02 -1.662082105812727377e+02
1.922422059117001538e+02 -1.662836109921299794e+02
1.926807887898579850e+02 -1.663590114029872211e+02
1.931193716680159014e+02 -1.664344118138444628e+02
1.935579545461737609e+02 -1.665098122247017045e+02
1.939965374243316205e+02 -1.665852126355589462e+02
1.944351203024895369e+02 -1.666606130464161879e+02
1.948737032560999580e+02 -1.667360134572734296e+02
1.953122861342577892e+02 -1.668114138681306713e+02
1.957508690124156487e+02 -1.668868142789879130e+02
1.961894518905735652e+02 -1.669622147652976878e+02
1.966281325552343446e+02 -1.670370270989913877e+02
1.970675136459035457e+02 -1.671076278977816685e+02
1.975068946611201852e+02 -1.671782286965719209e+02
1.979462757517893579e+02 -1.672488294199096401e+02
1.983856567670059974e+02 -1.673194302186998925e+02
1.988250378576751132e+02 -1.673900310174901449e+02
1.992644188728917527e+02 -1.674606317408278642e+02
1.997037999635609538e+02 -1.675312325396181450e+02
2.001431809787775933e+02 -1.676018332629558643e+02
2.005825619939942328e+02 -1.676724340617460882e+02
2.010219430846634054e+02 -1.677430348605363690e+02
2.014620232431950342e+02 -1.678089779735035165e+02
2.019027685913949028e+02 -1.678704902110085300e+02
2.023435138641421531e+02 -1.679320025239661049e+02
2.027842591368894887e+02 -1.679935148369236799e+02
2.032250044850893005e+02 -1.680550270744286934e+02
2.036657497578366360e+02 -1.681165393873862399e+02
2.041064950305838863e+02 -1.681780517003438149e+02
2.045472403033312219e+02 -1.682395639378488283e+02
2.049884773003375074e+02 -1.682967003047996570e+02
2.054318838599253638e+02 -1.683345255728275163e+02
2.058752904949657818e+02 -1.683723508408553755e+02
2.063186971300061145e+02 -1.684101761088832347e+02
2.067621037650465325e+02 -1.684480014523636555e+02
2.072055103246343890e+02 -1.684858267203915432e+02
2.067646869584993397e+02 -1.685467771382199373e+02
2.063238636678167666e+02 -1.686077275560483031e+02
2.058830403016817172e+02 -1.686686779738766688e+02
2.054422169355466679e+02 -1.687296283917050630e+02
2.050013936448641800e+02 -1.687905788095334287e+02
2.045637463783085650e+02 -1.688707005127122613e+02
2.041268188536136847e+02 -1.689551664718273969e+02
2.036898912534662998e+02 -1.690396324309425893e+02
2.032529637287714763e+02 -1.691240983146051917e+02
2.028160362040766529e+02 -1.692085642737203841e+02
2.023791086039292679e+02 -1.692930302328355481e+02
2.019421810792344445e+02 -1.693774961919507405e+02
2.015052535545396211e+02 -1.694619621510659044e+02
2.010692218025013744e+02 -1.695508180903618722e+02
2.006341316982692717e+02 -1.696442887829808228e+02
2.001990415940371975e+02 -1.697377594755998302e+02
1.997639514898050948e+02 -1.698312301682187808e+02
1.993288613855729636e+02 -1.699247008608377314e+02
1.988937712058883562e+02 -1.700181716289092435e+02
1.984586811016562251e+02 -1.701116423215281941e+02
1.980235909974241792e+02 -1.702051130141471731e+02
1.975885008931920481e+02 -1.702985837067661237e+02
1.971534107889599454e+02 -1.703920543993850742e+02
1.967183206847278996e+02 -1.704855250920040532e+02
1.962841501207051920e+02 -1.705831650660992409e+02
1.958501079769201283e+02 -1.706813870811540994e+02
1.954160658331351215e+02 -1.707796091716614910e+02
1.949820236138974963e+02 -1.708778312621689111e+02
1.945479814701125179e+02 -1.709760532772237411e+02
1.941139393263274542e+02 -1.710742753677311612e+02
1.936798971070898858e+02 -1.711724974582385528e+02
1.932458549633048221e+02 -1.712707194732934397e+02
1.928118128195198437e+02 -1.713689415638008597e+02
1.923777706757347516e+02 -1.714671636543082514e+02
1.919437284564972117e+02 -1.715653857448156714e+02
1.915096863127121480e+02 -1.716636077598705015e+02
1.910762201736829411e+02 -1.717643360067785920e+02
1.906428525002295089e+02 -1.718654923714472602e+02
1.902094848267761336e+02 -1.719666487361159568e+02
1.897761170778702251e+02 -1.720678051007846250e+02
1.893427494044168498e+02 -1.721689614654533216e+02
1.889093817309634176e+02 -1.722701178301219898e+02
1.884760139820575091e+02 -1.723712741947906864e+02
1.880426463086041338e+02 -1.724724306349118876e+02
1.876092785596982253e+02 -1.725735869995805558e+02
1.871759108862448500e+02 -1.726747433642492524e+02
1.867425432127914178e+02 -1.727758997289179206e+02
1.863091754638855093e+02 -1.728770560935865888e+02
1.858759431523043020e+02 -1.729787864257922081e+02
1.854430450955132130e+02 -1.730819341341227187e+02
1.850101470387221241e+02 -1.731850818424532292e+02
1.845772489819310351e+02 -1.732882294753311783e+02
1.841443509251398609e+02 -1.733913771836616320e+02
1.837114528683488004e+02 -1.734945248919921426e+02
1.832785548115577114e+02 -1.735976725248700916e+02
1.828456567547666225e+02 -1.737008202332006022e+02
1.824127586979755336e+02 -1.738039679415310559e+02
1.819798606411844446e+02 -1.739071155744090049e+02
1.815469625843933557e+02 -1.740102632827395155e+02
1.811140644521497052e+02 -1.741134109910699976e+02
1.806811842021600967e+02 -1.742166327938031714e+02
1.802486314916838239e+02 -1.743212192313297635e+02
1.798160787812074943e+02 -1.744258057443089172e+02
1.793835260707312216e+02 -1.745303921818355093e+02
1.789509733602548920e+02 -1.746349786193621014e+02
1.785184206497786192e+02 -1.747395650568886936e+02
1.780858679393022896e+02 -1.748441514944152857e+02
1.776533152288260453e+02 -1.749487380073944394e+02
1.772207625183497726e+02 -1.750533244449210315e+02
1.767882098078734430e+02 -1.751579108824476236e+02
1.763556570973971702e+02 -1.752624973199742158e+02
1.759231086122635759e+02 -1.753671011115869476e+02
1.754908199102547428e+02 -1.754727734621925492e+02
1.750585312082458529e+02 -1.755784458127981225e+02
1.746262424307844867e+02 -1.756841182388562856e+02
1.741939537287755684e+02 -1.757897905894618589e+02
1.737616650267667637e+02 -1.758954629400674605e+02
1.733293763247579307e+02 -1.760011352906730338e+02
1.728970876227490407e+02 -1.761068077167311685e+02
1.724647989207402077e+02 -1.762124800673367417e+02
1.720325213102559871e+02 -1.763181974631138473e+02
1.716004392727776349e+02 -1.764247119396140135e+02
1.711683573107519010e+02 -1.765312264915667129e+02
1.707362753487261102e+02 -1.766377409680668507e+02
1.703041933867003195e+02 -1.767442555200195784e+02
1.698721114246745856e+02 -1.768507700719722777e+02
1.694400350461373534e+02 -1.769573071842370098e+02
1.690081073091208737e+02 -1.770644453515036219e+02
1.685761794966518039e+02 -1.771715835187702339e+02
1.681332986149698172e+02 -1.771890685905652560e+02
1.676882815961853623e+02 -1.771890685905652560e+02
1.672432645774008506e+02 -1.771890685905652560e+02
1.667982474831638342e+02 -1.771890685905652560e+02
1.663532304643793793e+02 -1.771890685905652560e+02
1.659082133701422777e+02 -1.771890685905652560e+02
1.654631963513578228e+02 -1.771890685905652560e+02
1.650181792571208064e+02 -1.771890685905652560e+02
1.645731622383362946e+02 -1.771890685905652560e+02
1.641281452195518398e+02 -1.771890685905652560e+02
1.636831281253148234e+02 -1.771890685905652560e+02
1.632381111065302832e+02 -1.771890685905652560e+02
1.627930940122932668e+02 -1.771890685905652560e+02
1.623480769935087551e+02 -1.771890685905652560e+02
1.619030598992717387e+02 -1.771890685905652560e+02
1.614580428804872838e+02 -1.771890685905652560e+02
1.610130258617027437e+02 -1.771890685905652560e+02
1.605680087674657273e+02 -1.771890685905652560e+02
1.601229917486812724e+02 -1.771890685905652560e+02
1.596779746544441991e+02 -1.771890685905652560e+02
1.592329576356597443e+02 -1.771890685905652560e+02
1.587879405414227278e+02 -1.771890685905652560e+02
1.583429235226381877e+02 -1.771890685905652560e+02
1.578979065038537328e+02 -1.771890685905652560e+02
1.574528894096166596e+02 -1.771890685905652560e+02
1.570078723908322047e+02 -1.771890685905652560e+02
1.565628552965951883e+02 -1.771890685905652560e+02
1.561178382778106482e+02 -1.771890685905652560e+02
1.556728211835736602e+02 -1.771890685905652560e+02
1.552278041647891769e+02 -1.771890685905652560e+02
1.547827871460046651e+02 -1.771890685905652560e+02
1.543377700517676487e+02 -1.771890685905652560e+02
1.538927530329831086e+02 -1.771890685905652560e+02
1.534477359387461206e+02 -1.771890685905652560e+02
1.530027189199616373e+02 -1.771890685905652560e+02
1.525577018257245641e+02 -1.771890685905652560e+02
1.521126848069401092e+02 -1.771890685905652560e+02
1.516676677881556543e+02 -1.771890685905652560e+02
1.512226506939185811e+02 -1.771890685905652560e+02
1.507776336751340978e+02 -1.771890685905652560e+02
1.503326165808970813e+02 -1.771890685905652560e+02
1.498875995621125696e+02 -1.771890685905652560e+02
1.494425824678755532e+02 -1.771890685905652560e+02
1.489975654490910983e+02 -1.771890685905652560e+02
1.485525484303065582e+02 -1.771890685905652560e+02
1.481075313360695702e+02 -1.771890685905652560e+02
1.476625143172850301e+02 -1.771890685905652560e+02
1.472174972230480137e+02 -1.771890685905652560e+02
1.467724802042635588e+02 -1.771890685905652560e+02
1.463274631100264855e+02 -1.771890685905652560e+02
1.458824460912420307e+02 -1.771890685905652560e+02
1.454374290724575474e+02 -1.771890685905652560e+02
1.449924119782204741e+02 -1.771890685905652560e+02
1.445473949594360192e+02 -1.771890685905652560e+02
1.441023778651990028e+02 -1.771890685905652560e+02
1.436573608464144911e+02 -1.771890685905652560e+02
1.432123437521774747e+02 -1.771890685905652560e+02
1.427673267333929346e+02 -1.771890685905652560e+02
1.423223097146084797e+02 -1.771890685905652560e+02
1.418772926203714633e+02 -1.771890685905652560e+02
1.414322756015869516e+02 -1.771890685905652560e+02
1.409872585073499351e+02 -1.771890685905652560e+02
1.405422414885654518e+02 -1.771890685905652560e+02
1.400972243943283786e+02 -1.771890685905652560e+02
1.396522073755439237e+02 -1.771890685905652560e+02
1.392071903567594120e+02 -1.771890685905652560e+02
1.387621732625223956e+02 -1.771890685905652560e+02
1.383171562437379123e+02 -1.771890685905652560e+02
1.378721391495008390e+02 -1.771890685905652560e+02
1.374271221307163842e+02 -1.771890685905652560e+02
1.369821050364793678e+02 -1.771890685905652560e+02
1.365370880176948560e+02 -1.771890685905652560e+02
1.360920709989104012e+02 -1.771890685905652560e+02
1.356470539046733847e+02 -1.771890685905652560e+02
1.352020368858888446e+02 -1.771890685905652560e+02
1.347570197916518282e+02 -1.771890685905652560e+02
1.343120027728673165e+02 -1.771890685905652560e+02
1.338669856786303001e+02 -1.771890685905652560e+02
1.334219686598458452e+02 -1.771890685905652560e+02
1.329769516410613051e+02 -1.771890685905652560e+02
1.325319345468242886e+02 -1.771890685905652560e+02
1.320869175280398338e+02 -1.771890685905652560e+02
1.316419004338027605e+02 -1.771890685905652560e+02
1.311968834150183056e+02 -1.771890685905652560e+02
1.307518663207812892e+02 -1.771890685905652560e+02
1.303068493019967491e+02 -1.771890685905652560e+02
1.298618322077597327e+02 -1.771890685905652560e+02
1.294168151889752210e+02 -1.771890685905652560e+02
1.289717981701907661e+02 -1.771890685905652560e+02
1.285267810759537497e+02 -1.771890685905652560e+02
1.280817640571692095e+02 -1.771890685905652560e+02
1.276367469629321931e+02 -1.771890685905652560e+02
1.271917299441477240e+02 -1.771890685905652560e+02
1.267467128499106508e+02 -1.771890685905652560e+02
1.263016958311261817e+02 -1.771890685905652560e+02
1.258566788123417268e+02 -1.771890685905652560e+02
1.254116617181046536e+02 -1.771890685905652560e+02
1.249666446993201845e+02 -1.771890685905652560e+02
1.245216276050831112e+02 -1.771890685905652560e+02
1.240766105862986421e+02 -1.771890685905652560e+02
1.236315934920616399e+02 -1.771890685905652560e+02
1.231865764732771140e+02 -1.771890685905652560e+02
1.227415594544926449e+02 -1.771890685905652560e+02
1.222965423602556285e+02 -1.771890685905652560e+02
1.218515253414711026e+02 -1.771890685905652560e+02
1.214065082472341004e+02 -1.771890685905652560e+02
1.209614912284496313e+02 -1.771890685905652560e+02
1.205164741342125581e+02 -1.771890685905652560e+02
1.200714571154281032e+02 -1.771890685905652560e+02
1.196264400966435772e+02 -1.771890685905652560e+02
1.191814230024065608e+02 -1.771890685905652560e+02
1.187364059836220918e+02 -1.771890685905652560e+02
1.182913888893850185e+02 -1.771890685905652560e+02
1.178463718706005636e+02 -1.771890685905652560e+02
1.174013547763635472e+02 -1.771890685905652560e+02
1.169563377575790213e+02 -1.771890685905652560e+02
1.165113207387945522e+02 -1.771890685905652560e+02
1.160663036445575500e+02 -1.771890685905652560e+02
1.156212866257730241e+02 -1.771890685905652560e+02
1.151762695315360077e+02 -1.771890685905652560e+02
1.147312525127514817e+02 -1.771890685905652560e+02
1.142862354185144653e+02 -1.771890685905652560e+02
1.138412183997300104e+02 -1.771890685905652560e+02
1.133962013809454845e+02 -1.771890685905652560e+02
1.129511842867084681e+02 -1.771890685905652560e+02
1.125061672679239990e+02 -1.771890685905652560e+02
1.120611501736869258e+02 -1.771890685905652560e+02
1.116161331549024709e+02 -1.771890685905652560e+02
1.111711160606654545e+02 -1.771890685905652560e+02
1.107260990418809286e+02 -1.771890685905652560e+02
1.102810820230964595e+02 -1.771890685905652560e+02
1.098360649288593862e+02 -1.771890685905652560e+02
1.093910479100749313e+02 -1.771890685905652560e+02
1.089460308158379149e+02 -1.771890685905652560e+02
1.085010137970533890e+02 -1.771890685905652560e+02
1.080559967028163726e+02 -1.771890685905652560e+02
1.076109796840319177e+02 -1.771890685905652560e+02
1.071659626652473918e+02 -1.771890685905652560e+02
1.067209455710103754e+02 -1.771890685905652560e+02
1.062759285522258494e+02 -1.771890685905652560e+02
1.058309114579888330e+02 -1.771890685905652560e+02
1.053858944392043782e+02 -1.771890685905652560e+02
1.049408773449672907e+02 -1.771890685905652560e+02
1.044958603261828358e+02 -1.771890685905652560e+02
1.040508433073983809e+02 -1.771890685905652560e+02
1.036058262131612935e+02 -1.771890685905652560e+02
1.031608091943768386e+02 -1.771890685905652560e+02
1.027157921001398222e+02 -1.771890685905652560e+02
1.022707750813552963e+02 -1.771890685905652560e+02
1.018257579871182799e+02 -1.771890685905652560e+02
1.013807409683337539e+02 -1.771890685905652560e+02
1.009357239495492990e+02 -1.771890685905652560e+02
1.004907068553122826e+02 -1.771890685905652560e+02
1.000456898365277567e+02 -1.771890685905652560e+02
9.960067274229074030e+01 -1.771890685905652560e+02
9.915565572350628543e+01 -1.771890685905652560e+02
9.871063862926919796e+01 -1.771890685905652560e+02
9.826562161048474309e+01 -1.771890685905652560e+02
9.782060459170028821e+01 -1.771890685905652560e+02
9.737558749746320075e+01 -1.771890685905652560e+02
9.693057047867874587e+01 -1.771890685905652560e+02
9.648555338444165841e+01 -1.771890685905652560e+02
9.604053636565720353e+01 -1.771890685905652560e+02
9.559551927142018712e+01 -1.771890685905652560e+02
9.515050225263566119e+01 -1.771890685905652560e+02
9.470548523385120632e+01 -1.771890685905652560e+02
9.426046813961418991e+01 -1.771890685905652560e+02
9.381545112082966398e+01 -1.771890685905652560e+02
9.337043402659264757e+01 -1.771890685905652560e+02
9.292541700780819269e+01 -1.771890685905652560e+02
9.248039991357110523e+01 -1.771890685905652560e+02
9.203538289478665035e+01 -1.771890685905652560e+02
9.159036587600212442e+01 -1.771890685905652560e+02
9.114534878176510801e+01 -1.771890685905652560e+02
9.070033176298065314e+01 -1.771890685905652560e+02
9.025531466874356568e+01 -1.771890685905652560e+02
8.981029764995911080e+01 -1.771890685905652560e+02
8.936528055572209439e+01 -1.771890685905652560e+02
8.892026353693756846e+01 -1.771890685905652560e+02
8.847524651815311358e+01 -1.771890685905652560e+02
8.803022942391609718e+01 -1.771890685905652560e+02
8.758521240513157124e+01 -1.771890685905652560e+02
8.714019531089455484e+01 -1.771890685905652560e+02
8.669517829211002891e+01 -1.771890685905652560e+02
8.625016119787301250e+01 -1.771890685905652560e+02
8.580514417908855762e+01 -1.771890685905652560e+02
8.536012716030403169e+01 -1.771890685905652560e+02
8.491511006606701528e+01 -1.771890685905652560e+02
8.447009304728256041e+01 -1.771890685905652560e+02
8.402507595304547294e+01 -1.771890685905652560e+02
8.358005893426101807e+01 -1.771890685905652560e+02
8.313504184002400166e+01 -1.771890685905652560e+02
8.269002482123947573e+01 -1.771890685905652560e+02
8.224500780245502085e+01 -1.771890685905652560e+02
8.179999070821793339e+01 -1.771890685905652560e+02
8.135497368943347851e+01 -1.771890685905652560e+02
8.090995659519646210e+01 -1.771890685905652560e+02
8.046493957641193617e+01 -1.771890685905652560e+02
8.001992248217491976e+01 -1.771890685905652560e+02
7.957490546339046489e+01 -1.771890685905652560e+02
7.912988844460593896e+01 -1.771890685905652560e+02
7.868487135036892255e+01 -1.771890685905652560e+02
7.823985433158439662e+01 -1.771890685905652560e+02
7.779483723734738021e+01 -1.771890685905652560e+02
7.734982021856292533e+01 -1.771890685905652560e+02
7.690480312432585208e+01 -1.771890685905652560e+02
7.645978610554138299e+01 -1.771890685905652560e+02
7.601476908675692812e+01 -1.771890685905652560e+02
7.556975199251985487e+01 -1.771890685905652560e+02
7.512473497373538578e+01 -1.771890685905652560e+02
7.467971787949836937e+01 -1.771890685905652560e+02
7.423470086071384344e+01 -1.771890685905652560e+02
7.378968376647684124e+01 -1.771890685905652560e+02
7.334466674769231531e+01 -1.771890685905652560e+02
7.289964972890784622e+01 -1.771890685905652560e+02
7.245463263467082982e+01 -1.771890685905652560e+02
7.200961561588630389e+01 -1.771890685905652560e+02
7.156459852164930169e+01 -1.771890685905652560e+02
7.111958150286483260e+01 -1.771890685905652560e+02
7.067456440862775935e+01 -1.771890685905652560e+02
7.022954738984329026e+01 -1.771890685905652560e+02
6.978453037105883539e+01 -1.771890685905652560e+02
6.933951327682176213e+01 -1.771890685905652560e+02
6.889449625803729305e+01 -1.771890685905652560e+02
6.844947916380027664e+01 -1.771890685905652560e+02
6.800446214501575071e+01 -1.771890685905652560e+02
6.755944505077874851e+01 -1.771890685905652560e+02
6.711442803199422258e+01 -1.771890685905652560e+02
6.666941101320975349e+01 -1.771890685905652560e+02
6.622439391897273708e+01 -1.771890685905652560e+02
6.577937690018821115e+01 -1.771890685905652560e+02
6.533435980595120895e+01 -1.771890685905652560e+02
6.488934278716673987e+01 -1.771890685905652560e+02
6.444432569292966662e+01 -1.771890685905652560e+02
6.399930867414521174e+01 -1.771890685905652560e+02
6.355429165536068581e+01 -1.771890685905652560e+02
6.310927456112366940e+01 -1.771890685905652560e+02
6.266425754233921452e+01 -1.771890685905652560e+02
6.221924044810213417e+01 -1.771890685905652560e+02
6.177422342931767218e+01 -1.771890685905652560e+02
6.132920633508065578e+01 -1.771890685905652560e+02
6.088418931629612985e+01 -1.771890685905652560e+02
6.043917229751167497e+01 -1.771890685905652560e+02
5.999415520327465856e+01 -1.771890685905652560e+02
5.954913818449013263e+01 -1.771890685905652560e+02
5.910412109025311622e+01 -1.771890685905652560e+02
5.865910407146859029e+01 -1.771890685905652560e+02
5.821408697723158099e+01 -1.771890685905652560e+02
5.776906995844711901e+01 -1.771890685905652560e+02
5.732405293966259308e+01 -1.771890685905652560e+02
5.687903584542558377e+01 -1.771890685905652560e+02
5.643401882664112179e+01 -1.771890685905652560e+02
5.598900173240404143e+01 -1.771890685905652560e+02
5.554398471361957945e+01 -1.771890685905652560e+02
5.509896761938257015e+01 -1.771890685905652560e+02
5.465395060059804422e+01 -1.771890685905652560e+02
5.420893358181358224e+01 -1.771890685905652560e+02
5.376391648757650188e+01 -1.771890685905652560e+02
5.331889946879203990e+01 -1.771890685905652560e+02
5.287388237455503059e+01 -1.771890685905652560e+02
5.242886535577050466e+01 -1.771890685905652560e+02
5.198384826153348826e+01 -1.771890685905652560e+02
5.153883124274902627e+01 -1.771890685905652560e+02
5.109381422396450034e+01 -1.771890685905652560e+02
5.064879712972749104e+01 -1.771890685905652560e+02
5.020378011094296511e+01 -1.771890685905652560e+02
4.975876301670594870e+01 -1.771890685905652560e+02
4.931374599792148672e+01 -1.771890685905652560e+02
4.886872890368440636e+01 -1.771890685905652560e+02
4.842371188489995149e+01 -1.771890685905652560e+02
4.797869486611548950e+01 -1.771890685905652560e+02
4.753367777187840915e+01 -1.771890685905652560e+02
4.708866075309394716e+01 -1.771890685905652560e+02
4.664364365885693786e+01 -1.771890685905652560e+02
4.619862664007241193e+01 -1.771890685905652560e+02
4.575360954583539552e+01 -1.771890685905652560e+02
4.530859252705093354e+01 -1.771890685905652560e+02
4.486357550826640761e+01 -1.771890685905652560e+02
4.441855841402939831e+01 -1.771890685905652560e+02
4.397354139524487238e+01 -1.771890685905652560e+02
4.352852430100785597e+01 -1.771890685905652560e+02
4.308350728222340109e+01 -1.771890685905652560e+02
4.263849018798631363e+01 -1.771890685905652560e+02
4.219347316920185875e+01 -1.771890685905652560e+02
4.174845615041739677e+01 -1.771890685905652560e+02
4.130343905618031641e+01 -1.771890685905652560e+02
4.085842203739586154e+01 -1.771890685905652560e+02
4.041340494315884513e+01 -1.771890685905652560e+02
3.996838792437431920e+01 -1.771890685905652560e+02
3.952337083013730279e+01 -1.771890685905652560e+02
3.907835381135277686e+01 -1.771890685905652560e+02
3.863333679256832198e+01 -1.771890685905652560e+02
3.818831969833130557e+01 -1.771890685905652560e+02
3.774330267954677964e+01 -1.771890685905652560e+02
3.729828558530976323e+01 -1.771890685905652560e+02
3.685326856652530836e+01 -1.771890685905652560e+02
3.640825147228822800e+01 -1.771890685905652560e+02
3.596323445350376602e+01 -1.771890685905652560e+02
3.551821743471924009e+01 -1.771890685905652560e+02
3.507320034048222368e+01 -1.771890685905652560e+02
3.462818332169776880e+01 -1.771890685905652560e+02
3.418316622746068845e+01 -1.771890685905652560e+02
3.373814920867622646e+01 -1.771890685905652560e+02
3.329313211443921006e+01 -1.771890685905652560e+02
3.284811509565468413e+01 -1.771890685905652560e+02
3.240309807687022925e+01 -1.771890685905652560e+02
3.195808098263320929e+01 -1.771890685905652560e+02
3.151306396384868336e+01 -1.771890685905652560e+02
3.106804686961167050e+01 -1.771890685905652560e+02
3.062302985082714457e+01 -1.771890685905652560e+02
3.017801275659013172e+01 -1.771890685905652560e+02
2.973299573780566973e+01 -1.771890685905652560e+02
2.928797871902114380e+01 -1.771890685905652560e+02
2.884296162478413095e+01 -1.771890685905652560e+02
2.839794460599967252e+01 -1.771890685905652560e+02
2.795292751176259216e+01 -1.771890685905652560e+02
2.750791049297813018e+01 -1.771890685905652560e+02
2.706289339874111732e+01 -1.771890685905652560e+02
2.661787637995659139e+01 -1.771890685905652560e+02
2.617285936117213296e+01 -1.771890685905652560e+02
2.572784226693505261e+01 -1.771890685905652560e+02
2.528282524815059418e+01 -1.771890685905652560e+02
2.483780815391357777e+01 -1.771890685905652560e+02
2.439279113512905184e+01 -1.771890685905652560e+02
2.394777404089203898e+01 -1.771890685905652560e+02
2.350275702210758055e+01 -1.771890685905652560e+02
2.305774000332305462e+01 -1.771890685905652560e+02
2.261272290908603821e+01 -1.771890685905652560e+02
2.216770589030157979e+01 -1.771890685905652560e+02
2.172268879606449943e+01 -1.771890685905652560e+02
2.127767177728004100e+01 -1.771890685905652560e+02
2.083265468304296064e+01 -1.771890685905652560e+02
2.038763766425849866e+01 -1.771890685905652560e+02
1.994262064547404023e+01 -1.771890685905652560e+02
1.949760355123695987e+01 -1.771890685905652560e+02
1.905258653245250144e+01 -1.771890685905652560e+02
1.860756943821548859e+01 -1.771890685905652560e+02
1.816255241943095911e+01 -1.771890685905652560e+02
1.771753532519394625e+01 -1.771890685905652560e+02
1.727251830640948782e+01 -1.771890685905652560e+02
1.682750128762496189e+01 -1.771890685905652560e+02
1.638248419338794903e+01 -1.771890685905652560e+02
1.593746717460342310e+01 -1.771890685905652560e+02
1.549245008036641025e+01 -1.771890685905652560e+02
1.504743306158195004e+01 -1.771890685905652560e+02
1.460241596734486969e+01 -1.771890685905652560e+02
1.415739894856040948e+01 -1.771890685905652560e+02
1.371238192977595105e+01 -1.771890685905652560e+02
1.326736483553887069e+01 -1.771890685905652560e+02
1.282234781675441049e+01 -1.771890685905652560e+02
1.237733072251739763e+01 -1.771890685905652560e+02
1.193231370373287170e+01 -1.771890685905652560e+02
1.148729660949585707e+01 -1.771890685905652560e+02
1.104227959071133114e+01 -1.771890685905652560e+02
1.059726257192687093e+01 -1.771890685905652560e+02
1.015224547768985808e+01 -1.771890685905652560e+02
9.707228458905332147e+00 -1.771890685905652560e+02
9.262211364668317515e+00 -1.771890685905652560e+02
8.817194345883859086e+00 -1.771890685905652560e+02
8.372177251646776952e+00 -1.771890685905652560e+02
7.927160232862317635e+00 -1.771890685905652560e+02
7.482143214077791704e+00 -1.771890685905652560e+02
7.037126119840777960e+00 -1.771890685905652560e+02
6.592109101056318643e+00 -1.771890685905652560e+02
6.147092006819237398e+00 -1.771890685905652560e+02
5.702074988034778080e+00 -1.771890685905652560e+02
5.257057893797764336e+00 -1.771890685905652560e+02
4.812040875013238406e+00 -1.771890685905652560e+02
4.367023856228779088e+00 -1.771890685905652560e+02
3.922006761991765345e+00 -1.771890685905652560e+02
3.476989743207239414e+00 -1.771890685905652560e+02
3.031972648970225226e+00 -1.771890685905652560e+02
2.586955630185699295e+00 -1.771890685905652560e+02
2.141938535948685107e+00 -1.771890685905652560e+02
1.696921517164226234e+00 -1.771890685905652560e+02
1.251904498379733610e+00 -1.771890685905652560e+02
8.068874041426862265e-01 -1.771890685905652560e+02
3.618703853581934915e-01 -1.771890685905652560e+02
-8.314670887882040506e-02 -1.771890685905652560e+02
-5.281637276633129874e-01 -1.771890685905652560e+02
-9.731808219003604821e-01 -1.771890685905652560e+02
-1.418197840684853217e+00 -1.771890685905652560e+02
-1.863214934921867183e+00 -1.771890685905652560e+02
-2.308231953706359807e+00 -1.771890685905652560e+02
-2.753248972490852431e+00 -1.771890685905652560e+02
-3.198266066727866175e+00 -1.771890685905652560e+02
-3.643283085512358799e+00 -1.771890685905652560e+02
-4.088300179749406738e+00 -1.771890685905652560e+02
-4.533317198533898917e+00 -1.771890685905652560e+02
-4.978334292770912661e+00 -1.771890685905652560e+02
-5.423351311555405729e+00 -1.771890685905652560e+02
-5.868368330339897909e+00 -1.771890685905652560e+02
-6.313385424576945404e+00 -1.771890685905652560e+02
-6.758402443361404721e+00 -1.771890685905652560e+02
-7.203419537598452216e+00 -1.771890685905652560e+02
-7.648436556382944396e+00 -1.771890685905652560e+02
-8.093453650619958140e+00 -1.771890685905652560e+02
-8.538470669404450319e+00 -1.771890685905652560e+02
-8.983487688188942499e+00 -1.771890685905652560e+02
-9.428504782425990882e+00 -1.771890685905652560e+02
-9.873521801210449311e+00 -1.771890685905652560e+02
-1.031853889544749769e+01 -1.771890685905652560e+02
-1.076355591423198987e+01 -1.771890685905652560e+02
-1.120857300846903648e+01 -1.771890685905652560e+02
-1.165359002725349669e+01 -1.771890685905652560e+02
-1.209860704603798887e+01 -1.771890685905652560e+02
-1.254362414027503547e+01 -1.771890685905652560e+02
-1.298864115905952943e+01 -1.771890685905652560e+02
-1.343365825329654228e+01 -1.771890685905652560e+02
-1.387867527208103624e+01 -1.771890685905652560e+02
-1.432369236631808285e+01 -1.771890685905652560e+02
-1.476870938510254128e+01 -1.771890685905652560e+02
-1.521372640388703523e+01 -1.771890685905652560e+02
-1.565874349812408184e+01 -1.771890685905652560e+02
-1.610376051690857580e+01 -1.771890685905652560e+02
-1.654877761114559220e+01 -1.771890685905652560e+02
-1.699379462993008261e+01 -1.771890685905652560e+02
-1.743881172416713099e+01 -1.771890685905652560e+02
-1.788382874295162139e+01 -1.771890685905652560e+02
-1.832884576173608338e+01 -1.771890685905652560e+02
-1.877386285597312821e+01 -1.771890685905652560e+02
-1.921887987475762216e+01 -1.771890685905652560e+02
-1.966389696899463502e+01 -1.771890685905652560e+02
-2.010891398777912897e+01 -1.771890685905652560e+02
-2.055393108201617736e+01 -1.771890685905652560e+02
-2.099894810080066776e+01 -1.771890685905652560e+02
-2.144396511958512974e+01 -1.771890685905652560e+02
-2.188898221382217457e+01 -1.771890685905652560e+02
-2.233399923260666853e+01 -1.771890685905652560e+02
-2.277901632684371691e+01 -1.771890685905652560e+02
-2.322403334562817534e+01 -1.771890685905652560e+02
-2.366905043986522372e+01 -1.771890685905652560e+02
-2.411406745864971413e+01 -1.771890685905652560e+02
-2.455908447743420808e+01 -1.771890685905652560e+02
-2.500410157167122094e+01 -1.771890685905652560e+02
-2.544911859045571489e+01 -1.771890685905652560e+02
-2.589413568469275972e+01 -1.771890685905652560e+02
-2.633915270347722171e+01 -1.771890685905652560e+02
-2.678416979771426654e+01 -1.771890685905652560e+02
-2.722918681649876049e+01 -1.771890685905652560e+02
-2.767420383528325445e+01 -1.771890685905652560e+02
-2.811922092952026730e+01 -1.771890685905652560e+02
-2.856423794830476126e+01 -1.771890685905652560e+02
-2.900925504254180609e+01 -1.771890685905652560e+02
-2.945427206132630005e+01 -1.771890685905652560e+02
-2.989928915556331290e+01 -1.771890685905652560e+02
-3.034430617434780686e+01 -1.771890685905652560e+02
-3.078932319313229726e+01 -1.771890685905652560e+02
-3.123434028736931367e+01 -1.771890685905652560e+02
-3.167935730615380407e+01 -1.771890685905652560e+02
-3.212437440039084890e+01 -1.771890685905652560e+02
-3.256939141917533931e+01 -1.771890685905652560e+02
-3.301440851341235572e+01 -1.771890685905652560e+02
-3.345942553219684612e+01 -1.771890685905652560e+02
-3.390444255098134363e+01 -1.771890685905652560e+02
-3.434945964521838846e+01 -1.771890685905652560e+02
-3.479447666400285044e+01 -1.771890685905652560e+02
-3.523949375823989527e+01 -1.771890685905652560e+02
-3.568451077702438567e+01 -1.771890685905652560e+02
-3.612952787126140208e+01 -1.771890685905652560e+02
-3.657454489004589249e+01 -1.771890685905652560e+02
-3.701956190883039000e+01 -1.771890685905652560e+02
-3.746457900306743483e+01 -1.771890685905652560e+02
-3.790959602185189681e+01 -1.771890685905652560e+02
-3.835461311608894164e+01 -1.771890685905652560e+02
-3.879963013487343204e+01 -1.771890685905652560e+02
-3.924464722911048398e+01 -1.771890685905652560e+02
-3.968966424789493885e+01 -1.771890685905652560e+02
-4.013468126667943636e+01 -1.771890685905652560e+02
-4.057969836091648119e+01 -1.771890685905652560e+02
-4.102471537970097160e+01 -1.771890685905652560e+02
-4.146973247393798800e+01 -1.771890685905652560e+02
-4.191474949272247841e+01 -1.771890685905652560e+02
-4.235976658695953034e+01 -1.771890685905652560e+02
-4.280478360574398522e+01 -1.771890685905652560e+02
-4.324980062452847562e+01 -1.771890685905652560e+02
-4.369481771876552756e+01 -1.771890685905652560e+02
-4.413983473755001796e+01 -1.771890685905652560e+02
-4.458485183178703437e+01 -1.771890685905652560e+02
-4.502986885057152477e+01 -1.771890685905652560e+02
-4.547488594480856960e+01 -1.771890685905652560e+02
-4.591990296359306711e+01 -1.771890685905652560e+02
-4.636491998237752199e+01 -1.771890685905652560e+02
-4.680993707661457393e+01 -1.771890685905652560e+02
-4.725495409539906433e+01 -1.771890685905652560e+02
-4.769997118963608074e+01 -1.771890685905652560e+02
-4.814498820842057114e+01 -1.771890685905652560e+02
-4.859000530265761597e+01 -1.771890685905652560e+02
-4.903502232144211348e+01 -1.771890685905652560e+02
-4.948003934022656836e+01 -1.771890685905652560e+02
-4.992505643446362029e+01 -1.771890685905652560e+02
-5.037007345324811070e+01 -1.771890685905652560e+02
-5.081509054748515553e+01 -1.771890685905652560e+02
-5.126010756626961751e+01 -1.771890685905652560e+02
-5.170512466050666234e+01 -1.771890685905652560e+02
-5.215014167929115985e+01 -1.771890685905652560e+02
-5.259515869807565025e+01 -1.771890685905652560e+02
-5.304017579231266666e+01 -1.771890685905652560e+02
-5.348519281109715706e+01 -1.771890685905652560e+02
-5.393020990533420189e+01 -1.771890685905652560e+02
-5.437522692411866387e+01 -1.771890685905652560e+02
-5.482024401835570870e+01 -1.771890685905652560e+02
-5.526526103714020621e+01 -1.771890685905652560e+02
-5.571027805592469662e+01 -1.771890685905652560e+02
-5.615529515016170592e+01 -1.771890685905652560e+02
-5.660031216894620343e+01 -1.771890685905652560e+02
-5.704532926318324826e+01 -1.771890685905652560e+02
-5.749034628196773866e+01 -1.771890685905652560e+02
-5.793536337620475507e+01 -1.771890685905652560e+02
-5.838038039498924547e+01 -1.771890685905652560e+02
-5.882539741377374298e+01 -1.771890685905652560e+02
-5.927041450801075229e+01 -1.771890685905652560e+02
-5.971543152679524979e+01 -1.771890685905652560e+02
-6.016044862103229462e+01 -1.771890685905652560e+02
-6.060546563981678503e+01 -1.771890685905652560e+02
-6.105048273405380144e+01 -1.771890685905652560e+02
-6.149549975283829184e+01 -1.771890685905652560e+02
-6.194051677162278935e+01 -1.771890685905652560e+02
-6.238553386585983418e+01 -1.771890685905652560e+02
-6.283055088464429616e+01 -1.771890685905652560e+02
-6.327556797888134099e+01 -1.771890685905652560e+02
-6.372058499766583139e+01 -1.771890685905652560e+02
-6.416560209190285491e+01 -1.771890685905652560e+02
-6.461061911068735242e+01 -1.771890685905652560e+02
-6.505563612947183572e+01 -1.771890685905652560e+02
-6.550065322370888055e+01 -1.771890685905652560e+02
-6.594567024249334963e+01 -1.771890685905652560e+02
-6.639068733673039446e+01 -1.771890685905652560e+02
-6.683570435551489197e+01 -1.771890685905652560e+02
-6.728072144975189417e+01 -1.771890685905652560e+02
-6.772573846853639168e+01 -1.771890685905652560e+02
-6.817075548732088919e+01 -1.771890685905652560e+02
-6.861577258155793402e+01 -1.771890685905652560e+02
-6.906078960034243153e+01 -1.771890685905652560e+02
-6.950580669457943372e+01 -1.771890685905652560e+02
-6.995082371336393123e+01 -1.771890685905652560e+02
-7.039584080760097606e+01 -1.771890685905652560e+02
-7.084085782638544515e+01 -1.771890685905652560e+02
-7.128587484516992845e+01 -1.771890685905652560e+02
-7.173089193940697328e+01 -1.771890685905652560e+02
-7.217590895819147079e+01 -1.771890685905652560e+02
-7.262092605242848720e+01 -1.771890685905652560e+02
-7.306594307121298471e+01 -1.771890685905652560e+02
-7.351096016545002954e+01 -1.771890685905652560e+02
-7.395597718423451283e+01 -1.771890685905652560e+02
-7.440099420301898192e+01 -1.771890685905652560e+02
-7.484601129725602675e+01 -1.771890685905652560e+02
-7.529102831604052426e+01 -1.771890685905652560e+02
-7.573604541027752646e+01 -1.771890685905652560e+02
-7.618106242906202397e+01 -1.771890685905652560e+02
-7.662607952329906880e+01 -1.771890685905652560e+02
-7.707109654208356631e+01 -1.771890685905652560e+02
-7.751611356086802118e+01 -1.771890685905652560e+02
-7.796113065510506601e+01 -1.771890685905652560e+02
-7.840614767388956352e+01 -1.771890685905652560e+02
-7.885116476812657993e+01 -1.771890685905652560e+02
-7.929618178691106323e+01 -1.771890685905652560e+02
-7.974119888114812227e+01 -1.771890685905652560e+02
-8.018621589993260557e+01 -1.771890685905652560e+02
-8.063123291871710308e+01 -1.771890685905652560e+02
-8.107625001295411948e+01 -1.771890685905652560e+02
-8.152126703173860278e+01 -1.771890685905652560e+02
-8.196628412597566182e+01 -1.771890685905652560e+02
-8.241130114476011670e+01 -1.771890685905652560e+02
-8.285631823899716153e+01 -1.771890685905652560e+02
-8.330133525778165904e+01 -1.771890685905652560e+02
-8.374635227656614234e+01 -1.771890685905652560e+02
-8.419136937080315874e+01 -1.771890685905652560e+02
-8.463638638958765625e+01 -1.771890685905652560e+02
-8.508140348382470108e+01 -1.771890685905652560e+02
-8.552642050260919859e+01 -1.771890685905652560e+02
-8.597143759684621500e+01 -1.771890685905652560e+02
-8.641645461563069830e+01 -1.771890685905652560e+02
-8.686147163441519581e+01 -1.771890685905652560e+02
-8.730648872865221222e+01 -1.771890685905652560e+02
-8.775150574743669551e+01 -1.771890685905652560e+02
-8.819652284167375456e+01 -1.771890685905652560e+02
-8.864153986045823785e+01 -1.771890685905652560e+02
-8.908655695469525426e+01 -1.771890685905652560e+02
-8.953157397347975177e+01 -1.771890685905652560e+02
-8.997659099226423507e+01 -1.771890685905652560e+02
-9.042160808650125148e+01 -1.771890685905652560e+02
-9.086662510528574899e+01 -1.771890685905652560e+02
-9.131164219952279382e+01 -1.771890685905652560e+02
-9.175665921830729133e+01 -1.771890685905652560e+02
-9.220167631254429352e+01 -1.771890685905652560e+02
-9.264669333132879103e+01 -1.771890685905652560e+02
-9.309171035011328854e+01 -1.771890685905652560e+02
-9.353672744435033337e+01 -1.771890685905652560e+02
-9.398174446313478825e+01 -1.771890685905652560e+02
-9.442676155737183308e+01 -1.771890685905652560e+02
-9.487177857615633059e+01 -1.771890685905652560e+02
-9.531679567039334700e+01 -1.771890685905652560e+02
-9.576181268917784450e+01 -1.771890685905652560e+02
-9.620682970796232780e+01 -1.771890685905652560e+02
-9.665184680219937263e+01 -1.771890685905652560e+02
-9.709686382098387014e+01 -1.771890685905652560e+02
-9.754188091522088655e+01 -1.771890685905652560e+02
-9.798689793400538406e+01 -1.771890685905652560e+02
-9.843191502824242889e+01 -1.771890685905652560e+02
-9.887693204702688377e+01 -1.771890685905652560e+02
-9.932194906581138127e+01 -1.771890685905652560e+02
-9.976696616004842610e+01 -1.771890685905652560e+02
-1.002119831788329236e+02 -1.771890685905652560e+02
-1.006570002730699258e+02 -1.771890685905652560e+02
-1.011020172918544233e+02 -1.771890685905652560e+02
-1.015470343860914681e+02 -1.771890685905652560e+02
-1.019920514048759372e+02 -1.771890685905652560e+02
-1.024370684236604205e+02 -1.771890685905652560e+02
-1.028820855178974654e+02 -1.771890685905652560e+02
-1.033271025366819629e+02 -1.771890685905652560e+02
-1.037721196309189793e+02 -1.771890685905652560e+02
-1.042171366497034626e+02 -1.771890685905652560e+02
-1.046621537439405216e+02 -1.771890685905652560e+02
-1.051071707627250049e+02 -1.771890685905652560e+02
-1.055521877815094740e+02 -1.771890685905652560e+02
-1.059972048757465188e+02 -1.771890685905652560e+02
-1.064422218945310021e+02 -1.771890685905652560e+02
-1.068872389887680185e+02 -1.771890685905652560e+02
-1.073322560075525161e+02 -1.771890685905652560e+02
-1.077772731017895609e+02 -1.771890685905652560e+02
-1.082222901205740584e+02 -1.771890685905652560e+02
-1.086673071393585133e+02 -1.771890685905652560e+02
-1.091123242335955581e+02 -1.771890685905652560e+02
-1.095573412523800556e+02 -1.771890685905652560e+02
-1.100023583466171004e+02 -1.771890685905652560e+02
-1.104473753654015553e+02 -1.771890685905652560e+02
-1.108923924596386144e+02 -1.771890685905652560e+02
-1.113374094784230977e+02 -1.771890685905652560e+02
-1.117824264972075952e+02 -1.771890685905652560e+02
-1.122274435914446116e+02 -1.771890685905652560e+02
-1.126724606102290949e+02 -1.771890685905652560e+02
-1.131174777044661539e+02 -1.771890685905652560e+02
-1.135624947232506088e+02 -1.771890685905652560e+02
-1.140075118174876536e+02 -1.771890685905652560e+02
-1.144525288362721511e+02 -1.771890685905652560e+02
-1.148975458550566344e+02 -1.771890685905652560e+02
-1.153425629492936508e+02 -1.771890685905652560e+02
-1.157875799680781483e+02 -1.771890685905652560e+02
-1.162325970623151932e+02 -1.771890685905652560e+02
-1.166776140810996907e+02 -1.771890685905652560e+02
-1.171226311753367071e+02 -1.771890685905652560e+02
-1.175676481941211904e+02 -1.771890685905652560e+02
-1.180126652129056879e+02 -1.771890685905652560e+02
-1.184576823071427043e+02 -1.771890685905652560e+02
-1.189026993259271876e+02 -1.771890685905652560e+02
-1.193477164201642466e+02 -1.771890685905652560e+02
-1.197927334389487299e+02 -1.771890685905652560e+02
-1.202377505331857463e+02 -1.771890685905652560e+02
-1.206827675519702439e+02 -1.771890685905652560e+02
-1.211277845707547272e+02 -1.771890685905652560e+02
-1.215728016649917720e+02 -1.771890685905652560e+02
-1.220178186837762411e+02 -1.771890685905652560e+02
-1.224628357780132859e+02 -1.771890685905652560e+02
-1.229078527967977834e+02 -1.771890685905652560e+02
-1.233528698910347856e+02 -1.771890685905652560e+02
-1.237978869098192831e+02 -1.771890685905652560e+02
-1.242429039286037806e+02 -1.771890685905652560e+02
-1.246879210228408255e+02 -1.771890685905652560e+02
-1.251329380416252803e+02 -1.771890685905652560e+02
