-8.687119988002001492e+01 3.548026011879533570e+01
-8.680424843802001078e+01 3.574003164379534070e+01
-8.672860867102001237e+01 3.599741875779533729e+01
-8.664704954002000648e+01 3.625299613579533542e+01
-8.656112879402000715e+01 3.650714227679534218e+01
-8.647182284602000379e+01 3.676011982379534260e+01
-8.637979049702001078e+01 3.701211898379533949e+01
-8.628550057402001983e+01 3.726328266679534096e+01
-8.618930051302001516e+01 3.751372140279533340e+01
-8.609145613402002084e+01 3.776352276279533982e+01
-8.599217610002001777e+01 3.801275753979533789e+01
-8.589162768802002290e+01 3.826148400079534184e+01
-8.578994746902002078e+01 3.850975064079533894e+01
-8.568724863502001199e+01 3.875759834279534033e+01
-8.558362604602001511e+01 3.900506239079533799e+01
-8.547916029902000901e+01 3.925217304079533420e+01
-8.537392144402001293e+01 3.949895437979534307e+01
-8.526797144802002038e+01 3.974542441279533733e+01
-8.516136004802001480e+01 3.999160905379533659e+01
-8.505413304602001290e+01 4.023752621079534464e+01
-8.494633096802000694e+01 4.048319171779534287e+01
-8.483798971202001837e+01 4.072862002279533300e+01
-8.472914142902000378e+01 4.097382393179534432e+01
-8.461981495202000758e+01 4.121881507279534418e+01
-8.451003627002000940e+01 4.146360399579533151e+01
-8.439982890102001534e+01 4.170820030679534085e+01
-8.428921420602002001e+01 4.195261278279533457e+01
-8.417821165602001088e+01 4.219684946579533147e+01
-8.406683904702001087e+01 4.244091774779533210e+01
-8.395511270002000970e+01 4.268482443779533497e+01
-8.384304761802000883e+01 4.292857582679533124e+01
-8.373064013302000319e+01 4.317221559479533965e+01
-8.361793895602001214e+01 4.341567127079533606e+01
-8.350493744002001506e+01 4.365898798879533871e+01
-8.339164656302001788e+01 4.390217041879534321e+01
-8.327807652802000860e+01 4.414522291879533356e+01
-8.316423683602000949e+01 4.438814955979534460e+01
-8.305013635202000444e+01 4.463095415279533285e+01
-8.293578335602001061e+01 4.487364027079534168e+01
-8.282118559602001540e+01 4.511621126779534308e+01
-8.270635033202002262e+01 4.535867029279533114e+01
-8.259128437302000236e+01 4.560102031179533100e+01
-8.247599411702002214e+01 4.584326411679533209e+01
-8.236048558002001130e+01 4.608540434179533207e+01
-8.224476442402000487e+01 4.632744347379533423e+01
-8.212883598502001803e+01 4.656938385979534445e+01
-8.201270529602000181e+01 4.681122772079533689e+01
-8.189637716002000900e+01 4.705297704779533063e+01
-8.177985594502000311e+01 4.729463407879533321e+01
-8.166314596202001042e+01 4.753620055879533624e+01
-8.154625122302000761e+01 4.777767827979533166e+01
-8.142919479902001001e+01 4.801902923779534405e+01
-8.131194386002000840e+01 4.826033016479534155e+01
-8.119451914502000989e+01 4.850154682479533363e+01
-8.107692389502001618e+01 4.874268065279533602e+01
-8.095916118702001540e+01 4.898373300979533695e+01
-8.084123393602000363e+01 4.922470518879533330e+01
-8.072314491102001455e+01 4.946559841879533082e+01
-8.060489674102001345e+01 4.970641386479534418e+01
-8.048649192102000427e+01 4.994715263579534081e+01
-8.036793281902001240e+01 5.018781578479534033e+01
-8.024922168602002159e+01 5.042840430879534352e+01
-8.013036065602001656e+01 5.066891915779533662e+01
-8.001135175702002300e+01 5.090936123279534087e+01
-7.989219691302001536e+01 5.114973138779533457e+01
-7.977289794602000939e+01 5.139003043479534227e+01
-7.965345659002001355e+01 5.163025914179534226e+01
-7.953387448402001780e+01 5.187041823579533428e+01
-7.941415318202001572e+01 5.211050840779534354e+01
-7.929429415402002235e+01 5.235053030979533872e+01
-7.917429879302001439e+01 5.259048455579533510e+01
-7.905416841102001513e+01 5.283037172979533835e+01
-7.893390425002000654e+01 5.307019237779534393e+01
-7.881350747802001422e+01 5.330994701679534131e+01
-7.869297915102001184e+01 5.354963621979533883e+01
-7.857232042202001310e+01 5.378926019879533982e+01
-7.845153216402000851e+01 5.402881956879533476e+01
-7.833061529202001338e+01 5.426831470779533362e+01
-7.820957066202001329e+01 5.450774595979533643e+01
-7.808839907402001757e+01 5.474711363679534060e+01
-7.796710120402001110e+01 5.498641815279533063e+01
-7.784567778002001148e+01 5.522565968379533530e+01
-7.772412939802001119e+01 5.546483852779534374e+01
-7.760245662302001790e+01 5.570395491779533614e+01
-7.748065996402000621e+01 5.594300906279533336e+01
-7.735873987902000692e+01 5.618200114479534335e+01
-7.723669677902000785e+01 5.642093132079534001e+01
-7.711453102102001367e+01 5.665979972179533064e+01
-7.699224291702000755e+01 5.689860644979533078e+01
-7.686983273102001135e+01 5.713735158379534340e+01
-7.674730068002001815e+01 5.737603516979533680e+01
-7.662464693702001739e+01 5.761465722779534104e+01
-7.650187163102000909e+01 5.785321774279534424e+01
-7.637897484802000747e+01 5.809171666779533183e+01
-7.625595663702000593e+01 5.833015391679533224e+01
-7.613281700802001239e+01 5.856852936079533123e+01
-7.600955593502001761e+01 5.880684282079533176e+01
-7.588617336602001728e+01 5.904509406179533215e+01
-7.576266922302001205e+01 5.928328277879533204e+01
-7.563904341202001547e+01 5.952140857879533797e+01
-7.551527415502000906e+01 5.975951265079533670e+01
-7.539139946802001191e+01 5.999752103579533724e+01
-7.526740158302001760e+01 6.023546700579533564e+01
-7.514328014602001815e+01 6.047335019179534044e+01
-7.501903478902001154e+01 6.071117013179533473e+01
-7.489466513902000600e+01 6.094892624579534157e+01
-7.477017084202000774e+01 6.118661779479533180e+01
-7.464555158302000848e+01 6.142424383679533406e+01
-7.452080710802000851e+01 6.166180318879533928e+01
-7.439593720602000815e+01 6.189929444879533804e+01
-7.427094151602001659e+01 6.213671637479533416e+01
-7.414584063402001846e+01 6.237402785579534026e+01
-7.402061183902000607e+01 6.261126986279533213e+01
-7.389526706902000797e+01 6.284841746479533953e+01
-7.376973400002000858e+01 6.308560481979534273e+01
-7.364451258402000633e+01 6.332188608979533484e+01
-7.351818162202000906e+01 6.355993807879533364e+01
-7.339243105402000822e+01 6.379657233979533970e+01
-7.326629500402000872e+01 6.403360506179532763e+01
-7.314008637702001181e+01 6.427044416779533265e+01
-7.301375367402000904e+01 6.450718308079532903e+01
-7.288729359602001523e+01 6.474382436679533726e+01
-7.276070160802001396e+01 6.498037268779532383e+01
-7.263397452902000850e+01 6.521682993479532797e+01
-7.250770349502001011e+01 6.545209129079533739e+01
-7.238010696002001509e+01 6.568946908579532362e+01
-7.225293972402000975e+01 6.592569143479532556e+01
-7.212561636302001489e+01 6.616184316579533231e+01
-7.199820498102000954e+01 6.639779292579532921e+01
-7.187071529202000875e+01 6.663351778479533039e+01
-7.174309786402001521e+01 6.686910377479533452e+01
-7.161535556002000646e+01 6.710453977279533433e+01
-7.148680766302001643e+01 6.734107117979533541e+01
-7.135856750602000886e+01 6.757664186079533408e+01
-7.123004701802001648e+01 6.781232659079533676e+01
-7.110141055302001689e+01 6.804781619479533106e+01
-7.097261328402001368e+01 6.828318516479532718e+01
-7.084366891402001443e+01 6.851840036379533672e+01
-7.071452380802001869e+01 6.875355093379532434e+01
-7.058518828802000655e+01 6.898860873679532801e+01
-7.045567772602001355e+01 6.922353616579532343e+01
-7.032597746002001315e+01 6.945834965679533468e+01
-7.019608171402001062e+01 6.969304888179533464e+01
-7.006598437002001845e+01 6.992763348879533680e+01
-6.993570285702001854e+01 7.016206010779532676e+01
-6.980518318102001274e+01 7.039641310879532909e+01
-6.967450634002001664e+01 7.063053373879533581e+01
-6.954348419102001344e+01 7.086474437379533242e+01
-6.941224234502001877e+01 7.109880457479532367e+01
-6.928076005002000670e+01 7.133273521679532791e+01
-6.914906096102001243e+01 7.156647715779533314e+01
-6.901711062102000938e+01 7.180007341679532828e+01
-6.888490090702001112e+01 7.203351884679533157e+01
-6.875242278502001625e+01 7.226680854179532787e+01
-6.861966656702001899e+01 7.249993725379532350e+01
-6.848662191502000951e+01 7.273289922579533595e+01
-6.835327528002001429e+01 7.296569250279533492e+01
-6.821962235502000738e+01 7.319829702579532693e+01
-6.808564289302000816e+01 7.343071831879532851e+01
-6.795134504802001629e+01 7.366291027979532657e+01
-6.781667181602001904e+01 7.389493669279532639e+01
-6.768163044302001197e+01 7.412674717779533751e+01
-6.754620333002000621e+01 7.435833095579532426e+01
-6.741037128302001236e+01 7.458967613479532588e+01
-6.727411329902001569e+01 7.482076957079533486e+01
-6.713740620502001377e+01 7.505159686579533229e+01
-6.700022466702000656e+01 7.528214164479533110e+01
-6.686254046202000723e+01 7.551238592379533543e+01
-6.672432225002000905e+01 7.574230947579532369e+01
-6.658553500802001679e+01 7.597188952579533350e+01
-6.644613939402000824e+01 7.620110030279532509e+01
-6.630609096202000785e+01 7.642991246079533596e+01
-6.616533918802001324e+01 7.665829236679533665e+01
-6.602382623802000694e+01 7.688620118379533608e+01
-6.588148539402001802e+01 7.711359368679532622e+01
-6.573823902802001840e+01 7.734041671379533511e+01
-6.559399592002000645e+01 7.756660709879533044e+01
-6.544864774602001489e+01 7.779208876479532364e+01
-6.530206387802000734e+01 7.801676927879533707e+01
-6.515408510502001604e+01 7.824053340979533289e+01
-6.500451691302001223e+01 7.846323035679533575e+01
-6.485309899602000883e+01 7.868468474279532643e+01
-6.469950972802001843e+01 7.890463664479533179e+01
-6.454330840202001696e+01 7.912273997779533374e+01
-6.438387890502001198e+01 7.933849337279532676e+01
-6.422031317202001333e+01 7.955112455379533287e+01
-6.399526476401999986e+01 7.969359100779533378e+01
-6.374691320402001082e+01 7.979473494379533349e+01
-6.349156574002000042e+01 7.987687834279533661e+01
-6.323270033002000190e+01 7.994723083779533113e+01
-6.297178185702001230e+01 8.000938790279532498e+01
-6.270943795802001119e+01 8.006546060579533730e+01
-6.244612009901999983e+01 8.011677313379533416e+01
-6.218208077102000431e+01 8.016423799379532511e+01
-6.191748704502000322e+01 8.020851050979533170e+01
-6.165245495202000114e+01 8.025007969279532460e+01
-6.138706820502000738e+01 8.028932170779532385e+01
-6.112138909302000656e+01 8.032653314879533468e+01
-6.085546515802000300e+01 8.036195269879533498e+01
-6.058933347502000544e+01 8.039577577379533579e+01
-6.032302347902000150e+01 8.042816473479533101e+01
-6.005655892102000593e+01 8.045925620279533064e+01
-5.978995921902001243e+01 8.048916641379533132e+01
-5.952324044902000111e+01 8.051799523479533605e+01
-5.925641605602000794e+01 8.054582920679533231e+01
-5.898949739602000619e+01 8.057274390779532780e+01
-5.872249424601999834e+01 8.059880578579533505e+01
-5.845541467302000882e+01 8.062407367179532969e+01
-5.818826598801999950e+01 8.064859988479533115e+01
-5.792105443402000020e+01 8.067243123679533312e+01
-5.765378547002000431e+01 8.069560980179532805e+01
-5.738646389902000777e+01 8.071817355779532477e+01
-5.711909396701999952e+01 8.074015692379532538e+01
-5.685167944402000018e+01 8.076159120879533759e+01
-5.658422369202001079e+01 8.078250499279532448e+01
-5.631672972102000330e+01 8.080292444579532685e+01
-5.604920023702000975e+01 8.082287360279532606e+01
-5.578163767802001161e+01 8.084237460279533138e+01
-5.551404425001999954e+01 8.086144788479532508e+01
-5.524642195402000056e+01 8.088011237379532758e+01
-5.497877261302000562e+01 8.089838562379533471e+01
-5.471113837701999927e+01 8.091628127979532792e+01
-5.444344110102000656e+01 8.093381987979533676e+01
-5.417572138002000059e+01 8.095101297179533617e+01
-5.390798049502000566e+01 8.096787383679533434e+01
-5.364021962401999843e+01 8.098441491279533011e+01
-5.337243985502001209e+01 8.100064787579533743e+01
-5.310464219501999850e+01 8.101658369779532620e+01
-5.283682757302000965e+01 8.103223270679532675e+01
-5.256899693502000304e+01 8.104760463279532701e+01
-5.230115087701999954e+01 8.106270867679532444e+01
-5.203329029401999861e+01 8.107755351479532635e+01
-5.176541587702001124e+01 8.109214736579532712e+01
-5.149752826902000180e+01 8.110649801579532436e+01
-5.122962807302000243e+01 8.112061284979533582e+01
-5.096171585302000295e+01 8.113449887979533059e+01
-5.069379213702000442e+01 8.114816276979533427e+01
-5.042585742402000193e+01 8.116161086279532810e+01
-5.015791217902000909e+01 8.117484919579533198e+01
-4.988995700002001144e+01 8.118788351779532775e+01
-4.962199207802000700e+01 8.120071933379533391e+01
-4.935401789702000741e+01 8.121336188279532564e+01
-4.908603483002000445e+01 8.122581617579533031e+01
-4.881804322702000576e+01 8.123808700779532899e+01
-4.855004342002001039e+01 8.125017896679533180e+01
-4.828203572402001242e+01 8.126209644679532573e+01
-4.801402043702000100e+01 8.127384366279532912e+01
-4.774599784202001018e+01 8.128542465479533519e+01
-4.747796820602000167e+01 8.129684330279532389e+01
-4.720993178502001086e+01 8.130810333179533700e+01
-4.694188882002000440e+01 8.131920832379533692e+01
-4.667383954302000149e+01 8.133016172079533135e+01
-4.640578417102000941e+01 8.134096683779533521e+01
-4.613772291501999945e+01 8.135162686579532476e+01
-4.586965597202000566e+01 8.136214487579533738e+01
-4.560158353502000494e+01 8.137252383179533410e+01
-4.533350578402001219e+01 8.138276658879533443e+01
-4.506542289202000262e+01 8.139287590479533208e+01
-4.479733502502001130e+01 8.140285443779532670e+01
-4.452924234202000520e+01 8.141270475779532489e+01
-4.426114499402000746e+01 8.142242934679532596e+01
-4.399304312602000522e+01 8.143203060479532951e+01
-4.372493687702000642e+01 8.144151085079532493e+01
-4.345682638202000447e+01 8.145087233079533462e+01
-4.318871176601999906e+01 8.146011721679532513e+01
-4.292059315402000408e+01 8.146924761279532845e+01
-4.265247066202000070e+01 8.147826555479532828e+01
-4.238434440402000547e+01 8.148717301879533181e+01
-4.211621448902000253e+01 8.149597191679532671e+01
-4.184808102002001107e+01 8.150466410479532442e+01
-4.157994409802000035e+01 8.151325138379533541e+01
-4.131180382002001039e+01 8.152173549979532652e+01
-4.104366027802000616e+01 8.153011814779533495e+01
-4.077551356202000221e+01 8.153840097379533347e+01
-4.050736375801999856e+01 8.154658557779532657e+01
-4.023921094802000908e+01 8.155467351179532898e+01
-3.997105521402000505e+01 8.156266628679533426e+01
-3.970289663102000333e+01 8.157056536979533234e+01
-3.943473527502001019e+01 8.157837218779532407e+01
-3.916657121701999955e+01 8.158608812979532843e+01
-3.889840452502000545e+01 8.159371454479533270e+01
-3.863023526802000873e+01 8.160125274879533208e+01
-3.836206350902001105e+01 8.160870402179533301e+01
-3.809388931002001044e+01 8.161606960779532471e+01
-3.782571273202000128e+01 8.162335072179533313e+01
-3.755753383302000969e+01 8.163054854579533526e+01
-3.728935266902001189e+01 8.163766423079533752e+01
-3.702116929402000522e+01 8.164469889979532979e+01
-3.675298376102001185e+01 8.165165364679532445e+01
-3.648479612102000402e+01 8.165852953979532458e+01
-3.621660642302000355e+01 8.166532761779532734e+01
-3.594841471402001076e+01 8.167204889679533153e+01
-3.568022104002000816e+01 8.167869436579533726e+01
-3.541202544702000665e+01 8.168526499279532516e+01
-3.514382797601999897e+01 8.169176171979532342e+01
-3.487562867102000297e+01 8.169818546679533711e+01
-3.460742757102000411e+01 8.170453713279533758e+01
-3.433922471602000570e+01 8.171081759579533355e+01
-3.407102014302000015e+01 8.171702771279532840e+01
-3.380281389002001191e+01 8.172316831979533447e+01
-3.353460599202001191e+01 8.172924023679533434e+01
-3.326639648401999949e+01 8.173524426079532645e+01
-3.299818540001999878e+01 8.174118117279533635e+01
-3.272997277102000879e+01 8.174705173779533141e+01
-3.246175863002000739e+01 8.175285670079533418e+01
-3.219354300802000779e+01 8.175859678979533385e+01
-3.192532593302001231e+01 8.176427271979532918e+01
-3.165710743502000213e+01 8.176988518779532455e+01
-3.138888754102000433e+01 8.177543487479533724e+01
-3.112066628002001067e+01 8.178092244879533723e+01
-3.085244367602000892e+01 8.178634856079533222e+01
-3.058421975702000140e+01 8.179171384979532888e+01
-3.031599454502001123e+01 8.179701894079532565e+01
-3.004776806702000869e+01 8.180226444279533382e+01
-2.977954034401999905e+01 8.180745095479532836e+01
-2.951131140102000217e+01 8.181257906179533279e+01
-2.924308125702000183e+01 8.181764933679532703e+01
-2.897484993702000367e+01 8.182266233779533593e+01
-2.870661745801999842e+01 8.182761861479532683e+01
-2.843838384502000594e+01 8.183251870479533352e+01
-2.817014911202000604e+01 8.183736313179532829e+01
-2.790191328102000767e+01 8.184215241079533598e+01
-2.763367637002000521e+01 8.184688704479532362e+01
-2.736543839802001088e+01 8.185156752679533554e+01
-2.709719938002000816e+01 8.185619433979533710e+01
-2.682895933502000929e+01 8.186076795479533530e+01
-2.656071827902000138e+01 8.186528883479533647e+01
-2.629247622702001053e+01 8.186975743179533538e+01
-2.602423319502000965e+01 8.187417418979532613e+01
-2.575598919802001063e+01 8.187853954079533025e+01
-2.548774425002000754e+01 8.188285391079533326e+01
-2.521949836602001227e+01 8.188711771479533752e+01
-2.495125156002000466e+01 8.189133135879532688e+01
-2.468300384401999992e+01 8.189549524179533080e+01
-2.441475523102000267e+01 8.189960975279532818e+01
-2.414650573402000333e+01 8.190367527279532567e+01
-2.387825536401999926e+01 8.190769217379532563e+01
-2.361000413501999873e+01 8.191166082279532645e+01
-2.334175205602000602e+01 8.191558157479532554e+01
-2.307349913902000793e+01 8.191945477979533052e+01
-2.280524539402001238e+01 8.192328077879533055e+01
-2.253699083202000253e+01 8.192705990479532829e+01
-2.226873546202001108e+01 8.193079248479533305e+01
-2.200047929502000699e+01 8.193447883679533561e+01
-2.173222233902000511e+01 8.193811927379533699e+01
-2.146396460302000975e+01 8.194171409779532667e+01
-2.119570609702000041e+01 8.194526360779532581e+01
-2.092744682701999892e+01 8.194876809279533347e+01
-2.065918680301999899e+01 8.195222783679533052e+01
-2.039092603202001186e+01 8.195564311479533615e+01
-2.012266452102000613e+01 8.195901419679533717e+01
-1.985440227702000726e+01 8.196234134479533395e+01
-1.958613930802000169e+01 8.196562481479533346e+01
-1.931787562002001124e+01 8.196886485479532780e+01
-1.904961122102000814e+01 8.197206170879533715e+01
-1.878134611301999968e+01 8.197521561179533478e+01
-1.851308030402000071e+01 8.197832679179532533e+01
-1.824481379902000100e+01 8.198139547179532372e+01
-1.797654660402000815e+01 8.198442186779533358e+01
-1.770827872402001191e+01 8.198740618879533315e+01
-1.744001016202000898e+01 8.199034863779533566e+01
-1.717174092402000696e+01 8.199324940979532528e+01
-1.690347101402000618e+01 8.199610869579532846e+01
-1.663520043401999970e+01 8.199892667579533168e+01
-1.636692919101999877e+01 8.200170352879533198e+01
-1.609865728502000337e+01 8.200443942179532542e+01
-1.583038472102000327e+01 8.200713451779533614e+01
-1.556211150202000937e+01 8.200978897379532384e+01
-1.529383763002000052e+01 8.201240293679532556e+01
-1.502556310702001241e+01 8.201497654979533536e+01
-1.475728793502000968e+01 8.201750994679532880e+01
-1.448901211702000325e+01 8.202000325479532705e+01
-1.422073565402001094e+01 8.202245659579533310e+01
-1.395245854802001162e+01 8.202487008079532416e+01
-1.368418079902000528e+01 8.202724381679533394e+01
-1.341590240802000977e+01 8.202957789979532777e+01
-1.314762337602000031e+01 8.203187241979533439e+01
-1.287934370401999473e+01 8.203412745779533566e+01
-1.261106339102000362e+01 8.203634308779533058e+01
-1.234278243701999855e+01 8.203851937479532808e+01
-1.207450084102001853e+01 8.204065637379532916e+01
-1.180621860401999612e+01 8.204275413079533052e+01
-1.153793572402000933e+01 8.204481268479533185e+01
-1.126965220002001189e+01 8.204683206279533181e+01
-1.100136803001999652e+01 8.204881228179533537e+01
-1.073308321302000223e+01 8.205075334879532534e+01
-1.046479774701999332e+01 8.205265525979532981e+01
-1.019651162902000152e+01 8.205451799979533689e+01
-9.928224857020019556e+00 8.205634154079533005e+01
-9.659937427020004463e+00 8.205812584279533439e+01
-9.391649338019995241e+00 8.205987085179532414e+01
-9.123360584019998498e+00 8.206157650079532573e+01
-8.855071163020006964e+00 8.206324270679533583e+01
-8.586781071020006095e+00 8.206486937279532867e+01
-8.318490303019991927e+00 8.206645638379532670e+01
-8.050198854020017336e+00 8.206800360579532594e+01
-7.781906720020010937e+00 8.206951088979532472e+01
-7.513613895020007760e+00 8.207097806079532631e+01
-7.245320374020003840e+00 8.207240492779533270e+01
-6.977026151020005784e+00 8.207379127079532566e+01
-6.708731219020002357e+00 8.207513684679533128e+01
-6.440435572020000166e+00 8.207644138579533433e+01
-6.172139203020016396e+00 8.207770458579533113e+01
-5.903842104019993542e+00 8.207892611179532594e+01
-5.635544269019995056e+00 8.208010559479532731e+01
-5.367245688020013006e+00 8.208124262179532593e+01
-5.098946354020007732e+00 8.208233673879533399e+01
-4.830646259020006994e+00 8.208338744079533456e+01
-4.562345392020013435e+00 8.208439416879532757e+01
-4.294043745019997971e+00 8.208535630079532552e+01
-4.025741307019991666e+00 8.208627314779532469e+01
-3.757438069020004434e+00 8.208714393779533225e+01
-3.489134020020010496e+00 8.208796781279532695e+01
-3.220829149020012494e+00 8.208874380679533544e+01
-2.952523445020013071e+00 8.208947083679532852e+01
-2.684216897020014869e+00 8.209014767679532554e+01
-2.415909493020002685e+00 8.209077293679533227e+01
-2.147601222020007583e+00 8.209134502879533102e+01
-1.879292070020007310e+00 8.209186212679533412e+01
-1.610982027019993490e+00 8.209232211779533372e+01
-1.342671079020000713e+00 8.209272252979532425e+01
-1.074359217020010471e+00 8.209306044179533046e+01
-8.060464290200075599e-01 8.209333236179533344e+01
-5.377327040199946229e-01 8.209353404579533731e+01
-2.694180370199960595e-01 8.209366024979533449e+01
-1.102420020011322683e-03 8.209370434079532686e+01
2.672140409800006222e-01 8.209366094979533557e+01
5.355314169799993973e-01 8.209353538379532722e+01
8.038497699799831420e-01 8.209333428579533631e+01
1.072169285980002718e+00 8.209306290979533571e+01
1.340489876979993999e+00 8.209272550379533584e+01
1.608791033979990237e+00 8.209232559879532687e+01
1.877070945979987249e+00 8.209186613379533526e+01
2.145350762979994386e+00 8.209134955379532528e+01
2.413630605979982136e+00 8.209077797479532990e+01
2.681910460979985089e+00 8.209015322279533677e+01
2.950190347979990690e+00 8.208947688479533156e+01
3.218470292980008196e+00 8.208875035479533722e+01
3.486750317980003899e+00 8.208797485579532349e+01
3.755030447979997632e+00 8.208715147379533050e+01
4.023310710980005922e+00 8.208628117279532432e+01
4.291591217979991768e+00 8.208536481379533711e+01
4.559871785979986214e+00 8.208440316579533658e+01
4.828152598980004484e+00 8.208339691879533007e+01
5.096433683979988416e+00 8.208234669579533715e+01
5.364715068979982959e+00 8.208125305379533643e+01
5.632996781980004641e+00 8.208011649879533422e+01
5.901278851980002571e+00 8.207893748479533258e+01
6.169561308980000547e+00 8.207771642279533353e+01
6.437844180979986675e+00 8.207645368279533216e+01
6.706127743979998002e+00 8.207514959879533478e+01
6.974411730979987567e+00 8.207380447079532360e+01
7.242696313979983813e+00 8.207241857179532474e+01
7.510981545979994678e+00 8.207099214279533328e+01
7.779219155979994582e+00 8.206952566779533242e+01
8.047498505979994832e+00 8.206801885479532643e+01
8.315777876980000372e+00 8.206647210079533750e+01
8.584057269980000626e+00 8.206488555679533192e+01
8.852336688979981716e+00 8.206325935579532427e+01
9.120616136979997179e+00 8.206159361079532744e+01
9.388895616979986869e+00 8.205988842179533549e+01
9.657175129979997052e+00 8.205814386979533026e+01
9.925454676979988733e+00 8.205636002179532795e+01
1.019373425698000091e+01 8.205453693279532956e+01
1.046201387097999458e+01 8.205267464079533113e+01
1.073029351397999420e+01 8.205077317479532439e+01
1.099857318197998524e+01 8.204883254879533183e+01
1.126685286797998486e+01 8.204685276779532899e+01
1.153513256298000300e+01 8.204483382479533304e+01
1.180341225398000660e+01 8.204277570279532483e+01
1.207169192297998705e+01 8.204067837279532682e+01
1.233997154997998535e+01 8.203854179779533240e+01
1.260825110697998497e+01 8.203636593079532702e+01
1.287653055998000440e+01 8.203415071779532752e+01
1.314480986497999737e+01 8.203189609279533556e+01
1.341308896998000222e+01 8.202960198379533097e+01
1.368136780898000637e+01 8.202726830879532827e+01
1.394973467898000052e+01 8.202489419179532604e+01
1.421801874197998217e+01 8.202248104479532742e+01
1.448630331297999163e+01 8.202002802979532703e+01
1.475458840097999058e+01 8.201753503579533344e+01
1.502287400697999686e+01 8.201500193979532582e+01
1.529116012697999594e+01 8.201242861579532928e+01
1.555944674397999705e+01 8.200981492779533255e+01
1.582773383497998765e+01 8.200716073379533100e+01
1.609602135297998160e+01 8.200446588479533716e+01
1.636430923898000600e+01 8.200173022679533119e+01
1.663259740698000400e+01 8.199895359579532794e+01
1.690088574897998086e+01 8.199613582379532772e+01
1.716917393797998415e+01 8.199327673779532688e+01
1.743746193397998212e+01 8.199037615579533167e+01
1.770574935697998598e+01 8.198743389279533744e+01
1.797403580397999434e+01 8.198444975579532468e+01
1.824232075098000649e+01 8.198142354979532342e+01
1.851060352897999195e+01 8.197835507279532408e+01
1.877888330097999159e+01 8.197524411879533091e+01
1.904715907197998348e+01 8.197209048079533034e+01
1.931542979598000187e+01 8.196889394079532565e+01
1.958369475997999842e+01 8.196565427679533400e+01
1.985195519498000039e+01 8.196237123079532694e+01
2.012014212097999888e+01 8.195904541979533064e+01
2.038834645797998490e+01 8.195567547179533108e+01
2.065654108297999159e+01 8.195226146379532395e+01
2.092487265497998550e+01 8.194880122779532883e+01
2.119286652497998347e+01 8.194530065879533254e+01
2.146103848498000133e+01 8.194175277579533656e+01
2.172934776697999126e+01 8.193815774879533365e+01
2.199756484397999401e+01 8.193451834379533238e+01
2.226608393698000299e+01 8.193082885279532945e+01
2.253438982997999318e+01 8.192709602079533227e+01
2.280487974397998840e+01 8.192328565979532584e+01
2.307109328198000497e+01 8.191948899779532667e+01
2.333890747097998286e+01 8.191562258679533670e+01
2.360711286497998884e+01 8.191170302379532586e+01
2.387536375798000421e+01 8.190773489379533601e+01
2.414380861997999972e+01 8.190371558079533543e+01
2.441232009797999325e+01 8.189964655379533554e+01
2.468073383698000356e+01 8.189552993879533460e+01
2.494921146897998909e+01 8.189136288179533096e+01
2.521765738697998671e+01 8.188714646679532905e+01
2.548603523997999076e+01 8.188288089479533483e+01
2.575438734298000298e+01 8.187856511179532504e+01
2.602271545997998459e+01 8.187419868479533136e+01
2.629102337797998956e+01 8.186978114079532531e+01
2.655931473797999587e+01 8.186531199479533427e+01
2.682759273897999464e+01 8.186079075979533570e+01
2.709586012097999941e+01 8.185621694179532426e+01
2.736411925498000386e+01 8.185159004279533690e+01
2.763237219198000361e+01 8.184690955879533192e+01
2.790062061497999224e+01 8.184217498079533470e+01
2.816886567098000427e+01 8.183738579579532768e+01
2.843710766897998354e+01 8.183254149779533293e+01
2.870534564897999275e+01 8.182764158979533420e+01
2.897357683198000444e+01 8.182268559979533507e+01
2.924179593197998628e+01 8.181767309379533515e+01
2.950999428598000662e+01 8.181260369579533176e+01
2.977815861498000771e+01 8.180747711179533610e+01
3.004627035998000650e+01 8.180229315279532898e+01
3.031431911597999118e+01 8.179705147179532787e+01
3.058216426897998730e+01 8.179175430979533701e+01
3.085018764098000332e+01 8.178639351279532832e+01
3.111794871297998810e+01 8.178097729879533517e+01
3.138622522797998471e+01 8.177548920979532454e+01
3.165505135097998135e+01 8.176992752579532464e+01
3.192520936797998132e+01 8.176427472579533173e+01
3.219086071597998711e+01 8.175865341579533663e+01
3.245977691998000836e+01 8.175289888979533259e+01
3.272856518697999917e+01 8.174708190979532674e+01
3.299706939497999514e+01 8.174120526879532633e+01
3.326528112897999989e+01 8.173526861379532704e+01
3.353279883697998542e+01 8.172928043779532459e+01
3.380067554198000579e+01 8.172321651579532897e+01
3.407009552697999055e+01 8.171704851079533682e+01
3.433882558097999294e+01 8.171082639379532964e+01
3.460727807897998076e+01 8.170454015179532803e+01
3.487560140897999617e+01 8.169818560879532754e+01
3.514385925997998328e+01 8.169176045379532525e+01
3.541208382897999485e+01 8.168526305179533153e+01
3.568029013197999433e+01 8.167869213979533072e+01
3.594848367797998634e+01 8.167204664779532663e+01
3.621666693797998704e+01 8.166532555579533437e+01
3.648484371197999820e+01 8.165852778379533561e+01
3.675302247597999639e+01 8.165165209979532790e+01
3.702121690297999379e+01 8.164469710279533388e+01
3.728940928297998170e+01 8.163766217579532736e+01
3.755759933998000832e+01 8.163054622979532837e+01
3.782578714897999106e+01 8.162334813879533613e+01
3.809397265097998542e+01 8.161606675079532636e+01
3.836215578298000395e+01 8.160870088479532569e+01
3.863033647997999509e+01 8.160124932579533663e+01
3.889851467497998527e+01 8.159371082879532366e+01
3.916669029798000423e+01 8.158608411479532663e+01
3.943486327597999974e+01 8.157836786779533611e+01
3.970303682397999268e+01 8.157056064179532484e+01
3.997120732798000375e+01 8.156266114979533199e+01
4.023937179698000222e+01 8.155466805179533196e+01
4.050753061398000199e+01 8.154657986979533746e+01
4.077568409197998989e+01 8.153839508479532583e+01
4.104383263097999901e+01 8.153011213079533093e+01
4.131197621597998904e+01 8.152172940879532348e+01
4.158011508597999040e+01 8.151324526379532642e+01
4.184824935497999121e+01 8.150465799579532700e+01
4.211637909998000140e+01 8.149596585379532598e+01
4.238450437098000378e+01 8.148716703379533044e+01
4.265262518797998581e+01 8.147825967879532527e+01
4.292074154997998647e+01 8.146924187079532942e+01
4.318885343697998991e+01 8.146011163379533571e+01
4.345696080997998223e+01 8.145086692879533530e+01
4.372506361398000507e+01 8.144150565079533521e+01
4.399316177997999233e+01 8.143202562479532958e+01
4.426125522497999754e+01 8.142242460679533167e+01
4.452934385398000217e+01 8.141270027479532700e+01
4.479742756097999035e+01 8.140285022879533017e+01
4.506550622797998784e+01 8.139287198479533458e+01
4.533357972498000521e+01 8.138276297479532673e+01
4.560164791298000608e+01 8.137252053679533503e+01
4.586971064097999573e+01 8.136214191579533406e+01
4.613776774897998934e+01 8.135162425379533602e+01
4.640581906298000803e+01 8.134096458979533395e+01
4.667386439997999759e+01 8.133015984879533278e+01
4.694190356498000227e+01 8.131920684179533509e+01
4.720993635298000157e+01 8.130810225379532596e+01
4.747796254397999149e+01 8.129684264179533670e+01
4.774598190597998126e+01 8.128542442579532690e+01
4.801399436598000392e+01 8.127384387179533576e+01
4.828203045097998114e+01 8.126209574079533127e+01
4.855006517797999521e+01 8.125017703879532860e+01
4.881809040097999031e+01 8.123808389679533093e+01
4.908608301198000134e+01 8.122581297179533522e+01
4.935412415397998842e+01 8.121335591079532890e+01
4.962212004098000051e+01 8.120071223979533670e+01
4.989009558097998109e+01 8.118787580179532881e+01
5.015805179598000763e+01 8.117484130779533302e+01
5.042598979397998704e+01 8.116160321179532389e+01
5.069390901298000784e+01 8.114815578079533509e+01
5.096180531297999750e+01 8.113449318679532496e+01
5.122966966297999392e+01 8.112060956479533047e+01
5.149748789398000071e+01 8.110649903079533374e+01
5.176522368897999371e+01 8.109215659879532723e+01
5.203290950697998341e+01 8.107757326779533003e+01
5.230048742598000189e+01 8.106274457379532805e+01
5.256773631198000629e+01 8.104767513279533375e+01
5.283586625597998676e+01 8.103228713979532927e+01
5.310368538997999366e+01 8.101663885879533211e+01
5.337142805597999740e+01 8.100070736179533526e+01
5.363904414097998341e+01 8.098448553679533291e+01
5.390661261697999151e+01 8.096795781679533377e+01
5.417473947798000466e+01 8.095107405579533122e+01
5.444186891397998096e+01 8.093392046579532462e+01
5.470892973798000725e+01 8.091642603279532864e+01
5.497709736397998626e+01 8.089849735879532489e+01
5.524540973497999374e+01 8.088018074279533209e+01
5.551275086698000649e+01 8.086153756179533048e+01
5.578049315297999300e+01 8.084245554879532847e+01
5.604818140997999620e+01 8.082294713179533119e+01
5.631573091097998685e+01 8.080299818479532803e+01
5.658323930598000828e+01 8.078257938979533037e+01
5.685070215297999852e+01 8.076166688079533174e+01
5.711810988897999408e+01 8.074023506879532874e+01
5.738548032598000503e+01 8.071825370679532341e+01
5.765278954397998490e+01 8.069569317179532675e+01
5.792003213698000508e+01 8.067251925179533600e+01
5.818725964497999570e+01 8.064868899679532888e+01
5.845439226897999418e+01 8.062416694779533088e+01
5.872145680197998985e+01 8.059890340679532983e+01
5.898837874398000025e+01 8.057285274079532655e+01
5.925541743697998953e+01 8.054592940779532739e+01
5.952224003797999075e+01 8.051809916279533752e+01
5.978897403597999727e+01 8.048927251279532413e+01
6.005558228597998749e+01 8.045936545679532514e+01
6.032205101497998356e+01 8.042827798479532930e+01
6.058836215697998995e+01 8.039589381679533631e+01
6.085449279897999730e+01 8.036207635579532393e+01
6.112041416798000881e+01 8.032666329879532441e+01
6.138608967498000624e+01 8.028945933979532867e+01
6.165147215798000246e+01 8.025022596079533344e+01
6.191649965397999011e+01 8.020866681179532520e+01
6.218108875198000618e+01 8.016440607479533753e+01
6.244512374797999854e+01 8.011695525279533570e+01
6.270843796397999625e+01 8.006565980079533063e+01
6.297077947497998451e+01 8.000960845279533373e+01
6.323174263797999828e+01 7.994746778079533556e+01
6.349061513998000095e+01 7.987715064579532509e+01
6.374595866097998709e+01 7.979506690979532380e+01
6.399434565597999125e+01 7.969401675479532798e+01
6.421967502097997738e+01 7.955190724579533423e+01
6.438325761197999952e+01 7.933929225979532873e+01
6.454270073797998464e+01 7.912355266379533703e+01
6.469891393997998819e+01 7.890546146779533387e+01
6.485248976697998557e+01 7.868555567179532773e+01
6.500392066997999052e+01 7.846410793679532958e+01
6.515350599097997986e+01 7.824140992379533088e+01
6.530149748798000076e+01 7.801765013579533559e+01
6.544809344197999224e+01 7.779297411679533525e+01
6.559345332597997924e+01 7.756749691179533102e+01
6.573770766698000045e+01 7.734131126379533328e+01
6.588096490597997956e+01 7.711449318579532530e+01
6.602331623497998692e+01 7.688710597579533612e+01
6.616483946997998089e+01 7.665920256079533601e+01
6.630560123997999256e+01 7.643082835379533435e+01
6.644565939297997659e+01 7.620202221279532750e+01
6.658506446097997866e+01 7.597281779279532543e+01
6.672386088797999548e+01 7.574324446279533163e+01
6.686210775797998451e+01 7.551329508979533500e+01
6.699979872697998928e+01 7.528306130579532862e+01
6.713698688597999364e+01 7.505252726379532646e+01
6.727370037297997385e+01 7.482171109679532606e+01
6.740996456197997588e+01 7.459062911779533067e+01
6.754580253497998399e+01 7.435929587979532585e+01
6.768123516697998809e+01 7.412772475579532738e+01
6.781628156397998453e+01 7.389592779179533011e+01
6.795095923497997603e+01 7.366391592979533698e+01
6.808528422997999030e+01 7.343169920979532606e+01
6.821927133298000001e+01 7.319928681779532553e+01
6.835293418697999357e+01 7.296668719379533741e+01
6.848628541097998834e+01 7.273390810979533683e+01
6.861933670897998638e+01 7.250095673579532729e+01
6.875209895197998833e+01 7.226783970379533173e+01
6.888458225798000001e+01 7.203456315979532576e+01
6.901679606597998884e+01 7.180113280679533716e+01
6.914874927797997373e+01 7.156755379079532986e+01
6.928045001797998736e+01 7.133383127079532926e+01
6.941190607397997780e+01 7.109996974679532400e+01
6.954312470397998425e+01 7.086597350779533144e+01
6.967411272797998834e+01 7.063184656279533158e+01
6.980487656797997431e+01 7.039759265979533609e+01
6.993539881897997645e+01 7.016325745679533554e+01
7.006572741597999254e+01 6.992876844979532791e+01
7.019584831598000108e+01 6.969416357179532895e+01
7.032576655397998877e+01 6.945944582979532811e+01
7.045548688297999718e+01 6.922461805779532540e+01
7.058501380097997924e+01 6.898968293479532576e+01
7.071435156097997776e+01 6.875464299579533645e+01
7.084350418897999191e+01 6.851950063479533526e+01
7.097247550097999635e+01 6.828425812479532908e+01
7.110126910997998095e+01 6.804891761979533271e+01
7.122988844297999833e+01 6.781348116679532723e+01
7.135833674697998674e+01 6.757795071079533500e+01
7.148661710097998423e+01 6.734232810679533543e+01
7.161473242597999445e+01 6.710661512079532542e+01
7.174268548997999062e+01 6.687081344179533460e+01
7.187047891497998364e+01 6.663492468779533340e+01
7.199811518597998372e+01 6.639895040979533292e+01
7.212559665597997594e+01 6.616289209879532507e+01
7.225292554797998434e+01 6.592675119579533316e+01
7.238010396097998012e+01 6.569052909579532695e+01
7.250715622897998003e+01 6.545418554279532941e+01
7.263404350397998144e+01 6.521779757379533748e+01
7.276078652697999871e+01 6.498133117679533655e+01
7.288738703097997984e+01 6.474478744779533201e+01
7.301384665197998913e+01 6.450816744279532600e+01
7.314016693297999439e+01 6.427147218179533184e+01
7.326634923997998783e+01 6.403470281379533446e+01
7.339239503997997360e+01 6.379786011179533745e+01
7.351830555397999944e+01 6.356094511479533793e+01
7.364408196197997825e+01 6.332395876879534313e+01
7.376972535797999342e+01 6.308690200579533069e+01
7.389523674997998626e+01 6.284977574979533443e+01
7.402061706697999455e+01 6.261258091679533067e+01
7.414586716197997873e+01 6.237531841179534098e+01
7.427098781697999641e+01 6.213798911879533904e+01
7.439597975997999413e+01 6.190059387979533057e+01
7.452084369397998387e+01 6.166313344279533482e+01
7.464558034697999744e+01 6.142560836279533731e+01
7.477019058397998208e+01 6.118801880179534436e+01
7.489467569297998750e+01 6.095036397379534066e+01
7.501900767497998856e+01 6.071269897279534433e+01
7.514323085398000046e+01 6.047494053579533357e+01
7.526732779797997352e+01 6.023712326679534357e+01
7.539130149097998412e+01 5.999924261679533544e+01
7.551515818097998078e+01 5.976128762179533993e+01
7.563896999497997342e+01 5.952312032879533632e+01
7.576277298597999277e+01 5.928467149879534048e+01
7.588606987197998421e+01 5.904690057979534146e+01
7.600925015497999482e+01 5.880905837279534154e+01
7.613244581997999205e+01 5.857088997679533549e+01
7.625557072197999275e+01 5.833256159079534342e+01
7.637862024097999836e+01 5.809408202879533434e+01
7.650153123597998217e+01 5.785557366379533306e+01
7.662451048797997544e+01 5.761663460279533666e+01
7.674718875997997714e+01 5.737798207379534432e+01
7.686975329697999371e+01 5.713925220679534078e+01
7.699219519197997386e+01 5.690046196479533336e+01
7.711451113297998461e+01 5.666161734079533829e+01
7.723671880497998643e+01 5.642268317479533124e+01
7.735877460297997743e+01 5.618374405379534409e+01
7.748070664397998542e+01 5.594474420979533846e+01
7.760251402297997458e+01 5.570568446179533595e+01
7.772419616597998981e+01 5.546656485579533324e+01
7.784575260997998214e+01 5.522738509479533064e+01
7.796718290397997464e+01 5.498814472879534065e+01
7.808848656497998775e+01 5.474884323979534173e+01
7.820966304997999430e+01 5.450948008679534240e+01
7.833071175197999025e+01 5.427005472079533632e+01
7.845163199197999404e+01 5.403056658979533466e+01
7.857242301897998971e+01 5.379101514179533439e+01
7.869308400697998707e+01 5.355139982079533212e+01
7.881361410497997610e+01 5.331171996379533340e+01
7.893401220797998974e+01 5.307197525979534447e+01
7.905427736497999547e+01 5.283216492379533946e+01
7.917440843897999514e+01 5.259228837179534111e+01
7.929440421697999852e+01 5.235234499479533810e+01
7.941426341297999159e+01 5.211233415379533795e+01
7.953398465697999598e+01 5.187225517979533862e+01
7.965356649797998045e+01 5.163210737679533935e+01
7.977300739997998846e+01 5.139189001479534369e+01
7.989230573397999535e+01 5.115160233179533833e+01
8.001145978197997977e+01 5.091124352979533541e+01
8.013046772698000098e+01 5.067081277279533680e+01
8.024932765197998208e+01 5.043030918479534108e+01
8.036803753597997968e+01 5.018973184579534319e+01
8.048659524497999485e+01 4.994907979179533442e+01
8.060499853397998038e+01 4.970835200779533380e+01
8.072324503397997830e+01 4.946754743179533165e+01
8.084133225097998832e+01 4.922666494179534169e+01
8.095925755597998830e+01 4.898570336379533074e+01
8.107701818097997659e+01 4.874466145779533832e+01
8.119461120697998524e+01 4.850353792279533849e+01
8.131203355697998347e+01 4.826233138679533141e+01
8.142928198897998016e+01 4.802104040679534336e+01
8.154635308297999075e+01 4.777966346179534440e+01
8.166324322697998639e+01 4.753819895079534064e+01
8.177994861297999307e+01 4.729664518479533086e+01
8.189646521598000106e+01 4.705500038179533107e+01
8.201278878097998870e+01 4.681326266179534201e+01
8.212891480997997462e+01 4.657143004179533108e+01
8.224483854097998403e+01 4.632950042479533437e+01
8.236055492997998329e+01 4.608747159579534269e+01
8.247605862897999884e+01 4.584534120879533958e+01
8.259134389897998574e+01 4.560310691779533698e+01
8.270640482198000143e+01 4.536076586479533290e+01
8.282123494097997707e+01 4.511831535579533892e+01
8.293582743297999116e+01 4.487575243079533749e+01
8.305017502597998202e+01 4.463307393779533783e+01
8.316426995797998245e+01 4.439027652479533259e+01
8.327810393697997426e+01 4.414735661779533160e+01
8.339166808497999739e+01 4.390431040579533573e+01
8.350495288497999979e+01 4.366113381279533456e+01
8.361794811997999943e+01 4.341782247979534048e+01
8.373064279697997847e+01 4.317437173279534335e+01
8.384302506997998705e+01 4.293077655179533991e+01
8.395508214297997540e+01 4.268703153779534176e+01
8.406680016897998087e+01 4.244313086879534325e+01
8.417816412197997522e+01 4.219906825879534296e+01
8.428915765997997767e+01 4.195483689779533876e+01
8.439976296197998806e+01 4.171042939779534464e+01
8.450992247997997708e+01 4.146592237779534429e+01
8.461970999597998855e+01 4.122109553779534252e+01
8.472902647497998885e+01 4.097610700379534165e+01
8.483786408897999820e+01 4.073090576779534189e+01
8.494619393297999466e+01 4.048548030279533094e+01
8.505398374597997702e+01 4.023981798279533706e+01
8.516119760197999256e+01 3.999390435979534431e+01
8.526779502197997829e+01 3.974772341879533855e+01
8.537373019697999155e+01 3.950125719079533582e+01
8.547893589897999789e+01 3.925452087079533925e+01
8.558338638897997441e+01 3.900741139279534053e+01
8.568699250797997991e+01 3.875994922879534244e+01
8.578967374897997900e+01 3.851210384079534066e+01
8.589133522997998682e+01 3.826383993579533893e+01
8.599186387297997669e+01 3.801511629779533763e+01
8.609112318397997399e+01 3.776588421379533855e+01
8.618893040397999528e+01 3.751612534179533753e+01
8.628510726597998826e+01 3.726569155779534270e+01
8.637937332397997636e+01 3.701453267579534412e+01
8.647138139297997839e+01 3.676253822279533523e+01
8.656066312797999274e+01 3.650956543579533076e+01
8.664656065097999260e+01 3.625542441179533881e+01
8.672809945598000070e+01 3.599985305679533809e+01
8.680372602897999457e+01 3.574247402079533487e+01
8.687068221797999001e+01 3.548271529779534461e+01
8.681254571697998301e+01 3.533063884279533085e+01
8.654810970597999642e+01 3.537582139379534141e+01
8.628330467997999165e+01 3.541879257079533971e+01
8.601819819297999459e+01 3.545986585279533898e+01
8.575284026797997683e+01 3.549928619279533137e+01
8.548726940598000112e+01 3.553724924079534020e+01
8.522151568697999835e+01 3.557391423779534279e+01
8.495560310997997533e+01 3.560941283979533267e+01
8.468955112897999982e+01 3.564385538179534052e+01
8.442337554597999372e+01 3.567733544179534277e+01
8.415708993698000029e+01 3.570993313379533873e+01
8.389070537997999111e+01 3.574171775779533533e+01
8.362423136797998779e+01 3.577274969779534075e+01
8.335767603097998801e+01 3.580308195779533520e+01
8.309104637197999921e+01 3.583276137279533913e+01
8.282434846797998773e+01 3.586182956579533965e+01
8.255758761698000114e+01 3.589032372879534449e+01
8.229076845797997919e+01 3.591827725979533881e+01
8.202389506597999969e+01 3.594572028379533180e+01
8.175697102897997581e+01 3.597268008479533563e+01
8.148999950697999850e+01 3.599918147179533179e+01
8.122298327797999207e+01 3.602524708179533519e+01
8.095597461497997926e+01 3.605089289079533188e+01
8.068888648997999269e+01 3.607614651679534035e+01
8.042176219197999387e+01 3.610102148479533213e+01
8.015460378197998637e+01 3.612553394779533988e+01
7.988741297897998095e+01 3.614969887079534061e+01
7.962019144097997980e+01 3.617353012579533100e+01
7.935294069297999897e+01 3.619704061179533738e+01
7.908566214697999897e+01 3.622024234479533078e+01
7.881835713097997598e+01 3.624314653779533302e+01
7.855102691897998568e+01 3.626576367379534105e+01
7.828361701997998523e+01 3.628810819779533148e+01
7.801633265197999378e+01 3.631017241079533875e+01
7.774894235397998443e+01 3.633198426379534141e+01
7.748153126997998186e+01 3.635354491679533595e+01
7.721410023097998021e+01 3.637486206279533718e+01
7.694665001097997958e+01 3.639594296179533472e+01
7.667918133197998998e+01 3.641679447779534229e+01
7.641169486597998173e+01 3.643742310279534280e+01
7.614419141097998533e+01 3.645783498079533302e+01
7.587667130897999357e+01 3.647803596579533547e+01
7.560913521898000056e+01 3.649803159479534287e+01
7.534158366397998918e+01 3.651782713479533271e+01
7.507401713197999982e+01 3.653742760179533633e+01
7.480639390797999511e+01 3.655684081479534342e+01
7.453880110397999204e+01 3.657606504279534221e+01
7.427119467897999527e+01 3.659510786979533492e+01
7.400357499797998173e+01 3.661397344579533097e+01
7.373594239897998648e+01 3.663266573879533183e+01
7.346829720397998642e+01 3.665118854279533167e+01
7.320063970797998820e+01 3.666954548979533257e+01
7.293297019297999384e+01 3.668774006179533131e+01
7.266528892097998948e+01 3.670577559479533392e+01
7.239759613397997384e+01 3.672365528979533877e+01
7.212989205997997999e+01 3.674138221879534427e+01
7.186217690797998614e+01 3.675895933479534250e+01
7.159445086997997976e+01 3.677638947679533743e+01
7.132671411997999655e+01 3.679367537279534162e+01
7.105896681497999623e+01 3.681081964979534149e+01
7.079120921297997882e+01 3.682782483179533273e+01
7.052344115397998792e+01 3.684469337379534437e+01
7.025566290397999580e+01 3.686142761579534266e+01
6.998787453597999786e+01 3.687802982679533415e+01
6.972007609097998682e+01 3.689450219479534354e+01
6.945226758297998515e+01 3.691084683479534334e+01
6.918444898797999087e+01 3.692706579279533941e+01
6.891662023697999473e+01 3.694316104479533891e+01
6.864878121097997621e+01 3.695913450579534043e+01
6.838097709198000018e+01 3.697498535479534354e+01
6.811312608597999940e+01 3.699072022279533911e+01
6.784522889897998255e+01 3.700634074479533098e+01
6.757736554897998360e+01 3.702184393079533464e+01
6.730949243098000068e+01 3.703723395079533276e+01
6.704160939897998617e+01 3.705251238079534204e+01
6.677371648097998502e+01 3.706768073879533887e+01
6.650581347097998730e+01 3.708274050679533929e+01
6.623790015297997513e+01 3.709769312579533818e+01
6.596997624197997823e+01 3.711253999679534132e+01
6.570204139597997539e+01 3.712728247979533336e+01
6.543409525297998641e+01 3.714192190079533162e+01
6.516613733197998215e+01 3.715645954879533264e+01
6.489810937597998475e+01 3.717089978179533460e+01
6.463008670897998797e+01 3.718523971279534379e+01
6.436198222397997881e+01 3.719948513279533842e+01
6.409392156698000065e+01 3.721363048679533136e+01
6.382595395998000498e+01 3.722767436079534065e+01
6.355798201498000566e+01 3.724162298779533131e+01
6.329020080097998147e+01 3.725546735979533963e+01
6.302234492598000060e+01 3.726922227979533631e+01
6.275446592397999979e+01 3.728288604379533666e+01
6.248660077897999798e+01 3.729645772679533167e+01
6.221867890498000264e+01 3.730994182579534169e+01
6.195074856697998911e+01 3.732333679679533844e+01
6.168281045098000703e+01 3.733664349079533196e+01
6.141486503397998575e+01 3.734986274979534215e+01
6.114691272397998745e+01 3.736299539679533410e+01
6.087895385798000092e+01 3.737604223679533533e+01
6.061098870597998456e+01 3.738900405779533997e+01
6.034301748097998797e+01 3.740188163379533393e+01
6.007504034897998935e+01 3.741467571879534404e+01
5.980705742797999136e+01 3.742738705279533207e+01
5.953902740398000759e+01 3.744001830279534460e+01
5.927104267297999485e+01 3.745256582979533988e+01
5.900305046897999972e+01 3.746503281779533978e+01
5.873505109897998722e+01 3.747741992879533512e+01
5.846709048797998065e+01 3.748972571879533433e+01
5.819908675897999473e+01 3.750195459579533264e+01
5.793107777697999694e+01 3.751410544679533388e+01
5.766306372897999921e+01 3.752617887779533845e+01
5.739504477697999363e+01 3.753817548379533520e+01
5.712702105797998087e+01 3.755009584779534038e+01
5.685899269197999928e+01 3.756194053779534414e+01
5.659095977698000723e+01 3.757371011279533235e+01
5.632292240198000144e+01 3.758540511879534307e+01
5.605488062098000768e+01 3.759702609079533175e+01
5.578683456097999027e+01 3.760857354879534142e+01
5.551878432097998228e+01 3.762004800279533612e+01
5.525072965397998104e+01 3.763144996679533705e+01
5.498267092597998129e+01 3.764277991679534097e+01
5.471460807298000617e+01 3.765403833579534165e+01
5.444654113397998429e+01 3.766522569479533189e+01
5.417847015297999036e+01 3.767634245179534247e+01
5.391039517498000322e+01 3.768738905779533610e+01
5.364231624897998785e+01 3.769836594979533828e+01
5.337423343197999515e+01 3.770927355879533849e+01
5.310614679298000596e+01 3.772011230479534305e+01
5.283805641497999517e+01 3.773088259979534342e+01
5.256996239898000312e+01 3.774158484379534428e+01
5.230186487398000139e+01 3.775221942979533907e+01
5.203371584897998758e+01 3.776278863279534193e+01
5.176559898397999149e+01 3.777328952979534193e+01
5.149747645298000265e+01 3.778372398979534097e+01
5.122934840298000125e+01 3.779409236979534370e+01
5.096121458397998794e+01 3.780439503679533431e+01
5.069308342798000666e+01 3.781463201879534353e+01
5.042498882698000529e+01 3.782480238079534018e+01
5.015689171298000559e+01 3.783490795679534102e+01
4.988879211497998512e+01 3.784494907679533782e+01
4.962069006097998880e+01 3.785492606179533226e+01
4.935258557898000475e+01 3.786483922779533628e+01
4.908447869397999597e+01 3.787468888579534365e+01
4.881636943398000739e+01 3.788447533779534382e+01
4.854825782497999143e+01 3.789419888079533649e+01
4.828014389297998576e+01 3.790385980679533162e+01
4.801202766197999239e+01 3.791345840179533155e+01
4.774390915698000271e+01 3.792299494479534161e+01
4.747578840397999755e+01 3.793246970979533472e+01
4.720766542498000007e+01 3.794188296579533670e+01
4.693954036598000101e+01 3.795123497179533700e+01
4.667141300197999243e+01 3.796052599479533995e+01
4.640328348298000805e+01 3.796975628379534129e+01
4.613515183198000358e+01 3.797892608579534368e+01
4.586701807098000216e+01 3.798803564479533890e+01
4.559888222097998067e+01 3.799708519879533952e+01
4.533074430597999793e+01 3.800607498079533997e+01
4.506260434497999512e+01 3.801500521979533431e+01
4.479446235997999537e+01 3.802387613979534109e+01
4.452631837198000397e+01 3.803268796179533950e+01
4.425817239997999053e+01 3.804144089979534016e+01
4.399002446598000660e+01 3.805013516579533217e+01
4.372187458897999335e+01 3.805877096679534333e+01
4.345372278897999507e+01 3.806734850479534060e+01
4.318556898697999458e+01 3.807586798279533724e+01
4.291741343297999123e+01 3.808432958679534153e+01
4.264925600297998898e+01 3.809273351279534126e+01
4.238109671797999312e+01 3.810107994879533777e+01
4.211293559698000166e+01 3.810936907579533539e+01
4.184477265897998421e+01 3.811760107479533843e+01
4.157660792597999233e+01 3.812577612079534362e+01
4.130844141397999891e+01 3.813389438579533675e+01
4.104029369697999385e+01 3.814195542379533066e+01
4.077214806698000160e+01 3.814995991079533866e+01
4.050400070698000121e+01 3.815790812179533731e+01
4.023585163498000128e+01 3.816580021779534349e+01
3.996770086297998859e+01 3.817363635279533440e+01
3.969954840598000345e+01 3.818141667979534049e+01
3.943139427797998309e+01 3.818914134579534192e+01
3.916323862097998898e+01 3.819681049479533641e+01
3.889508124797998079e+01 3.820442427379533257e+01
3.862692225698000215e+01 3.821198282079533470e+01
3.835876166497998696e+01 3.821948627179533986e+01
3.809059948597998613e+01 3.822693475979533417e+01
3.782243573298000427e+01 3.823432841679534278e+01
3.755427042298000373e+01 3.824166736979534420e+01
3.728610356697998185e+01 3.824895174479534177e+01
3.701793518197998623e+01 3.825618166279533483e+01
3.674976527897998579e+01 3.826335724379533332e+01
3.648159387397998188e+01 3.827047860479533625e+01
3.621342097897998968e+01 3.827754586079533539e+01
3.594524660897999269e+01 3.828455912179533271e+01
3.567707077497998824e+01 3.829151849779534444e+01
3.540889349197998826e+01 3.829842409479534382e+01
3.514071477198000792e+01 3.830527601779534308e+01
3.487253462897998446e+01 3.831207436779533992e+01
3.460435307398000049e+01 3.831881924379533899e+01
3.433621302598000824e+01 3.832550967579533818e+01
3.406802768898000267e+01 3.833214792479534339e+01
3.379984099398000552e+01 3.833873298279534225e+01
3.353165295397999301e+01 3.834526493779534206e+01
3.326346357997999093e+01 3.835174387879533953e+01
3.299527288397998603e+01 3.835816989079533101e+01
3.272708087797999355e+01 3.836454305679533405e+01
3.245888757497998967e+01 3.837086345679534105e+01
3.219069298497998233e+01 3.837713116979534078e+01
3.192249711997998673e+01 3.838334627379533259e+01
3.165429999098000025e+01 3.838950884079533665e+01
3.138610161097999907e+01 3.839561894579534140e+01
3.111790198997999113e+01 3.840167665579533463e+01
3.084970113898000221e+01 3.840768204279533649e+01
3.058149906997999068e+01 3.841363516979533443e+01
3.031329579397998231e+01 3.841953610279534104e+01
3.004509132097998503e+01 3.842538490379534011e+01
2.977688566297998563e+01 3.843118163279533661e+01
2.950867882898000261e+01 3.843692634779534245e+01
2.924047083197998376e+01 3.844261910679534111e+01
2.897226168197999385e+01 3.844825996279534053e+01
2.870405138797999456e+01 3.845384896979533806e+01
2.843583996198000108e+01 3.845938617879533439e+01
2.816762741497998235e+01 3.846487163779533347e+01
2.789941375497999587e+01 3.847030539479533928e+01
2.763119899497998944e+01 3.847568749479533068e+01
2.736298314397998155e+01 3.848101798279534336e+01
2.709476621198000856e+01 3.848629689979534163e+01
2.682654820897999315e+01 3.849152428579534302e+01
2.655832914597998951e+01 3.849670018079533662e+01
2.629010903298000557e+01 3.850182462079533963e+01
2.602188787797998515e+01 3.850689763979533353e+01
2.575366769498000252e+01 3.851191923679534312e+01
2.548546487697998231e+01 3.851688913979533169e+01
2.521726061097998439e+01 3.852180773579534190e+01
2.494905487898000018e+01 3.852667505079534038e+01
2.468084766297999266e+01 3.853149111479533673e+01
2.441263895598000744e+01 3.853625595079534349e+01
2.414442875197999427e+01 3.854096958379533788e+01
2.387621704997999217e+01 3.854563203679533245e+01
2.360800384897998327e+01 3.855024332879533944e+01
2.333978915197999271e+01 3.855480347879534264e+01
2.307157296397999602e+01 3.855931250479533645e+01
2.280335529198000444e+01 3.856377042279533640e+01
2.253513614298000078e+01 3.856817724679533654e+01
2.226691552598000357e+01 3.857253298979534151e+01
2.199869351497999759e+01 3.857683766179533080e+01
2.173046993497998614e+01 3.858109127479533385e+01
2.146224497098000228e+01 3.858529383579533345e+01
2.119401856498000569e+01 3.858944535179534086e+01
2.092579079997999969e+01 3.859354582679534218e+01
2.065756160897998228e+01 3.859759526679533082e+01
2.038933103298000304e+01 3.860159367379534245e+01
2.012109908497998134e+01 3.860554104879533810e+01
1.985286577897999649e+01 3.860943739079534254e+01
1.958463112797999628e+01 3.861328269879533792e+01
1.931639514598000318e+01 3.861707696879533813e+01
1.904815784798000067e+01 3.862082019779533226e+01
1.877991924697999337e+01 3.862451237879533750e+01
1.851167935797999320e+01 3.862815350479534260e+01
1.824343819398000477e+01 3.863174356679534327e+01
1.797523949698000223e+01 3.863528198279534109e+01
1.770699735798000773e+01 3.863876987579534017e+01
1.743875402398000318e+01 3.864220667079533911e+01
1.717050951097998990e+01 3.864559235379534385e+01
1.690226383297999035e+01 3.864892691079533193e+01
1.663401700697999530e+01 3.865221032479534102e+01
1.636576904697999879e+01 3.865544257679534468e+01
1.609751996898000215e+01 3.865862364879533430e+01
1.582926978997999612e+01 3.866175351979533303e+01
1.556101852497999261e+01 3.866483216779533194e+01
1.529276619097998235e+01 3.866785956979533267e+01
1.502451280298000569e+01 3.867083570079534383e+01
1.475625837897998593e+01 3.867376053679533499e+01
1.448800293397999184e+01 3.867663404879534284e+01
1.421974648598000357e+01 3.867945620879533664e+01
1.395148905298000130e+01 3.868222698879534249e+01
1.368327743197999524e+01 3.868494588679534019e+01
1.341502218597999985e+01 3.868761377879533114e+01
1.314676618597999180e+01 3.869023019379533679e+01
1.287850944798000086e+01 3.869279509679534357e+01
1.261025183998000188e+01 3.869530845379534156e+01
1.234199365098000811e+01 3.869777022479534168e+01
1.207373476797999245e+01 3.870018037379534093e+01
1.180547520697998465e+01 3.870253885979533237e+01
1.153721498198000717e+01 3.870484564379533055e+01
1.126895410997999392e+01 3.870710068179533181e+01
1.100069260497999579e+01 3.870930393279534343e+01
1.073243048197999627e+01 3.871145535179534392e+01
1.046416775598000726e+01 3.871355489179533294e+01
1.019590444197998380e+01 3.871560250779533163e+01
9.927640552979987376e+00 3.871759815079533240e+01
9.659376105980008731e+00 3.871954177079533821e+01
9.391111113979995650e+00 3.872143331879534145e+01
9.122845592980006302e+00 3.872327274279533782e+01
8.854579555979988470e+00 3.872505998879534417e+01
8.586313017979982476e+00 3.872679500279533471e+01
8.318045994979989644e+00 3.872847773079534051e+01
8.049778498979996755e+00 3.873010811479533544e+01
7.781510545980005134e+00 3.873168609679533603e+01
7.513242149980008833e+00 3.873321161779534094e+01
7.244973324980001905e+00 3.873468461879533464e+01
6.976704449979983735e+00 3.873610503479533662e+01
6.708436276979988122e+00 3.873747280079533795e+01
6.440167764979996434e+00 3.873878785779533729e+01
6.171898923979988183e+00 3.874005014079533993e+01
5.903629766979996418e+00 3.874125958279534387e+01
5.635360304979990076e+00 3.874241611779533656e+01
5.367090549979984360e+00 3.874351967579533351e+01
5.098820513979994473e+00 3.874457018779533968e+01
4.830550208980007199e+00 3.874556758079533125e+01
4.562279644980002047e+00 3.874651178379533434e+01
4.294008833979994222e+00 3.874740272279533571e+01
4.025737787979998927e+00 3.874824032279533270e+01
3.757466517979985099e+00 3.874902450679534383e+01
3.489195034980006938e+00 3.874975519779533073e+01
3.220923350979994382e+00 3.875043231879534034e+01
2.952651585979985782e+00 3.875105578779534454e+01
2.684379504979993669e+00 3.875162552379533309e+01
2.416107261979981047e+00 3.875214144579533837e+01
2.147834865979994845e+00 3.875260346979533921e+01
1.879562328979993202e+00 3.875301150979533560e+01
1.611289660979984495e+00 3.875336548079533117e+01
1.343016872979994281e+00 3.875366529579533648e+01
1.074743973979984224e+00 3.875391086479533698e+01
8.064709769799873751e-01 3.875410209879533596e+01
5.381978909799938204e-01 3.875423890679534367e+01
2.699247279799903976e-01 3.875432119579533463e+01
-1.063802000817304311e-05 3.875434887279534024e+01
-2.682873530199929024e-01 3.875432153479533071e+01
-5.365640570200087556e-01 3.875423958079533548e+01
-8.048407400200192630e-01 3.875410310779533773e+01
-1.073117392020016547e+00 3.875391220479533416e+01
-1.341394003019992676e+00 3.875366696579533965e+01
-1.609670562020007134e+00 3.875336747879533306e+01
-1.877947058020005722e+00 3.875301383379534315e+01
-2.146223483020015976e+00 3.875260611579533787e+01
-2.414499825019994717e+00 3.875214441379534236e+01
-2.682776075020008477e+00 3.875162881079533150e+01
-2.951052223019992482e+00 3.875105939079534068e+01
-3.219328117020019420e+00 3.875043623579534113e+01
-3.487603992019991495e+00 3.874975942779533256e+01
-3.755879729020001889e+00 3.874902904579533214e+01
-4.024155316020006978e+00 3.874824516879534286e+01
-4.292430745020006100e+00 3.874740787479533566e+01
-4.560706005020001896e+00 3.874651723779533796e+01
-4.828981086020014857e+00 3.874557333579533491e+01
-5.097255977020019202e+00 3.874457623979534304e+01
-5.365530668020006999e+00 3.874352602279534352e+01
-5.633805150020016583e+00 3.874242275779533173e+01
-5.902079412019993754e+00 3.874126651279534173e+01
-6.170353444020015843e+00 3.874005735779534376e+01
-6.438627237020007499e+00 3.873879535879533620e+01
-6.706900780019999786e+00 3.873748058379533887e+01
-6.975174064020002618e+00 3.873611309779533229e+01
-7.243447079020008061e+00 3.873469296379533233e+01
-7.511719814020018759e+00 3.873322024379533701e+01
-7.779992261020005628e+00 3.873169500079533378e+01
-8.048264409019999732e+00 3.873011729479534182e+01
-8.316536248019993138e+00 3.872848718379534461e+01
-8.584807770020013606e+00 3.872680472679534347e+01
-8.853078963020017511e+00 3.872506997879533941e+01
-9.121349819020004190e+00 3.872328299679534069e+01
-9.389620329020011980e+00 3.872144383279533741e+01
-9.657890481019997253e+00 3.871955254179533057e+01
-9.926160267020016192e+00 3.871760917479533504e+01
-1.019442967702000402e+01 3.871561378079534421e+01
-1.046269870201999908e+01 3.871356641079534455e+01
-1.073096733201999342e+01 3.871146711179533639e+01
-1.099923555702000755e+01 3.870931593079533428e+01
-1.126750336801999453e+01 3.870711291279533128e+01
-1.153577075601999269e+01 3.870485810279533467e+01
-1.180403771101999411e+01 3.870255154379534446e+01
-1.207230422402000869e+01 3.870019327679533916e+01
-1.234057028502000009e+01 3.869778334279533993e+01
-1.260883588402001720e+01 3.869532178079533224e+01
-1.287710101302000254e+01 3.869280862879534055e+01
-1.314536566202000500e+01 3.869024392379534305e+01
-1.341362982202000609e+01 3.868762770179534272e+01
-1.368189348202000843e+01 3.868495999579533162e+01
-1.395015663502000081e+01 3.868224083979533390e+01
-1.421841927002000006e+01 3.867947026579533798e+01
-1.448668137702001246e+01 3.867664830379533925e+01
-1.475494294901999837e+01 3.867377498179534001e+01
-1.502320397502000304e+01 3.867085032979533565e+01
-1.529146444502000435e+01 3.866787437379533543e+01
-1.555972435202000526e+01 3.866484713879533075e+01
-1.582798368402000477e+01 3.866176864879533781e+01
-1.609624243302000224e+01 3.865863892679534075e+01
-1.636450059002000756e+01 3.865545799379533065e+01
-1.663275814501999861e+01 3.865222587079534122e+01
-1.690101508901999949e+01 3.864894257679534206e+01
-1.716927141202000229e+01 3.864560812879533813e+01
-1.743752710502000269e+01 3.864222254279533075e+01
-1.770578215802000699e+01 3.863878583479533546e+01
-1.797403656302000030e+01 3.863529801679533904e+01
-1.824229030901999948e+01 3.863175910279533554e+01
-1.851054338802000387e+01 3.862816910279533289e+01
-1.877879579002000554e+01 3.862452802579533540e+01
-1.904704750502001076e+01 3.862083588079533314e+01
-1.931529852402000103e+01 3.861709267479533736e+01
-1.958354883702001104e+01 3.861329841379534145e+01
-1.985179843602001171e+01 3.860945309979533846e+01
-2.012004731002000568e+01 3.860555673779533237e+01
-2.038829545002000287e+01 3.860160932679533374e+01
-2.065654284602000956e+01 3.859761086879533565e+01
-2.092478949002001087e+01 3.859356136179533081e+01
-2.119303537002000581e+01 3.858946080279533675e+01
-2.146128047802000793e+01 3.858530918679533528e+01
-2.172952480402000930e+01 3.858110650879533665e+01
-2.199776833902000561e+01 3.857685276079534020e+01
-2.226601107201999952e+01 3.857254793479533106e+01
-2.253425299302001150e+01 3.856819202079534392e+01
-2.280249409302000885e+01 3.856378500579533153e+01
-2.307073436302000147e+01 3.855932687879533916e+01
-2.333897379202000621e+01 3.855481762279533342e+01
-2.360721237202000822e+01 3.855025722379533448e+01
-2.387545009102000648e+01 3.854564566379533375e+01
-2.414368693902000729e+01 3.854098292179534013e+01
-2.441192290802000997e+01 3.853626897879534141e+01
-2.468015798601999933e+01 3.853150381279534287e+01
-2.494839216401999948e+01 3.852668739879533888e+01
-2.521662543202000251e+01 3.852181971079533440e+01
-2.548485778002000046e+01 3.851690072379533802e+01
-2.575308919602000657e+01 3.851193040779534016e+01
-2.602131967202000595e+01 3.850690873279533122e+01
-2.628954919702000126e+01 3.850183566679533698e+01
-2.655777776002000934e+01 3.849671117679533694e+01
-2.682600535202001168e+01 3.849153522679534234e+01
-2.709423196102000730e+01 3.848630777979533235e+01
-2.736245757702000247e+01 3.848102879779533936e+01
-2.763068219002000347e+01 3.847569824079533163e+01
-2.789890579002000237e+01 3.847031606579533758e+01
-2.816712836402000875e+01 3.846488222879533936e+01
-2.843534990402000773e+01 3.845939668579533333e+01
-2.870357039702000890e+01 3.845385938779534030e+01
-2.897178983302000432e+01 3.844827028679534209e+01
-2.924000820202000028e+01 3.844262933079533440e+01
-2.950822549202000999e+01 3.843693646779534134e+01
-2.977644169102000404e+01 3.843119164279533351e+01
-3.004465679002000655e+01 3.842539479879533104e+01
-3.031287077702000232e+01 3.841954587879533989e+01
-3.058108364002000457e+01 3.841364482079533360e+01
-3.084929536902000535e+01 3.840769156279534258e+01
-3.111750595102000005e+01 3.840168604079533310e+01
-3.138571537502000552e+01 3.839562818979533887e+01
-3.165392363002001019e+01 3.838951793879534335e+01
-3.192213070401999886e+01 3.838335521979534093e+01
-3.219033658402000952e+01 3.837713995979533621e+01
-3.245854126102000947e+01 3.837087208379534076e+01
-3.272674472002000101e+01 3.836455151479534464e+01
-3.299494695102000463e+01 3.835817817579533795e+01
-3.326314794002001207e+01 3.835175198479533520e+01
-3.353134767702000119e+01 3.834527285879533309e+01
-3.379954614802000634e+01 3.833874071279533524e+01
-3.406774334102001234e+01 3.833215545979533800e+01
-3.433593924302000033e+01 3.832551700879533740e+01
-3.460408992501999847e+01 3.831882636879533521e+01
-3.487228217802000785e+01 3.831208127979534339e+01
-3.514047308602000186e+01 3.830528271079533198e+01
-3.540866263602000430e+01 3.829843056179533534e+01
-3.567685081502001054e+01 3.829152473379533461e+01
-3.594503760902001233e+01 3.828456512079534235e+01
-3.621322300502000502e+01 3.827755161579533905e+01
-3.648140698802000514e+01 3.827048411179533360e+01
-3.674958954602001171e+01 3.826336249579534154e+01
-3.701777066401999861e+01 3.825618665279534270e+01
-3.728595032802000020e+01 3.824895646679534167e+01
-3.755412852402000823e+01 3.824167181879533217e+01
-3.782230523702001079e+01 3.823433258579533600e+01
-3.809048045402000326e+01 3.822693864279533926e+01
-3.835865415802000911e+01 3.821948986179533136e+01
-3.862682633701999890e+01 3.821198611179533344e+01
-3.889499697402001033e+01 3.820442725979533094e+01
-3.916316605402000306e+01 3.819681316879533739e+01
-3.943133356202000783e+01 3.818914369979533063e+01
-3.969949948301999854e+01 3.818141870879534139e+01
-3.996766380001999863e+01 3.817363805179534353e+01
-4.023582649901999986e+01 3.816580157879533175e+01
-4.050398756202000783e+01 3.815790913879533974e+01
-4.077214697402001065e+01 3.814996057579534039e+01
-4.104030471802000335e+01 3.814195573179534193e+01
-4.130846077801999883e+01 3.813389444379533444e+01
-4.157661513602000269e+01 3.812577654779533276e+01
-4.184476777702000305e+01 3.811760187479533357e+01
-4.211291868102001246e+01 3.810937025279533685e+01
-4.238106783202000116e+01 3.810108150479533862e+01
-4.264921521302000684e+01 3.809273545179534182e+01
-4.291736080502000306e+01 3.808433191079533486e+01
-4.318550459002000963e+01 3.807587069579533789e+01
-4.345364654902000012e+01 3.806735161379533139e+01
-4.372178666502001221e+01 3.805877447179533846e+01
-4.398992491702001217e+01 3.805013907079533197e+01
-4.425806128702000564e+01 3.804144520679533770e+01
-4.452619575602000879e+01 3.803269267479533511e+01
-4.479432830302000212e+01 3.802388126179533145e+01
-4.506245890902000184e+01 3.801501075279534092e+01
-4.533058755302000264e+01 3.800608092979533836e+01
-4.559871421401999925e+01 3.799709156579533698e+01
-4.586683887302000784e+01 3.798804243279533210e+01
-4.613496150602001222e+01 3.797893329879533297e+01
-4.640308209402000017e+01 3.796976392379533394e+01
-4.667120061402000175e+01 3.796053406479533265e+01
-4.693931704402000804e+01 3.795124347479534066e+01
-4.720743123401999952e+01 3.794189190479533380e+01
-4.747554341002000200e+01 3.793247908779533617e+01
-4.774365342602001050e+01 3.792300476479534410e+01
-4.801176126002000188e+01 3.791346866679533179e+01
-4.827986688701999896e+01 3.790387051979534050e+01
-4.854797028301999973e+01 3.789421004479533650e+01
-4.881607142301999858e+01 3.788448695479534223e+01
-4.908417028102000046e+01 3.787470095879533716e+01
-4.935226683302000339e+01 3.786485175979533579e+01
-4.962036105202000869e+01 3.785493905479533083e+01
-4.988845291202000709e+01 3.784496253479533578e+01
-5.015654238502001050e+01 3.783492188179533144e+01
-5.042462944402000602e+01 3.782481677479534454e+01
-5.069271406102000554e+01 3.781464688479534431e+01
-5.096079620802000676e+01 3.780441187579533135e+01
-5.122887585602000371e+01 3.779411140479533771e+01
-5.149695297502000102e+01 3.778374512279533093e+01
-5.176502753502000331e+01 3.777331266979533808e+01
-5.203309950602000100e+01 3.776281368479533995e+01
-5.230116885602000565e+01 3.775224779279533749e+01
-5.256923555302000040e+01 3.774161461379534188e+01
-5.283729956602000044e+01 3.773091376079533887e+01
-5.310536086201999950e+01 3.772014483679533470e+01
-5.337341940602001245e+01 3.770930743679533492e+01
-5.364147516402000093e+01 3.769840114779534446e+01
-5.390952810202001189e+01 3.768742554679533185e+01
-5.417757818302001027e+01 3.767638020379533970e+01
-5.444562537202001096e+01 3.766526467679533852e+01
-5.471366963102000369e+01 3.765407851479533718e+01
-5.498171092302001028e+01 3.764282125979533333e+01
-5.524974920702000958e+01 3.763149244079533418e+01
-5.551778444602000917e+01 3.762009157679533899e+01
-5.578581659902000212e+01 3.760861817679533914e+01
-5.605384562402000626e+01 3.759707173979533223e+01
-5.632187147902001101e+01 3.758545175179533970e+01
-5.658989412202000580e+01 3.757375768879533240e+01
-5.685791350802001176e+01 3.756198901379533339e+01
-5.712592959202000742e+01 3.755014517779533634e+01
-5.739394232802001028e+01 3.753822562079533753e+01
-5.766195167002000943e+01 3.752622976779533559e+01
-5.792995756802000784e+01 3.751415703279533176e+01
-5.819795997402000154e+01 3.750200681279533654e+01
-5.846595883802000770e+01 3.748977849479533830e+01
-5.873395410702000419e+01 3.747747144879533465e+01
-5.900194572902000090e+01 3.746508503079534336e+01
-5.926993364902001105e+01 3.745261857979533460e+01
-5.953791781202000521e+01 3.744007142279533440e+01
-5.980589816202000719e+01 3.742744286679533872e+01
-6.007387463902001201e+01 3.741473220379533160e+01
-6.034184718502000777e+01 3.740193870779533114e+01
-6.060981573702000702e+01 3.738906163579533626e+01
-6.087778023302001174e+01 3.737610022379534058e+01
-6.114574060801999877e+01 3.736305369279534005e+01
-6.141369679602001241e+01 3.734992124079533227e+01
-6.168164872902000440e+01 3.733670204779533464e+01
-6.194959633702000446e+01 3.732339526979533417e+01
-6.221753954802000663e+01 3.731000004379533408e+01
-6.248547828802001192e+01 3.729651548279533557e+01
-6.275341248202000344e+01 3.728294067779533094e+01
-6.302134205102000664e+01 3.726927469479533528e+01
-6.328926691602000432e+01 3.725551657479534384e+01
-6.355718699302000374e+01 3.724166533379533206e+01
-6.382510219702000853e+01 3.722771995979534410e+01
-6.409301244202001158e+01 3.721367941379534017e+01
-6.436091763602001947e+01 3.719954262879533502e+01
-6.462881768802000693e+01 3.718530850679534439e+01
-6.489671250002001557e+01 3.717097591879534235e+01
-6.516460197502000540e+01 3.715654370479533242e+01
-6.543248601102001771e+01 3.714201066979533294e+01
-6.570036450202000822e+01 3.712737558579534181e+01
-6.596823734002001061e+01 3.711263718679533241e+01
-6.623610441402001925e+01 3.709779417179533567e+01
-6.650396560602001728e+01 3.708284519779534349e+01
-6.677182079602000897e+01 3.706778888379533754e+01
-6.703966986402001282e+01 3.705262380479533846e+01
-6.730751268002001098e+01 3.703734849179533484e+01
-6.757534911102001729e+01 3.702196142979533278e+01
-6.784317902002001688e+01 3.700646105779534167e+01
-6.811100226602000873e+01 3.699084576179533457e+01
-6.837881870102000903e+01 3.697511387679534067e+01
-6.864662817202001577e+01 3.695926368279533136e+01
-6.891443052202001240e+01 3.694329340279534080e+01
-6.918222558602001016e+01 3.692720120079533075e+01
-6.945001319302001264e+01 3.691098517779533239e+01
-6.971779316602001586e+01 3.689464336679534284e+01
-6.998556532202000824e+01 3.687817373579533609e+01
-7.025332946702000925e+01 3.686157417779534029e+01
-7.052108540302000961e+01 3.684484251179534198e+01
-7.078883292202000632e+01 3.682797647679533526e+01
-7.105657180802000994e+01 3.681097372879533935e+01
-7.132430183402001944e+01 3.679383183379533051e+01
-7.159202276702001200e+01 3.677654826879533090e+01
-7.185973435802000608e+01 3.675912040979533657e+01
-7.212743635302001621e+01 3.674154553279533530e+01
-7.239512848102000930e+01 3.672382080479533073e+01
-7.266281046402001209e+01 3.670594327579534166e+01
-7.293048200502001066e+01 3.668790987879533105e+01
-7.319814279702001159e+01 3.666971741679534347e+01
-7.346579251602001648e+01 3.665136255579533753e+01
-7.373343082402001869e+01 3.663284182079534190e+01
-7.400105736302000992e+01 3.661415158379534063e+01
-7.426867176002001258e+01 3.659528805279533259e+01
-7.453627361802001872e+01 3.657624726579533814e+01
-7.480386252402001901e+01 3.655702507679533397e+01
-7.507143803802000548e+01 3.653761714479534106e+01
-7.533899969802001806e+01 3.651801891879534168e+01
-7.560654701502001274e+01 3.649822562779534252e+01
-7.587407947102001060e+01 3.647823225979534101e+01
-7.614159652002001621e+01 3.645803355079534214e+01
-7.640909758002001695e+01 3.643762395979533864e+01
-7.667658203502001868e+01 3.641699765379534171e+01
-7.694404922902000976e+01 3.639614848379533640e+01
-7.721149846302000697e+01 3.637506995879534344e+01
-7.747892899402000921e+01 3.635375522079534250e+01
-7.774634002802001476e+01 3.633219701279534064e+01
-7.801373071402001358e+01 3.631038764879533431e+01
-7.828110014202000855e+01 3.628831897479533808e+01
-7.854844733702002202e+01 3.626598232879533867e+01
-7.881577124702000958e+01 3.624336849279533368e+01
-7.908307074402002002e+01 3.622046764679533482e+01
-7.935034460702000558e+01 3.619726930779533092e+01
-7.961759151802000645e+01 3.617376226679534312e+01
-7.988481004602000723e+01 3.614993451479534059e+01
-8.015199864002001107e+01 3.612577316479534062e+01
-8.041915560802000584e+01 3.610126435279533297e+01
-8.068627910302001283e+01 3.607639313579533535e+01
-8.095336710602001062e+01 3.605114336479534387e+01
-8.122041725602001350e+01 3.602549756579534090e+01
-8.148742736802002185e+01 3.599943671679533708e+01
-8.175439461602000790e+01 3.597294014179534116e+01
-8.202131600002000766e+01 3.594598523579534088e+01
-8.228818817902001115e+01 3.591854722679533296e+01
-8.255500741502001461e+01 3.589059886279533629e+01
-8.282176951202001192e+01 3.586211005579533406e+01
-8.308846972702001210e+01 3.583304744779534445e+01
-8.335510268002001055e+01 3.580337388779533825e+01
-8.362166222502001744e+01 3.577304779979534288e+01
-8.388814130302002070e+01 3.574202240579533196e+01
-8.415453174002000480e+01 3.571024476279533388e+01
-8.442082400702001621e+01 3.567765456179534311e+01
-8.468700688902001161e+01 3.564418260479533984e+01
-8.495306707202000496e+01 3.560974885279534163e+01
-8.521898856202001582e+01 3.557425988379534232e+01
-8.548475191602001644e+01 3.553760553179534298e+01
-8.575033316402000594e+01 3.549965435279533921e+01
-8.601570226702001776e+01 3.546024738779534147e+01
-8.628082086002001461e+01 3.541918934779533146e+01
-8.654563883602001795e+01 3.537623582279534418e+01
-8.681008896002001052e+01 3.533107403379533906e+01
