-2.663168333988040217e+02 -4.573955580026685674e-01
-2.661336715918040454e+02 -3.919865380026644197e-01
-2.659504525048039909e+02 -3.267381360026556103e-01
-2.657671765158040103e+02 -2.616497410026519810e-01
-2.655838439958040453e+02 -1.967207430026527704e-01
-2.654004553128040129e+02 -1.319505380026791130e-01
-2.652170108358040466e+02 -6.733852500266349073e-02
-2.650335109248040339e+02 -2.884107002666648056e-03
-2.648499559418040121e+02 6.141330999733925905e-02
-2.646663462438040142e+02 1.255543169973285245e-01
-2.644826821828040124e+02 1.895395009973461498e-01
-2.642989641108040360e+02 2.533694459973267477e-01
-2.641151923758040425e+02 3.170447309973431493e-01
-2.639313673218040321e+02 3.805659329973471450e-01
-2.637474892918040155e+02 4.439336269973401250e-01
-2.635635586238039991e+02 5.071483809973407197e-01
-2.633795756558040466e+02 5.702107639973283959e-01
-2.631955407188040112e+02 6.331213379973283928e-01
-2.630114542808040028e+02 6.958806169973335010e-01
-2.628273164218040279e+02 7.584892429973471017e-01
-2.626431275818040376e+02 8.209477309973229886e-01
-2.624588880838040268e+02 8.832566299973385604e-01
-2.622745982458040430e+02 9.454164889973291075e-01
-2.620902583878039991e+02 1.007427851997339641e+00
-2.619058688218040061e+02 1.069291258997343785e+00
-2.617214298608039940e+02 1.131007248997325743e+00
-2.615369418148040381e+02 1.192576356997340437e+00
-2.613524049908040183e+02 1.253999113997342985e+00
-2.611678196928040165e+02 1.315276049997327501e+00
-2.609831862218040328e+02 1.376407688997323131e+00
-2.607985048788040103e+02 1.437394554997330598e+00
-2.606137759608039914e+02 1.498237167997336083e+00
-2.604289997608040039e+02 1.558936044997329073e+00
-2.602441765718040187e+02 1.619491698997341356e+00
-2.600593066848040280e+02 1.679904640997340604e+00
-2.598743903858040198e+02 1.740175379997344063e+00
-2.596894279608040392e+02 1.800304420997326016e+00
-2.595044196918040029e+02 1.860292266997338739e+00
-2.593193658608039982e+02 1.920139415997345278e+00
-2.591342667448039947e+02 1.979846365997337099e+00
-2.589491226208040189e+02 2.039413609997330123e+00
-2.587639337618040258e+02 2.098841639997322428e+00
-2.585787004398040381e+02 2.158130944997343814e+00
-2.583934229258040318e+02 2.217282008997334852e+00
-2.582081014848040468e+02 2.276295316997339224e+00
-2.580227363838040446e+02 2.335171346997332531e+00
-2.578373278858040294e+02 2.393910578997326066e+00
-2.576518762508040368e+02 2.452513486997337733e+00
-2.574663817398040351e+02 2.510980542997321319e+00
-2.572808446078039992e+02 2.569312217997326453e+00
-2.570952651108040072e+02 2.627508976997324108e+00
-2.569096435018039983e+02 2.685571285997331525e+00
-2.567239800308040003e+02 2.743499606997322982e+00
-2.565382749488040304e+02 2.801294399997322326e+00
-2.563525285008039987e+02 2.858956119997321021e+00
-2.561667409338040216e+02 2.916485222997328375e+00
-2.559809124888039946e+02 2.973882160997339152e+00
-2.557950434098040091e+02 3.031147381997333579e+00
-2.556091339348039924e+02 3.088281333997320299e+00
-2.554231843018040422e+02 3.145284461997339687e+00
-2.552371947468039934e+02 3.202157206997332306e+00
-2.550511655028039968e+02 3.258900009997323988e+00
-2.548650968028040324e+02 3.315513306997336596e+00
-2.546789888778040449e+02 3.371997533997335150e+00
-2.544928419558040105e+02 3.428353122997326974e+00
-2.543066562638040295e+02 3.484580503997340539e+00
-2.541204320258040070e+02 3.540680104997340205e+00
-2.539341694678039971e+02 3.596652351997339903e+00
-2.537478688098040038e+02 3.652497668997346292e+00
-2.535615302718040311e+02 3.708216475997323069e+00
-2.533751540738040262e+02 3.763809190997340348e+00
-2.531887404308040459e+02 3.819276231997326132e+00
-2.530022895588040228e+02 3.874618012997335992e+00
-2.528158016708040350e+02 3.929834945997332962e+00
-2.526292769788040005e+02 3.984927440997329651e+00
-2.524427156938040184e+02 4.039895903997323678e+00
-2.522561180248040387e+02 4.094740742997321270e+00
-2.520694841768039964e+02 4.149462359997333927e+00
-2.518828143578040226e+02 4.204061156997345172e+00
-2.516961087708040168e+02 4.258537531997323988e+00
-2.515093676188039922e+02 4.312891882997324622e+00
-2.513225911028040400e+02 4.367124603997329935e+00
-2.511357794218040453e+02 4.421236087997333364e+00
-2.509489327748040068e+02 4.475226725997321076e+00
-2.507620513588040012e+02 4.529096906997328809e+00
-2.505751353668040338e+02 4.582847016997338763e+00
-2.503881849948040212e+02 4.636477440997343713e+00
-2.502012004348040364e+02 4.689988559997321893e+00
-2.500141818768040025e+02 4.743380756997344072e+00
-2.498271295108040135e+02 4.796654408997345520e+00
-2.496400435238040245e+02 4.849809893997336196e+00
-2.494529241048040262e+02 4.902847584997322095e+00
-2.492657714388039949e+02 4.955767854997337629e+00
-2.490785857088040416e+02 5.008571074997324679e+00
-2.488913670988040394e+02 5.061257613997331539e+00
-2.487041157888040175e+02 5.113827838997342390e+00
-2.485168319598039943e+02 5.166282114997334141e+00
-2.483295157908040096e+02 5.218620803997343849e+00
-2.481421674588040105e+02 5.270844268997341153e+00
-2.479547871408040010e+02 5.322952867997320148e+00
-2.477673750098040273e+02 5.374946959997321194e+00
-2.475799312418040472e+02 5.426826898997323845e+00
-2.473924560088040039e+02 5.478593038997336073e+00
-2.472049494808040322e+02 5.530245733997337432e+00
-2.470174118298040185e+02 5.581785331997342503e+00
-2.468298432228040156e+02 5.633212182997344719e+00
-2.466422438278040090e+02 5.684526632997322970e+00
-2.464546138128040411e+02 5.735729026997323565e+00
-2.462669533408040365e+02 5.786819707997328699e+00
-2.460792625778040019e+02 5.837799017997331141e+00
-2.458915416858040430e+02 5.888667296997344813e+00
-2.457037908268040383e+02 5.939424880997340672e+00
-2.455160101608040009e+02 5.990072107997325368e+00
-2.453281998488040472e+02 6.040609311997347852e+00
-2.451403600478039948e+02 6.091036826997343390e+00
-2.449524909168040381e+02 6.141354981997328544e+00
-2.447645926098040263e+02 6.191564107997327149e+00
-2.445766652838040045e+02 6.241664532997337922e+00
-2.443887090918040030e+02 6.291656582997323888e+00
-2.442007241868039955e+02 6.341540581997326065e+00
-2.440127107208040229e+02 6.391316852997339204e+00
-2.438246688458040126e+02 6.440985718997329634e+00
-2.436365987108040372e+02 6.490547497997344983e+00
-2.434485004638040095e+02 6.540002507997347614e+00
-2.432603742538040024e+02 6.589351066997328310e+00
-2.430722202268040064e+02 6.638593489997338004e+00
-2.428840385288040125e+02 6.687730088997345668e+00
-2.426958293038040324e+02 6.736761175997320272e+00
-2.425075926978040002e+02 6.785687062997344476e+00
-2.423193288508040268e+02 6.834508057997344288e+00
-2.421310379068040106e+02 6.883224466997323709e+00
-2.419427200058040057e+02 6.931836597997322436e+00
-2.417543752878040095e+02 6.980344753997347773e+00
-2.415660038908040406e+02 7.028749237997321764e+00
-2.413776059538039931e+02 7.077050350997329708e+00
-2.411891816148039993e+02 7.125248393997343221e+00
-2.410007310078040064e+02 7.173343663997347797e+00
-2.408122542698040434e+02 7.221336457997328928e+00
-2.406237515338040112e+02 7.269227071997339529e+00
-2.404352229338040274e+02 7.317015799997339975e+00
-2.402466686028039931e+02 7.364702934997329642e+00
-2.400580886718040006e+02 7.412288766997339629e+00
-2.398694832728040183e+02 7.459773585997344192e+00
-2.396808525338039999e+02 7.507157680997328164e+00
-2.394921965848039918e+02 7.554441338997325950e+00
-2.393035155538040044e+02 7.601624844997336261e+00
-2.391148095678040022e+02 7.648708482997339964e+00
-2.389260787548039957e+02 7.695692536997346345e+00
-2.387373232388040378e+02 7.742577286997321728e+00
-2.385485431448040003e+02 7.789363014997324974e+00
-2.383597385978040393e+02 7.836049996997336287e+00
-2.381709097208039907e+02 7.882638512997321989e+00
-2.379820566348039961e+02 7.929128836997340279e+00
-2.377931794628040052e+02 7.975521245997332365e+00
-2.376042783248039996e+02 8.021816011997321638e+00
-2.374153533418040070e+02 8.068013406997328829e+00
-2.372264046318040300e+02 8.114113702997320487e+00
-2.370374323138040040e+02 8.160117167997332999e+00
-2.368484365058040453e+02 8.206024071997324754e+00
-2.366594173238040071e+02 8.251834680997324867e+00
-2.364703748838040269e+02 8.297549260997334031e+00
-2.362813093028040043e+02 8.343168075997345667e+00
-2.360922206938039949e+02 8.388691389997324777e+00
-2.359031091718040329e+02 8.434119464997342774e+00
-2.357139748498040035e+02 8.479452561997339544e+00
-2.355248178398040295e+02 8.524690938997343537e+00
-2.353356382538040066e+02 8.569834855997333634e+00
-2.351464362018040219e+02 8.614884568997331016e+00
-2.349572117958040280e+02 8.659840334997346289e+00
-2.347679651448040090e+02 8.704702407997336522e+00
-2.345786963568040164e+02 8.749471041997344045e+00
-2.343894055418040239e+02 8.794146487997329231e+00
-2.342000928048040009e+02 8.838728998997344988e+00
-2.340107582548040455e+02 8.883218823997344415e+00
-2.338214019978040028e+02 8.927616211997337459e+00
-2.336320241378040237e+02 8.971921410997344637e+00
-2.334426247808040102e+02 9.016134666997322356e+00
-2.332532040298040101e+02 9.060256224997322860e+00
-2.330637619908040392e+02 9.104286330997330978e+00
-2.328742987638040063e+02 9.148225225997327570e+00
-2.326848144528040052e+02 9.192073152997329188e+00
-2.324953091578040016e+02 9.235830352997345116e+00
-2.323057829818040432e+02 9.279497065997338368e+00
-2.321162360238039923e+02 9.323073529997321529e+00
-2.319267103088040471e+02 9.366550375997325872e+00
-2.317371227988040232e+02 9.409946911997343122e+00
-2.315475148128040246e+02 9.453253907997327232e+00
-2.313578864488040381e+02 9.496471596997343667e+00
-2.311682378028040148e+02 9.539600213997323053e+00
-2.309785689718040089e+02 9.582639988997334157e+00
-2.307888800528040179e+02 9.625591155997346604e+00
-2.305991711418039927e+02 9.668453941997347201e+00
-2.304094423318040299e+02 9.711228578997326721e+00
-2.302196937178040343e+02 9.753915292997339392e+00
-2.300299253938040351e+02 9.796514310997343600e+00
-2.298401374528040151e+02 9.839025859997326151e+00
-2.296503299878040139e+02 9.881450163997334002e+00
-2.294605030908040249e+02 9.923787447997346689e+00
-2.292706568528039952e+02 9.966037932997329207e+00
-2.290807913648040426e+02 1.000820184299732851e+01
-2.288909067168040110e+02 1.005027939699733075e+01
-2.287010029998040181e+02 1.009227081599732934e+01
-2.285110803018040428e+02 1.013417631899733884e+01
-2.283211387118039966e+02 1.017599612299733813e+01
-2.281311783188040181e+02 1.021773044599732394e+01
-2.279411992098040400e+02 1.025937950399734255e+01
-2.277512014718039950e+02 1.030094351099734773e+01
-2.275611851908039966e+02 1.034242268099732165e+01
-2.273711504548040239e+02 1.038381722799733176e+01
-2.271810973478040410e+02 1.042512736399732454e+01
-2.269910259558039911e+02 1.046635329999734232e+01
-2.268009363618040197e+02 1.050749524599732432e+01
-2.266108286518040131e+02 1.054855341199732344e+01
-2.264207029078040136e+02 1.058952800499733904e+01
-2.262305592138040424e+02 1.063041923399732092e+01
-2.260403976518040281e+02 1.067122730499733585e+01
-2.258502183048040024e+02 1.071195242399733694e+01
-2.256600212528040288e+02 1.075259479499732684e+01
-2.254698065778040359e+02 1.079315462199733666e+01
-2.252795743608040198e+02 1.083363210799732279e+01
-2.250893246808039976e+02 1.087402745499733747e+01
-2.248990576188040222e+02 1.091434086499734768e+01
-2.247087732528040078e+02 1.095457253699732370e+01
-2.245184716628040178e+02 1.099472267099733891e+01
-2.243281529258040337e+02 1.103479146599733518e+01
-2.241378171208040158e+02 1.107477911899733236e+01
-2.239474643238040130e+02 1.111468582699732188e+01
-2.237570946128039964e+02 1.115451178499734475e+01
-2.235667080638040147e+02 1.119425718999733554e+01
-2.233763047528040033e+02 1.123392223499732800e+01
-2.231858847548040217e+02 1.127350711299732744e+01
-2.229954481468039944e+02 1.131301201699733916e+01
-2.228049950018040022e+02 1.135243713999734005e+01
-2.226145253948039908e+02 1.139178266999733147e+01
-2.224240393988040410e+02 1.143104879999734713e+01
-2.222335370878039953e+02 1.147023571799733155e+01
-2.220430185358040376e+02 1.150934361199734290e+01
-2.218524838138040423e+02 1.154837266999732570e+01
-2.216619329938040437e+02 1.158732307799733086e+01
-2.214713661488040088e+02 1.162619502399733129e+01
-2.212807833498040395e+02 1.166498869099732438e+01
-2.210901846678040101e+02 1.170370426499733263e+01
-2.208995701728040331e+02 1.174234192799733556e+01
-2.207089399348039933e+02 1.178090186399734840e+01
-2.205182940238040032e+02 1.181938425499732226e+01
-2.203276325098040047e+02 1.185778928199733251e+01
-2.201369554608040175e+02 1.189611712499732299e+01
-2.199462629458039942e+02 1.193436796499734065e+01
-2.197555550328040113e+02 1.197254197899733263e+01
-2.195648317888040424e+02 1.201063934699732805e+01
-2.193740932828040400e+02 1.204866024599733088e+01
-2.191833395798039987e+02 1.208660485099733783e+01
-2.189925707488040416e+02 1.212447333999734234e+01
-2.188017868538040034e+02 1.216226588799734110e+01
-2.186109879628040176e+02 1.219998266799732356e+01
-2.184201741388040432e+02 1.223762385399732544e+01
-2.182293454498040433e+02 1.227518961999732561e+01
-2.180385019578040442e+02 1.231268013799732408e+01
-2.178476437288040302e+02 1.235009557799734203e+01
-2.176567708268040064e+02 1.238743611299734049e+01
-2.174658833158040352e+02 1.242470191099733334e+01
-2.172749812578040292e+02 1.246189314199734177e+01
-2.170840647168039936e+02 1.249900997599733010e+01
-2.168931337548040119e+02 1.253605257899733338e+01
-2.167021884358040325e+02 1.257302111899733710e+01
-2.165112288188039997e+02 1.260991576199734787e+01
-2.163202549688040222e+02 1.264673667499733334e+01
-2.161292669448040442e+02 1.268348402199732128e+01
-2.159382648078040461e+02 1.272015796699733947e+01
-2.157472486188040079e+02 1.275675867499734828e+01
-2.155562184388040237e+02 1.279328630899732921e+01
-2.153651743268040377e+02 1.282974102999734178e+01
-2.151741163438040303e+02 1.286612300099733908e+01
-2.149830445468040239e+02 1.290243238199733433e+01
-2.147919589968039986e+02 1.293866933499734806e+01
-2.146008597508040339e+02 1.297483401699733996e+01
-2.144097468688040067e+02 1.301092658999733054e+01
-2.142186204068040070e+02 1.304694720999734692e+01
-2.140274804248040255e+02 1.308289603599732764e+01
-2.138363269788040384e+02 1.311877322399732826e+01
-2.136451601258040114e+02 1.315457893199732631e+01
-2.134539799228040238e+02 1.319031331399734164e+01
-2.132627864268040412e+02 1.322597652599734452e+01
-2.130715796928039936e+02 1.326156872299734424e+01
-2.128803596508039959e+02 1.329709008099732692e+01
-2.126891266078040417e+02 1.333254070699732630e+01
-2.124978804948040079e+02 1.336792077699732850e+01
-2.123066213648040161e+02 1.340323044299734612e+01
-2.121153492748040321e+02 1.343846985599734545e+01
-2.119240642778040069e+02 1.347363916699732123e+01
-2.117327664278039947e+02 1.350873852499734618e+01
-2.115414557788039929e+02 1.354376808199734761e+01
-2.113501323848039988e+02 1.357872798399734471e+01
-2.111587962988040204e+02 1.361361837999732494e+01
-2.109674475738040087e+02 1.364843941899733260e+01
-2.107760862618040392e+02 1.368319124699733003e+01
-2.105847124148040166e+02 1.371787400999733642e+01
-2.103933260868039952e+02 1.375248785399734253e+01
-2.102019273288040040e+02 1.378703292499733912e+01
-2.100105161918040153e+02 1.382150936699733812e+01
-2.098190927268040014e+02 1.385591732399732301e+01
-2.096276569858040375e+02 1.389025693999733413e+01
-2.094362090188039929e+02 1.392452835699734770e+01
-2.092447488768040103e+02 1.395873171799732937e+01
-2.090532766108040050e+02 1.399286716499734062e+01
-2.088617922688040380e+02 1.402693483799732199e+01
-2.086702959008040352e+02 1.406093487899733496e+01
-2.084787875578040257e+02 1.409486742599734121e+01
-2.082872672878040134e+02 1.412873262099734539e+01
-2.080957351408040381e+02 1.416253060099734817e+01
-2.079041911638040006e+02 1.419626150499732908e+01
-2.077126354058040079e+02 1.422992546999734564e+01
-2.075210679158039966e+02 1.426352263499732054e+01
-2.073294887408040381e+02 1.429705313499733244e+01
-2.071378979288040227e+02 1.433051710599733575e+01
-2.069462955268040218e+02 1.436391468399734173e+01
-2.067546815828040394e+02 1.439724600499733320e+01
-2.065630561438040331e+02 1.443051120199732473e+01
-2.063714192548040387e+02 1.446371040899734872e+01
-2.061797709638040033e+02 1.449684376099734173e+01
-2.059881113168040088e+02 1.452991138899733947e+01
-2.057964403598040235e+02 1.456291342599732808e+01
-2.056047581388040157e+02 1.459585000399733268e+01
-2.054130646978040318e+02 1.462872125399733214e+01
-2.052213600838040293e+02 1.466152730599734433e+01
-2.050296443408039977e+02 1.469426829199733753e+01
-2.048379175138040296e+02 1.472694433999732233e+01
-2.046461796478040469e+02 1.475955557999734502e+01
-2.044544307878040286e+02 1.479210214099734877e+01
-2.042626709758040420e+02 1.482458414999732632e+01
-2.040709002578039986e+02 1.485700173499734511e+01
-2.038791186758040226e+02 1.488935502399733046e+01
-2.036873262748040361e+02 1.492164414199732470e+01
-2.034955230968039928e+02 1.495386921699733840e+01
-2.033037091858039958e+02 1.498603037299733920e+01
-2.031118845838039988e+02 1.501812773599733042e+01
-2.029200493348039913e+02 1.505016143099732595e+01
-2.027282034788040050e+02 1.508213158099733242e+01
-2.025363470608040188e+02 1.511403830899732803e+01
-2.023444801198040182e+02 1.514588174099734452e+01
-2.021526026998039924e+02 1.517766199699733498e+01
-2.019607148418040197e+02 1.520937919999733445e+01
-2.017688165868040073e+02 1.524103347099734229e+01
-2.015769079768040228e+02 1.527262493299733670e+01
-2.013849890508039948e+02 1.530415370499733818e+01
-2.011930598518040370e+02 1.533561990799734609e+01
-2.010011204188040210e+02 1.536702366199734193e+01
-2.008091707928040250e+02 1.539836508499732837e+01
-2.006172110138040239e+02 1.542964429699734374e+01
-2.004252411208040030e+02 1.546086141599733388e+01
-2.002332611548040404e+02 1.549201655999732985e+01
-2.000412711548040079e+02 1.552310984599734489e+01
-1.998492711608039940e+02 1.555414139099733539e+01
-1.996572612108039948e+02 1.558511131199734301e+01
-1.994652413448040420e+02 1.561601972499733471e+01
-1.992732116008040180e+02 1.564686674499734487e+01
-1.990811720178040218e+02 1.567765248799734046e+01
-1.988891226338039928e+02 1.570837706699734859e+01
-1.986970634878040300e+02 1.573904059799733623e+01
-1.985049946168040265e+02 1.576964319399733050e+01
-1.983129160588040349e+02 1.580018496899734792e+01
-1.981208278528040410e+02 1.583066603399732308e+01
-1.979287300338040154e+02 1.586108650299732936e+01
-1.977366226408040006e+02 1.589144648799734760e+01
-1.975445057108040032e+02 1.592174609999734081e+01
-1.973523792808040298e+02 1.595198544999732881e+01
-1.971602433868040407e+02 1.598216464999732089e+01
-1.969680980658040426e+02 1.601228380799733841e+01
-1.967759433538039957e+02 1.604234303499731951e+01
-1.965837792878040204e+02 1.607234244099732123e+01
-1.963916059028040308e+02 1.610228213399733832e+01
-1.961994232358040335e+02 1.613216222299732650e+01
-1.960072313218039994e+02 1.616198281599733733e+01
-1.958150301958040131e+02 1.619174402099733712e+01
-1.956228198948040244e+02 1.622144594399734174e+01
-1.954306004528040148e+02 1.625108869299734593e+01
-1.952383719038040226e+02 1.628067237399733713e+01
-1.950461342848039976e+02 1.631019709299733123e+01
-1.948538876298040350e+02 1.633966295599734408e+01
-1.946616319718040131e+02 1.636907006799734532e+01
-1.944693673478039955e+02 1.639841853299734353e+01
-1.942770937898040415e+02 1.642770845599733676e+01
-1.940848113318040191e+02 1.645693994099733359e+01
-1.938925200098040023e+02 1.648611309199734265e+01
-1.937002198548040042e+02 1.651522801099733684e+01
-1.935079109028040421e+02 1.654428480099733534e+01
-1.933155931848040154e+02 1.657328356499732891e+01
-1.931232667358040089e+02 1.660222440399732946e+01
-1.929309315888040146e+02 1.663110742099732775e+01
-1.927385877758040351e+02 1.665993271499732842e+01
-1.925462353298040057e+02 1.668870038899732222e+01
-1.923538742848040215e+02 1.671741054199734222e+01
-1.921615046708039927e+02 1.674606327399732564e+01
-1.919691265218040144e+02 1.677465868399733395e+01
-1.917767398698040324e+02 1.680319687299732223e+01
-1.915843447458040032e+02 1.683167793899733411e+01
-1.913919411828040325e+02 1.686010197899733853e+01
-1.911995292118040197e+02 1.688846909299732957e+01
-1.910071088648040245e+02 1.691677937799733300e+01
-1.908146801738039926e+02 1.694503292999732835e+01
-1.906222431678040152e+02 1.697322984799732026e+01
-1.904297978808040170e+02 1.700137022699732725e+01
-1.902373443418040324e+02 1.702945416399734668e+01
-1.900448825818040177e+02 1.705748175399734023e+01
-1.898524126328040325e+02 1.708545309199732642e+01
-1.896599345238039973e+02 1.711336827399734162e+01
-1.894674482858040392e+02 1.714122739499731907e+01
-1.892749539498040008e+02 1.716903054799732686e+01
-1.890824515448040302e+02 1.719677782799732668e+01
-1.888899411018040269e+02 1.722446932799732977e+01
-1.886974226498040252e+02 1.725210513999732953e+01
-1.885048962188039923e+02 1.727968535899734448e+01
-1.883123618378040192e+02 1.730721007599732175e+01
-1.881198195378040054e+02 1.733467938399732944e+01
-1.879272693468039961e+02 1.736209337399734309e+01
-1.877347112948040149e+02 1.738945213799732770e+01
-1.875421454098039931e+02 1.741675576599732622e+01
-1.873495717218040113e+02 1.744400434899734265e+01
-1.871569902588040009e+02 1.747119797799732410e+01
-1.869644010488040067e+02 1.749833674199732414e+01
-1.867718041228040420e+02 1.752542073199734673e+01
-1.865791995068040023e+02 1.755245003499732448e+01
-1.863865872298040358e+02 1.757942474199734662e+01
-1.861939673208040062e+02 1.760634494099733516e+01
-1.860013398068040260e+02 1.763321071999732581e+01
-1.858087047158040264e+02 1.766002216599733643e+01
-1.856160620758039954e+02 1.768677936799733530e+01
-1.854234119138040455e+02 1.771348241199732243e+01
-1.852307542588040405e+02 1.774013138499734410e+01
-1.850380891368040466e+02 1.776672637499732232e+01
-1.848454165758039949e+02 1.779326746599733511e+01
-1.846527366018040084e+02 1.781975474499734347e+01
-1.844600492438040078e+02 1.784618829699732956e+01
-1.842673545268040129e+02 1.787256820799732182e+01
-1.840746524788040119e+02 1.789889456099732357e+01
-1.838819431258040140e+02 1.792516744299732423e+01
-1.836892264948040179e+02 1.795138693599733770e+01
-1.834965026108040433e+02 1.797755312499734615e+01
-1.833037715028040111e+02 1.800366609299732445e+01
-1.831110331948040084e+02 1.802972592299733279e+01
-1.829182877138040340e+02 1.805573269799734604e+01
-1.827255350858040401e+02 1.808168650099733910e+01
-1.825327753358040468e+02 1.810758741399732585e+01
-1.823400084898040063e+02 1.813343551799733078e+01
-1.821472345748040311e+02 1.815923089599732876e+01
-1.819544536148040379e+02 1.818497362799732642e+01
-1.817616656348040465e+02 1.821066379499731980e+01
-1.815688706618039987e+02 1.823630147799733336e+01
-1.813760687198040387e+02 1.826188675699734532e+01
-1.811832598348040051e+02 1.828741971199733385e+01
-1.809904440298039958e+02 1.831290042199734458e+01
-1.807976213318040095e+02 1.833832896799734513e+01
-1.806047917648040197e+02 1.836370542799733485e+01
-1.804119553528040001e+02 1.838902987999734151e+01
-1.802191121218040166e+02 1.841430240399734330e+01
-1.800262620948039967e+02 1.843952307599733231e+01
-1.798334052958040274e+02 1.846469197499732573e+01
-1.796405417508040046e+02 1.848980917899732290e+01
-1.794476714818040364e+02 1.851487476399734433e+01
-1.792547945148040185e+02 1.853988880699734310e+01
-1.790619108728039919e+02 1.856485138599734697e+01
-1.788690205788039975e+02 1.858976257499734075e+01
-1.786761236578039984e+02 1.861462245099733437e+01
-1.784832201328040355e+02 1.863943108999731990e+01
-1.782903100268040362e+02 1.866418856599733900e+01
-1.780973933638040307e+02 1.868889495499732689e+01
-1.779044701678039928e+02 1.871355033299733250e+01
-1.777115404598040413e+02 1.873815477199733337e+01
-1.775186042648040257e+02 1.876270834699733214e+01
-1.773256616058040436e+02 1.878721113199734205e+01
-1.771327125048040330e+02 1.881166320099731948e+01
-1.769397569848040348e+02 1.883606462599732723e+01
-1.767467950678040438e+02 1.886041548199733953e+01
-1.765538267788040230e+02 1.888471583899732664e+01
-1.763608521378040450e+02 1.890896577199731965e+01
-1.761678711678040372e+02 1.893316535099734566e+01
-1.759748838918040406e+02 1.895731464799732535e+01
-1.757818903308040035e+02 1.898141373599733939e+01
-1.755888905088040133e+02 1.900546268499732960e+01
-1.753958844468040184e+02 1.902946156599734095e+01
-1.752028721658040240e+02 1.905341044999733313e+01
-1.750098536888040144e+02 1.907730940799732267e+01
-1.748168290378040410e+02 1.910115850799732939e+01
-1.746237982338039956e+02 1.912495782199733085e+01
-1.744307612978039970e+02 1.914870741799734688e+01
-1.742377182528040294e+02 1.917240736499732989e+01
-1.740446691198040412e+02 1.919605773399732485e+01
-1.738516139188039915e+02 1.921965859099734431e+01
-1.736585526718040455e+02 1.924321000699731954e+01
-1.734654854008040274e+02 1.926671204799731996e+01
-1.732724121258040100e+02 1.929016478299732640e+01
-1.730793328678039984e+02 1.931356827899734085e+01
-1.728862476478039980e+02 1.933692260399732632e+01
-1.726931564868040141e+02 1.936022782399732378e+01
-1.725000594048040057e+02 1.938348400599733523e+01
-1.723069564238040243e+02 1.940669121599734481e+01
-1.721138475628040396e+02 1.942984952199734394e+01
-1.719207328438040463e+02 1.945295898799733791e+01
-1.717276122858040139e+02 1.947601968099732872e+01
-1.715344859088040153e+02 1.949903166499732166e+01
-1.713413537348040450e+02 1.952199500699731871e+01
-1.711482157818040264e+02 1.954490976999733576e+01
-1.709550720708040217e+02 1.956777601899733909e+01
-1.707619226228040361e+02 1.959059381799733401e+01
-1.705687674558039930e+02 1.961336323199734366e+01
-1.703756065908040114e+02 1.963608432499734491e+01
-1.701824400468040039e+02 1.965875715899733578e+01
-1.699892678438040434e+02 1.968138179899733942e+01
-1.697960900008040426e+02 1.970395830599733600e+01
-1.696029065378040173e+02 1.972648674399733082e+01
-1.694097174738039939e+02 1.974896717599733975e+01
-1.692165228288040453e+02 1.977139966299734297e+01
-1.690233226218040272e+02 1.979378426699733851e+01
-1.688301168708040336e+02 1.981612105099734222e+01
-1.686369055968040129e+02 1.983841007499734488e+01
-1.684436888168040127e+02 1.986065139999732665e+01
-1.682504665518040383e+02 1.988284508799734240e+01
-1.680572388178040342e+02 1.990499119999734390e+01
-1.678640056368039950e+02 1.992708979499733246e+01
-1.676707670248040358e+02 1.994914093299732727e+01
-1.674775230028039914e+02 1.997114467599732635e+01
-1.672842735868040336e+02 1.999310108099732375e+01
-1.670910187968040077e+02 2.001501020999734592e+01
-1.668977586518039971e+02 2.003687211999733009e+01
-1.667044931688039924e+02 2.005868687099732384e+01
-1.665112223658040307e+02 2.008045452199732850e+01
-1.663179462618040247e+02 2.010217512999733813e+01
-1.661246648758040010e+02 2.012384875499734349e+01
-1.659313782238040176e+02 2.014547545299732079e+01
-1.657380863248040441e+02 2.016705528199733877e+01
-1.655447891968040040e+02 2.018858830099734192e+01
-1.653514868578039909e+02 2.021007456599733487e+01
-1.651581793248039958e+02 2.023151413299732226e+01
-1.649648666158039987e+02 2.025290706099733384e+01
-1.647715487478040473e+02 2.027425340399733855e+01
-1.645782257398039974e+02 2.029555321999731987e+01
-1.643848976088040104e+02 2.031680656399732143e+01
-1.641915643708040307e+02 2.033801349299733729e+01
-1.639982260448040279e+02 2.035917405999734697e+01
-1.638048826478039928e+02 2.038028832299733395e+01
-1.636115341968040298e+02 2.040135633499733459e+01
-1.634181807078040265e+02 2.042237815199732509e+01
-1.632248221998040094e+02 2.044335382799733125e+01
-1.630314586878040473e+02 2.046428341699732201e+01
-1.628380901908039959e+02 2.048516697399734099e+01
-1.626447167238040379e+02 2.050600455199733929e+01
-1.624513383058040290e+02 2.052679620399732485e+01
-1.622579549508039918e+02 2.054754198499734130e+01
-1.620645666778040095e+02 2.056824194799733974e+01
-1.618711735018040372e+02 2.058889614399732082e+01
-1.616777754408039982e+02 2.060950462799732819e+01
-1.614843725098040181e+02 2.063006745099733408e+01
-1.612909647268040203e+02 2.065058466599734643e+01
-1.610975521068040166e+02 2.067105632399733750e+01
-1.609041346668039978e+02 2.069148247799734364e+01
-1.607107124228040220e+02 2.071186317799731924e+01
-1.605172853908040338e+02 2.073219847699732910e+01
-1.603238535868040344e+02 2.075248842499732760e+01
-1.601304170278040147e+02 2.077273307399733326e+01
-1.599369757298040327e+02 2.079293247299733949e+01
-1.597435297068039972e+02 2.081308667399733636e+01
-1.595500789768040022e+02 2.083319572599734570e+01
-1.593566235548040027e+02 2.085325967999733976e+01
-1.591631634568039999e+02 2.087327858499734035e+01
-1.589696986988039953e+02 2.089325249099733028e+01
-1.587762292948040113e+02 2.091318144699733139e+01
-1.585827552628040280e+02 2.093306550199733707e+01
-1.583892766158040217e+02 2.095290470599733013e+01
-1.581957933708040400e+02 2.097269910699734297e+01
-1.580023055438040274e+02 2.099244875299732271e+01
-1.578088131488040062e+02 2.101215369299731961e+01
-1.576153162018040348e+02 2.103181397399731978e+01
-1.574218147178040113e+02 2.105142964599733446e+01
-1.572283087118040044e+02 2.107100075399734251e+01
-1.570347981998040154e+02 2.109052734699733733e+01
-1.568412831958040101e+02 2.111000947299732289e+01
-1.566477637148040003e+02 2.112944717699733488e+01
-1.564542397728040442e+02 2.114884050699732043e+01
-1.562607113848040399e+02 2.116818950999732252e+01
-1.560671785648040100e+02 2.118749423099731999e+01
-1.558736413278040231e+02 2.120675471799734524e+01
-1.556800996888040345e+02 2.122597101599732028e+01
-1.554865536618040096e+02 2.124514317099732708e+01
-1.552930032628040067e+02 2.126427122799734448e+01
-1.550994485048040019e+02 2.128335523399733020e+01
-1.549058894038039966e+02 2.130239523199734109e+01
-1.547123259738040133e+02 2.132139126899733483e+01
-1.545187582288040176e+02 2.134034338999731872e+01
-1.543251861838040213e+02 2.135925163799732118e+01
-1.541316098528040470e+02 2.137811605799732106e+01
-1.539380292508039929e+02 2.139693669499732565e+01
-1.537444443908040057e+02 2.141571359299732435e+01
-1.535508552878040405e+02 2.143444679599733504e+01
-1.533572619558040060e+02 2.145313634699732930e+01
-1.531636644098040279e+02 2.147178228999732497e+01
-1.529700626618040360e+02 2.149038466799732205e+01
-1.527764567278040317e+02 2.150894352499733841e+01
-1.525828466208039913e+02 2.152745890299732778e+01
-1.523892323558040403e+02 2.154593084599733643e+01
-1.521956139448039949e+02 2.156435939599734652e+01
-1.520019914028040375e+02 2.158274459499734022e+01
-1.518083647438040202e+02 2.160108648599734593e+01
-1.516147339808040329e+02 2.161938511199733526e+01
-1.514210992518040371e+02 2.163764050199734257e+01
-1.512274603188039919e+02 2.165585272199732358e+01
-1.510338173228039977e+02 2.167402180099734110e+01
-1.508401702788040097e+02 2.169214778199733829e+01
-1.506465191978040252e+02 2.171023070499734686e+01
-1.504528640958040455e+02 2.172827061099733115e+01
-1.502592049848040006e+02 2.174626754299731957e+01
-1.500655418788040265e+02 2.176422153999732600e+01
-1.498718747918040322e+02 2.178213264299734320e+01
-1.496782037348040149e+02 2.180000089299733546e+01
-1.494845287238040328e+02 2.181782633099732394e+01
-1.492908497698040264e+02 2.183560899699734037e+01
-1.490971668878040077e+02 2.185334892999734180e+01
-1.489034800898040203e+02 2.187104617199733880e+01
-1.487097893888040403e+02 2.188870076099732742e+01
-1.485160947988040334e+02 2.190631273799732881e+01
-1.483223963318040433e+02 2.192388214199732843e+01
-1.481286940018040355e+02 2.194140901299732960e+01
-1.479349878218040431e+02 2.195889339099733562e+01
-1.477412778038039960e+02 2.197633531399734252e+01
-1.475475639608040410e+02 2.199373482199732521e+01
-1.473538463058040406e+02 2.201109195299733656e+01
-1.471601248518040279e+02 2.202840674799734089e+01
-1.469663996118040359e+02 2.204567924399734480e+01
-1.467726705988040408e+02 2.206290947999733376e+01
-1.465789378248040293e+02 2.208009749599733951e+01
-1.463852013018040452e+02 2.209724332899734023e+01
-1.461914610438039972e+02 2.211434701799732139e+01
-1.459977170628040426e+02 2.213140860199732529e+01
-1.458039693718040439e+02 2.214842811799733013e+01
-1.456102179828040448e+02 2.216540560599733922e+01
-1.454164629088040215e+02 2.218234110299733075e+01
-1.452227041618040175e+02 2.219923464699732918e+01
-1.450289417548040092e+02 2.221608627699731997e+01
-1.448351756988039938e+02 2.223289602999733816e+01
-1.446414060078039938e+02 2.224966394499734079e+01
-1.444476326938039961e+02 2.226639005799734505e+01
-1.442538557688040441e+02 2.228307440999734368e+01
-1.440600752458040006e+02 2.229971703599733601e+01
-1.438662911358040333e+02 2.231631797399734651e+01
-1.436725034518040047e+02 2.233287726399732165e+01
-1.434787122058040154e+02 2.234939494199733545e+01
-1.432849174108040415e+02 2.236587104599732712e+01
-1.430911190778040236e+02 2.238230561399732110e+01
-1.428973172198039947e+02 2.239869868399734187e+01
-1.427035118478040090e+02 2.241505029299733920e+01
-1.425097029758040321e+02 2.243136047999732696e+01
-1.423158906138040152e+02 2.244762928199734020e+01
-1.421220747758040375e+02 2.246385673699734653e+01
-1.419282554718039933e+02 2.248004288299734199e+01
-1.417344327158040187e+02 2.249618775899734047e+01
-1.415406065178040080e+02 2.251229140099733073e+01
-1.413467768918040406e+02 2.252835384899734450e+01
-1.411529438478040106e+02 2.254437514099732098e+01
-1.409591073998039974e+02 2.256035531499734148e+01
-1.407652675588039983e+02 2.257629440899734519e+01
-1.405714243358040108e+02 2.259219246199734599e+01
-1.403775777428040215e+02 2.260804951299732934e+01
-1.401837277928040066e+02 2.262386560099733757e+01
-1.399898744978040099e+02 2.263964076399733827e+01
-1.397960178678040393e+02 2.265537504199733476e+01
-1.396021579168040034e+02 2.267106847499733036e+01
-1.394082946558040135e+02 2.268672110099732109e+01
-1.392144280958040099e+02 2.270233296199734596e+01
-1.390205582498040258e+02 2.271790409499732633e+01
-1.388266851288040016e+02 2.273343454299731903e+01
-1.386328087448040378e+02 2.274892434599732738e+01
-1.384389291088040181e+02 2.276437354399732627e+01
-1.382450462368040007e+02 2.277978217899732627e+01
-1.380511601348040358e+02 2.279515029099733070e+01
-1.378572708178040216e+02 2.281047792399732899e+01
-1.376633782968040123e+02 2.282576511799732444e+01
-1.374694825838039947e+02 2.284101191799732433e+01
-1.372755836908040123e+02 2.285621836399733198e+01
-1.370816816288040059e+02 2.287138450199734407e+01
-1.368877764098040188e+02 2.288651037499733221e+01
-1.366938680468040275e+02 2.290159602599732480e+01
-1.364999565498040397e+02 2.291664150199733641e+01
-1.363060419328040211e+02 2.293164684699732803e+01
-1.361121242058040366e+02 2.294661210799734263e+01
-1.359182033808040160e+02 2.296153732999733066e+01
-1.357242794708039924e+02 2.297642256099732450e+01
-1.355303524868040199e+02 2.299126784899732812e+01
-1.353364224418040180e+02 2.300607324299733492e+01
-1.351424893468040409e+02 2.302083879099732044e+01
-1.349485532138040185e+02 2.303556454399734221e+01
-1.347546140548039943e+02 2.305025055199732620e+01
-1.345606718818040122e+02 2.306489686799733718e+01
-1.343667267078039913e+02 2.307950354299731899e+01
-1.341727785438040428e+02 2.309407063199734367e+01
-1.339788274028040291e+02 2.310859818899732332e+01
-1.337848732958040046e+02 2.312308626899733000e+01
-1.335909162368039915e+02 2.313753492899732933e+01
-1.333969562368040442e+02 2.315194422799732266e+01
-1.332029933078040358e+02 2.316631422299733245e+01
-1.330090274628039992e+02 2.318064497599732832e+01
-1.328150587148040245e+02 2.319493654799731885e+01
-1.326210870758040414e+02 2.320918900099733051e+01
-1.324271126878040263e+02 2.322340239199732892e+01
-1.322331353168040096e+02 2.323757680399734582e+01
-1.320391550948040162e+02 2.325171229699734354e+01
-1.318451720328040437e+02 2.326580893899734193e+01
-1.316511861448040008e+02 2.327986680299733635e+01
-1.314571974428040448e+02 2.329388595999734335e+01
-1.312632059418040171e+02 2.330786648699734442e+01
-1.310692116528039719e+02 2.332180845999733165e+01
-1.308752145918039673e+02 2.333571195999732950e+01
-1.306812147698040576e+02 2.334957706699734459e+01
-1.304872122008039810e+02 2.336340386599733066e+01
-1.302932068998040336e+02 2.337719244299734456e+01
-1.300991988798039642e+02 2.339094288799734400e+01
-1.299051881548039660e+02 2.340465529399734024e+01
-1.297111747398039938e+02 2.341832975599732336e+01
-1.295171586478040240e+02 2.343196637099731916e+01
-1.293231398938040115e+02 2.344556524299733624e+01
-1.291291184928040252e+02 2.345912647499733694e+01
-1.289350944598040201e+02 2.347265017799734110e+01
-1.287410678088040754e+02 2.348613646299734015e+01
-1.285470385568040115e+02 2.349958544899732615e+01
-1.283530067178040213e+02 2.351299725599733748e+01
-1.281589723088040387e+02 2.352637200999732059e+01
-1.279649353448040046e+02 2.353970984099732178e+01
-1.277708958418040055e+02 2.355301088699733114e+01
-1.275768538188040537e+02 2.356627528799734606e+01
-1.273828092898040012e+02 2.357950318999732886e+01
-1.271887622738039880e+02 2.359269474799734567e+01
-1.269947127878039481e+02 2.360585011999734562e+01
-1.268006608498040322e+02 2.361896947399734259e+01
-1.266066064778040499e+02 2.363205298099731877e+01
-1.264125496908040276e+02 2.364510082399732838e+01
-1.262184905088039812e+02 2.365811319199733376e+01
-1.260244289508040509e+02 2.367109028199732634e+01
-1.258303650378040146e+02 2.368403230099733392e+01
-1.256362987888040124e+02 2.369693946699732479e+01
-1.254422302258040389e+02 2.370981200599732475e+01
-1.252481593698039859e+02 2.372265015599734639e+01
-1.250540862458040436e+02 2.373545416799732166e+01
-1.248600108748039901e+02 2.374822430299733256e+01
-1.246659332808040261e+02 2.376096083799732028e+01
-1.244718534898039906e+02 2.377366406199732651e+01
-1.242777715268039600e+02 2.378633428099732683e+01
-1.240836874178040006e+02 2.379897181599733713e+01
-1.238896011898040541e+02 2.381157700699734292e+01
-1.236955128738040202e+02 2.382415021199733829e+01
-1.235014224968039542e+02 2.383669180799734377e+01
-1.233073300898039832e+02 2.384920219699734290e+01
-1.231132356868039750e+02 2.386168179999734562e+01
-1.229191393188040564e+02 2.387413106599732160e+01
-1.231059772038039881e+02 2.382194391399733391e+01
-1.232933246628039541e+02 2.376970096399734089e+01
-1.234806803438040532e+02 2.371748774599732101e+01
-1.236680443578040212e+02 2.366530467199732257e+01
-1.238554168848040007e+02 2.361315210599733305e+01
-1.240427980248039574e+02 2.356103041399731879e+01
-1.242301878688039523e+02 2.350893994499734063e+01
-1.244175865058039534e+02 2.345688102599732261e+01
-1.246049940188039926e+02 2.340485396999733680e+01
-1.247924104858040408e+02 2.335285907299732244e+01
-1.249798358408040002e+02 2.330089665599732385e+01
-1.251672703778040585e+02 2.324896692299734369e+01
-1.253547140668039646e+02 2.319707015699734498e+01
-1.255421669688039827e+02 2.314520660199733371e+01
-1.257296291428040576e+02 2.309337648799732179e+01
-1.259171006428039590e+02 2.304158003799733834e+01
-1.261045815228040254e+02 2.298981746199732257e+01
-1.262920718328039555e+02 2.293808896299734457e+01
-1.264795716178039555e+02 2.288639473299733496e+01
-1.266670809248039831e+02 2.283473495799734465e+01
-1.268545997958040488e+02 2.278310981499732080e+01
-1.270421282718040601e+02 2.273151947299732356e+01
-1.272296663908039562e+02 2.267996409499733446e+01
-1.274172141888040386e+02 2.262844383699732376e+01
-1.276047717038040190e+02 2.257695884899732519e+01
-1.277923389638040561e+02 2.252550927599734010e+01
-1.279799160048039965e+02 2.247409525599733016e+01
-1.281675028548040132e+02 2.242271692299732777e+01
-1.283550995448039771e+02 2.237137440399732569e+01
-1.285427061008039686e+02 2.232006782499732722e+01
-1.287303225488040539e+02 2.226879730399733504e+01
-1.289179489138039685e+02 2.221756295599732667e+01
-1.291055852198040270e+02 2.216636489399732923e+01
-1.292932314898039863e+02 2.211520322499731961e+01
-1.294808877488040366e+02 2.206407805099732755e+01
-1.296685540118040194e+02 2.201298947499734382e+01
-1.298562303028040219e+02 2.196193759399733736e+01
-1.300439167398040468e+02 2.191092247399732074e+01
-1.302316131208040701e+02 2.185994426799732437e+01
-1.304193195858039758e+02 2.180900302999734564e+01
-1.306070361528040280e+02 2.175809884699734553e+01
-1.307947628358039651e+02 2.170723180299734523e+01
-1.309824996508040726e+02 2.165640197799732292e+01
-1.311702466128039646e+02 2.160560945299733149e+01
-1.313580037348040150e+02 2.155485430299734517e+01
-1.315457710318040085e+02 2.150413660499734547e+01
-1.317335485158040456e+02 2.145345643099733834e+01
-1.319213361988039992e+02 2.140281385299732975e+01
-1.321091340938040162e+02 2.135220893899733952e+01
-1.322969422108039907e+02 2.130164175799732007e+01
-1.324847605628040128e+02 2.125111237599734082e+01
-1.326725892928039912e+02 2.120062082299734030e+01
-1.328604254268039995e+02 2.115016796199734372e+01
-1.330482687218039928e+02 2.109975392199732269e+01
-1.332361222278040032e+02 2.104937794599732470e+01
-1.334239859528040029e+02 2.099904009499732993e+01
-1.336118599058040104e+02 2.094874042599733244e+01
-1.337997440918040297e+02 2.089847899799733355e+01
-1.339876385188040331e+02 2.084825586599732006e+01
-1.341755431948039927e+02 2.079807108699734286e+01
-1.343634581238040369e+02 2.074792471399732463e+01
-1.345513833138040241e+02 2.069781680199733742e+01
-1.347393187698040151e+02 2.064774740299734290e+01
-1.349272644978040034e+02 2.059771656899733117e+01
-1.351152205028039930e+02 2.054772435099733130e+01
-1.353031867898040446e+02 2.049777079899732612e+01
-1.354911633648040379e+02 2.044785596399734473e+01
-1.356791502318040443e+02 2.039797989399733424e+01
-1.358671472478040414e+02 2.034814267599734094e+01
-1.360551546828040159e+02 2.029834428899733112e+01
-1.362431724198040115e+02 2.024858481099733254e+01
-1.364312004628040427e+02 2.019886428999732075e+01
-1.366192388148040209e+02 2.014918277099733146e+01
-1.368072874788040281e+02 2.009954030099732236e+01
-1.369953464588040219e+02 2.004993692399733973e+01
-1.371834157578040276e+02 2.000037268599732343e+01
-1.373714953798040028e+02 1.995084762999733030e+01
-1.375595853258039938e+02 1.990136180199732863e+01
-1.377476855998040151e+02 1.985191524499734683e+01
-1.379357962038040455e+02 1.980250800099733866e+01
-1.381239171418040428e+02 1.975314011499733979e+01
-1.383120484148039964e+02 1.970381162899733241e+01
-1.385001900248039988e+02 1.965452258499732707e+01
-1.386883419758040077e+02 1.960527302499733437e+01
-1.388765042698040020e+02 1.955606299199732589e+01
-1.390646769068040385e+02 1.950689252799734064e+01
-1.392528598908040181e+02 1.945776167199733564e+01
-1.394410532238040332e+02 1.940867046799732876e+01
-1.396292569058040272e+02 1.935961895599732330e+01
-1.398174709398040250e+02 1.931060717699734042e+01
-1.400056953288039949e+02 1.926163517099732658e+01
-1.401939300718040045e+02 1.921270297999732080e+01
-1.403821751718040218e+02 1.916381064299733694e+01
-1.405704306308040259e+02 1.911495820199732876e+01
-1.407586964488040167e+02 1.906614569499732070e+01
-1.409469726288040192e+02 1.901737316499734121e+01
-1.411352591718040230e+02 1.896864064999732946e+01
-1.413235560788040175e+02 1.891994818999734562e+01
-1.415118633498040026e+02 1.887129582599732558e+01
-1.417001809888039929e+02 1.882268359799732949e+01
-1.418885089948039990e+02 1.877411154399732496e+01
-1.420768473698039998e+02 1.872557970499733315e+01
-1.422651961158040308e+02 1.867708812099732896e+01
-1.424535552318040459e+02 1.862863683099732626e+01
-1.426419247208040133e+02 1.858022587499732836e+01
-1.428303045828040467e+02 1.853185529299733858e+01
-1.430186948188040219e+02 1.848352512299732453e+01
-1.432070954308040314e+02 1.843523540699732521e+01
-1.433955064188040183e+02 1.838698618399732609e+01
-1.435839277848040183e+02 1.833877749299734106e+01
-1.437723595278040420e+02 1.829060937399734499e+01
-1.439608016508040009e+02 1.824248186699734120e+01
-1.441492541538040086e+02 1.819439501099734358e+01
-1.443377170368040083e+02 1.814634884799733427e+01
-1.445261903028040251e+02 1.809834341499731991e+01
-1.447146739508040127e+02 1.805037875399733949e+01
-1.449031679828040069e+02 1.800245490499733947e+01
-1.450916723988040076e+02 1.795457190699733374e+01
-1.452801872008039936e+02 1.790672980099734346e+01
-1.454687123888040219e+02 1.785892862599732567e+01
-1.456572479628040355e+02 1.781116842399731937e+01
-1.458457939248040134e+02 1.776344923499732786e+01
-1.460343502758040017e+02 1.771577109899732605e+01
-1.462229170158040006e+02 1.766813405599734565e+01
-1.464114941468040456e+02 1.762053814799734042e+01
-1.466000816678040337e+02 1.757298341499734207e+01
-1.467886795818040468e+02 1.752546989799734334e+01
-1.469772878878040387e+02 1.747799763799733697e+01
-1.471659065868039988e+02 1.743056667699733353e+01
-1.473545356808040196e+02 1.738317705499733634e+01
-1.475431751688039981e+02 1.733582881299733813e+01
-1.477318250538040161e+02 1.728852199399733891e+01
-1.479204853358040168e+02 1.724125663899733141e+01
-1.481091560148040003e+02 1.719403278899733678e+01
-1.482978370918040127e+02 1.714685048699732661e+01
-1.484865285688040331e+02 1.709970977399732206e+01
-1.486752304458040044e+02 1.705261069299732313e+01
-1.488639427238040298e+02 1.700555328499732255e+01
-1.490526654038040419e+02 1.695853759399733818e+01
-1.492413984868040302e+02 1.691156366199732375e+01
-1.494301419728039946e+02 1.686463153099734669e+01
-1.496188958638040276e+02 1.681774124499733958e+01
-1.498076601598040156e+02 1.677089284599734142e+01
-1.499964348628039943e+02 1.672408637799734166e+01
-1.501852199728040205e+02 1.667732188299732243e+01
-1.503740154908040267e+02 1.663059940599731945e+01
-1.505628214178040025e+02 1.658391899099732214e+01
-1.507516377548039941e+02 1.653728067999734108e+01
-1.509404645038040371e+02 1.649068451799732671e+01
-1.511293016648040179e+02 1.644413054899732529e+01
-1.513181492378039934e+02 1.639761881699732626e+01
-1.515070072258040454e+02 1.635114936799732632e+01
-1.516958756288040036e+02 1.630472224499732548e+01
-1.518847544478040277e+02 1.625833749299733100e+01
-1.520736436848040398e+02 1.621199515799733959e+01
-1.522625433388039937e+02 1.616569528499733011e+01
-1.524514534128040282e+02 1.611943791899733824e+01
-1.526403739078040189e+02 1.607322310499734286e+01
-1.528293048228040334e+02 1.602705088999733007e+01
-1.530182461618040293e+02 1.598092131899733737e+01
-1.532071979238040171e+02 1.593483443899734731e+01
-1.533961601118040221e+02 1.588879029599732995e+01
-1.535851327248039979e+02 1.584278893599733884e+01
-1.537741157658040265e+02 1.579683040699732111e+01
-1.539631092348039942e+02 1.575091475399734087e+01
-1.541521131338039936e+02 1.570504202599733468e+01
-1.543411274628040246e+02 1.565921226899732766e+01
-1.545301522248039987e+02 1.561342553099732378e+01
-1.547191874208040190e+02 1.556768185999732701e+01
-1.549082330498040392e+02 1.552198130299732348e+01
-1.550972891158040170e+02 1.547632390899733501e+01
-1.552863556198039987e+02 1.543070972599733715e+01
-1.554754325618040411e+02 1.538513880199733386e+01
-1.556645199428040200e+02 1.533961118699733639e+01
-1.558536177658040174e+02 1.529412692899734871e+01
-1.560427260318040226e+02 1.524868607699733580e+01
-1.562318447418040250e+02 1.520328868099733732e+01
-1.564209738968040142e+02 1.515793479099733609e+01
-1.566101134988040258e+02 1.511262445499733609e+01
-1.567992635498040386e+02 1.506735772399733797e+01
-1.569884240498039958e+02 1.502213464899734241e+01
-1.571775948778040402e+02 1.497695530799734875e+01
-1.573667762828040395e+02 1.493181969499733519e+01
-1.575559681428040335e+02 1.488672788799732949e+01
-1.577451704578040221e+02 1.484167993899732174e+01
-1.579343832298040411e+02 1.479667590099734831e+01
-1.581236064618040018e+02 1.475171582299734574e+01
-1.583128401528040285e+02 1.470679975699733255e+01
-1.585020843068040222e+02 1.466192775699733453e+01
-1.586913389238040395e+02 1.461709987399732391e+01
-1.588806040058040026e+02 1.457231615899732979e+01
-1.590698795548040039e+02 1.452757666699733896e+01
-1.592591655728040223e+02 1.448288144999734151e+01
-1.594484620608040473e+02 1.443823055999732752e+01
-1.596377690198040114e+02 1.439362405199734063e+01
-1.598270864538040428e+02 1.434906197899733193e+01
-1.600164143618040384e+02 1.430454439399733779e+01
-1.602057527468040234e+02 1.426007135199734499e+01
-1.603951016108040335e+02 1.421564290599733305e+01
-1.605844609558040474e+02 1.417125911199733501e+01
-1.607738307818040084e+02 1.412692002399734825e+01
-1.609632110928040447e+02 1.408262569699733113e+01
-1.611526018898040320e+02 1.403837618599732728e+01
-1.613420031738040166e+02 1.399417154599732349e+01
-1.615314149478040235e+02 1.395001183399734224e+01
-1.617208372128040423e+02 1.390589710499734188e+01
-1.619102699718040412e+02 1.386182741599734491e+01
-1.620997132258040097e+02 1.381780282199733811e+01
-1.622891669768040401e+02 1.377382337999734396e+01
-1.624786312258040084e+02 1.372988914699732810e+01
-1.626681059768040427e+02 1.368600018099733084e+01
-1.628575912308040188e+02 1.364215653799732841e+01
-1.630470869888040397e+02 1.359835827699732214e+01
-1.632365932538040170e+02 1.355460545399734507e+01
-1.634261100278040431e+02 1.351089812899733111e+01
-1.636156373128040400e+02 1.346723635899733118e+01
-1.638051751108040435e+02 1.342362020399733602e+01
-1.639947234238040323e+02 1.338004972099733969e+01
-1.641842822528039960e+02 1.333652496999733295e+01
-1.643738516018040059e+02 1.329304601099733496e+01
-1.645634314718039946e+02 1.324961290199732922e+01
-1.647530218648039977e+02 1.320622570499734216e+01
-1.649426227828039941e+02 1.316288447799732886e+01
-1.651322342288040090e+02 1.311958928199732632e+01
-1.653218137228039950e+02 1.307634986199733440e+01
-1.655114454848040282e+02 1.303314706999734618e+01
-1.657010877738040335e+02 1.298999049299732711e+01
-1.658907405888040216e+02 1.294688019299733206e+01
-1.660804039338040070e+02 1.290381623099734121e+01
-1.662700778108040254e+02 1.286079866899732416e+01
-1.664597622218039987e+02 1.281782756999732520e+01
-1.666494571688040196e+02 1.277490299599734236e+01
-1.668391626538040100e+02 1.273202500999733466e+01
-1.670288786788040056e+02 1.268919367399732856e+01
-1.672186052468040316e+02 1.264640905199732934e+01
-1.674083423608039993e+02 1.260367120699732446e+01
-1.675980900208040225e+02 1.256098020299734763e+01
-1.677878482308040020e+02 1.251833610399734731e+01
-1.679776169918040409e+02 1.247573897499734663e+01
-1.681673963078040401e+02 1.243318887899733305e+01
-1.683571861788039996e+02 1.239068588199734755e+01
-1.685469866098040370e+02 1.234823004799733859e+01
-1.687367976008040387e+02 1.230582144399733657e+01
-1.689266191548040297e+02 1.226346013399734680e+01
-1.691164512758040246e+02 1.222114618499734284e+01
-1.693062939638040234e+02 1.217887966299733726e+01
-1.694961472218039944e+02 1.213666063399734263e+01
-1.696860110528040195e+02 1.209448916599732193e+01
-1.698758854588040208e+02 1.205236532399732674e+01
-1.700657704428040233e+02 1.201028917599734847e+01
-1.702556660068040060e+02 1.196826078999732168e+01
-1.704455721518040150e+02 1.192628023399732307e+01
-1.706354888828039975e+02 1.188434757599734404e+01
-1.708254162008039998e+02 1.184246288299732974e+01
-1.710153541078040007e+02 1.180062622599732514e+01
-1.712053026078040148e+02 1.175883767199733221e+01
-1.713952617018040314e+02 1.171709729199733907e+01
-1.715852313928040189e+02 1.167540515399733714e+01
-1.717752116828040130e+02 1.163376132899734294e+01
-1.719652025758040281e+02 1.159216588599733733e+01
-1.721552040728039970e+02 1.155061889599733682e+01
-1.723452161768040014e+02 1.150912042899734011e+01
-1.725352388908040098e+02 1.146767055699732474e+01
-1.727252722158040115e+02 1.142626935099733565e+01
-1.729153161568040105e+02 1.138491688299732196e+01
-1.731053707138040068e+02 1.134361322299733921e+01
-1.732954358908040149e+02 1.130235844499734377e+01
-1.734855116908040031e+02 1.126115262099734160e+01
-1.736755981148040178e+02 1.121999582299733866e+01
-1.738656951658040271e+02 1.117888812499734819e+01
-1.740558028478040455e+02 1.113782959999733713e+01
-1.742459211618040058e+02 1.109682032099732929e+01
-1.744360501118040361e+02 1.105586036299732733e+01
-1.746261896988040121e+02 1.101494979899732662e+01
-1.748163399268040052e+02 1.097408870499734768e+01
-1.750065007968040049e+02 1.093327715399732902e+01
-1.751966723138040152e+02 1.089251522299733743e+01
-1.753868544778040359e+02 1.085180298599732929e+01
-1.755770472938040143e+02 1.081114051899732509e+01
-1.757672507628039966e+02 1.077052789899733476e+01
-1.759574648878040080e+02 1.072996520099733253e+01
-1.761476896718040166e+02 1.068945250299734617e+01
-1.763379251178039908e+02 1.064898987999732149e+01
-1.765281712268040337e+02 1.060857741199732196e+01
-1.767184280038040356e+02 1.056821517499733964e+01
-1.769086954498040427e+02 1.052790324699734548e+01
-1.770989735678040233e+02 1.048764170599733880e+01
-1.772892623608040026e+02 1.044743063099733682e+01
-1.774795618308040162e+02 1.040727009999733887e+01
-1.776698719818040217e+02 1.036716019399734101e+01
-1.778601928158039982e+02 1.032710099099734258e+01
-1.780505243348040381e+02 1.028709257099732177e+01
-1.782408665418039959e+02 1.024713501399734206e+01
-1.784312194408040000e+02 1.020722840199733206e+01
-1.786215830328040397e+02 1.016737281299734796e+01
-1.788119573208040265e+02 1.012756833099732567e+01
-1.790023423088040317e+02 1.008781503499733923e+01
-1.791927379978040449e+02 1.004811300799733509e+01
-1.793831443918040236e+02 1.000846233199732715e+01
-1.795735614928040036e+02 9.968863089997347160e+00
-1.797639893038040100e+02 9.929315362997334304e+00
-1.799544278278040110e+02 9.889819235997327596e+00
-1.801448770668040424e+02 9.850374790997340924e+00
-1.803353370238040156e+02 9.810982111997338606e+00
-1.805258077018040126e+02 9.771641283997331229e+00
-1.807162891028040121e+02 9.732352389997322106e+00
-1.809067812298040394e+02 9.693115515997339671e+00
-1.810972840868039953e+02 9.653930745997348239e+00
-1.812877976748040396e+02 9.614798166997337248e+00
-1.814783219968040271e+02 9.575717862997327856e+00
-1.816688570568040291e+02 9.536689920997337921e+00
-1.818594028558040350e+02 9.497714426997339032e+00
-1.820499593968040131e+02 9.458791468997338470e+00
-1.822405266838040347e+02 9.419921132997336244e+00
-1.824311047188040220e+02 9.381103506997339636e+00
-1.826216935038040106e+02 9.342338677997338081e+00
-1.828122930428040149e+02 9.303626734997328285e+00
-1.830029033368040245e+02 9.264967765997345950e+00
-1.831935243908040434e+02 9.226361860997348785e+00
-1.833841562048040146e+02 9.187809107997344071e+00
-1.835747987838039990e+02 9.149309597997335786e+00
-1.837654521288040428e+02 9.110863418997331209e+00
-1.839561162438040469e+02 9.072470662997323743e+00
-1.841467911308040470e+02 9.034131419997327939e+00
-1.843374767928040114e+02 8.995845780997347774e+00
-1.845281732328040221e+02 8.957613837997348227e+00
-1.847188804518040115e+02 8.919435681997333276e+00
-1.849095984538039943e+02 8.881311405997342590e+00
-1.851003272418039955e+02 8.843241101997341147e+00
-1.852910668178039941e+02 8.805224861997322350e+00
-1.854818171838040257e+02 8.767262780997333138e+00
-1.856725783438039912e+02 8.729354950997338491e+00
-1.858633502998040399e+02 8.691501466997328507e+00
-1.860541330548040264e+02 8.653702422997332278e+00
-1.862449266108040433e+02 8.615957914997329326e+00
-1.864357309708040020e+02 8.578268035997330898e+00
-1.866265461368039951e+02 8.540632881997344938e+00
-1.868173721118039907e+02 8.503052549997340392e+00
-1.870082088988040141e+02 8.465527134997335779e+00
-1.871990564998040441e+02 8.428056734997346311e+00
-1.873899149178039920e+02 8.390641445997323089e+00
-1.875807841548040074e+02 8.353281365997338170e+00
-1.877716642138040015e+02 8.315976591997332079e+00
-1.879625550978039996e+02 8.278727222997337876e+00
-1.881534568088040373e+02 8.241533356997342352e+00
-1.883443693488040367e+02 8.204395092997321726e+00
-1.885352927208040228e+02 8.167312530997326903e+00
-1.887262269278040208e+02 8.130285769997334100e+00
-1.889171719718040094e+02 8.093314910997326805e+00
-1.891081278548040245e+02 8.056400053997327504e+00
-1.892990945798040343e+02 8.019541299997348105e+00
-1.894900721498040070e+02 7.982738750997332211e+00
-1.896810605668040353e+02 7.945992507997321930e+00
-1.898720598328040410e+02 7.909302672997346129e+00
-1.900630699498040030e+02 7.872669348997338723e+00
-1.902540909218039928e+02 7.836092639997336740e+00
-1.904451227498039998e+02 7.799572646997323666e+00
-1.906361654368039922e+02 7.763109475997343800e+00
-1.908272189858039951e+02 7.726703230997320482e+00
-1.910182833978039980e+02 7.690354014997329735e+00
-1.912093586758040260e+02 7.654061934997320016e+00
-1.914004448228040474e+02 7.617827094997328352e+00
-1.915915418388040052e+02 7.581649601997331622e+00
-1.917826497288040173e+02 7.545529561997345702e+00
-1.919737684938040161e+02 7.509467081997347471e+00
-1.921648981368040268e+02 7.473462267997324382e+00
-1.923560386588040387e+02 7.437515228997345851e+00
-1.925471900628040203e+02 7.401626072997321337e+00
-1.927383523508040071e+02 7.365794906997341407e+00
-1.929295255248040348e+02 7.330021841997340637e+00
-1.931207095878040150e+02 7.294306985997342174e+00
-1.933119045408039938e+02 7.258650448997319593e+00
-1.935031103868039963e+02 7.223052340997331733e+00
-1.936943271278040015e+02 7.187512772997341592e+00
-1.938855547658040450e+02 7.152031855997340593e+00
-1.940767933028039920e+02 7.116609701997338000e+00
-1.942680427408039918e+02 7.081246422997343082e+00
-1.944593030818040233e+02 7.045942130997336683e+00
-1.946505743278040086e+02 7.010696938997345917e+00
-1.948418564808040401e+02 6.975510959997341054e+00
-1.950331495428040398e+02 6.940384307997338631e+00
-1.952244535168040329e+02 6.905317097997344611e+00
-1.954157684028040194e+02 6.870309444997336534e+00
-1.956070942038040243e+02 6.835361462997330939e+00
-1.957984309218040266e+02 6.800473266997333788e+00
-1.959897785578040157e+02 6.765644975997337163e+00
-1.961811371148040166e+02 6.730876703997329180e+00
-1.963725065938040188e+02 6.696168568997340920e+00
-1.965638869968040012e+02 6.661520687997328771e+00
-1.967552783258039995e+02 6.626933179997341661e+00
-1.969466805818040029e+02 6.592406162997325403e+00
-1.971380937668040474e+02 6.557939755997328923e+00
-1.973295178828039980e+02 6.523534077997344305e+00
-1.975209529318040040e+02 6.489189249997342479e+00
-1.977123989148039982e+02 6.454905390997343950e+00
-1.979038558328040267e+02 6.420682623997326921e+00
-1.980953236888040010e+02 6.386521067997340317e+00
-1.982868024828040348e+02 6.352420845997333920e+00
-1.984782922178040394e+02 6.318382080997342776e+00
-1.986697928938040150e+02 6.284404894997327240e+00
-1.988613045138040434e+02 6.250489410997322359e+00
-1.990528270778040110e+02 6.216635754997331453e+00
-1.992443605888039997e+02 6.182844048997343300e+00
-1.994359050458040201e+02 6.149114417997343374e+00
-1.996274604528040300e+02 6.115446989997342264e+00
-1.998190268088040398e+02 6.081841887997346596e+00
-2.000106041158040284e+02 6.048299239997338539e+00
-2.002021923758040316e+02 6.014819171997321412e+00
-2.003937915888039925e+02 5.981401811997334228e+00
-2.005854017578039930e+02 5.948047287997330734e+00
-2.007770228818040437e+02 5.914755728997339368e+00
-2.009686549628040098e+02 5.881527262997342298e+00
-2.011602980008040049e+02 5.848362019997328964e+00
-2.013519519988039974e+02 5.815260130997335075e+00
-2.015436169568040441e+02 5.782221724997332224e+00
-2.017352928758040207e+02 5.749246933997345543e+00
-2.019269797558040409e+02 5.716335888997325476e+00
-2.021186775988040267e+02 5.683488723997332848e+00
-2.023103864058040244e+02 5.650705569997346522e+00
-2.025021061758040446e+02 5.617986560997342060e+00
-2.026938369118039986e+02 5.585331829997334019e+00
-2.028855786128040108e+02 5.552741512997333651e+00
-2.030773312798040138e+02 5.520215743997344937e+00
-2.032690949138039969e+02 5.487754658997322288e+00
-2.034608695158040064e+02 5.455358393997333799e+00
-2.036526550858040423e+02 5.423027084997333880e+00
-2.038444516238039910e+02 5.390760868997323207e+00
-2.040362591308040123e+02 5.358559885997327576e+00
-2.042280776068039927e+02 5.326424270997340393e+00
-2.044199070518040458e+02 5.294354165997337880e+00
-2.046117474678040367e+02 5.262349708997338560e+00
-2.048035988528040434e+02 5.230411039997339806e+00
-2.049954612088040449e+02 5.198538300997346262e+00
-2.051873345348039948e+02 5.166731630997337454e+00
-2.053792188318039962e+02 5.134991173997325298e+00
-2.055711140998039923e+02 5.103317069997335587e+00
-2.057630203378039937e+02 5.071709464997330663e+00
-2.059549375458040004e+02 5.040168499997325746e+00
-2.061468657248040017e+02 5.008694320997340022e+00
-2.063388048748039978e+02 4.977287071997328560e+00
-2.065307549938040097e+02 4.945946897997321123e+00
-2.067227160838040163e+02 4.914673945997326321e+00
-2.069146881418039925e+02 4.883468361997334917e+00
-2.071066711698040308e+02 4.852330293997344945e+00
-2.072986651668040281e+02 4.821259888997336596e+00
-2.074906701318039950e+02 4.790257294997336324e+00
-2.076826860638039989e+02 4.759322661997321013e+00
-2.078747129638040292e+02 4.728456139997324392e+00
-2.080667508298039934e+02 4.697657878997323344e+00
-2.082587996618040052e+02 4.666928029997341021e+00
-2.084508594588040182e+02 4.636266743997343731e+00
-2.086429302198040432e+02 4.605674173997333476e+00
-2.088350119448040232e+02 4.575150472997340678e+00
-2.090271046308040468e+02 4.544695794997328342e+00
-2.092192082788040466e+02 4.514310291997337465e+00
-2.094113228868040437e+02 4.483994120997327748e+00
-2.096034484538039919e+02 4.453747436997336884e+00
-2.097955849788040155e+02 4.423570395997335147e+00
-2.099877324608040112e+02 4.393463154997339082e+00
-2.101798908978040004e+02 4.363425870997336808e+00
-2.103720602878040040e+02 4.333458702997323719e+00
-2.105642406308040222e+02 4.303561808997334204e+00
-2.107564319248040192e+02 4.273735347997335232e+00
-2.109486341668040268e+02 4.243979481997347314e+00
-2.111408473578040343e+02 4.214294370997326844e+00
-2.113330714938040273e+02 4.184680175997333329e+00
-2.115253065738040164e+02 4.155137060997337706e+00
-2.117175525948040331e+02 4.125665185997324791e+00
-2.119098095568040208e+02 4.096264717997347482e+00
-2.121020774568040110e+02 4.066935817997323177e+00
-2.122943562918040357e+02 4.037678653997322620e+00
-2.124866460618040378e+02 4.008493389997345169e+00
-2.126789467618040135e+02 3.979380192997330479e+00
-2.128712583908040301e+02 3.950339230997319984e+00
-2.130635809468039952e+02 3.921370669997320757e+00
-2.132559144268039972e+02 3.892474679997325548e+00
-2.134482588278040112e+02 3.863651429997337683e+00
-2.136406141478040013e+02 3.834901089997321488e+00
-2.138329803838039993e+02 3.806223830997344404e+00
-2.140253575328040370e+02 3.777619824997321185e+00
-2.142177455908040429e+02 3.749089243997337118e+00
-2.144101445568040276e+02 3.720632259997335378e+00
-2.146025544268040335e+02 3.692249048997330529e+00
-2.147949751978040354e+02 3.663939782997322592e+00
-2.149874068658040187e+02 3.635704638997343974e+00
-2.151798494278040152e+02 3.607543792997323973e+00
-2.153723028808039999e+02 3.579457420997333994e+00
-2.155647672208040149e+02 3.551445701997328452e+00
-2.157572424438040457e+02 3.523508812997339756e+00
-2.159497285468040104e+02 3.495646933997340167e+00
-2.161422255238040293e+02 3.467860243997340941e+00
-2.163347333738039993e+02 3.440148924997321611e+00
-2.165272520928040194e+02 3.412513157997329127e+00
-2.167197816738039933e+02 3.384953124997343021e+00
-2.169123221158040451e+02 3.357469009997321674e+00
-2.171048734118040215e+02 3.330060995997347728e+00
-2.172974355588040112e+02 3.302729268997329992e+00
-2.174900085518040100e+02 3.275474012997340534e+00
-2.176825923858040142e+02 3.248295414997334429e+00
-2.178751870568040090e+02 3.221193662997341445e+00
-2.180677925588040011e+02 3.194168943997345078e+00
-2.182604088888040224e+02 3.167221446997336098e+00
-2.184530360398040330e+02 3.140351362997340967e+00
-2.186456740068040290e+02 3.113558880997322031e+00
-2.188383227858039959e+02 3.086844192997323599e+00
-2.190309823698040077e+02 3.060207490997333135e+00
-2.192236527548039930e+02 3.033648967997327528e+00
-2.194163339338040259e+02 3.007168818997347781e+00
-2.196090259018040456e+02 2.980767238997321211e+00
-2.198017286528040017e+02 2.954444421997327819e+00
-2.199944421808040147e+02 2.928200564997330613e+00
-2.201871664788040448e+02 2.902035866997328295e+00
-2.203799015418040312e+02 2.875950524997340718e+00
-2.205726473628039912e+02 2.849944737997338162e+00
-2.207654039358040450e+02 2.824018707997344446e+00
-2.209581712538040392e+02 2.798172633997329850e+00
-2.211509493098039911e+02 2.772406717997346615e+00
-2.213437380968040316e+02 2.746721164997329989e+00
-2.215365376088039966e+02 2.721116175997342790e+00
-2.217293478378040277e+02 2.695591957997327537e+00
-2.219221687768040283e+02 2.670148715997333166e+00
-2.221150004178040263e+02 2.644786654997323350e+00
-2.223078427538040387e+02 2.619505984997322567e+00
-2.225006957778040260e+02 2.594306912997330183e+00
-2.226935594808040264e+02 2.569189647997324411e+00
-2.228864338548040109e+02 2.544154400997347576e+00
-2.230793188928039967e+02 2.519201383997346166e+00
-2.232722145858040221e+02 2.494330807997334087e+00
-2.234651209248040118e+02 2.469542886997321940e+00
-2.236580379028040397e+02 2.444837834997320325e+00
-2.238509655098040412e+02 2.420215866997329268e+00
-2.240439037368039976e+02 2.395677199997327644e+00
-2.242368525758039937e+02 2.371222049997333325e+00
-2.244298120178040108e+02 2.346850634997343032e+00
-2.246227820528040411e+02 2.322563175997321760e+00
-2.248157626708040198e+02 2.298359891997340920e+00
-2.250087538628040420e+02 2.274241003997337085e+00
-2.252017556188040430e+02 2.250206734997339364e+00
-2.253947679298040043e+02 2.226257307997320023e+00
-2.255877907838039960e+02 2.202392946997326018e+00
-2.257808241718039994e+02 2.178613876997336885e+00
-2.259738680838040068e+02 2.154920324997339431e+00
-2.261669225078040313e+02 2.131312518997338312e+00
-2.263599874348039975e+02 2.107790685997320335e+00
-2.265530628518040430e+02 2.084355056997343691e+00
-2.267461487488040461e+02 2.061005861997335042e+00
-2.269392451138040201e+02 2.037743332997342005e+00
-2.271323519368040138e+02 2.014567701997326932e+00
-2.273254692038040048e+02 1.991479203997334135e+00
-2.275185969048040420e+02 1.968478073997322664e+00
-2.277117350268040354e+02 1.945564546997336830e+00
-2.279048835588040447e+02 1.922738859997342953e+00
-2.280980424868040473e+02 1.900001252997332468e+00
-2.282912117978040101e+02 1.877351964997335809e+00
-2.284843914818040389e+02 1.854791235997344412e+00
-2.286775815228040187e+02 1.832319307997328561e+00
-2.288707819088040196e+02 1.809936422997343808e+00
-2.290639926268040085e+02 1.787642826997346557e+00
-2.292572136618040304e+02 1.765438762997324940e+00
-2.294504450018040416e+02 1.743324478997327898e+00
-2.296436866308040408e+02 1.721300221997329682e+00
-2.298369385368040412e+02 1.699366240997340238e+00
-2.300302007028039952e+02 1.677522784997341088e+00
-2.302234731158040404e+02 1.655770105997338870e+00
-2.304167557608039942e+02 1.634108455997340226e+00
-2.306100486228040154e+02 1.612538087997341218e+00
-2.308033516858040457e+02 1.591059257997334608e+00
-2.309966649348040164e+02 1.569672219997334306e+00
-2.311899883538040399e+02 1.548377233997347613e+00
-2.313833219258040117e+02 1.527174554997321021e+00
-2.315766656368040231e+02 1.506064445997343793e+00
-2.317700194678039907e+02 1.485047165997320118e+00
-2.319633834048040057e+02 1.464122976997321413e+00
-2.321567574278039956e+02 1.443292143997330523e+00
-2.323501415228039946e+02 1.422554929997323026e+00
-2.325435356698040437e+02 1.401911601997345880e+00
-2.327369398518040384e+02 1.381362427997321785e+00
-2.329303540518040450e+02 1.360907674997326122e+00
-2.331237782508040368e+02 1.340547613997335130e+00
-2.333172124308040338e+02 1.320282515997325046e+00
-2.335106565728040096e+02 1.300112653997336221e+00
-2.337041106568040050e+02 1.280038301997341588e+00
-2.338975746658040293e+02 1.260059733997342502e+00
-2.340910485788040205e+02 1.240177227997326437e+00
-2.342845323768040089e+02 1.220391061997337712e+00
-2.344780260388040460e+02 1.200701513997335379e+00
-2.346715295458039918e+02 1.181108866997339302e+00
-2.348650428758040221e+02 1.161613400997344225e+00
-2.350585660088040072e+02 1.142215399997331016e+00
-2.352520989238039988e+02 1.122915149997344653e+00
-2.354456415978040127e+02 1.103712936997344851e+00
-2.356391940118040225e+02 1.084609047997337594e+00
-2.358327561418039977e+02 1.065603772997325560e+00
-2.360263279658040005e+02 1.046697401997339849e+00
-2.362199094608040468e+02 1.027890227997322992e+00
-2.364135006048040282e+02 1.009182543997331205e+00
-2.366071013748040173e+02 9.905746449973427126e-01
-2.368007117458039943e+02 9.720668269973251618e-01
-2.369943316948040319e+02 9.536593899973460076e-01
-2.371879611978040430e+02 9.353526319973233250e-01
-2.373816002298040075e+02 9.171468539973424150e-01
-2.375752487658040195e+02 8.990423589973253193e-01
-2.377689067818039916e+02 8.810394509973256127e-01
-2.379625742518040283e+02 8.631384349973294512e-01
-2.381562511488040172e+02 8.453396199973375325e-01
-2.383499374478039954e+02 8.276433129973432834e-01
-2.385436331228040103e+02 8.100498249973262510e-01
-2.387373381458040171e+02 7.925594669973228257e-01
-2.389310524898040171e+02 7.751725539973270962e-01
-2.391247761278040116e+02 7.578893999973437268e-01
-2.393185090308040230e+02 7.407103219973456554e-01
-2.395122511718039959e+02 7.236356379973236663e-01
-2.397060025218040096e+02 7.066656689973220828e-01
-2.398997630508040402e+02 6.898007359973283847e-01
-2.400935327308040428e+02 6.730411619973373227e-01
-2.402873115308040042e+02 6.563872719973224967e-01
-2.404810994218040037e+02 6.398393919973321964e-01
-2.406748963718040386e+02 6.233978519973439880e-01
-2.408687023518040178e+02 6.070629799973281671e-01
-2.410625173288040060e+02 5.908351099973336851e-01
-2.412563412708040005e+02 5.747145729973275330e-01
-2.414501741478040344e+02 5.587017059973269362e-01
-2.416440159248040231e+02 5.427968449973312737e-01
-2.418378665708040103e+02 5.270003289973366201e-01
-2.420317260508040249e+02 5.113124979973284745e-01
-2.422255943318040181e+02 4.957336949973458196e-01
-2.424194713798040084e+02 4.802642639973319638e-01
-2.426133571598040248e+02 4.649045489973437362e-01
-2.428072516358039934e+02 4.496548999973461469e-01
-2.430011547738040463e+02 4.345156659973432034e-01
-2.431950665368040063e+02 4.194871969973283377e-01
-2.433889868888040269e+02 4.045698469973379452e-01
-2.435829157918039982e+02 3.897639719973304273e-01
-2.437768532098040168e+02 3.750699269973316041e-01
-2.439707991048040299e+02 3.604880719973428405e-01
-2.441647534378039950e+02 3.460187679973265040e-01
-2.443587161698040404e+02 3.316623769973480740e-01
-2.445526872618040102e+02 3.174192639973276164e-01
-2.447466666738040431e+02 3.032897949973451523e-01
-2.449406543668040399e+02 2.892743389973352897e-01
-2.451346502978040007e+02 2.753732669973251723e-01
-2.453286544278039969e+02 2.615869499973419443e-01
-2.455226667128040390e+02 2.479157639973314786e-01
-2.457166871118039921e+02 2.343600839973354055e-01
-2.459107155818040269e+02 2.209202899973425616e-01
-2.461047520788040401e+02 2.075967609973239092e-01
-2.462987965598040319e+02 1.943898809973396424e-01
-2.464928489788040338e+02 1.813000339973362685e-01
-2.466869092928040459e+02 1.683276069973422551e-01
-2.468809774548039968e+02 1.554729889973364976e-01
-2.470750534188040319e+02 1.427365699973441593e-01
-2.472691371378040230e+02 1.301187449973375265e-01
-2.474632285648040124e+02 1.176199069973384581e-01
-2.476573276528040424e+02 1.052404559973232068e-01
-2.478514343518040164e+02 9.298078999734601946e-02
-2.480455486138040442e+02 8.084130999734415179e-02
-2.482396703888040292e+02 6.882242199734409094e-02
-2.484337996268040456e+02 5.692453199734389541e-02
-2.486279362758040179e+02 4.514804699733106913e-02
-2.488220802858040201e+02 3.349337899732548335e-02
-2.490162316038040444e+02 2.196094099733644084e-02
-2.492103901768040259e+02 1.055114699733424727e-02
-2.494045559508040242e+02 -7.355840026784032449e-04
-2.495987288728040312e+02 -1.189883200265254987e-02
-2.497929088888039928e+02 -2.293817500267406745e-02
-2.499870959408040108e+02 -3.385318900267945269e-02
-2.501812899748040309e+02 -4.464344700266534988e-02
-2.503754909338040306e+02 -5.530851900266012949e-02
-2.505696987588040088e+02 -6.584797300265646247e-02
-2.507639133928039996e+02 -7.626137500266819136e-02
-2.509581347778039913e+02 -8.654828800265559896e-02
-2.511523628518040141e+02 -9.670827400267481555e-02
-2.513465975558040100e+02 -1.067408900026643181e-01
-2.515408388298040450e+02 -1.166456930026762706e-01
-2.517350866098040001e+02 -1.264222360026630299e-01
-2.519293408338040194e+02 -1.360700700026549470e-01
-2.521236014398040197e+02 -1.455887430026572560e-01
-2.523178683618040168e+02 -1.549778000026784952e-01
-2.525121415368039948e+02 -1.642367850026525133e-01
-2.527064208968039907e+02 -1.733652390026585721e-01
-2.529007063778039992e+02 -1.823626990026761263e-01
-2.530949979108040111e+02 -1.912287010026667844e-01
-2.532892954288039959e+02 -1.999627770026628781e-01
-2.534835988618040119e+02 -2.085644570026610467e-01
-2.536779081398040034e+02 -2.170332680026612338e-01
-2.538722231938040181e+02 -2.253687350026561120e-01
-2.540665439508040322e+02 -2.335703790026522342e-01
-2.542608703398040007e+02 -2.416377200026667282e-01
-2.544552022868040240e+02 -2.495702730026559124e-01
-2.546495397168040427e+02 -2.573675520026719732e-01
-2.548438825558040435e+02 -2.650290670026672069e-01
-2.550382307288040238e+02 -2.725543270026614118e-01
-2.552325841568040232e+02 -2.799428350026525458e-01
-2.554269427638039929e+02 -2.871940940026669886e-01
-2.556213064698040398e+02 -2.943076030026597345e-01
-2.558156751968040226e+02 -3.012828580026743475e-01
-2.560100488628040125e+02 -3.081193510026545845e-01
-2.562044273858040242e+02 -3.148165740026578896e-01
-2.563988106848040047e+02 -3.213740120026736258e-01
-2.565931986748040003e+02 -3.277911510026521591e-01
-2.567875912708040005e+02 -3.340674710026641514e-01
-2.569819883898040302e+02 -3.402024500026593068e-01
-2.571763899418040182e+02 -3.461955630026758990e-01
-2.573707958418040107e+02 -3.520462820026702411e-01
-2.575652059998039931e+02 -3.577540750026693694e-01
-2.577596203258040077e+02 -3.633184080026646279e-01
-2.579540387288039938e+02 -3.687387430026612400e-01
-2.581484611168040146e+02 -3.740145390026677341e-01
-2.583428873978040201e+02 -3.791452510026780964e-01
-2.585373174758040022e+02 -3.841303330026684670e-01
-2.587317512568040456e+02 -3.889692330026784384e-01
-2.589261886428039929e+02 -3.936613980026729132e-01
-2.591206295368040173e+02 -3.982062690026518248e-01
-2.593150738398040289e+02 -4.026032870026719501e-01
-2.595095214518040052e+02 -4.068518860026651418e-01
-2.597039722708040017e+02 -4.109515000026769393e-01
-2.598984261948040171e+02 -4.149015560026563798e-01
-2.600928831198040143e+02 -4.187014810026661871e-01
-2.602873429408040238e+02 -4.223506970026798535e-01
-2.604818055518040296e+02 -4.258486210026669050e-01
-2.606762708438039908e+02 -4.291946690026642863e-01
-2.608707387098040158e+02 -4.323882520026765541e-01
-2.610652090378040384e+02 -4.354287780026547261e-01
-2.612596817158039926e+02 -4.383156500026595404e-01
-2.614541566328040290e+02 -4.410482690026591990e-01
-2.616486336728040101e+02 -4.436260320026642057e-01
-2.618431127208040152e+02 -4.460483310026526760e-01
-2.620375936598040312e+02 -4.483145550026628734e-01
-2.622320763698040196e+02 -4.504240910026689471e-01
-2.624265607328040346e+02 -4.523763190026622305e-01
-2.626210466258040128e+02 -4.541706170026552081e-01
-2.628155339258040044e+02 -4.558063590026742440e-01
-2.630100225088040133e+02 -4.572829160026637418e-01
-2.632045122488040079e+02 -4.585996510026527084e-01
-2.633990030188040237e+02 -4.597559290026774215e-01
-2.635934946888040145e+02 -4.607511070026598099e-01
-2.637879871278040014e+02 -4.615845380026777911e-01
-2.639824802048040056e+02 -4.622555730026599030e-01
-2.641769737858040230e+02 -4.627635580026728257e-01
-2.643714677318040458e+02 -4.631078330026761614e-01
-2.645659619108039919e+02 -4.632877370026685093e-01
-2.647604561818040452e+02 -4.633026030026550779e-01
-2.649549504038039913e+02 -4.631517600026549553e-01
-2.651494444348040247e+02 -4.628345330026726878e-01
-2.653439381308040197e+02 -4.623502420026520121e-01
-2.655384313468040318e+02 -4.616982030026642314e-01
-2.657329239338040452e+02 -4.608777280026524203e-01
-2.659274157428040439e+02 -4.598881240026693740e-01
-2.661219066228040333e+02 -4.587286950026575050e-01
