-8.425744525695388631e+01 3.985413382037599916e+01
-8.400268182695397456e+01 3.997216856337600888e+01
-8.374326752595409573e+01 4.007962445337600599e+01
-8.348049635695390691e+01 4.017860429137599709e+01
-8.321520180795398858e+01 4.027061702637600860e+01
-8.294794863095405901e+01 4.035678300437600541e+01
-8.267913589295388022e+01 4.043795800337600355e+01
-8.240905484795401037e+01 4.051481173437600347e+01
-8.213792409895388857e+01 4.058787905637600346e+01
-8.186591158595395257e+01 4.065759463937600771e+01
-8.159314891695392191e+01 4.072431708137600737e+01
-8.131974100895406821e+01 4.078834611337600080e+01
-8.104577276195398383e+01 4.084993515437600564e+01
-8.077131377795406308e+01 4.090930064637600339e+01
-8.049642178495408018e+01 4.096662912437600568e+01
-8.022114515995401973e+01 4.102208264837600638e+01
-7.994552481895409812e+01 4.107580303737599792e+01
-7.966959565795407627e+01 4.112791521437599584e+01
-7.939338766295402650e+01 4.117852987537600740e+01
-7.911692678195397832e+01 4.122774564337600367e+01
-7.884023560595399260e+01 4.127565082337600444e+01
-7.856333392095400825e+01 4.132232483937600165e+01
-7.828623914495399561e+01 4.136783943337599823e+01
-7.800896669095398295e+01 4.141225966037600159e+01
-7.773153025495396662e+01 4.145564471937600359e+01
-7.745394206295402739e+01 4.149804866937599712e+01
-7.717621307195402380e+01 4.153952102337600394e+01
-7.689835313395390415e+01 4.158010726637599674e+01
-7.662037114395396031e+01 4.161984929837600333e+01
-7.634227515295408750e+01 4.165878581237600287e+01
-7.606407247695399576e+01 4.169695262937600688e+01
-7.578576977895393441e+01 4.173438298437600480e+01
-7.550737314595410510e+01 4.177110778337600294e+01
-7.522888815395397444e+01 4.180715581737600672e+01
-7.495031992095398721e+01 4.184255396537600546e+01
-7.467167315995409638e+01 4.187732736337600414e+01
-7.439295228195403809e+01 4.191149955237600722e+01
-7.411416113695402430e+01 4.194509264637600410e+01
-7.383530357795400789e+01 4.197812739437599561e+01
-7.355638305795407916e+01 4.201062334237600027e+01
-7.327740278095400583e+01 4.204259891037600738e+01
-7.299836573395403150e+01 4.207407148337599523e+01
-7.271927469495388152e+01 4.210505749137600873e+01
-7.244013245095409559e+01 4.213557246037600379e+01
-7.216094126695391253e+01 4.216563113337600299e+01
-7.188170352595405177e+01 4.219524746637599577e+01
-7.160242139995405353e+01 4.222443471437599527e+01
-7.132309693595409783e+01 4.225320547437599572e+01
-7.104373206595398926e+01 4.228157173137599756e+01
-7.076432861095402416e+01 4.230954489537599983e+01
-7.048488828795400707e+01 4.233713584337599656e+01
-7.020541271795407567e+01 4.236435495337600088e+01
-6.992590341795410325e+01 4.239121213437599778e+01
-6.964636180795407938e+01 4.241771685537600689e+01
-6.936678919595404125e+01 4.244387817837600352e+01
-6.908718662095391494e+01 4.246970479237599960e+01
-6.880755528195398085e+01 4.249520500137600010e+01
-6.852789589195397468e+01 4.252038679837600199e+01
-6.824820893795397581e+01 4.254525786937600884e+01
-6.796854045695393154e+01 4.256982160737600651e+01
-6.768881569695402334e+01 4.259409171837599928e+01
-6.740906866495409133e+01 4.261807204437599950e+01
-6.712929974495393992e+01 4.264176913237600530e+01
-6.684950877295393923e+01 4.266518932537599795e+01
-6.656969475495391464e+01 4.268833879237600826e+01
-6.628985566495391879e+01 4.271122355637600521e+01
-6.600993423795405590e+01 4.273385385737599762e+01
-6.572996567095408693e+01 4.275623217437600232e+01
-6.545017418995401215e+01 4.277834606837600262e+01
-6.517023703895399933e+01 4.280022620937599953e+01
-6.489032128895389917e+01 4.282186431837600793e+01
-6.461034106295399226e+01 4.284327175137600108e+01
-6.433027196895393729e+01 4.286445479637600187e+01
-6.405021603095390503e+01 4.288541010437599965e+01
-6.377006328195405160e+01 4.290615012037600451e+01
-6.349007932695401735e+01 4.292665944037600667e+01
-6.320995028795398696e+01 4.294696512537600341e+01
-6.292979532095394291e+01 4.296706225637600340e+01
-6.264962230095405005e+01 4.298695400937599942e+01
-6.236943613295404987e+01 4.300664367837600111e+01
-6.208923947395403786e+01 4.302613461237600490e+01
-6.180899761695407335e+01 4.304543262337600851e+01
-6.152879554295402897e+01 4.306453520337600338e+01
-6.124858155295403606e+01 4.308344915937600916e+01
-6.096835691095391496e+01 4.310217753937600804e+01
-6.068812268295398837e+01 4.312072331837600103e+01
-6.040787942295408186e+01 4.313908941937599906e+01
-6.012762750095392050e+01 4.315727869337600708e+01
-5.984736717595394850e+01 4.317529392237600661e+01
-5.956709862795408128e+01 4.319313781337600489e+01
-5.928682200695409676e+01 4.321081300137600323e+01
-5.900653742995389450e+01 4.322832205137600425e+01
-5.872624487495393453e+01 4.324566747137600231e+01
-5.844594480295388905e+01 4.326285166837600826e+01
-5.816563696595387967e+01 4.327987703137599595e+01
-5.788532156095409675e+01 4.329674586037599937e+01
-5.760499875395392166e+01 4.331346039737599796e+01
-5.732466834095392016e+01 4.333002284737600718e+01
-5.704433074295396011e+01 4.334643532537599953e+01
-5.676398593795404679e+01 4.336269991737599838e+01
-5.648363402095408503e+01 4.337881864937600795e+01
-5.620327508695397967e+01 4.339479350037600369e+01
-5.592290923195407970e+01 4.341062639937600665e+01
-5.564253655295404144e+01 4.342631922837600911e+01
-5.536215714595398651e+01 4.344187382337600667e+01
-5.508177110795402598e+01 4.345729197737600913e+01
-5.480137853695403294e+01 4.347257544237600513e+01
-5.452097952895390165e+01 4.348772592737599751e+01
-5.424057417995398112e+01 4.350274510137600004e+01
-5.396016258595393822e+01 4.351763459637600562e+01
-5.367974484095391574e+01 4.353239600737600057e+01
-5.339932103995404589e+01 4.354703089037599995e+01
-5.311889127695401669e+01 4.356154076937600195e+01
-5.283845564395399208e+01 4.357592713337600543e+01
-5.255801423195391919e+01 4.359019143637599569e+01
-5.227756713095398311e+01 4.360433510437599836e+01
-5.199711443295389302e+01 4.361835952937600069e+01
-5.171665622395410367e+01 4.363226607337600882e+01
-5.143619259395389065e+01 4.364605606937600868e+01
-5.115572362795394668e+01 4.365973082337600175e+01
-5.087524941295403380e+01 4.367329161037600471e+01
-5.059477003495392466e+01 4.368673968137600383e+01
-5.031428557595388895e+01 4.370007625937599727e+01
-5.003379612295391610e+01 4.371330254437599905e+01
-4.975330175695405899e+01 4.372641970837600667e+01
-4.947280256095389461e+01 4.373942890037600506e+01
-4.919229861795390946e+01 4.375233124737599866e+01
-4.891179000895392903e+01 4.376512785137600048e+01
-4.863127681695398508e+01 4.377781979337600404e+01
-4.835075912295390310e+01 4.379040813237600815e+01
-4.807023700895395280e+01 4.380289390637600633e+01
-4.778971055595395967e+01 4.381527813137599736e+01
-4.750917984695395546e+01 4.382756180537599988e+01
-4.722864496295399306e+01 4.383974590537599880e+01
-4.694810598895408305e+01 4.385183138837600580e+01
-4.666756300595405094e+01 4.386381919637600646e+01
-4.638701609995389674e+01 4.387571024837600220e+01
-4.610646535395387957e+01 4.388750544937600040e+01
-4.582591085495398886e+01 4.389920568437600679e+01
-4.554535268995398667e+01 4.391081182337600097e+01
-4.526479094495410038e+01 4.392232471737600719e+01
-4.498422571195403918e+01 4.393374520437600239e+01
-4.470365707895400931e+01 4.394507410437599759e+01
-4.442308513795394731e+01 4.395631222237600610e+01
-4.414250998395398540e+01 4.396746034737599729e+01
-4.386193170895406013e+01 4.397851925637599635e+01
-4.358135041195403403e+01 4.398948970837600569e+01
-4.330076618995401816e+01 4.400037245037599831e+01
-4.302017914195410242e+01 4.401116821437600635e+01
-4.273958936995389024e+01 4.402187772137600774e+01
-4.245899697695388397e+01 4.403250167537600390e+01
-4.217840206695389327e+01 4.404304077037600251e+01
-4.189780474395395515e+01 4.405349568537599936e+01
-4.161720511595406435e+01 4.406386708937599650e+01
-4.133660330595405696e+01 4.407415563737600195e+01
-4.105599936895403346e+01 4.408436197437600157e+01
-4.077539342895404673e+01 4.409448673137600139e+01
-4.049478566395403334e+01 4.410453052837599586e+01
-4.021417607595397214e+01 4.411449397637600356e+01
-3.993356478195399006e+01 4.412437767437599945e+01
-3.965295185595398664e+01 4.413418221237599681e+01
-3.937233734795388784e+01 4.414390816737600431e+01
-3.909172127995391577e+01 4.415355611037600880e+01
-3.881110362495390120e+01 4.416312660137599977e+01
-3.853048428595396047e+01 4.417262019437600173e+01
-3.824986306795388202e+01 4.418203743537599593e+01
-3.796923962095395666e+01 4.419137886537600224e+01
-3.768861336395396222e+01 4.420064502537599793e+01
-3.740803140995406295e+01 4.420983488637600800e+01
-3.712741669595409633e+01 4.421895148137600273e+01
-3.684680243095392882e+01 4.422799421237599660e+01
-3.656618861495401518e+01 4.423696356537600849e+01
-3.628557453995388471e+01 4.424586003737599782e+01
-3.600495884195409246e+01 4.425468414037600695e+01
-3.572433887195400359e+01 4.426343641337600587e+01
-3.544370978695390306e+01 4.427211745237600127e+01
-3.516306344295396968e+01 4.428072794137600710e+01
-3.488234379295393239e+01 4.428927000137600345e+01
-3.460154487695406544e+01 4.429774418037600725e+01
-3.432064994095397026e+01 4.430615133837600439e+01
-3.403972617495408315e+01 4.431448982937600789e+01
-3.375906633395409528e+01 4.432275145237600356e+01
-3.347834966895409536e+01 4.433094612237599819e+01
-3.319767099995404180e+01 4.433907145137600736e+01
-3.291699599595388293e+01 4.434712882737600381e+01
-3.263632450495408932e+01 4.435511863037600477e+01
-3.235565279595410004e+01 4.436304133337599609e+01
-3.207497415395398832e+01 4.437089748137599798e+01
-3.179428094195402821e+01 4.437868763137600325e+01
-3.151357007995405013e+01 4.438641220137599674e+01
-3.123285213295396545e+01 4.439407122837599928e+01
-3.095214999495404129e+01 4.440166442237600819e+01
-3.067159230195404973e+01 4.440918868137600128e+01
-3.039075450295406711e+01 4.441665566237600871e+01
-3.011023871995401180e+01 4.442404967837600083e+01
-2.982953113495393893e+01 4.443138462237600805e+01
-2.954882184495393460e+01 4.443865575637600074e+01
-2.926811099595404642e+01 4.444586336637599544e+01
-2.898697347395393820e+01 4.445301850737600802e+01
-2.870651956795389026e+01 4.446009328337600408e+01
-2.842596931195392074e+01 4.446710784037600916e+01
-2.814525244095405299e+01 4.447406410937600896e+01
-2.786288780395405240e+01 4.448099845037599920e+01
-2.758375773495397709e+01 4.448779173837599643e+01
-2.730309305795397279e+01 4.449456085137600070e+01
-2.702237048795389285e+01 4.450126988837600805e+01
-2.674164654095405069e+01 4.450791771137600250e+01
-2.646092135995407091e+01 4.451450454437600257e+01
-2.618006819295403886e+01 4.452103353837599542e+01
-2.589934236895403785e+01 4.452749897437600879e+01
-2.561861774195388364e+01 4.453390400637599811e+01
-2.533683651895405831e+01 4.454027263137600556e+01
-2.505720578795406084e+01 4.454653291337600507e+01
-2.477673246595402645e+01 4.455275246737600270e+01
-2.449577696995409326e+01 4.455892306337600672e+01
-2.421498817795402658e+01 4.456503052637599893e+01
-2.393423812195403855e+01 4.457107787637600183e+01
-2.365350080295395685e+01 4.457706585537599864e+01
-2.337280133495399070e+01 4.458299410237599858e+01
-2.309206003895390324e+01 4.458886445237600782e+01
-2.281131956895394808e+01 4.459467614637599553e+01
-2.253057865695389239e+01 4.460042935037599676e+01
-2.224983685795389476e+01 4.460612420737600559e+01
-2.196909401595401334e+01 4.461176084837600087e+01
-2.168835007895388856e+01 4.461733939237600310e+01
-2.140760503595409148e+01 4.462285995537600769e+01
-2.112685889195388711e+01 4.462832264337600208e+01
-2.084611165995404747e+01 4.463372755737599817e+01
-2.056536335895391687e+01 4.463907479037600723e+01
-2.028461400995395536e+01 4.464436443037600810e+01
-2.000386362895399373e+01 4.464959655637600378e+01
-1.972311223495405841e+01 4.465477124137600384e+01
-1.944235983795404366e+01 4.465988855337599972e+01
-1.916160644895406051e+01 4.466494854937599968e+01
-1.888085206995408782e+01 4.466995128337600107e+01
-1.860009670395409387e+01 4.467489679937600755e+01
-1.831934034895409980e+01 4.467978513537600094e+01
-1.803858300295389938e+01 4.468461632037600140e+01
-1.775782466695393680e+01 4.468939037837599670e+01
-1.747706534195397410e+01 4.469410732237600570e+01
-1.719630503595392668e+01 4.469876715837600756e+01
-1.691554376295410123e+01 4.470336988537599865e+01
-1.663478154695401656e+01 4.470791549337599946e+01
-1.635401841995401639e+01 4.471240396137600470e+01
-1.607325442495410073e+01 4.471683526337600512e+01
-1.579248961495393822e+01 4.472120936237600830e+01
-1.551172405095401707e+01 4.472552621037599607e+01
-1.523095780495403240e+01 4.472978575337599949e+01
-1.495019095295408995e+01 4.473398792637599541e+01
-1.466942357395403640e+01 4.473813265337600598e+01
-1.438865574795393520e+01 4.474221984937600638e+01
-1.410788755095389213e+01 4.474624941837600289e+01
-1.382711904995388075e+01 4.475022125537599749e+01
-1.354635030895390635e+01 4.475413524237600171e+01
-1.326558136895399009e+01 4.475799125237600862e+01
-1.298481225795406324e+01 4.476178914437600298e+01
-1.270404298695400946e+01 4.476552876637600065e+01
-1.242327355495406671e+01 4.476920995637599532e+01
-1.214250388595390184e+01 4.477283253637600779e+01
-1.186173391495397489e+01 4.477639631637600104e+01
-1.158096366895400031e+01 4.477990109137599717e+01
-1.130014821295397276e+01 4.478334718837600548e+01
-1.101937200795403449e+01 4.478673333537600598e+01
-1.073859496095390575e+01 4.479005977537600103e+01
-1.045781703495397785e+01 4.479332624437599719e+01
-1.017703820395407099e+01 4.479653245637600634e+01
-9.896258449953920788e+00 4.479967810937599637e+01
-9.615477772953981983e+00 4.480276288237600824e+01
-9.334696182953921451e+00 4.480578643537599959e+01
-9.053913700953971855e+00 4.480874840637600443e+01
-8.773130360954001006e+00 4.481164841237600882e+01
-8.492346199954072361e+00 4.481448604837600413e+01
-8.211561259953969127e+00 4.481726088537600816e+01
-7.930775582953929259e+00 4.481997246937600465e+01
-7.649989210953963337e+00 4.482262032137600016e+01
-7.369202184954092516e+00 4.482520393437599893e+01
-7.088414540953936083e+00 4.482772277137599559e+01
-6.807626309954075694e+00 4.483017626637600728e+01
-6.526837522953956139e+00 4.483256382037600218e+01
-6.246048203954005729e+00 4.483488480037599544e+01
-5.965258374953991805e+00 4.483713853537600613e+01
-5.684468054953940808e+00 4.483932431937599716e+01
-5.403677256953942631e+00 4.484144140237599885e+01
-5.122885991953880946e+00 4.484348899137599886e+01
-4.842094261953961976e+00 4.484546624737600240e+01
-4.561302060954021798e+00 4.484737228237600704e+01
-4.280509365954076273e+00 4.484920615337599514e+01
-3.999716127953961475e+00 4.485096686237600494e+01
-3.718922249954021098e+00 4.485265334937600556e+01
-3.438127535954054181e+00 4.485426448937599986e+01
-3.157331594954102982e+00 4.485579908937599924e+01
-2.876533763953903033e+00 4.485725587737599795e+01
-2.595731952953956423e+00 4.485863350837600905e+01
-2.314982299954026601e+00 4.485993028337600919e+01
-2.034205085954072345e+00 4.486114504137599823e+01
-1.753442520954040518e+00 4.486227594737599844e+01
-1.472668734953986203e+00 4.486332134737600796e+01
-1.191752484953967794e+00 4.486427977137599754e+01
-9.110096829538906205e-01 4.486514813237599952e+01
-6.302098849540288539e-01 4.486592502537600780e+01
-3.493497759539695990e-01 4.486660805637600191e+01
-6.867007795388417601e-02 4.486719417937600696e+01
2.122249650459889503e-01 4.486768147037600585e+01
4.930733980460627053e-01 4.486806642837600378e+01
7.738831240459785876e-01 4.486834590037600634e+01
1.054678034045918977e+00 4.486851644537599526e+01
1.335411935045994980e+00 4.486857426937600479e+01
1.616209735046068019e+00 4.486851666937599958e+01
1.897007630046045890e+00 4.486834632637600606e+01
2.178207869045918343e+00 4.486806658037600215e+01
2.458603766045980521e+00 4.486768235337600430e+01
2.739400530046095739e+00 4.486719543137599686e+01
3.020294782045921167e+00 4.486660902437599674e+01
3.300995103045961443e+00 4.486592652337599674e+01
3.581425929046117673e+00 4.486515087037600580e+01
3.862588526045938053e+00 4.486428140837600864e+01
4.143496362046034776e+00 4.486332313437599595e+01
4.424255886045939334e+00 4.486227790237600033e+01
4.705023147046103915e+00 4.486114708537599682e+01
4.985803133046074365e+00 4.485993241537600085e+01
5.266556996046046990e+00 4.485863571037599939e+01
5.547357883045988203e+00 4.485725816537600252e+01
5.828155357046098217e+00 4.485580145437599953e+01
6.108951159045927781e+00 4.485426692437599883e+01
6.389757795046007161e+00 4.485265577637600387e+01
6.670184278045935500e+00 4.485097159837599889e+01
6.951340889046077720e+00 4.484920870837600404e+01
7.231791435045961336e+00 4.484737716037600563e+01
7.512546927045987033e+00 4.484547150537600402e+01
7.793440161046119030e+00 4.484349365237600438e+01
8.074467621046023780e+00 4.484144441037600615e+01
8.353942502045965668e+00 4.483933744537599608e+01
8.636132164046030013e+00 4.483714095137600708e+01
8.916875036046048919e+00 4.483488760537600371e+01
9.197665167046052304e+00 4.483256663437600054e+01
9.478454736046087348e+00 4.483017908537599538e+01
9.759243865046000721e+00 4.482772558937600849e+01
1.004003254604610440e+01 4.482520674737600785e+01
1.032082077504598594e+01 4.482262312437600116e+01
1.060160854504594674e+01 4.481997525537600069e+01
1.088239585204602911e+01 4.481726364937599527e+01
1.116318268904607969e+01 4.481448878437600314e+01
1.144396905204591341e+01 4.481165111337600848e+01
1.172475493404605906e+01 4.480875106637599714e+01
1.200554033204609361e+01 4.480578904637599891e+01
1.228632523804610166e+01 4.480276543537599565e+01
1.256710964904611494e+01 4.479968059637599964e+01
1.284789355804598010e+01 4.479653486937599638e+01
1.312867696104596682e+01 4.479332857337600871e+01
1.340941576304605398e+01 4.479006253137600169e+01
1.369019499004609308e+01 4.478673603637600564e+01
1.397097354704594174e+01 4.478334983137600744e+01
1.425175142604591194e+01 4.477990416737599588e+01
1.453252861904608828e+01 4.477639927837599743e+01
1.481330511704611119e+01 4.477283538537600549e+01
1.509408091104607585e+01 4.476921269337599796e+01
1.537485599204607745e+01 4.476553139337600129e+01
1.565563035004599435e+01 4.476179166337600890e+01
1.593640397704591116e+01 4.475799366837599536e+01
1.621717686404592484e+01 4.475413756037600166e+01
1.649794900104591022e+01 4.475022347837600734e+01
1.677872038004595368e+01 4.474625155237600183e+01
1.705949099004594416e+01 4.474222189737600530e+01
1.734026082204597685e+01 4.473813461937600522e+01
1.762102986604593013e+01 4.473398981337600588e+01
1.790179811304589919e+01 4.472978756337600004e+01
1.818256555304598976e+01 4.472552794437600454e+01
1.846333217604608024e+01 4.472121102037599627e+01
1.874409797204604899e+01 4.471683684537600101e+01
1.902486293004601237e+01 4.471240546637600488e+01
1.930562704104606553e+01 4.470791691737600360e+01
1.958639029404609744e+01 4.470337122837600674e+01
1.986715267804599705e+01 4.469876841537600143e+01
2.014791418204610807e+01 4.469410849137600650e+01
2.042867479604608150e+01 4.468939145637600774e+01
2.070943450904603367e+01 4.468461730437599755e+01
2.099019330904609149e+01 4.467978602137599609e+01
2.127095118604590596e+01 4.467489758437600500e+01
2.155170812704606931e+01 4.466995196537600776e+01
2.183246412104601575e+01 4.466494912637600834e+01
2.211321915704608898e+01 4.465988902237599945e+01
2.239397322104598231e+01 4.465477160137600521e+01
2.267472630304602887e+01 4.464959680337600645e+01
2.295547838904592197e+01 4.464436456337600845e+01
2.323622946804600531e+01 4.463907480737599798e+01
2.351697952604597219e+01 4.463372745637600048e+01
2.379772855104594953e+01 4.462832242137600502e+01
2.407847652904608537e+01 4.462285960937600038e+01
2.435922344704606246e+01 4.461733892137599611e+01
2.463996929204601827e+01 4.461176024837600806e+01
2.492071405004610085e+01 4.460612347837599856e+01
2.520145770704600352e+01 4.460042849037599666e+01
2.548220024804611228e+01 4.459467515837599905e+01
2.576294166004610986e+01 4.458886334937600537e+01
2.604368192804592752e+01 4.458299292437600769e+01
2.632442103604596184e+01 4.457706373837600466e+01
2.660515897004590613e+01 4.457107563937599792e+01
2.688589571504591902e+01 4.456502847037599935e+01
2.716663125404595291e+01 4.455892206537600231e+01
2.744736557304592850e+01 4.455275625637600712e+01
2.772809865404603613e+01 4.454653086437600251e+01
2.800883048104599027e+01 4.454024570937600203e+01
2.828956103804596012e+01 4.453390060037600762e+01
2.857029030804589809e+01 4.452749534437599976e+01
2.885101827304599453e+01 4.452102973937599728e+01
2.913174491604597449e+01 4.451450357837600080e+01
2.941247021804603889e+01 4.450791664837600337e+01
2.969319416304590220e+01 4.450126873037600461e+01
2.997391673004601387e+01 4.449455959737600352e+01
3.025463790204609893e+01 4.448778901837599875e+01
3.053535766004590357e+01 4.448095675537600613e+01
3.081607598304610462e+01 4.447406256437600547e+01
3.109679285104600410e+01 4.446710619537599740e+01
3.137750824604601974e+01 4.446008739137599974e+01
3.165822214504594001e+01 4.445300588837600486e+01
3.193893452804597644e+01 4.444586141937600843e+01
3.221964537404589635e+01 4.443865370637600876e+01
3.250035466104593240e+01 4.443138246837600747e+01
3.278106236704608989e+01 4.442404741737600915e+01
3.306176846904592992e+01 4.441664825737600353e+01
3.334247294404592310e+01 4.440918468737600477e+01
3.362317576804609587e+01 4.440165639837599798e+01
3.390366978904596351e+01 4.439406870437600361e+01
3.418437389404600424e+01 4.438640994937599515e+01
3.446371083804608304e+01 4.437872324337600816e+01
3.474545323704607824e+01 4.437090407037600670e+01
3.502629061804593391e+01 4.436304343137600625e+01
3.530689129104591473e+01 4.435512267437599832e+01
3.558756817204600509e+01 4.434713266637600526e+01
3.586887582404590091e+01 4.433905699937600531e+01
3.614926206604597780e+01 4.433093996537599679e+01
3.642977189304603769e+01 4.432275122237600584e+01
3.670916567304600164e+01 4.431452693537600140e+01
3.699122160404606063e+01 4.430615492537599920e+01
3.727197946504604431e+01 4.429775183137599726e+01
3.755321552504589988e+01 4.428926438437600410e+01
3.783388314604592040e+01 4.428072378337599702e+01
3.811452543104603308e+01 4.427211330037599879e+01
3.839515253604592715e+01 4.426343220337600570e+01
3.867577182204597364e+01 4.425467983337599520e+01
3.895638756004602499e+01 4.424585560937600093e+01
3.923700205704601274e+01 4.423695900337600762e+01
3.951761648004610095e+01 4.422798950937600893e+01
3.979823141104604645e+01 4.421894663437600315e+01
4.007884683004606075e+01 4.420982989237599980e+01
4.035943195004590223e+01 4.420063980237599566e+01
4.064005812904603943e+01 4.419137351937600755e+01
4.092068164804611285e+01 4.418203195937599759e+01
4.120130303304601682e+01 4.417261458437599941e+01
4.148192259104591528e+01 4.416312085537600041e+01
4.176254049804599333e+01 4.415355022437599786e+01
4.204315683304609763e+01 4.414390214137599600e+01
4.232377161004608013e+01 4.413417604437599806e+01
4.260438480304598841e+01 4.412437136537599969e+01
4.288547450404591643e+01 4.411447061337600672e+01
4.316631122604592008e+01 4.410449879637599935e+01
4.344621420504601872e+01 4.409447998937600488e+01
4.372723871804593898e+01 4.408433993037599663e+01
4.400734793404596701e+01 4.407415140037600310e+01
4.428848329004601680e+01 4.406384309337600058e+01
4.456865373004590936e+01 4.405348734137600530e+01
4.484916432304605394e+01 4.404303552037600156e+01
4.512986626104604682e+01 4.403249226437599617e+01
4.541084529304605155e+01 4.402185345437600716e+01
4.569184866604602746e+01 4.401112781937600715e+01
4.597283450004594840e+01 4.400031624037600153e+01
4.625364953904606580e+01 4.398942397437600249e+01
4.653433062304604562e+01 4.397844899237600913e+01
4.681494705704601245e+01 4.396738792437600551e+01
4.709537937304610011e+01 4.395624483037600072e+01
4.737534270904590983e+01 4.394503056337600100e+01
4.765531416604601134e+01 4.393372544037600136e+01
4.793632969704610503e+01 4.392228630837600889e+01
4.821693917804593355e+01 4.391077105337600273e+01
4.849764595404592171e+01 4.389915833037600379e+01
4.877830705004605250e+01 4.388745316537600871e+01
4.905897384304596187e+01 4.387565256037600392e+01
4.933956570004595221e+01 4.386375904337599962e+01
4.962012144904603872e+01 4.385177011737599884e+01
4.990064537204595752e+01 4.383968470337600110e+01
5.018114133704595758e+01 4.382750172037599867e+01
5.046161415304611353e+01 4.381522001937600663e+01
5.074207230804601920e+01 4.380283826437599970e+01
5.102253305704600450e+01 4.379035469537600278e+01
5.130309176204598032e+01 4.377776398837600169e+01
5.158358091504594256e+01 4.376507259837600117e+01
5.186376078404593670e+01 4.375229051637600008e+01
5.214406777204605703e+01 4.373939685037600356e+01
5.242443228904600971e+01 4.372639358437600521e+01
5.270484417804611610e+01 4.371327999637600925e+01
5.298528701804609398e+01 4.370005565237600109e+01
5.326575269704601112e+01 4.368671971937600773e+01
5.354629700304592177e+01 4.367326827537599598e+01
5.382730356704603025e+01 4.365968136637599883e+01
5.410792448204590244e+01 4.364599867737600647e+01
5.438750067604603089e+01 4.363225193637600086e+01
5.466796040604610596e+01 4.361834511837600559e+01
5.494831156204593015e+01 4.360432559237600714e+01
5.522882395704611724e+01 4.359017845837600902e+01
5.551015121304605771e+01 4.357586871537599649e+01
5.578967953704606941e+01 4.356152851837600082e+01
5.606999154404608987e+01 4.354702457537600679e+01
5.635051470904606674e+01 4.353238435237600612e+01
5.663092431204601951e+01 4.351762319337600360e+01
5.691132842504605094e+01 4.350273392137599870e+01
5.719172691904593364e+01 4.348771494137600513e+01
5.747211967004606947e+01 4.347256462337600880e+01
5.775250655004599309e+01 4.345728129837599596e+01
5.803288743404611694e+01 4.344186325737600640e+01
5.831326219604595451e+01 4.342630875137600555e+01
5.859363071104591825e+01 4.341061598737599780e+01
5.887399285304597640e+01 4.339478313037600543e+01
5.915434850004605494e+01 4.337880829837600771e+01
5.943469752704611153e+01 4.336268956337600144e+01
5.971503981204607214e+01 4.334642494937600787e+01
5.999537523604605838e+01 4.333001243037600858e+01
6.027570376804594332e+01 4.331344992137599803e+01
6.055602503304605477e+01 4.329673530537599646e+01
6.083633915304601203e+01 4.327986638237600658e+01
6.111664593504603715e+01 4.326284090937600268e+01
6.139694531804609312e+01 4.324565658037600002e+01
6.167723712604599484e+01 4.322831103037599831e+01
6.195752126004610716e+01 4.321080182937600256e+01
6.223779759704591186e+01 4.319312648037600155e+01
6.251806599504600115e+01 4.317528241737600325e+01
6.279832629104605246e+01 4.315726700637599578e+01
6.307857827204604462e+01 4.313907754137600392e+01
6.335882165704599345e+01 4.312071124437600389e+01
6.363905604104608926e+01 4.310216526437600493e+01
6.391928082204610462e+01 4.308343668037600338e+01
6.419949483504608168e+01 4.306452252737600617e+01
6.447969672604601499e+01 4.304541976037599937e+01
6.475994156604603802e+01 4.302612134237600827e+01
6.504013874604599721e+01 4.300663016537600214e+01
6.532032521904595512e+01 4.298694026537599910e+01
6.560049807904594843e+01 4.296704831037600769e+01
6.588065199504596592e+01 4.294695104037599975e+01
6.616077889104592202e+01 4.292664529337600499e+01
6.644073956604590592e+01 4.290613746837599507e+01
6.672091330304594692e+01 4.288539568537600388e+01
6.700096901304611663e+01 4.286444017037600673e+01
6.728103479604594384e+01 4.284325714937600793e+01
6.756101378504597221e+01 4.282184958237599659e+01
6.784092860804609870e+01 4.280021131437600701e+01
6.812086676104597416e+01 4.277833086037600907e+01
6.840067910304598797e+01 4.275621506937600458e+01
6.868063654904601378e+01 4.273383738437599533e+01
6.896055053204592866e+01 4.271120743237600692e+01
6.924039102304611504e+01 4.268832230037600795e+01
6.952020748804595485e+01 4.266517236937600188e+01
6.980000183204599296e+01 4.264175162637599925e+01
7.007977494304593336e+01 4.261805390537600857e+01
7.035935596104597778e+01 4.259408761137600408e+01
7.063852876104594714e+01 4.256986556837599522e+01
7.091893425204595758e+01 4.254523717737600208e+01
7.119862815204594142e+01 4.252036516137599875e+01
7.147829559304607017e+01 4.249518229637600797e+01
7.175793612504610053e+01 4.246968088937600072e+01
7.203779685304600378e+01 4.244382990137599876e+01
7.231696130404604617e+01 4.241770632637599903e+01
7.259715098904591457e+01 4.239113954537599938e+01
7.287619024104598964e+01 4.236432679337600149e+01
7.315498019104590810e+01 4.233717446737600909e+01
7.343432793304593531e+01 4.230959319737599600e+01
7.371417411204599546e+01 4.228157601837600765e+01
7.399447358104605144e+01 4.225311418637600269e+01
7.427340977304599789e+01 4.222438232437600192e+01
7.455274215104593338e+01 4.219518895437600037e+01
7.483214015504601946e+01 4.216555456037600180e+01
7.511146169904593251e+01 4.213548052037599945e+01
7.539073499904604603e+01 4.210494963137600877e+01
7.566985344104607236e+01 4.207395879937600824e+01
7.594896291504589669e+01 4.204247612737599837e+01
7.622796772304597823e+01 4.201049566237600885e+01
7.650690096404598251e+01 4.197799603937600210e+01
7.678575841104604649e+01 4.194495901937600735e+01
7.706450494304606025e+01 4.191136897937600025e+01
7.734319869304606243e+01 4.187719778437600127e+01
7.762176127204604370e+01 4.184243259437599960e+01
7.790027105104597638e+01 4.180703965037600511e+01
7.817868954604607268e+01 4.177099806137599813e+01
7.845694256904600650e+01 4.173429021937599970e+01
7.873523404704603479e+01 4.169685950137600372e+01
7.901341882104604508e+01 4.165869322537600539e+01
7.929148146104596151e+01 4.161975945237600882e+01
7.956931754604595142e+01 4.158003653437599922e+01
7.984703370104595876e+01 4.153946992137600347e+01
8.012476251704599406e+01 4.149799639037599519e+01
8.040235051604592798e+01 4.145559120537600251e+01
8.067978674304610820e+01 4.141220484637600663e+01
8.095705896904603094e+01 4.136778325137600376e+01
8.123415349604594837e+01 4.132226721037600470e+01
8.151105490904608075e+01 4.127559166337599805e+01
8.178774578804602413e+01 4.122768485837600139e+01
8.206420634504608813e+01 4.117846736137600061e+01
8.234041398204605855e+01 4.112785085537600338e+01
8.261634275104590586e+01 4.107573670337600191e+01
8.289196265704610767e+01 4.102201419337600186e+01
8.316723879804605701e+01 4.096655838237600022e+01
8.344213025104606629e+01 4.090922742837600623e+01
8.371658862804603984e+01 4.084985924437599891e+01
8.399055618804611356e+01 4.078826726037599570e+01
8.426396331104608350e+01 4.072423499337600816e+01
8.453672507804610348e+01 4.065750897337600378e+01
8.480873654104600234e+01 4.058778940237599642e+01
8.507986605404600766e+01 4.051471760137599887e+01
8.534994562404601481e+01 4.043785879037600495e+01
8.561875657304601361e+01 4.035667796437599719e+01
8.588600753604593763e+01 4.027050521637600156e+01
8.615129939904606715e+01 4.017848445137600066e+01
8.641406679804610746e+01 4.007949505037600346e+01
8.667347616304611790e+01 3.997202734237600197e+01
8.692823261204596008e+01 3.985397764137599808e+01
8.691889988104610154e+01 3.959002157537600652e+01
8.688277806504599710e+01 3.931155088737600778e+01
8.684700795704604559e+01 3.903303499937600662e+01
8.681157436904611302e+01 3.875447657037600635e+01
8.677646304504598618e+01 3.847587760437600224e+01
8.674166071604592787e+01 3.819724058537600087e+01
8.670715479904599476e+01 3.791856675637600205e+01
8.667293355204598981e+01 3.763985791337599807e+01
8.663898593304604390e+01 3.736111581837599971e+01
8.660530149604589667e+01 3.708234183737599921e+01
8.657187040404589595e+01 3.680353744737600863e+01
8.653868334804603535e+01 3.652470397337599906e+01
8.650573151504606528e+01 3.624584265637600566e+01
8.647300653604604292e+01 3.596695456937600710e+01
8.644050050004595676e+01 3.568804100237600352e+01
8.640820584804593807e+01 3.540910283037600692e+01
8.637611539904598601e+01 3.513014098937599528e+01
8.634422231004593584e+01 3.485115635437600901e+01
8.631252005604589783e+01 3.457214977637600128e+01
8.628100238904600872e+01 3.429312188237600623e+01
8.624966334604611973e+01 3.401407337237599648e+01
8.621849717704610327e+01 3.373500450137600382e+01
8.618749843004609090e+01 3.345591600537600385e+01
8.615666181004591806e+01 3.317680797937600090e+01
8.612598502704592818e+01 3.289770593337599536e+01
8.609545907204589810e+01 3.261857248437599566e+01
8.606508092804590149e+01 3.233942292037600197e+01
8.603484614604592196e+01 3.206025792437599620e+01
8.600475040604594312e+01 3.178107786637599830e+01
8.597478957004607025e+01 3.150188330937600156e+01
8.594495963604610722e+01 3.122267473337599952e+01
8.591525674004599011e+01 3.094345259737599818e+01
8.588567714504590356e+01 3.066421733837599461e+01
8.585621723704609565e+01 3.038496936937599813e+01
8.582687351604606363e+01 3.010570908737600249e+01
8.579764258804600274e+01 2.982643686537599947e+01
8.576852116504589674e+01 2.954715305637599343e+01
8.573950604904591444e+01 2.926785799537599431e+01
8.571059413804611893e+01 2.898855199137600280e+01
8.568178241204593348e+01 2.870923533337600375e+01
8.565306793204597113e+01 2.842990828737599784e+01
8.562444783204607290e+01 2.815057108537600428e+01
8.559591932204595821e+01 2.787122393637598705e+01
8.556747967204607619e+01 2.759186701137598519e+01
8.553912621704596120e+01 2.731250043737599142e+01
8.551085634904590904e+01 2.703312429337599454e+01
8.548266751104590355e+01 2.675373859537599586e+01
8.545455719304611364e+01 2.647434328037600793e+01
8.542652292804602610e+01 2.619493818637601024e+01
8.539856706404604836e+01 2.591557084137598466e+01
8.537067883304591476e+01 2.563615722137599917e+01
8.534285976304606436e+01 2.535673568537599820e+01
8.531510756404593110e+01 2.507730606337598900e+01
8.528742002304595360e+01 2.479786861237601059e+01
8.525979493804599940e+01 2.451842330337600018e+01
8.523223015604609998e+01 2.423897032137599084e+01
8.520472359504599069e+01 2.395951024937598461e+01
8.517727703504594672e+01 2.368008275237601268e+01
8.514988116704596166e+01 2.340061431737600017e+01
8.512253746204594052e+01 2.312114090037600889e+01
8.509524389504592534e+01 2.284166271037598861e+01
8.506799846104597407e+01 2.256217995237598828e+01
8.504079917204596484e+01 2.228269282937599272e+01
8.501364405204610364e+01 2.200320154037600062e+01
8.498653113804600423e+01 2.172370628537600012e+01
8.495945847704608411e+01 2.144420725837598596e+01
8.493242412304600464e+01 2.116470465537598855e+01
8.490542613804602468e+01 2.088519866837599537e+01
8.487846258404594835e+01 2.060568948937599387e+01
8.485153152904597107e+01 2.032617730937601053e+01
8.482463103604611376e+01 2.004666231737600768e+01
8.479775917004592145e+01 1.976714470337599394e+01
8.477091398704594383e+01 1.948762465737600635e+01
8.474409355004597444e+01 1.920810248337598480e+01
8.471729587504607650e+01 1.892857811837599868e+01
8.469051900504602770e+01 1.864905189437600441e+01
8.466376095704610805e+01 1.836952400037599276e+01
8.463701972804589957e+01 1.808999462937599745e+01
8.461029329904606300e+01 1.781046397437599538e+01
8.458357962704592126e+01 1.753093223037599913e+01
8.455687664604595000e+01 1.725139959437600012e+01
8.453018226004603264e+01 1.697186626637598650e+01
8.450349434504589397e+01 1.669233244937599991e+01
8.447681074304607307e+01 1.641279834637599677e+01
8.445012925604594045e+01 1.613326416837599098e+01
8.442344764904594001e+01 1.585373012637599821e+01
8.439676364004610321e+01 1.557419643837601164e+01
8.437007490004604904e+01 1.529466332537599804e+01
8.434337904504597816e+01 1.501513101437600106e+01
8.431667363704598017e+01 1.473559973737601148e+01
8.428995617404591201e+01 1.445606973137599560e+01
8.426322408804610120e+01 1.417654124437600238e+01
8.423647473704606625e+01 1.389701452637600276e+01
8.420970540104592317e+01 1.361748983837599347e+01
8.418291327704598359e+01 1.333796745037598974e+01
8.415609546704597221e+01 1.305844763937598962e+01
8.412924897604595742e+01 1.277893069937601034e+01
8.410237070204600229e+01 1.249941692437601226e+01
8.407545742504605357e+01 1.221990662937598948e+01
8.404850580304598395e+01 1.194040013937600087e+01
8.402151235604598867e+01 1.166089779637601076e+01
8.399447345704599854e+01 1.138139995337600929e+01
8.396738532104602371e+01 1.110190698637599915e+01
8.394024398904609541e+01 1.082241928637599493e+01
8.391304110604589539e+01 1.054289407137598822e+01
8.388578079604592119e+01 1.026341885337600068e+01
8.385845421704600255e+01 9.983950181375993438e+00
8.383105655404590095e+01 9.704488542375989013e+00
8.380358272604591718e+01 9.425034452375987470e+00
8.377602736404598716e+01 9.145588461375998790e+00
8.374838477804603087e+01 8.866151154376003873e+00
8.372064893304597888e+01 8.586723158375994203e+00
8.369281340704598904e+01 8.307305142376000262e+00
8.366487135504591777e+01 8.027897825376006935e+00
8.363681546504601272e+01 7.748501982376002850e+00
8.360863790404611962e+01 7.469118448375998476e+00
8.358033026104605767e+01 7.189748127376010878e+00
8.355188348204607962e+01 6.910392000376011090e+00
8.352328780604595693e+01 6.631051275375985377e+00
8.349453262404601617e+01 6.351726862376001925e+00
8.346560645104607090e+01 6.072420164376002738e+00
8.343649676304600860e+01 5.793132590376008473e+00
8.340718986204608143e+01 5.513865696375991554e+00
8.337767071304590161e+01 5.234621213376006388e+00
8.334792275004603823e+01 4.955401064376009579e+00
8.331792763604600793e+01 4.676207408375991470e+00
8.328766498504607796e+01 4.397042673375996635e+00
8.325711201504593362e+01 4.117909610376007556e+00
8.322624312804593671e+01 3.838811351376013370e+00
8.319502939204600978e+01 3.559751492376013182e+00
8.316343788504597967e+01 3.280734188376006166e+00
8.313143087904602169e+01 3.001764281376002153e+00
8.309896478104603545e+01 2.722847466375999836e+00
8.306598876804598319e+01 2.443990514375987466e+00
8.303244297904591065e+01 2.165201567376006331e+00
8.299825607904601554e+01 1.886490543375988871e+00
8.296334192404599150e+01 1.607869724375992071e+00
8.292759484904597400e+01 1.329354583376006538e+00
8.289088286004600548e+01 1.050965033375992341e+00
8.285276205204597488e+01 7.727656463759916550e-01
8.281117718204602340e+01 4.950646853759979593e-01
8.276550132304593888e+01 2.180076813759984078e-01
8.271541061604595768e+01 -5.828487162399202670e-02
8.266054926204598985e+01 -3.336692336240031920e-01
8.260052657304611046e+01 -6.079741586239987283e-01
8.253491424304608870e+01 -8.809951496240086000e-01
8.246325538404600763e+01 -1.152446537624011391e+00
8.238501748104606293e+01 -1.422121556623987537e+00
8.229966125104594710e+01 -1.689622354624002121e+00
8.220659341504590145e+01 -1.954536685624002068e+00
8.210518626804598341e+01 -2.216369793623992557e+00
8.199478562904612033e+01 -2.474537012623993171e+00
8.187472589504606901e+01 -2.728352987624002246e+00
8.174435203604609512e+01 -2.977024704624009921e+00
8.160305050904609914e+01 -3.219649331624007793e+00
8.145028865004603347e+01 -3.455221919624004379e+00
8.128566155104606139e+01 -3.682655814623994495e+00
8.110894101904607112e+01 -3.900820726624014689e+00
8.092012068904607247e+01 -4.108597287623989125e+00
8.071944699004590973e+01 -4.304946325624011472e+00
8.050742724504600289e+01 -4.488983947623988335e+00
8.028480946904589644e+01 -4.660050123623999063e+00
8.005253498304607263e+01 -4.817757715624007453e+00
7.981167188104602417e+01 -4.962012653623996350e+00
7.956334176904594813e+01 -5.093003023624002701e+00
7.930865227404608220e+01 -5.211162154624001452e+00
7.904864418304593698e+01 -5.317115576624000362e+00
7.878425695204593637e+01 -5.411622582623986766e+00
7.851631110104601419e+01 -5.495521345623994414e+00
7.824550562504593643e+01 -5.569682313623995462e+00
7.797242350704611624e+01 -5.634972821623999373e+00
7.769754335304598669e+01 -5.692231950623987125e+00
7.742125317704601173e+01 -5.742254438624011748e+00
7.714386445704592177e+01 -5.785781638624011514e+00
7.686557966504589956e+01 -5.823503335624006461e+00
7.658667776804593075e+01 -5.856034529624007057e+00
7.630727491704594456e+01 -5.883951300623986747e+00
7.602749195904600299e+01 -5.907771513624008541e+00
7.574742304004591631e+01 -5.927964279623988197e+00
7.546714113904606336e+01 -5.944954106623991485e+00
7.518670250004599609e+01 -5.959125040624011937e+00
7.490615018504597344e+01 -5.970824628624010977e+00
7.462551689004605748e+01 -5.980367622623997015e+00
7.434482718904602905e+01 -5.988039365624000077e+00
7.406409930904594319e+01 -5.994098863624013340e+00
7.378334655204609760e+01 -5.998781540623990161e+00
7.350257859704599639e+01 -6.002301704623998369e+00
7.322180100504594691e+01 -6.004854746623986550e+00
7.294101757904597605e+01 -6.006619069623989837e+00
7.266023114004603656e+01 -6.007757817624006513e+00
7.237944337904598058e+01 -6.008420415623997535e+00
7.209865518704593512e+01 -6.008743923624005667e+00
7.181786686904608530e+01 -6.008854237623988404e+00
7.153707873504610859e+01 -6.008867136624000516e+00
7.125629076504598913e+01 -6.008867136624000516e+00
7.097550269304603887e+01 -6.008867136624000516e+00
7.069471458904597228e+01 -6.008867136624000516e+00
7.041392623104609072e+01 -6.008867136624000516e+00
7.013313785204597650e+01 -6.008867136624000516e+00
6.985234915004609491e+01 -6.008867136624000516e+00
6.957156009704605992e+01 -6.008867136624000516e+00
6.929076557004593440e+01 -6.008867136624000516e+00
6.900996638504595637e+01 -6.008867136624000516e+00
6.872916392904600968e+01 -6.008867136624000516e+00
6.844835714104594615e+01 -6.008867136624000516e+00
6.816754505804594544e+01 -6.008867136624000516e+00
6.788672639704593337e+01 -6.008867136624000516e+00
6.760596414404601262e+01 -6.008867136624000516e+00
6.732516078004611870e+01 -6.008867136624000516e+00
6.704435685704599734e+01 -6.008867136624000516e+00
6.676355257204606630e+01 -6.008867136624000516e+00
6.648274837304590790e+01 -6.008867136624000516e+00
6.620189242704593369e+01 -6.008867136624000516e+00
6.592106879404597919e+01 -6.008867136624000516e+00
6.564024137704602424e+01 -6.008867136624000516e+00
6.535941027204596310e+01 -6.008867136624000516e+00
6.507857582204603375e+01 -6.008867136624000516e+00
6.479773871904596660e+01 -6.008867136624000516e+00
6.451690016104605263e+01 -6.008867136624000516e+00
6.423606210204609113e+01 -6.008867136624000516e+00
6.395522770704603488e+01 -6.008867136624000516e+00
6.367440134804603247e+01 -6.008867136624000516e+00
6.339359042904600017e+01 -6.008867136624000516e+00
6.311280507704593390e+01 -6.008867136624000516e+00
6.283205702104594081e+01 -6.008867136624000516e+00
6.255139098104602624e+01 -6.008867136624000516e+00
6.227065594204593424e+01 -6.008867136624000516e+00
6.198978465004590532e+01 -6.008867136624000516e+00
6.170882812804590856e+01 -6.008867136624000516e+00
6.142815724604604100e+01 -6.008867136624000516e+00
6.114774732704601945e+01 -6.008867136624000516e+00
6.086703183104593506e+01 -6.008867136624000516e+00
6.058622927704611527e+01 -6.008867136624000516e+00
6.030542615504593584e+01 -6.008867136624000516e+00
6.002462242504604717e+01 -6.008867136624000516e+00
5.974381808804598393e+01 -6.008867136624000516e+00
5.946301314304598407e+01 -6.008867136624000516e+00
5.918220759604598413e+01 -6.008867136624000516e+00
5.890140144904596298e+01 -6.008867136624000516e+00
5.862059471004606337e+01 -6.008867136624000516e+00
5.833978738504599448e+01 -6.008867136624000516e+00
5.805883272304610898e+01 -6.008867136624000516e+00
5.777803389004604639e+01 -6.008867136624000516e+00
5.749723403804607358e+01 -6.008867136624000516e+00
5.721643319804609007e+01 -6.008867136624000516e+00
5.693563140904591080e+01 -6.008867136624000516e+00
5.665482871704595880e+01 -6.008867136624000516e+00
5.637402517104594324e+01 -6.008867136624000516e+00
5.609322082904593287e+01 -6.008867136624000516e+00
5.581241575804590127e+01 -6.008867136624000516e+00
5.553161003304596477e+01 -6.008867136624000516e+00
5.525080373904590658e+01 -6.008867136624000516e+00
5.496994733904595876e+01 -6.008867136624000516e+00
5.468913229404590481e+01 -6.008867136624000516e+00
5.440831601904589832e+01 -6.008867136624000516e+00
5.412749854504606617e+01 -6.008867136624000516e+00
5.384667990704603824e+01 -6.008867136624000516e+00
5.356586014404608420e+01 -6.008867136624000516e+00
5.328503930304593439e+01 -6.008867136624000516e+00
5.300421743804592722e+01 -6.008867136624000516e+00
5.272339460804612088e+01 -6.008867136624000516e+00
5.244257088604597072e+01 -6.008867136624000516e+00
5.216174635204599497e+01 -6.008867136624000516e+00
5.188092109504593452e+01 -6.008867136624000516e+00
5.160009521704607494e+01 -6.008867136624000516e+00
5.131926897304599322e+01 -6.008867136624000516e+00
5.103844236104593790e+01 -6.008867136624000516e+00
5.075761562104609936e+01 -6.008867136624000516e+00
5.047678896804602289e+01 -6.008867136624000516e+00
5.019596264804606278e+01 -6.008867136624000516e+00
4.991513695104610804e+01 -6.008867136624000516e+00
4.963431220704607938e+01 -6.008867136624000516e+00
4.935348879104610376e+01 -6.008867136624000516e+00
4.907266712204607018e+01 -6.008867136624000516e+00
4.879184763704590466e+01 -6.008867136624000516e+00
4.851103075104599327e+01 -6.008867136624000516e+00
4.823021675204601877e+01 -6.008867136624000516e+00
4.794940557504598644e+01 -6.008867136624000516e+00
4.766859596304600188e+01 -6.008867136624000516e+00
4.738785145604599336e+01 -6.008867136624000516e+00
4.710707729504603947e+01 -6.008867136624000516e+00
4.682631315704604447e+01 -6.008867136624000516e+00
4.654555319504599709e+01 -6.008867136624000516e+00
4.626472628904609508e+01 -6.008867136624000516e+00
4.598371452704593310e+01 -6.008867136624000516e+00
4.570357111904597502e+01 -6.008867136624000516e+00
4.542276841804611820e+01 -6.008867136624000516e+00
4.514196569004609216e+01 -6.008867136624000516e+00
4.486116293704610314e+01 -6.008867136624000516e+00
4.458036015904592375e+01 -6.008867136624000516e+00
4.429955735704599817e+01 -6.008867136624000516e+00
4.401875453104609903e+01 -6.008867136624000516e+00
4.373795168104599895e+01 -6.008867136624000516e+00
4.345714880704592531e+01 -6.008867136624000516e+00
4.317634590804611605e+01 -6.008867136624000516e+00
4.289554298404611643e+01 -6.008867136624000516e+00
4.261474003504592645e+01 -6.008867136624000516e+00
4.233393705804603258e+01 -6.008867136624000516e+00
4.205313405404596949e+01 -6.008867136624000516e+00
4.177233102104598572e+01 -6.008867136624000516e+00
4.149152795704610242e+01 -6.008867136624000516e+00
4.121072486204609220e+01 -6.008867136624000516e+00
4.092992173404597622e+01 -6.008867136624000516e+00
4.064911857104600301e+01 -6.008867136624000516e+00
4.036831537204595577e+01 -6.008867136624000516e+00
4.008751193404593494e+01 -6.008867136624000516e+00
3.980670880604604633e+01 -6.008867136624000516e+00
3.952590549104608897e+01 -6.008867136624000516e+00
3.924510213704608930e+01 -6.008867136624000516e+00
3.896429874004608962e+01 -6.008867136624000516e+00
3.868349529604590487e+01 -6.008867136624000516e+00
3.840269180104603208e+01 -6.008867136624000516e+00
3.812188824904607998e+01 -6.008867136624000516e+00
3.784108463604609085e+01 -6.008867136624000516e+00
3.756028096004608585e+01 -6.008867136624000516e+00
3.727935296604611892e+01 -6.008867136624000516e+00
3.699839019604603152e+01 -6.008867136624000516e+00
3.671742975504609774e+01 -6.008867136624000516e+00
3.643647201804598978e+01 -6.008867136624000516e+00
3.615551693404601963e+01 -6.008867136624000516e+00
3.587456454904592817e+01 -6.008867136624000516e+00
3.559361491104611730e+01 -6.008867136624000516e+00
3.531266806904606881e+01 -6.008867136624000516e+00
3.503238979404606823e+01 -6.008867136624000516e+00
3.475143346004590228e+01 -6.008867136624000516e+00
3.447051741704596850e+01 -6.008867136624000516e+00
3.418972870304598644e+01 -6.008867136624000516e+00
3.390894974204609014e+01 -6.008867136624000516e+00
3.362817434904597746e+01 -6.008867136624000516e+00
3.334739818404607092e+01 -6.008867136624000516e+00
3.306661915604597368e+01 -6.008867136624000516e+00
3.278583646204599233e+01 -6.008867136624000516e+00
3.250504995304611100e+01 -6.008867136624000516e+00
3.222425979604592783e+01 -6.008867136624000516e+00
3.194346629404610383e+01 -6.008867136624000516e+00
3.166270851204596681e+01 -6.008867136624000516e+00
3.138190080804604065e+01 -6.008867136624000516e+00
3.110109278404608801e+01 -6.008867136624000516e+00
3.082028425104606129e+01 -6.008867136624000516e+00
3.053947512004599218e+01 -6.008867136624000516e+00
3.025866537104609222e+01 -6.008867136624000516e+00
2.997785502104595423e+01 -6.008867136624000516e+00
2.969704410804608585e+01 -6.008867136624000516e+00
2.941623268604591601e+01 -6.008867136624000516e+00
2.913542081304596820e+01 -6.008867136624000516e+00
2.885460854804607322e+01 -6.008867136624000516e+00
2.857379595304603015e+01 -6.008867136624000516e+00
2.829298308404592888e+01 -6.008867136624000516e+00
2.801216999604609725e+01 -6.008867136624000516e+00
2.773135673904600651e+01 -6.008867136624000516e+00
2.745054336004606910e+01 -6.008867136624000516e+00
2.716972990204605765e+01 -6.008867136624000516e+00
2.688891640504600389e+01 -6.008867136624000516e+00
2.660810290404599243e+01 -6.008867136624000516e+00
2.632728943304611846e+01 -6.008867136624000516e+00
2.604647602104607529e+01 -6.008867136624000516e+00
2.576566269404604270e+01 -6.008867136624000516e+00
2.548484947704598369e+01 -6.008867136624000516e+00
2.520403639104590354e+01 -6.008867136624000516e+00
2.492322345504605607e+01 -6.008867136624000516e+00
2.464241068704602355e+01 -6.008867136624000516e+00
2.436159810204610210e+01 -6.008867136624000516e+00
2.408078580504609079e+01 -6.008867136624000516e+00
2.379997359504606891e+01 -6.008867136624000516e+00
2.351916161404589900e+01 -6.008867136624000516e+00
2.323834987004595121e+01 -6.008867136624000516e+00
2.295753836904593470e+01 -6.008867136624000516e+00
2.267672711604602398e+01 -6.008867136624000516e+00
2.239591611704592822e+01 -6.008867136624000516e+00
2.211510537604605986e+01 -6.008867136624000516e+00
2.183429489804591128e+01 -6.008867136624000516e+00
2.155348468304593723e+01 -6.008867136624000516e+00
2.127267473704607426e+01 -6.008867136624000516e+00
2.099186506204607383e+01 -6.008867136624000516e+00
2.071105565804593596e+01 -6.008867136624000516e+00
2.043024652804608365e+01 -6.008867136624000516e+00
2.014943767204606218e+01 -6.008867136624000516e+00
1.986862909004609890e+01 -6.008867136624000516e+00
1.958782078304595586e+01 -6.008867136624000516e+00
1.930701274904610898e+01 -6.008867136624000516e+00
1.902620499004608234e+01 -6.008867136624000516e+00
1.874539750204591826e+01 -6.008867136624000516e+00
1.846454917304610888e+01 -6.008867136624000516e+00
1.818374517504609855e+01 -6.008867136624000516e+00
1.790294126404607766e+01 -6.008867136624000516e+00
1.762213744804596161e+01 -6.008867136624000516e+00
1.734133373604610995e+01 -6.008867136624000516e+00
1.706053013204602564e+01 -6.008867136624000516e+00
1.677972664404607883e+01 -6.008867136624000516e+00
1.649892327604599984e+01 -6.008867136624000516e+00
1.621812003204597374e+01 -6.008867136624000516e+00
1.593731691604595646e+01 -6.008867136624000516e+00
1.565651393204590924e+01 -6.008867136624000516e+00
1.537571108304602596e+01 -6.008867136624000516e+00
1.509490837104605809e+01 -6.008867136624000516e+00
1.481410579704599506e+01 -6.008867136624000516e+00
1.453330336504602194e+01 -6.008867136624000516e+00
1.425250107404592192e+01 -6.008867136624000516e+00
1.397169892504591182e+01 -6.008867136624000516e+00
1.369089692004597048e+01 -6.008867136624000516e+00
1.341009505804610846e+01 -6.008867136624000516e+00
1.312929333904609841e+01 -6.008867136624000516e+00
1.284849176404592974e+01 -6.008867136624000516e+00
1.256769033104607836e+01 -6.008867136624000516e+00
1.228688904004608951e+01 -6.008867136624000516e+00
1.200608789004597377e+01 -6.008867136624000516e+00
1.172528687904597966e+01 -6.008867136624000516e+00
1.144448600604611777e+01 -6.008867136624000516e+00
1.116368527104593333e+01 -6.008867136624000516e+00
1.088288467004592341e+01 -6.008867136624000516e+00
1.060208420204609858e+01 -6.008867136624000516e+00
1.032128386504602524e+01 -6.008867136624000516e+00
1.004048365704595192e+01 -6.008867136624000516e+00
9.759683575045910331e+00 -6.008867136624000516e+00
9.478883618045911064e+00 -6.008867136624000516e+00
9.198083782045996415e+00 -6.008867136624000516e+00
8.917284064045970737e+00 -6.008867136624000516e+00
8.636484462046082555e+00 -6.008867136624000516e+00
8.355727659046051414e+00 -6.008867136624000516e+00
8.074923360046041054e+00 -6.008867136624000516e+00
7.794119561045972588e+00 -6.008867136624000516e+00
7.513316242046057525e+00 -6.008867136624000516e+00
7.232513384046042049e+00 -6.008867136624000516e+00
6.951710967045910294e+00 -6.008867136624000516e+00
6.670908971046101144e+00 -6.008867136624000516e+00
6.390107376045916610e+00 -6.008867136624000516e+00
6.109306161046033523e+00 -6.008867136624000516e+00
5.828505306045981271e+00 -6.008867136624000516e+00
5.547704791045971362e+00 -6.008867136624000516e+00
5.266904596045987930e+00 -6.008867136624000516e+00
4.986104699046036259e+00 -6.008867136624000516e+00
4.705304965045952414e+00 -6.008867136624000516e+00
4.424505644046048403e+00 -6.008867136624000516e+00
4.143706548046038662e+00 -6.008867136624000516e+00
3.862907659046113551e+00 -6.008867136624000516e+00
3.582108957046029829e+00 -6.008867136624000516e+00
3.301310424045977854e+00 -6.008867136624000516e+00
3.020512039045952335e+00 -6.008867136624000516e+00
2.739713782045937407e+00 -6.008867136624000516e+00
2.458915633045917204e+00 -6.008867136624000516e+00
2.178117570045897011e+00 -6.008867136624000516e+00
1.897319660046077772e+00 -6.008867136624000516e+00
1.616521630045935964e+00 -6.008867136624000516e+00
1.335723688046000390e+00 -6.008867136624000516e+00
1.054925745046075392e+00 -6.008867136624000516e+00
7.741277150459336953e-01 -6.008867136624000516e+00
4.933298050461144002e-01 -6.008867136624000516e+00
2.125317420460942353e-01 -6.008867136624000516e+00
-6.826640695392598157e-02 -6.008867136624000516e+00
-3.490646639539409235e-01 -6.008867136624000516e+00
-6.298630499539558114e-01 -6.008867136624000516e+00
-9.106615839539972113e-01 -6.008867136624000516e+00
-1.191460286954070469e+00 -6.008867136624000516e+00
-1.472259176953985005e+00 -6.008867136624000516e+00
-1.753058273953984170e+00 -6.008867136624000516e+00
-2.033857596954094404e+00 -6.008867136624000516e+00
-2.314657332953929725e+00 -6.008867136624000516e+00
-2.595457231954087618e+00 -6.008867136624000516e+00
-2.876257429954039324e+00 -6.008867136624000516e+00
-3.157057946954028083e+00 -6.008867136624000516e+00
-3.437858804954048608e+00 -6.008867136624000516e+00
-3.718660023953889393e+00 -6.008867136624000516e+00
-3.999461622954031625e+00 -6.008867136624000516e+00
-4.280263623954015273e+00 -6.008867136624000516e+00
-4.561066044954104726e+00 -6.008867136624000516e+00
-4.841868907954067325e+00 -6.008867136624000516e+00
-5.122672233953908361e+00 -6.008867136624000516e+00
-5.403476038953913374e+00 -6.008867136624000516e+00
-5.684280344954077080e+00 -6.008867136624000516e+00
-5.965037101953912568e+00 -6.008867136624000516e+00
-6.245836704954017549e+00 -6.008867136624000516e+00
-6.526636423954032651e+00 -6.008867136624000516e+00
-6.807436261953926149e+00 -6.008867136624000516e+00
-7.088236221953893690e+00 -6.008867136624000516e+00
-7.369036304953924699e+00 -6.008867136624000516e+00
-7.649836515953966298e+00 -6.008867136624000516e+00
-7.930636854954018489e+00 -6.008867136624000516e+00
-8.211437324954049544e+00 -6.008867136624000516e+00
-8.492237927954038312e+00 -6.008867136624000516e+00
-8.773038665953963644e+00 -6.008867136624000516e+00
-9.053839540954031762e+00 -6.008867136624000516e+00
-9.334640554953994140e+00 -6.008867136624000516e+00
-9.615441707954078154e+00 -6.008867136624000516e+00
-9.896243001954035279e+00 -6.008867136624000516e+00
-1.017704443695409289e+01 -6.008867136624000516e+00
-1.045784601595399188e+01 -6.008867136624000516e+00
-1.073864773695398078e+01 -6.008867136624000516e+00
-1.101944960195403844e+01 -6.008867136624000516e+00
-1.130025161095393749e+01 -6.008867136624000516e+00
-1.158105376295391586e+01 -6.008867136624000516e+00
-1.186185605695398415e+01 -6.008867136624000516e+00
-1.214265849295391497e+01 -6.008867136624000516e+00
-1.242346106995394628e+01 -6.008867136624000516e+00
-1.270426378495388242e+01 -6.008867136624000516e+00
-1.298506663795395077e+01 -6.008867136624000516e+00
-1.326586962495396627e+01 -6.008867136624000516e+00
-1.354667274395395005e+01 -6.008867136624000516e+00
-1.382747599095394442e+01 -6.008867136624000516e+00
-1.410827936195399168e+01 -6.008867136624000516e+00
-1.438908285395389619e+01 -6.008867136624000516e+00
-1.466988645995395935e+01 -6.008867136624000516e+00
-1.495069017495400665e+01 -6.008867136624000516e+00
-1.523149399295410156e+01 -6.008867136624000516e+00
-1.551229790595410130e+01 -6.008867136624000516e+00
-1.579310190695407989e+01 -6.008867136624000516e+00
-1.607395033595396683e+01 -6.008867136624000516e+00
-1.635475783295403573e+01 -6.008867136624000516e+00
-1.663556560195395662e+01 -6.008867136624000516e+00
-1.691637364495393570e+01 -6.008867136624000516e+00
-1.719718196195397297e+01 -6.008867136624000516e+00
-1.747799055395405787e+01 -6.008867136624000516e+00
-1.775879941995397360e+01 -6.008867136624000516e+00
-1.803960856095393694e+01 -6.008867136624000516e+00
-1.832041797495396906e+01 -6.008867136624000516e+00
-1.860122766095408053e+01 -6.008867136624000516e+00
-1.888203761795405455e+01 -6.008867136624000516e+00
-1.916284784395391227e+01 -6.008867136624000516e+00
-1.944365833195395510e+01 -6.008867136624000516e+00
-1.972446908395393450e+01 -6.008867136624000516e+00
-2.000528009395391393e+01 -6.008867136624000516e+00
-2.028609135695394627e+01 -6.008867136624000516e+00
-2.056690286895407382e+01 -6.008867136624000516e+00
-2.084771462395390529e+01 -6.008867136624000516e+00
-2.112852661495396944e+01 -6.008867136624000516e+00
-2.140933883495388557e+01 -6.008867136624000516e+00
-2.169015114195401850e+01 -6.008867136624000516e+00
-2.197096373595407215e+01 -6.008867136624000516e+00
-2.225177651295400949e+01 -6.008867136624000516e+00
-2.253258945695399973e+01 -6.008867136624000516e+00
-2.281340255095399527e+01 -6.008867136624000516e+00
-2.309421577495398026e+01 -6.008867136624000516e+00
-2.337502910795394939e+01 -6.008867136624000516e+00
-2.365584252595392911e+01 -6.008867136624000516e+00
-2.393665600095398815e+01 -6.008867136624000516e+00
-2.421746950495396788e+01 -6.008867136624000516e+00
-2.449828300295401107e+01 -6.008867136624000516e+00
-2.477909646095402252e+01 -6.008867136624000516e+00
-2.505990983895397051e+01 -6.008867136624000516e+00
-2.534072309195410355e+01 -6.008867136624000516e+00
-2.562153617495398805e+01 -6.008867136624000516e+00
-2.590234903595394655e+01 -6.008867136624000516e+00
-2.618316161995410596e+01 -6.008867136624000516e+00
-2.646397387195391104e+01 -6.008867136624000516e+00
-2.674478572895402806e+01 -6.008867136624000516e+00
-2.702559713195394409e+01 -6.008867136624000516e+00
-2.730640802195405570e+01 -6.008867136624000516e+00
-2.758721834795399275e+01 -6.008867136624000516e+00
-2.786802807095394030e+01 -6.008867136624000516e+00
-2.814883717295408871e+01 -6.008867136624000516e+00
-2.842964568095392508e+01 -6.008867136624000516e+00
-2.871045368295388300e+01 -6.008867136624000516e+00
-2.899126137595392549e+01 -6.008867136624000516e+00
-2.927201863795410475e+01 -6.008867136624000516e+00
-2.955281199895405564e+01 -6.008867136624000516e+00
-2.983360199895408016e+01 -6.008867136624000516e+00
-3.011438833695395090e+01 -6.008867136624000516e+00
-3.039517085795394280e+01 -6.008867136624000516e+00
-3.067594972795389197e+01 -6.008867136624000516e+00
-3.095672579395393598e+01 -6.008867136624000516e+00
-3.123750122495410153e+01 -6.008867136624000516e+00
-3.151828048295404017e+01 -6.008867136624000516e+00
-3.179906968595408046e+01 -6.008867136624000516e+00
-3.207999214895410489e+01 -6.008867136624000516e+00
-3.236090127495397439e+01 -6.008867136624000516e+00
-3.264122662995403346e+01 -6.008867136624000516e+00
-3.292217365395397621e+01 -6.008867136624000516e+00
-3.320312347295391930e+01 -6.008867136624000516e+00
-3.348407603995390502e+01 -6.008867136624000516e+00
-3.376503130595399682e+01 -6.008867136624000516e+00
-3.404598922395400962e+01 -6.008867136624000516e+00
-3.432694983495396457e+01 -6.008867136624000516e+00
-3.460791279795405728e+01 -6.008867136624000516e+00
-3.488883415195398641e+01 -6.008867136624000516e+00
-3.516963782595401256e+01 -6.008867136624000516e+00
-3.545044143895400168e+01 -6.008867136624000516e+00
-3.573124498895397494e+01 -6.008867136624000516e+00
-3.601204848295408567e+01 -6.008867136624000516e+00
-3.629285192495406420e+01 -6.008867136624000516e+00
-3.657365531995408503e+01 -6.008867136624000516e+00
-3.685445867295409528e+01 -6.008867136624000516e+00
-3.713526198695406322e+01 -6.008867136624000516e+00
-3.741606511195398355e+01 -6.008867136624000516e+00
-3.769686855195398323e+01 -6.008867136624000516e+00
-3.797767174995404105e+01 -6.008867136624000516e+00
-3.825847491195402483e+01 -6.008867136624000516e+00
-3.853927803895392401e+01 -6.008867136624000516e+00
-3.882008113195395538e+01 -6.008867136624000516e+00
-3.910088419395408721e+01 -6.008867136624000516e+00
-3.938168722595408155e+01 -6.008867136624000516e+00
-3.966249022895392784e+01 -6.008867136624000516e+00
-3.994329320395407024e+01 -6.008867136624000516e+00
-4.022409615195404342e+01 -6.008867136624000516e+00
-4.050489907395406419e+01 -6.008867136624000516e+00
-4.078570197095389460e+01 -6.008867136624000516e+00
-4.106650484295398940e+01 -6.008867136624000516e+00
-4.134730769095388325e+01 -6.008867136624000516e+00
-4.162811051495403092e+01 -6.008867136624000516e+00
-4.190891331395398822e+01 -6.008867136624000516e+00
-4.218971608995396139e+01 -6.008867136624000516e+00
-4.247051883995398214e+01 -6.008867136624000516e+00
-4.275132156495403990e+01 -6.008867136624000516e+00
-4.303212426295392845e+01 -6.008867136624000516e+00
-4.331225515195394848e+01 -6.008867136624000516e+00
-4.359327335595396846e+01 -6.008867136624000516e+00
-4.387411012895388751e+01 -6.008867136624000516e+00
-4.415487026495391376e+01 -6.008867136624000516e+00
-4.443563371295392983e+01 -6.008867136624000516e+00
-4.471640699695406340e+01 -6.008867136624000516e+00
-4.499714918095408223e+01 -6.008867136624000516e+00
-4.527795858795396100e+01 -6.008867136624000516e+00
-4.555876965895397745e+01 -6.008867136624000516e+00
-4.583958339895396250e+01 -6.008867136624000516e+00
-4.612040004095395318e+01 -6.008867136624000516e+00
-4.640121931395408694e+01 -6.008867136624000516e+00
-4.668204080495395658e+01 -6.008867136624000516e+00
-4.696286407595410139e+01 -6.008867136624000516e+00
-4.724368870595397141e+01 -6.008867136624000516e+00
-4.752451431595393672e+01 -6.008867136624000516e+00
-4.780534057095390210e+01 -6.008867136624000516e+00
-4.808616717795401030e+01 -6.008867136624000516e+00
-4.836699388695394930e+01 -6.008867136624000516e+00
-4.864782048195395703e+01 -6.008867136624000516e+00
-4.892864671495392770e+01 -6.008867136624000516e+00
-4.920947259595398293e+01 -6.008867136624000516e+00
-4.949029786095395878e+01 -6.008867136624000516e+00
-4.977112240795402442e+01 -6.008867136624000516e+00
-5.005194614595400537e+01 -6.008867136624000516e+00
-5.033276899495406553e+01 -6.008867136624000516e+00
-5.061359087995408856e+01 -6.008867136624000516e+00
-5.089441174195401629e+01 -6.008867136624000516e+00
-5.117523152595397562e+01 -6.008867136624000516e+00
-5.145605018595399827e+01 -6.008867136624000516e+00
-5.173686767895408423e+01 -6.008867136624000516e+00
-5.201768397195390037e+01 -6.008867136624000516e+00
-5.229849903395400190e+01 -6.008867136624000516e+00
-5.257935592195401853e+01 -6.008867136624000516e+00
-5.286016217195408728e+01 -6.008867136624000516e+00
-5.314096785695399205e+01 -6.008867136624000516e+00
-5.342177288895398135e+01 -6.008867136624000516e+00
-5.370257719495391768e+01 -6.008867136624000516e+00
-5.398338070595407601e+01 -6.008867136624000516e+00
-5.426418336495392225e+01 -6.008867136624000516e+00
-5.454498511995400634e+01 -6.008867136624000516e+00
-5.482578592695388409e+01 -6.008867136624000516e+00
-5.510658574695396794e+01 -6.008867136624000516e+00
-5.538738454695392477e+01 -6.008867136624000516e+00
-5.566833984495390553e+01 -6.008867136624000516e+00
-5.594914717095396384e+01 -6.008867136624000516e+00
-5.622995391195406967e+01 -6.008867136624000516e+00
-5.651076005995408025e+01 -6.008867136624000516e+00
-5.679156560895405903e+01 -6.008867136624000516e+00
-5.707237055495404832e+01 -6.008867136624000516e+00
-5.735317489295410098e+01 -6.008867136624000516e+00
-5.763397862495396851e+01 -6.008867136624000516e+00
-5.791478174895389941e+01 -6.008867136624000516e+00
-5.819558431095408935e+01 -6.008867136624000516e+00
-5.847630024995403630e+01 -6.008867136624000516e+00
-5.875672838195403358e+01 -6.008867136624000516e+00
-5.903738552795410044e+01 -6.008867136624000516e+00
-5.931833970295390657e+01 -6.008867136624000516e+00
-5.959920974595395649e+01 -6.008867136624000516e+00
-5.987993920395395264e+01 -6.008867136624000516e+00
-6.016060764795390980e+01 -6.008867136624000516e+00
-6.044135689095408281e+01 -6.008867136624000516e+00
-6.072214320695395884e+01 -6.008867136624000516e+00
-6.100295476495405467e+01 -6.008867136624000516e+00
-6.128378152395391965e+01 -6.008867136624000516e+00
-6.156461612795403937e+01 -6.008867136624000516e+00
-6.184545428195390571e+01 -6.008867136624000516e+00
-6.212629285195392015e+01 -6.008867136624000516e+00
-6.240712991395396614e+01 -6.008867136624000516e+00
-6.268796428695402767e+01 -6.008867136624000516e+00
-6.296879529195400949e+01 -6.008867136624000516e+00
-6.324962259895399086e+01 -6.008867136624000516e+00
-6.353044611595403524e+01 -6.008867136624000516e+00
-6.381130138695409926e+01 -6.008867136624000516e+00
-6.409210561995389810e+01 -6.008867136624000516e+00
-6.437290991595394019e+01 -6.008867136624000516e+00
-6.465371383695408269e+01 -6.008867136624000516e+00
-6.493451718595390787e+01 -6.008867136624000516e+00
-6.521528014695407194e+01 -6.008867136624000516e+00
-6.549609856095396765e+01 -6.008867136624000516e+00
-6.577691043995407938e+01 -6.008867136624000516e+00
-6.605771705895388379e+01 -6.008867136624000516e+00
-6.633851950595392566e+01 -6.008867136624000516e+00
-6.661931842295400941e+01 -6.008867136624000516e+00
-6.690011264695392867e+01 -6.008867136624000516e+00
-6.718090162495407469e+01 -6.008867136624000516e+00
-6.746169032895393514e+01 -6.008867136624000516e+00
-6.774247870695405993e+01 -6.008867136624000516e+00
-6.802326694195410539e+01 -6.008867136624000516e+00
-6.830405517595393405e+01 -6.008867136624000516e+00
-6.858484325195406939e+01 -6.008867136624000516e+00
-6.886563122095397205e+01 -6.008867136624000516e+00
-6.914641935795391703e+01 -6.008854231623995013e+00
-6.942720767795397308e+01 -6.008743871623987154e+00
-6.970799587895392335e+01 -6.008420225623988919e+00
-6.998878364395393703e+01 -6.007757347624003152e+00
-7.026957008795405102e+01 -6.006618117623996334e+00
-7.055035351695399015e+01 -6.004853047623991635e+00
-7.083113110795405021e+01 -6.002298924624009935e+00
-7.111189917295389762e+01 -5.998777271624002871e+00
-7.139265200095390185e+01 -5.994092615624007969e+00
-7.167337992295399829e+01 -5.988030559623989113e+00
-7.195406962195404788e+01 -5.980355582623995581e+00
-7.223470285195396912e+01 -5.970808575623986592e+00
-7.251525501895396530e+01 -5.959104081624000848e+00
-7.279569339895404312e+01 -5.944927225623994893e+00
-7.307597489595407581e+01 -5.927930329624000017e+00
-7.335604322195406723e+01 -5.907729203624010772e+00
-7.363582534395398227e+01 -5.883899193623999047e+00
-7.391522704395408994e+01 -5.855971029623996849e+00
-7.419412738795388407e+01 -5.823426688623992042e+00
-7.447240984295406463e+01 -5.785689968623993984e+00
-7.474979589295396920e+01 -5.742145641623987551e+00
-7.502608258295397547e+01 -5.692103829623998301e+00
-7.530095823995391413e+01 -5.634823080623998059e+00
-7.557403463095404561e+01 -5.569508609624004514e+00
-7.584483291195404320e+01 -5.495321367624010911e+00
-7.611276985295405950e+01 -5.411394155623990621e+00
-7.637714622895403238e+01 -5.316856802623997957e+00
-7.663714135295397512e+01 -5.210871569624013766e+00
-7.689181569395402960e+01 -5.092679783624002532e+00
-7.714012855095400312e+01 -4.961656705624004182e+00
-7.738097258495402286e+01 -4.817369925623988358e+00
-7.761322671495402403e+01 -4.659632339623992259e+00
-7.783582359295390063e+01 -4.488538948623992830e+00
-7.804782281895388962e+01 -4.304477660624011826e+00
-7.824847736995396019e+01 -4.108109022623987805e+00
-7.843728088095402029e+01 -3.900317145624010884e+00
-7.861398773595404066e+01 -3.682141123623988044e+00
-7.877860490195401155e+01 -3.454700009624001034e+00
-7.893136093395408182e+01 -3.219123615624009282e+00
-7.907266087595401416e+01 -2.976498044623990147e+00
-7.920303734095394077e+01 -2.727827676624012376e+00
-7.932310368395390299e+01 -2.474014813624004994e+00
-7.943351465495409514e+01 -2.215852003623989042e+00
-7.953493553295409413e+01 -1.954024204623986627e+00
-7.962802015395398314e+01 -1.689115762624008532e+00
-7.971339591695398497e+01 -1.421621068623987405e+00
-7.979165571395408563e+01 -1.151952376624005403e+00
-7.986333847595399504e+01 -8.805076146239895207e-01
-7.992897662295406747e+01 -6.074928216240021994e-01
-7.998902671695402944e+01 -3.331938886239908526e-01
-8.004391685095409059e+01 -5.781525662400614773e-02
-8.009403752995406478e+01 2.184718643759895884e-01
-8.013974439095393620e+01 4.955237603760070386e-01
-8.018136115095406069e+01 7.732199493759895903e-01
-8.021951624395394731e+01 1.051414644375985752e+00
-8.025626238295406267e+01 1.329799692376004039e+00
-8.029204152995392008e+01 1.608310720376000980e+00
-8.032698592395406934e+01 1.886927752376000633e+00
-8.036120142795410004e+01 2.165635270376005117e+00
-8.039477435595388499e+01 2.444420955376007676e+00
-8.042777618095404080e+01 2.723274858376005803e+00
-8.046026688395393478e+01 3.002188812375995219e+00
-8.049229739295408592e+01 3.281156026376000234e+00
-8.052391138595392306e+01 3.560170788376002982e+00
-8.055514667295399533e+01 3.839228241376010153e+00
-8.058603623995402643e+01 4.118324216376000102e+00
-8.061660908295409911e+01 4.397455108376012056e+00
-8.064689085295397319e+01 4.676617775375992103e+00
-8.067690437895392108e+01 4.955809457375996097e+00
-8.070667009195388175e+01 5.235027719375996647e+00
-8.073620636595394728e+01 5.514270396376010019e+00
-8.076552980395406678e+01 5.793535558376011529e+00
-8.079465547295406225e+01 6.072821472375996343e+00
-8.082359709895406752e+01 6.352126574375991375e+00
-8.085236723495388844e+01 6.631449452376007692e+00
-8.088097738895392297e+01 6.910788698375985639e+00
-8.090943819295405603e+01 7.190143401376009713e+00
-8.093775942995405615e+01 7.469512349375993843e+00
-8.096595017295392438e+01 7.748894559375988145e+00
-8.099401885095410591e+01 8.028289122376000009e+00
-8.102197331295390370e+01 8.307695202376001120e+00
-8.104982088695403775e+01 8.587112023376013425e+00
-8.107756843395402768e+01 8.866538862376009078e+00
-8.110522238795404348e+01 9.145975048376007166e+00
-8.113278879795400655e+01 9.425419954375987786e+00
-8.116027336495388056e+01 9.704872992376001761e+00
-8.118768146995405743e+01 9.984333612376010691e+00
-8.121501820395390325e+01 1.026380129537598940e+01
-8.124229263695390557e+01 1.054331910737601241e+01
-8.126950092295403749e+01 1.082280020537600329e+01
-8.129665160895395104e+01 1.110228700837600080e+01
-8.132374884895405387e+01 1.138177910537600290e+01
-8.135079660995400275e+01 1.166127610137600890e+01
-8.137779868595391974e+01 1.194077762437600221e+01
-8.140475870995403795e+01 1.222028331537599932e+01
-8.143168016695388189e+01 1.249979283437598632e+01
-8.145856640995391729e+01 1.277930585537600017e+01
-8.148542066195393829e+01 1.305882206337598994e+01
-8.151224603195403517e+01 1.333834116137599857e+01
-8.153904552195406552e+01 1.361786285637599825e+01
-8.156582203195405611e+01 1.389738686937601209e+01
-8.159257837395405488e+01 1.417691293137601427e+01
-8.161931726995392467e+01 1.445644078037599023e+01
-8.164604136895407294e+01 1.473597016537600801e+01
-8.167275324195391306e+01 1.501550083737600083e+01
-8.169945539595398998e+01 1.529503256037599179e+01
-8.172615027395393383e+01 1.557456510137600070e+01
-8.175284026295396700e+01 1.585409823137600505e+01
-8.177952769595397342e+01 1.613363173037599907e+01
-8.180621485895387934e+01 1.641316538137600745e+01
-8.183290399095388068e+01 1.669269896937599995e+01
-8.185959729295389309e+01 1.697223228637598780e+01
-8.188629692595402787e+01 1.725176512737600731e+01
-8.191300501895405262e+01 1.753129728837599899e+01
-8.193972366895407333e+01 1.781082857037599254e+01
-8.196645494695401624e+01 1.809035877637599654e+01
-8.199320089595410366e+01 1.836988770937599114e+01
-8.201996354195405559e+01 1.864941517737598886e+01
-8.204674488695407319e+01 1.892894098737598441e+01
-8.207354691895405097e+01 1.920846494937599758e+01
-8.210037159595397327e+01 1.948798672637601115e+01
-8.212722090595396196e+01 1.976750638937598481e+01
-8.215409678695398554e+01 2.004702363037599255e+01
-8.218100118595391734e+01 2.032653825937599734e+01
-8.220793604195394266e+01 2.060605008737600841e+01
-8.223490329095405116e+01 2.088555892237600986e+01
-8.226190486995399453e+01 2.116506457537601094e+01
-8.228894271695396867e+01 2.144456685337600632e+01
-8.231601877395389977e+01 2.172406556337599071e+01
-8.234313498795388853e+01 2.200356051137599778e+01
-8.237029331295396162e+01 2.228305150037600768e+01
-8.239749571595400823e+01 2.256253833237601114e+01
-8.242474417295404976e+01 2.284202080637600218e+01
-8.245204067495394895e+01 2.312149872137600326e+01
-8.247938722895408148e+01 2.340097186937599716e+01
-8.250678585995395053e+01 2.368044004337598452e+01
-8.253423511695389436e+01 2.395986746137599610e+01
-8.256174427095409385e+01 2.423932722137600493e+01
-8.258931155795410461e+01 2.451877981237599968e+01
-8.261693906795387932e+01 2.479822472037598757e+01
-8.264462895695403688e+01 2.507766178837600890e+01
-8.267238342995399591e+01 2.535709102837599360e+01
-8.270020470595393647e+01 2.563651225337598660e+01
-8.272809507095401216e+01 2.591592555537600973e+01
-8.275605307795406418e+01 2.619529339337599438e+01
-8.278408932395389286e+01 2.647469805837600987e+01
-8.281220156095407958e+01 2.675409299837598454e+01
-8.284039225595400069e+01 2.703347836337600896e+01
-8.286866391895394202e+01 2.731285420837598465e+01
-8.289701910695391973e+01 2.759222051237599160e+01
-8.292546042995407163e+01 2.787157719137600864e+01
-8.295399055495393270e+01 2.815092411337601064e+01
-8.298261221095397389e+01 2.843026110437600451e+01
-8.301132819095398929e+01 2.870958795537599784e+01
-8.304014136095391052e+01 2.898890443037599951e+01
-8.306905466195401289e+01 2.926821026237600520e+01
-8.309807111395396362e+01 2.954750516237600166e+01
-8.312719382195389528e+01 2.982678881837599150e+01
-8.315642598295410437e+01 3.010606089637599680e+01
-8.318577088895388272e+01 3.038532104237599540e+01
-8.321523193395394458e+01 3.066456888237599188e+01
-8.324481261795388320e+01 3.094380401937599245e+01
-8.327451655895409033e+01 3.122302603837599477e+01
-8.330434749295393715e+01 3.150223450337600539e+01
-8.333430928695391060e+01 3.178142895537600410e+01
-8.336440594195399001e+01 3.206060891337600793e+01
-8.339464160095401724e+01 3.233977381837599552e+01
-8.342502058195402981e+01 3.261892328937600638e+01
-8.345554733595402297e+01 3.289805665037599880e+01
-8.348622494595390719e+01 3.317715917637600143e+01
-8.351706228695395851e+01 3.345626704737599511e+01
-8.354806172595392866e+01 3.373535541937599902e+01
-8.357922855695399278e+01 3.401442418037600390e+01
-8.361056823395399817e+01 3.429347260937600339e+01
-8.364208650895405128e+01 3.457250042837599580e+01
-8.367378934195410523e+01 3.485150693837599789e+01
-8.370568298895393866e+01 3.513049152237599770e+01
-8.373777397295391722e+01 3.540945331137600505e+01
-8.377006913795396770e+01 3.568839143537599767e+01
-8.380257566695406979e+01 3.596730495837599761e+01
-8.383530112295404990e+01 3.624619300837600377e+01
-8.386825341795390898e+01 3.652505428737600113e+01
-8.390144092095404460e+01 3.680388772537600772e+01
-8.393487244995397134e+01 3.708269208137600259e+01
-8.396855731595390182e+01 3.736146603037600045e+01
-8.400250535695393239e+01 3.764020809537600343e+01
-8.403672702195406430e+01 3.791891690737600840e+01
-8.407123335595390756e+01 3.819759070537600820e+01
-8.410603610395408225e+01 3.847622770137599701e+01
-8.414114785295403465e+01 3.875482664337599914e+01
-8.417658187295394612e+01 3.903338504637600437e+01
-8.421235242395398757e+01 3.931190090437599594e+01
-8.424847469795402333e+01 3.959037156137599567e+01
