-1.299629811868534830e+02 -1.454815908173248431e+02
-1.295959919137368104e+02 -1.454721066514016741e+02
-1.292290025697014642e+02 -1.454626224854785335e+02
-1.288620132965847915e+02 -1.454531382486366624e+02
-1.284950239525494453e+02 -1.454436540827135218e+02
-1.281280346794327727e+02 -1.454341699167903528e+02
-1.277610453353974265e+02 -1.454246857508671553e+02
-1.273940560622807538e+02 -1.454152015140253411e+02
-1.270270667182454076e+02 -1.454057173481022005e+02
-1.266600774451287350e+02 -1.453962331821790031e+02
-1.262930881010933888e+02 -1.453867490162558340e+02
-1.259260970550100467e+02 -1.453773339960317514e+02
-1.255591053706587275e+02 -1.453679403223260636e+02
-1.251921137572260818e+02 -1.453585467195389924e+02
-1.248251220728747626e+02 -1.453491531167519781e+02
-1.244581304594421169e+02 -1.453397594430462902e+02
-1.240911388460094713e+02 -1.453303658402592191e+02
-1.237241471616581521e+02 -1.453209722374722048e+02
-1.233571555482255064e+02 -1.453115785637664885e+02
-1.229901639347928608e+02 -1.453021849609794458e+02
-1.226231722504415984e+02 -1.452927912872737295e+02
-1.222561806370089528e+02 -1.452833976844867152e+02
-1.218891890235763071e+02 -1.452740040816996441e+02
-1.215221973392249879e+02 -1.452646104079939562e+02
-1.211552057257923423e+02 -1.452552168052069419e+02
-1.207882140414410230e+02 -1.452458232024198708e+02
-1.204212224280083774e+02 -1.452364295287141829e+02
-1.200542308145757175e+02 -1.452270359259271402e+02
-1.196872391302243983e+02 -1.452176422522214239e+02
-1.193202475167917527e+02 -1.452082486494344096e+02
-1.189532559033591070e+02 -1.451988550466473669e+02
-1.185862642190077878e+02 -1.451894613729416506e+02
-1.182192726055751422e+02 -1.451800677701546078e+02
-1.178522809921424965e+02 -1.451706741673675936e+02
-1.174852893077911773e+02 -1.451612804936618488e+02
-1.171182976943585317e+02 -1.451518868908748345e+02
-1.167513060100072124e+02 -1.451424932880878202e+02
-1.163843143965746236e+02 -1.451330996143820755e+02
-1.160173227831419780e+02 -1.451237060115950612e+02
-1.156503285457186649e+02 -1.451144129005573404e+02
-1.152833338118647220e+02 -1.451051421288993311e+02
-1.149163390070921054e+02 -1.450958713572413501e+02
-1.145493442732381624e+02 -1.450866005146646671e+02
-1.141823495393842762e+02 -1.450773297430066577e+02
-1.138153547346116596e+02 -1.450680589004300032e+02
-1.134483600007577166e+02 -1.450587881287719654e+02
-1.130813651959851001e+02 -1.450495172861952824e+02
-1.127143704621311571e+02 -1.450402465145373014e+02
-1.123473757282772141e+02 -1.450309756719606185e+02
-1.119803809235046543e+02 -1.450217049003026091e+02
-1.116133861896507113e+02 -1.450124340577259545e+02
-1.112463913848780948e+02 -1.450031632860679451e+02
-1.108793966510241376e+02 -1.449938924434912906e+02
-1.105124019171701946e+02 -1.449846216718332812e+02
-1.101454071123975780e+02 -1.449753508292565982e+02
-1.097784123785436918e+02 -1.449660800575985888e+02
-1.094114175737710752e+02 -1.449568092150219059e+02
-1.090444228399171323e+02 -1.449475384433638965e+02
-1.086774281060631893e+02 -1.449382676007872419e+02
-1.083104333012905727e+02 -1.449289968291292325e+02
-1.079434385674366297e+02 -1.449197259865525496e+02
-1.075764437626640699e+02 -1.449104552148945686e+02
-1.072094490288101269e+02 -1.449011844432365592e+02
-1.068424542949561840e+02 -1.448919136006598762e+02
-1.064754594901835674e+02 -1.448826428290018669e+02
-1.061084647563296244e+02 -1.448733719864251839e+02
-1.057414699515570078e+02 -1.448641012147671745e+02
-1.053744752177031216e+02 -1.448548303721905199e+02
-1.050074804129305051e+02 -1.448455596005325106e+02
-1.046404856790765621e+02 -1.448362887579558560e+02
-1.042734909452226049e+02 -1.448270179862978466e+02
-1.039064961404499883e+02 -1.448177471437211636e+02
-1.035395014065960453e+02 -1.448084763720631827e+02
-1.031725066018234998e+02 -1.447992055294864997e+02
-1.028055118679695425e+02 -1.447899347578284903e+02
-1.024385171341155996e+02 -1.447806639152518358e+02
-1.020715223293429830e+02 -1.447713931435937980e+02
-1.017045275954890400e+02 -1.447621223010171150e+02
-1.013375327907164234e+02 -1.447528515293591340e+02
-1.009705380568624804e+02 -1.447435806867824510e+02
-1.006035420464725689e+02 -1.447343593454344557e+02
-1.002365432702547139e+02 -1.447252478570996459e+02
-9.986954456495547561e+01 -1.447161363687648929e+02
-9.950254578873756373e+01 -1.447070248804300832e+02
-9.913554701251972290e+01 -1.446979133920952734e+02
-9.876854830722048462e+01 -1.446888019037605204e+02
-9.840154953100262958e+01 -1.446796903445070370e+02
-9.803455082570339130e+01 -1.446705788561722557e+02
-9.766755204948547942e+01 -1.446614673678374743e+02
-9.730055327326763859e+01 -1.446523558795026645e+02
-9.693355456796838610e+01 -1.446432443911678831e+02
-9.656655579175054527e+01 -1.446341329028330733e+02
-9.619955701553263339e+01 -1.446250213435796468e+02
-9.583255831023339510e+01 -1.446159098552448370e+02
-9.546555953401554007e+01 -1.446067983669100272e+02
-9.509856075779762818e+01 -1.445976868785752742e+02
-9.473156205249846096e+01 -1.445885753902404645e+02
-9.436456327628054908e+01 -1.445794639019056547e+02
-9.399756450006269404e+01 -1.445703523426522281e+02
-9.363056579476345576e+01 -1.445612408543174183e+02
-9.326356701854554387e+01 -1.445521293659826370e+02
-9.289656824232770305e+01 -1.445430178776478556e+02
-9.252956953702845055e+01 -1.445339063893130458e+02
-9.216257076081060973e+01 -1.445247949009782644e+02
-9.179557198459269785e+01 -1.445156833417247810e+02
-9.142857327929345956e+01 -1.445065718533900281e+02
-9.106157450307560453e+01 -1.444974603650552183e+02
-9.069457572685769264e+01 -1.444883488767204085e+02
-9.032757702155845436e+01 -1.444792373883856555e+02
-8.996057824534061353e+01 -1.444701259000508458e+02
-8.959357946912270165e+01 -1.444610143407973624e+02
-8.922658076382352021e+01 -1.444519028524626094e+02
-8.885958198760560833e+01 -1.444427913641277996e+02
-8.849258321138776751e+01 -1.444336798757929898e+02
-8.812558450608851501e+01 -1.444245683874582369e+02
-8.775858572987060313e+01 -1.444154568991234271e+02
-8.739158695365276230e+01 -1.444063453398699721e+02
-8.702458824835352402e+01 -1.443972338515351623e+02
-8.665758947213566898e+01 -1.443881223632003810e+02
-8.629059069591775710e+01 -1.443790108748655996e+02
-8.592359199061851882e+01 -1.443698993865307898e+02
-8.555659321440067799e+01 -1.443607878272773632e+02
-8.518959443818276611e+01 -1.443516763389425535e+02
-8.482259573288358467e+01 -1.443425648506077437e+02
-8.445559695666567279e+01 -1.443334533622729907e+02
-8.408859818044776091e+01 -1.443243418739381809e+02
-8.372159947514857947e+01 -1.443152303856033711e+02
-8.335460069893066759e+01 -1.443061188263499446e+02
-8.298760192271282676e+01 -1.442970073380151348e+02
-8.262060321741358848e+01 -1.442878958496803534e+02
-8.225360444119567660e+01 -1.442787843613455721e+02
-8.188660367925514549e+01 -1.442697546422323285e+02
-8.151959972597471449e+01 -1.442608558389760560e+02
-8.115259577269421243e+01 -1.442519570357197836e+02
-8.078559174849505098e+01 -1.442430582324634827e+02
-8.041858779521454892e+01 -1.442341594292072102e+02
-8.005158384193411791e+01 -1.442252606259508809e+02
-7.968457981773495646e+01 -1.442163618226946085e+02
-7.931757586445445440e+01 -1.442074630194383360e+02
-7.895057191117395234e+01 -1.441985642161820351e+02
-7.858356795789352134e+01 -1.441896654129257627e+02
-7.821656393369435989e+01 -1.441807666096694618e+02
-7.784955998041385783e+01 -1.441718678064131893e+02
-7.748255602713342682e+01 -1.441629690031569169e+02
-7.711555207385292476e+01 -1.441540701999005876e+02
-7.674854804965376331e+01 -1.441451714675629603e+02
-7.638154409637326125e+01 -1.441362726643066878e+02
-7.601454014309283025e+01 -1.441273738610504154e+02
-7.564753618981232819e+01 -1.441184750577941145e+02
-7.528053216561316674e+01 -1.441095762545378420e+02
-7.491352821233266468e+01 -1.441006774512815412e+02
-7.454652425905223367e+01 -1.440917786480252687e+02
-7.417952030577173161e+01 -1.440828798447689678e+02
-7.381251628157257016e+01 -1.440739810415126669e+02
-7.344551232829206810e+01 -1.440650822382563945e+02
-7.307850837501163710e+01 -1.440561834350000936e+02
-7.271150442173114925e+01 -1.440472846317438211e+02
-7.234450039753197359e+01 -1.440383858284875487e+02
-7.197749644425147153e+01 -1.440294870252312478e+02
-7.161049249097104052e+01 -1.440205882219749753e+02
-7.124348853769055268e+01 -1.440116894187186460e+02
-7.087648451349137702e+01 -1.440027906154623736e+02
-7.050948056021088917e+01 -1.439938918122060727e+02
-7.014247660693044395e+01 -1.439849930798684738e+02
-6.977547265364995610e+01 -1.439760942766122014e+02
-6.940846862945078044e+01 -1.439671954733559005e+02
-6.904146467617029259e+01 -1.439582966700996280e+02
-6.867446072288984737e+01 -1.439493978668433272e+02
-6.830745676960935953e+01 -1.439404990635870263e+02
-6.794045274541018387e+01 -1.439316002603307254e+02
-6.757344879212975286e+01 -1.439227014570744529e+02
-6.720644483884926501e+01 -1.439138026538181805e+02
-6.683944088556876295e+01 -1.439049038505618796e+02
-6.647243686136958729e+01 -1.438960050473056071e+02
-6.610543290808915629e+01 -1.438871062440493063e+02
-6.573842895480866844e+01 -1.438782074407930338e+02
-6.537142500152816638e+01 -1.438693086375367614e+02
-6.500442097732900493e+01 -1.438604098342804321e+02
-6.463741702404855971e+01 -1.438515110310241596e+02
-6.427041307076807186e+01 -1.438426122277678587e+02
-6.390340911748756270e+01 -1.438337134954302599e+02
-6.353640509328839414e+01 -1.438248146921739590e+02
-6.316940114000789919e+01 -1.438159158889176865e+02
-6.280239718672746818e+01 -1.438070170856613856e+02
-6.243539316252836358e+01 -1.437981182824050848e+02
-6.206838920924780467e+01 -1.437892194791488123e+02
-6.170138525596736656e+01 -1.437803206758925114e+02
-6.133437995523217268e+01 -1.437714771891955081e+02
-6.096736891008521297e+01 -1.437628758897419345e+02
-6.060035786493812537e+01 -1.437542745902883610e+02
-6.023334674887236417e+01 -1.437456732908347590e+02
-5.986633570372526947e+01 -1.437370720622998306e+02
-5.949932465857830977e+01 -1.437284707628462570e+02
-5.913231354251254857e+01 -1.437198694633926834e+02
-5.876530249736546097e+01 -1.437112681639391099e+02
-5.839829145221849416e+01 -1.437026668644855363e+02
-5.803128040707140656e+01 -1.436940655650319627e+02
-5.766426929100564536e+01 -1.436854643364970343e+02
-5.729725824585855776e+01 -1.436768630370434607e+02
-5.693024720071159805e+01 -1.436682617375898872e+02
-5.656323615556451045e+01 -1.436596604381363136e+02
-5.619622503949874925e+01 -1.436510591386827400e+02
-5.582921399435178245e+01 -1.436424578392291380e+02
-5.546220294920469485e+01 -1.436338566106942380e+02
-5.509519183313893365e+01 -1.436252553112406645e+02
-5.472818078799197394e+01 -1.436166540117870909e+02
-5.436116974284488634e+01 -1.436080527123335173e+02
-5.399415869769779164e+01 -1.435994514128799437e+02
-5.362714758163203754e+01 -1.435908501843450154e+02
-5.326013653648507074e+01 -1.435822488848914418e+02
-5.289312549133798314e+01 -1.435736475854378682e+02
-5.252611444619089553e+01 -1.435650462859842946e+02
-5.215910333012526223e+01 -1.435564449865307211e+02
-5.179209228497816753e+01 -1.435478436870771191e+02
-5.142508123983107993e+01 -1.435392424585422191e+02
-5.105807012376531873e+01 -1.435306411590886455e+02
-5.069105907861835902e+01 -1.435220398596350719e+02
-5.032404803347127142e+01 -1.435134385601814984e+02
-4.995703698832418382e+01 -1.435048372607278964e+02
-4.959002587225854342e+01 -1.434962359612743228e+02
-4.922301482711145582e+01 -1.434876347327393944e+02
-4.885600378196436822e+01 -1.434790334332858208e+02
-4.848899273681728062e+01 -1.434704321338322472e+02
-4.812198162075164731e+01 -1.434618308343786452e+02
-4.775497057560455261e+01 -1.434532295349250717e+02
-4.738795953045746501e+01 -1.434446282354714981e+02
-4.702094841439183170e+01 -1.434360270069365981e+02
-4.665393736924474410e+01 -1.434274257074830246e+02
-4.628692632409765650e+01 -1.434188244080294226e+02
-4.591991527895056890e+01 -1.434102231085758490e+02
-4.555290416288492850e+01 -1.434016218091222754e+02
-4.518589311773784090e+01 -1.433930205096687018e+02
-4.481888207259075330e+01 -1.433844192811338019e+02
-4.445187102744379359e+01 -1.433758179816802283e+02
-4.408485991137803239e+01 -1.433672166822266263e+02
-4.371784886623094479e+01 -1.433586153827730527e+02
-4.335083782108385009e+01 -1.433500140833194791e+02
-4.298382670501821678e+01 -1.433414128547845792e+02
-4.261681565987112918e+01 -1.433328115553310056e+02
-4.224980461472404158e+01 -1.433242102558774036e+02
-4.188279356957707478e+01 -1.433156089564238300e+02
-4.151578245351132068e+01 -1.433070076569702564e+02
-4.114877140836422598e+01 -1.432984063575166829e+02
-4.078176036321713838e+01 -1.432898051289817829e+02
-4.041474931807017867e+01 -1.432812038295282093e+02
-4.004772947900856650e+01 -1.432729856327068489e+02
-3.968070822157365285e+01 -1.432648294897180108e+02
-3.931368703505740569e+01 -1.432566734176478462e+02
-3.894666577762249204e+01 -1.432485172746589797e+02
-3.857964459110624489e+01 -1.432403612025888435e+02
-3.821262333367133124e+01 -1.432322050596000054e+02
-3.784560207623641048e+01 -1.432240489875298408e+02
-3.747858088972004253e+01 -1.432158928445410027e+02
-3.711155963228512888e+01 -1.432077367724708097e+02
-3.674453844576888173e+01 -1.431995806294819999e+02
-3.637751718833396808e+01 -1.431914245574118354e+02
-3.601049600181772092e+01 -1.431832684144229972e+02
-3.564347474438280727e+01 -1.431751123423528327e+02
-3.527645348694788652e+01 -1.431669561993639945e+02
-3.490943230043164647e+01 -1.431588001272938300e+02
-3.454241104299672571e+01 -1.431506439843049918e+02
-3.417538985648048566e+01 -1.431424879122348273e+02
-3.380836859904556491e+01 -1.431343317692459891e+02
-3.344134734161065126e+01 -1.431261756971758246e+02
-3.307432615509440410e+01 -1.431180195541869864e+02
-3.270730489765949045e+01 -1.431098634821168218e+02
-3.234028371114324329e+01 -1.431017073391280121e+02
-3.197326245370832964e+01 -1.430935512670578191e+02
-3.160624126719208604e+01 -1.430853951240690094e+02
-3.123922000975716884e+01 -1.430772390519988164e+02
-3.087219875232225519e+01 -1.430690829090099783e+02
-3.050517756580600803e+01 -1.430609268369398421e+02
-3.013815630837109438e+01 -1.430527706939509756e+02
-2.977113512185484723e+01 -1.430446146218808110e+02
-2.940411386441993358e+01 -1.430364584788919728e+02
-2.903709260698501637e+01 -1.430283024068218083e+02
-2.867007142046877277e+01 -1.430201462638329986e+02
-2.830305016303385557e+01 -1.430119901917628056e+02
-2.793602897651761197e+01 -1.430038340487739958e+02
-2.756900771908257042e+01 -1.429956779767038029e+02
-2.720198653256632326e+01 -1.429875218337149647e+02
-2.683496527513140961e+01 -1.429793657616448286e+02
-2.646794401769649241e+01 -1.429712096186559620e+02
-2.610092283118024881e+01 -1.429630535465858259e+02
-2.573390157374533160e+01 -1.429548974035969593e+02
-2.536688038722908800e+01 -1.429467413315267947e+02
-2.499985912979417080e+01 -1.429385851885379850e+02
-2.463283794327792720e+01 -1.429304291164677920e+02
-2.426581668584300999e+01 -1.429222729734789823e+02
-2.389879542840809279e+01 -1.429141169014087893e+02
-2.353177424189184919e+01 -1.429059607584199796e+02
-2.316475298445693198e+01 -1.428978046863498150e+02
-2.279773179794068838e+01 -1.428896485433609485e+02
-2.243071054050577118e+01 -1.428814924712908123e+02
-2.206368928307085753e+01 -1.428733363283019742e+02
-2.169666809655461037e+01 -1.428651802562317812e+02
-2.132964683911969672e+01 -1.428570241132429715e+02
-2.096262565260344957e+01 -1.428488680411727785e+02
-2.059560439516853592e+01 -1.428407118981839687e+02
-2.022857448565631344e+01 -1.428329647431403657e+02
-1.986153762611503382e+01 -1.428255472889736950e+02
-1.949450069565495625e+01 -1.428181298348070243e+02
-1.912746383611354872e+01 -1.428107123806403536e+02
-1.876042690565347115e+01 -1.428032949264737113e+02
-1.839338997519352148e+01 -1.427958775432257141e+02
-1.802635311565211396e+01 -1.427884600890590718e+02
-1.765931618519203639e+01 -1.427810426348924011e+02
-1.729227932565062886e+01 -1.427736251807257304e+02
-1.692524239519067564e+01 -1.427662077265590597e+02
-1.655820553564927167e+01 -1.427587903433110910e+02
-1.619116860518919410e+01 -1.427513728891444202e+02
-1.582413174564778835e+01 -1.427439554349777779e+02
-1.545709481518783690e+01 -1.427365379808110788e+02
-1.509005788472775755e+01 -1.427291205266444365e+02
-1.472302102518635181e+01 -1.427217031433964394e+02
-1.435598409472640036e+01 -1.427142856892297971e+02
-1.398894723518499283e+01 -1.427068682350631263e+02
-1.362191030472491526e+01 -1.426994507808964556e+02
-1.325487344518350952e+01 -1.426920333267297849e+02
-1.288783651472355629e+01 -1.426846159434818162e+02
-1.252079965518215054e+01 -1.426771984893151455e+02
-1.215376272472207297e+01 -1.426697810351485032e+02
-1.178672579426199363e+01 -1.426623635809818325e+02
-1.141968893472071400e+01 -1.426549461268151617e+02
-1.105265200426063643e+01 -1.426475287435671646e+02
-1.068561514471922891e+01 -1.426401112894005223e+02
-1.031857821425915134e+01 -1.426326938352338516e+02
-9.951541354717871712e+00 -1.426252763810672093e+02
-9.584504424257794142e+00 -1.426178589269005101e+02
-9.217467564716386619e+00 -1.426104414727338678e+02
-8.850430634256309048e+00 -1.426030240894858707e+02
-8.483393703796357599e+00 -1.425956066353192284e+02
-8.116356844254950076e+00 -1.425881891811525577e+02
-7.749319913794871617e+00 -1.425807717269858870e+02
-7.382283054253464982e+00 -1.425733542728192162e+02
-7.015246123793513533e+00 -1.425659368895712475e+02
-6.648209264252106898e+00 -1.425585194354045768e+02
-6.281172333792028439e+00 -1.425511019812379345e+02
-5.914135474250622693e+00 -1.425436845270712354e+02
-5.547098543790670355e+00 -1.425362670729045931e+02
-5.180061613330592785e+00 -1.425288496896565960e+02
-4.813024753789186150e+00 -1.425214322354899537e+02
-4.445987823329107691e+00 -1.425140147813232829e+02
-4.078950963787827177e+00 -1.425065973271566406e+02
-3.711914033327749607e+00 -1.424991798729899415e+02
-3.344877173786343416e+00 -1.424917624897419728e+02
-2.977829321851848121e+00 -1.424849460003486570e+02
-2.610765725973393181e+00 -1.424789930875478206e+02
-2.243702130095064806e+00 -1.424730402456656861e+02
-1.876638605135407589e+00 -1.424670873328649066e+02
-1.509575009257078992e+00 -1.424611344909827437e+02
-1.142511413378750396e+00 -1.424551816491006093e+02
-7.754478884189672794e-01 -1.424492287362998013e+02
-4.083842925406386826e-01 -1.424432758944176385e+02
-4.132069666231000943e-02 -1.424373229816168305e+02
3.257428282973470757e-01 -1.424313701397346676e+02
6.928064241758017383e-01 -1.424254172269338881e+02
1.059870020054130446e+00 -1.424194643850517537e+02
1.426933545013787441e+00 -1.424135114722509172e+02
1.793997140892116038e+00 -1.424075586303687828e+02
2.161060736770444635e+00 -1.424016057175679748e+02
2.528124332648899131e+00 -1.423956528756858404e+02
2.895187857608556570e+00 -1.423897000338037060e+02
3.262251453486884945e+00 -1.423837471210028980e+02
3.629315049365213763e+00 -1.423777942791207352e+02
3.996378574324996880e+00 -1.423718413663199271e+02
4.363442170203325254e+00 -1.423658885244377643e+02
4.730505766081654073e+00 -1.423599356116369563e+02
5.097569291041311068e+00 -1.423539827697548503e+02
5.464632886919766008e+00 -1.423480298569540139e+02
5.831696482798094827e+00 -1.423420770150718795e+02
6.198760007757751822e+00 -1.423361241022710715e+02
6.565823603636079753e+00 -1.423301712603889086e+02
6.932887199514408572e+00 -1.423242184185067742e+02
7.299950724474191688e+00 -1.423182655057059947e+02
7.667014320352520507e+00 -1.423123126638238318e+02
8.034077916230847549e+00 -1.423063597510230238e+02
8.401141441190505432e+00 -1.423004069091408610e+02
8.768205037068959484e+00 -1.422944539963400530e+02
9.135268632947289191e+00 -1.422885011544579186e+02
9.502332157906945298e+00 -1.422825482416571106e+02
9.869395753785275005e+00 -1.422765953997749762e+02
1.023648495130203173e+01 -1.422731142152306063e+02
1.060359308410246548e+01 -1.422714538674286757e+02
1.097070114598422919e+01 -1.422697934487081000e+02
1.133780920786599289e+01 -1.422681331009061978e+02
1.170491734066642664e+01 -1.422664727531042672e+02
1.207202540254819034e+01 -1.422648123343837199e+02
1.243913346442995227e+01 -1.422631519865818177e+02
1.280624159723038780e+01 -1.422614915678612419e+02
1.317334965911214972e+01 -1.422598312200593114e+02
1.354045772099391343e+01 -1.422581708722574092e+02
1.390756585379422106e+01 -1.422565104535368050e+02
1.427467391567598476e+01 -1.422548501057349029e+02
1.464178197755774669e+01 -1.422531897579330007e+02
1.500889011035818221e+01 -1.422515293392123965e+02
1.537599817223994414e+01 -1.422498689914104943e+02
1.574310623412170784e+01 -1.422482085726899186e+02
1.611021436692214337e+01 -1.422465482248879880e+02
1.647732242880390530e+01 -1.422448878770860858e+02
1.684443049068567078e+01 -1.422432274583655385e+02
1.721153862348610275e+01 -1.422415671105636079e+02
1.757864526699456320e+01 -1.422407836011446989e+02
1.794574581149776549e+01 -1.422436565872118024e+02
1.831284642691964137e+01 -1.422465296441975795e+02
1.867994704234151726e+01 -1.422494027011833566e+02
1.904704765776339315e+01 -1.422522756872504601e+02
1.941414820226659543e+01 -1.422551487442362657e+02
1.978124881768847132e+01 -1.422580217303033976e+02
2.014834943311034721e+01 -1.422608947872891747e+02
2.051545004853222309e+01 -1.422637678442749518e+02
2.088255066395397463e+01 -1.422666408303420553e+02
2.124965120845717692e+01 -1.422695138873278324e+02
2.161675182387905281e+01 -1.422723869443136095e+02
2.198385243930092869e+01 -1.422752599303807415e+02
2.235095305472280458e+01 -1.422781329873665186e+02
2.271805359922601042e+01 -1.422810059734336221e+02
2.308515421464788631e+01 -1.422838790304193992e+02
2.345225483006976219e+01 -1.422867520874051763e+02
2.381935544549163808e+01 -1.422896250734723083e+02
2.418645598999484037e+01 -1.422924981304580854e+02
2.455355660541671625e+01 -1.422953711165251889e+02
2.492065722083846779e+01 -1.422982441735109944e+02
2.528775783626034368e+01 -1.423011172304967715e+02
2.565485838076354597e+01 -1.423039902165638750e+02
2.602195899618542185e+01 -1.423068632735496521e+02
2.638905961160729774e+01 -1.423097363305354293e+02
2.675616022702917363e+01 -1.423126093166025328e+02
2.712326077153237947e+01 -1.423154823735883099e+02
2.749036138695425535e+01 -1.423183553596554134e+02
2.785746200237613124e+01 -1.423212284166412473e+02
2.822456261779800712e+01 -1.423241014736270245e+02
2.859166280770785207e+01 -1.423270220461188273e+02
2.895876165016306203e+01 -1.423301080009390773e+02
2.932586056353694559e+01 -1.423331938848407106e+02
2.969295940599215911e+01 -1.423362798396609890e+02
3.006005831936604267e+01 -1.423393657944812958e+02
3.042715716182125618e+01 -1.423424516783829006e+02
3.079425600427646614e+01 -1.423455376332031790e+02
3.116135491765034971e+01 -1.423486235171047838e+02
3.152845376010556322e+01 -1.423517094719250622e+02
3.189555267347944678e+01 -1.423547953558266954e+02
3.226265151593465674e+01 -1.423578813106469454e+02
3.262975035838987026e+01 -1.423609672654672522e+02
3.299684927176375027e+01 -1.423640531493688570e+02
3.336394811421896378e+01 -1.423671391041891638e+02
3.373104702759285090e+01 -1.423702249880907686e+02
3.409814587004805730e+01 -1.423733109429110471e+02
3.446524471250339872e+01 -1.423763968977313255e+02
3.483234362587727873e+01 -1.423794827816329303e+02
3.519944246833249224e+01 -1.423825687364532371e+02
3.556654138170637935e+01 -1.423856546203548135e+02
3.593364022416159287e+01 -1.423887405751751203e+02
3.630073906661679928e+01 -1.423918264590767251e+02
3.666783797999068639e+01 -1.423949124138970319e+02
3.703493682244589991e+01 -1.423979983687173103e+02
3.740203573581977992e+01 -1.424010842526189151e+02
3.776913457827499343e+01 -1.424041702074391935e+02
3.813623342073020694e+01 -1.424072560913408267e+02
3.850333233410408695e+01 -1.424103420461611051e+02
3.887043117655930047e+01 -1.424134280009813551e+02
3.923753001901451398e+01 -1.424165138848829884e+02
3.960462893238839399e+01 -1.424195998397032668e+02
3.997172777484360751e+01 -1.424226857236049000e+02
4.033882668821748751e+01 -1.424257716784251784e+02
4.070592553067270103e+01 -1.424288575623267832e+02
4.107302437312791454e+01 -1.424319435171470616e+02
4.144012328650180166e+01 -1.424350294719673400e+02
4.180722212895700807e+01 -1.424381153558689732e+02
4.217432104233089518e+01 -1.424412013106892232e+02
4.254141988478610870e+01 -1.424442904568495010e+02
4.290851773438004102e+01 -1.424474915126642429e+02
4.327561565489264694e+01 -1.424506925684789849e+02
4.364271350448658637e+01 -1.424538936242937552e+02
4.400981142499906440e+01 -1.424570946801084972e+02
4.437690927459300383e+01 -1.424602957359232391e+02
4.474400719510560975e+01 -1.424634967917380095e+02
4.511110504469942128e+01 -1.424666977766340779e+02
4.547820296521202721e+01 -1.424698988324488198e+02
4.584530081480595953e+01 -1.424730998882635902e+02
4.621239873531844466e+01 -1.424763009440783321e+02
4.657949658491237699e+01 -1.424795019998930741e+02
4.694659450542498291e+01 -1.424827030557078444e+02
4.731369235501879444e+01 -1.424859041115225864e+02
4.768079027553140037e+01 -1.424891051673372999e+02
4.804788812512533980e+01 -1.424923062231520987e+02
4.841498604563781782e+01 -1.424955072789668122e+02
4.878208389523175725e+01 -1.424987083347815542e+02
4.914918181574436318e+01 -1.425019093905962961e+02
4.951627966533829550e+01 -1.425051104464110665e+02
4.988337758585078063e+01 -1.425083115022258085e+02
5.025047543544471296e+01 -1.425115125580405504e+02
5.061757335595731888e+01 -1.425147136138553208e+02
5.098467120555113041e+01 -1.425179146696700627e+02
5.135176912606373634e+01 -1.425211157254848047e+02
5.171886697565767577e+01 -1.425243167812995750e+02
5.208596489617015379e+01 -1.425275178371143170e+02
5.245306274576409322e+01 -1.425307188929290589e+02
5.282016066627669915e+01 -1.425339199487438293e+02
5.318725851587051068e+01 -1.425371210045585713e+02
5.355435636546444300e+01 -1.425403220603733132e+02
5.392145428597704893e+01 -1.425435231161880836e+02
5.428855213557098836e+01 -1.425467241720028255e+02
5.465565005608346638e+01 -1.425499252278175675e+02
5.502274790567740581e+01 -1.425531262836323378e+02
5.538984582619001173e+01 -1.425563273394470798e+02
5.575694367578382327e+01 -1.425595283952618217e+02
5.612404159629642919e+01 -1.425627294510765637e+02
5.649113944589036151e+01 -1.425659305068913341e+02
5.685823736640284665e+01 -1.425691315627060760e+02
5.722533521599677897e+01 -1.425723326185208180e+02
5.759243313650938489e+01 -1.425755336034169147e+02
5.795953098610319643e+01 -1.425787346592316567e+02
5.832662890661580235e+01 -1.425819357150463986e+02
5.869372661437239458e+01 -1.425851574791115581e+02
5.906082382569828582e+01 -1.425884306592093367e+02
5.942792110794285065e+01 -1.425917038393071437e+02
5.979501831926874189e+01 -1.425949770194049222e+02
6.016211560151330673e+01 -1.425982501995027292e+02
6.052921281283919797e+01 -1.426015233796005361e+02
6.089631009508388360e+01 -1.426047965596982863e+02
6.126340737732844843e+01 -1.426080697397960932e+02
6.163050458865433967e+01 -1.426113429198938718e+02
6.199760187089890451e+01 -1.426146160999916788e+02
6.236469908222479575e+01 -1.426178892800894857e+02
6.273179636446936058e+01 -1.426211624601872643e+02
6.309889357579525182e+01 -1.426244356402850428e+02
6.346599085803980955e+01 -1.426277088203828214e+02
6.383308806936570079e+01 -1.426309820004806284e+02
6.420018535161025852e+01 -1.426342551805784353e+02
6.456728256293627055e+01 -1.426375283606762139e+02
6.493437984518084249e+01 -1.426408015407739924e+02
6.530147705650672663e+01 -1.426440747208717710e+02
6.566857433875129857e+01 -1.426473479009695779e+02
6.603567155007718270e+01 -1.426506210810673849e+02
6.640276883232175464e+01 -1.426538942611651635e+02
6.676986604364763878e+01 -1.426571674412629704e+02
6.713696332589219651e+01 -1.426604406213607206e+02
6.750406053721809485e+01 -1.426637138014585275e+02
6.787115781946278048e+01 -1.426669869106376609e+02
6.823825510170733821e+01 -1.426702600907354395e+02
6.860535231303323656e+01 -1.426735332708332464e+02
6.897244959527779429e+01 -1.426768064509310534e+02
6.933954680660369263e+01 -1.426800796310288320e+02
6.970664408884825036e+01 -1.426833528111266105e+02
7.007374130017414871e+01 -1.426866259912243891e+02
7.044083858241870644e+01 -1.426898991713221960e+02
7.080793579374460478e+01 -1.426931723514200030e+02
7.117503307598929041e+01 -1.426964455315177815e+02
7.154213028731517454e+01 -1.426997187116155885e+02
7.190922756955974648e+01 -1.427029918917133386e+02
7.227632478088563062e+01 -1.427062650718111456e+02
7.264342206313020256e+01 -1.427095382519089526e+02
7.301051927445608669e+01 -1.427128114320067311e+02
7.337761655670064442e+01 -1.427160846121045381e+02
7.374471376802654277e+01 -1.427193577922023167e+02
7.411181105027110050e+01 -1.427226309723000952e+02
7.447890826159712674e+01 -1.427259041523979022e+02
7.484600554384168447e+01 -1.427291773324956807e+02
7.521310282608624220e+01 -1.427324505125934877e+02
7.558020003741214055e+01 -1.427357236926912663e+02
7.594729696506334449e+01 -1.427390305591552817e+02
7.631439382179600273e+01 -1.427423530986444007e+02
7.668149060760985947e+01 -1.427456757090522217e+02
7.704858739342373042e+01 -1.427489983194600143e+02
7.741568417923771506e+01 -1.427523209298678069e+02
7.778278103597024540e+01 -1.427556434693569258e+02
7.814987782178423004e+01 -1.427589660797647468e+02
7.851697460759810099e+01 -1.427622886901725394e+02
7.888407139341195773e+01 -1.427656112296616584e+02
7.925116825014461597e+01 -1.427689338400694794e+02
7.961826503595848692e+01 -1.427722564504772720e+02
7.998536182177247156e+01 -1.427755790608850646e+02
8.035245867850500190e+01 -1.427789016003742120e+02
8.071955546431885864e+01 -1.427822242107820045e+02
8.108665225013285749e+01 -1.427855468211897971e+02
8.145374903594671423e+01 -1.427888694315976181e+02
8.182084589267924457e+01 -1.427921919710867371e+02
8.218794267849322921e+01 -1.427955145814945297e+02
8.255503946430710016e+01 -1.427988371919023507e+02
8.292213625012108480e+01 -1.428021597313914981e+02
8.328923310685361514e+01 -1.428054823417992907e+02
8.365632989266759978e+01 -1.428088049522070548e+02
8.402342667848147073e+01 -1.428121275626148758e+02
8.439052346429532747e+01 -1.428154501021040232e+02
8.475762032102798571e+01 -1.428187727125118442e+02
8.512471710684185666e+01 -1.428220953229196368e+02
8.549181389265584130e+01 -1.428254178624087558e+02
8.585891074938837164e+01 -1.428287404728165484e+02
8.622600753520222838e+01 -1.428320630832243694e+02
8.659310432101622723e+01 -1.428353856936321620e+02
8.696020110683008397e+01 -1.428387082331212810e+02
8.732729796356261431e+01 -1.428420308435291020e+02
8.769439474937659895e+01 -1.428453534539368945e+02
8.806149153519046990e+01 -1.428486760643446871e+02
8.842858832100445454e+01 -1.428519986038338345e+02
8.879568517773698488e+01 -1.428553212142416271e+02
8.916278196355085583e+01 -1.428586438246494197e+02
8.952987874936484047e+01 -1.428619663641385671e+02
8.989697553517869721e+01 -1.428652889745463597e+02
9.026407239191135545e+01 -1.428686115849541522e+02
9.063116917772522640e+01 -1.428719341953619733e+02
9.099826596353908315e+01 -1.428752567348510922e+02
9.136536282027174138e+01 -1.428785793452588848e+02
9.173245960608559812e+01 -1.428819019556666774e+02
9.209955639189959697e+01 -1.428852245660744984e+02
9.246665317771345372e+01 -1.428885471055636174e+02
9.283375003444598406e+01 -1.428918697159714100e+02
9.320084653658528850e+01 -1.428952243816161456e+02
9.356794296780591935e+01 -1.428985829477874461e+02
9.393503946994509590e+01 -1.429019415139587750e+02
9.430213597208440035e+01 -1.429053000092114019e+02
9.466923240330501699e+01 -1.429086585753827592e+02
9.503632890544419354e+01 -1.429120171415540597e+02
9.540342540758349799e+01 -1.429153757077253886e+02
9.577052183880400094e+01 -1.429187342029780723e+02
9.613761834094330538e+01 -1.429220927691493728e+02
9.650471484308260983e+01 -1.429254513353207017e+02
9.687181127430311278e+01 -1.429288099014920022e+02
9.723890777644241723e+01 -1.429321683967446859e+02
9.760600427858159378e+01 -1.429355269629159864e+02
9.797310070980221042e+01 -1.429388855290873153e+02
9.834019721194151487e+01 -1.429422440952586157e+02
9.870729371408069142e+01 -1.429456025905112995e+02
9.907439014530132226e+01 -1.429489611566826284e+02
9.944148664744049881e+01 -1.429523197228539289e+02
9.980858307866112966e+01 -1.429556782890252578e+02
1.001756795808004341e+02 -1.429590367842779131e+02
1.005427760829396107e+02 -1.429623953504492420e+02
1.009098725141602415e+02 -1.429657539166205424e+02
1.012769690162995317e+02 -1.429691124827918713e+02
1.016440655184387083e+02 -1.429724709780445266e+02
1.020111619496593391e+02 -1.429758295442158555e+02
1.023782584517985157e+02 -1.429791881103871560e+02
1.027453549539378201e+02 -1.429825466765584849e+02
1.031124513851584510e+02 -1.429859051718111687e+02
1.034795478872976275e+02 -1.429892637379824691e+02
1.038466443894369320e+02 -1.429926223041537980e+02
1.042137408206574349e+02 -1.429959808703250985e+02
1.045808373227967252e+02 -1.429993393655777822e+02
1.049479338249360296e+02 -1.430026979317490827e+02
1.053150302561565326e+02 -1.430060564979204116e+02
1.056821267582958370e+02 -1.430094150640917121e+02
1.060492232604351415e+02 -1.430127735593443958e+02
1.064163196916556444e+02 -1.430161321255157247e+02
1.067834161937949489e+02 -1.430194906916870252e+02
1.071505126959341254e+02 -1.430228492578583825e+02
1.075176091271547563e+02 -1.430262077531110094e+02
1.078847056292940465e+02 -1.430295663192823383e+02
1.082518020605145495e+02 -1.430329248854536388e+02
1.086188985626538539e+02 -1.430362834516249961e+02
1.089859950647930305e+02 -1.430396419468776514e+02
1.093530913541763141e+02 -1.430430168952607346e+02
1.097201875726409384e+02 -1.430464027651183585e+02
1.100872838620242220e+02 -1.430497886349760108e+02
1.104543800804887042e+02 -1.430531745048336063e+02
1.108214762989533284e+02 -1.430565603746912302e+02
1.111885725174179385e+02 -1.430599462445488541e+02
1.115556687358825485e+02 -1.430633321144065064e+02
1.119227649543471728e+02 -1.430667179842641019e+02
1.122898611728116549e+02 -1.430701038541217258e+02
1.126569573912762792e+02 -1.430734897239793781e+02
1.130240536097408892e+02 -1.430768755229183284e+02
1.133911498991241729e+02 -1.430802613927759523e+02
1.137582461175886692e+02 -1.430836472626335478e+02
1.141253423360532793e+02 -1.430870331324912001e+02
1.144924385545178893e+02 -1.430904190023488241e+02
1.148595347729825136e+02 -1.430938048722064480e+02
1.152266309914471236e+02 -1.430971907420641003e+02
1.155937272099116200e+02 -1.431005766119216958e+02
1.159608234283762300e+02 -1.431039624817793197e+02
1.163279197177595137e+02 -1.431073483516369436e+02
1.166950159362241237e+02 -1.431107342214945959e+02
1.170621121546887480e+02 -1.431141200913521914e+02
1.174292083731532301e+02 -1.431175059612098153e+02
1.177963045916178544e+02 -1.431208918310674392e+02
1.181634008100824644e+02 -1.431242777009250915e+02
1.185304970285470745e+02 -1.431276635707827154e+02
1.188975932470115708e+02 -1.431310494406403109e+02
1.192646894654761809e+02 -1.431344353104979348e+02
1.196317857548594645e+02 -1.431378211803555871e+02
1.199988819733240888e+02 -1.431412070502132110e+02
1.203659781917886988e+02 -1.431445929200708065e+02
1.207330744102531952e+02 -1.431479787899284304e+02
1.211001706287178052e+02 -1.431513645888674091e+02
1.214672668471824153e+02 -1.431547504587250330e+02
1.218343630656470395e+02 -1.431581363285826569e+02
1.222014592841115217e+02 -1.431615221984402808e+02
1.225685555025761317e+02 -1.431649080682979047e+02
1.229356517919594296e+02 -1.431682939381555286e+02
1.233027480104240396e+02 -1.431716798080131525e+02
1.236698440870513167e+02 -1.431750760319959568e+02
1.240369401636784517e+02 -1.431784833192906490e+02
1.244040361693870551e+02 -1.431818906065853128e+02
1.247711321750956586e+02 -1.431852978938800049e+02
1.251382282517229356e+02 -1.431887051102560235e+02
1.255053242574315249e+02 -1.431921123975506873e+02
1.258724202631401283e+02 -1.431955196848453795e+02
1.262395163397674054e+02 -1.431989269721400149e+02
1.266066123454760088e+02 -1.432023342594347071e+02
1.269737083511845981e+02 -1.432057415467293708e+02
1.273408044278118751e+02 -1.432091488340240630e+02
1.277079004335204786e+02 -1.432125561213187268e+02
1.280749964392290678e+02 -1.432159634086134190e+02
1.284420925158562170e+02 -1.432193706959080544e+02
1.288091885215648347e+02 -1.432227779122840730e+02
1.291762845272734239e+02 -1.432261851995787367e+02
1.295433806039006868e+02 -1.432295924868734289e+02
1.299104766096093044e+02 -1.432329997741680927e+02
1.302775726153178937e+02 -1.432364070614627849e+02
1.306446686919451565e+02 -1.432398143487574202e+02
1.310117646976537742e+02 -1.432432216360521124e+02
1.313788607033623634e+02 -1.432466289233467762e+02
1.317459567799896263e+02 -1.432500362106414684e+02
1.321130527856981018e+02 -1.432534434979361322e+02
1.324801487914067195e+02 -1.432568507143121508e+02
1.328472447971153088e+02 -1.432602580016068430e+02
1.332143408737425716e+02 -1.432636652889014783e+02
1.335814368794511893e+02 -1.432670725761961705e+02
1.339485328851597785e+02 -1.432704798634908343e+02
1.343156289617870698e+02 -1.432738871507855265e+02
1.346827249674956590e+02 -1.432772944380801903e+02
1.350498209732042483e+02 -1.432807055549828306e+02
1.354169168370755187e+02 -1.432841299336759278e+02
1.357840127009467608e+02 -1.432875543123690534e+02
1.361511085648180313e+02 -1.432909786910621222e+02
1.365182044286892733e+02 -1.432944030697552478e+02
1.368853002925605438e+02 -1.432978274484483734e+02
1.372523961564318142e+02 -1.433012518271414706e+02
1.376194920203030563e+02 -1.433046762058345962e+02
1.379865878841743267e+02 -1.433081005845276934e+02
1.383536838189642424e+02 -1.433115249632208190e+02
1.387207796828355129e+02 -1.433149493419139446e+02
1.390878755467067549e+02 -1.433183737206070418e+02
1.394549714105780254e+02 -1.433217980993001675e+02
1.398220672744492674e+02 -1.433252224779932646e+02
1.401891631383205379e+02 -1.433286468566863903e+02
1.405562590021917799e+02 -1.433320712353795159e+02
1.409233548660630504e+02 -1.433354956140726131e+02
1.412904507299342924e+02 -1.433389200636844123e+02
1.416575465938055629e+02 -1.433423444423775095e+02
1.420246424576768050e+02 -1.433457688210706351e+02
1.423917383215480754e+02 -1.433491931997637607e+02
1.427588341854193175e+02 -1.433526241029740902e+02
1.431259299074532407e+02 -1.433560613888643616e+02
1.434930256294871640e+02 -1.433594987456733065e+02
1.438601214224397324e+02 -1.433629361024822515e+02
1.442272171444736557e+02 -1.433663733883724944e+02
1.445943128665076927e+02 -1.433698107451814678e+02
1.449614086594602895e+02 -1.433732481019903844e+02
1.453285043814941844e+02 -1.433766854587993294e+02
1.449615041159842974e+02 -1.433857357443256149e+02
1.445945038504744105e+02 -1.433947860298519004e+02
1.442275035849645235e+02 -1.434038363862968311e+02
1.438605033194547786e+02 -1.434128866718231166e+02
1.434935030539448633e+02 -1.434219369573493736e+02
1.431265027884349763e+02 -1.434309872428756307e+02
1.427595025229250894e+02 -1.434400375993205898e+02
1.423925021155778552e+02 -1.434490814312482598e+02
1.420255014954747423e+02 -1.434581188095773712e+02
1.416585009462901610e+02 -1.434671561879065109e+02
1.412915003261870481e+02 -1.434761934953169202e+02
1.409244997770024668e+02 -1.434852308736460600e+02
1.405574991568992402e+02 -1.434942682519751713e+02
1.401904986077147726e+02 -1.435033055593856091e+02
1.398234979876115460e+02 -1.435123429377147204e+02
1.394564974384270784e+02 -1.435213803160438317e+02
1.390894968183238234e+02 -1.435304176234542695e+02
1.387224962691392705e+02 -1.435394550017833808e+02
1.383554956490361292e+02 -1.435484923801124637e+02
1.379884950998515762e+02 -1.435575296875229299e+02
1.376214944797484350e+02 -1.435665670658520412e+02
1.372544939305638820e+02 -1.435756044441811810e+02
1.368874933104607408e+02 -1.435846417515915903e+02
1.365204927612761594e+02 -1.435936791299207300e+02
1.361534921411729329e+02 -1.436027165082498129e+02
1.357864915919884652e+02 -1.436117538156602791e+02
1.354194909718852387e+02 -1.436207911939893904e+02
1.350524904227007710e+02 -1.436298285723184733e+02
1.346854894480041764e+02 -1.436388526179384542e+02
1.343184884733076956e+02 -1.436478729048691321e+02
1.339514874986111010e+02 -1.436568931208811080e+02
1.335844864529959466e+02 -1.436659134078118143e+02
1.332174854782994657e+02 -1.436749336238237902e+02
1.328504844326843113e+02 -1.436839539107544681e+02
1.324834834579877167e+02 -1.436929741976851460e+02
1.321164824123725623e+02 -1.437019944136971503e+02
1.317494814376760814e+02 -1.437110147006278282e+02
1.313824803920608133e+02 -1.437200349166398325e+02
1.310154794173643324e+02 -1.437290552035705105e+02
1.306484784426678516e+02 -1.437380754905011599e+02
1.302814773970525550e+02 -1.437470957065131927e+02
1.299144764223561026e+02 -1.437561159934438422e+02
1.295474753767409481e+02 -1.437651362094558465e+02
1.291804744020443252e+02 -1.437741564963865528e+02
1.288134733564291707e+02 -1.437831767123985287e+02
1.284464723817327183e+02 -1.437921969993292066e+02
1.280794713361174217e+02 -1.438012172862598845e+02
1.277124703614209551e+02 -1.438102375022718888e+02
1.273454693867244742e+02 -1.438192577892025383e+02
1.269784683411091919e+02 -1.438282780052145711e+02
1.266114673664127110e+02 -1.438372982921452206e+02
1.262444663207975708e+02 -1.438463185790758985e+02
1.258774653461010899e+02 -1.438553387950879312e+02
1.255104643004858076e+02 -1.438643590820185807e+02
1.251434633257893267e+02 -1.438733792980305850e+02
1.247764622801741865e+02 -1.438823995849612629e+02
1.244094613054775778e+02 -1.438914198009732672e+02
1.240424603307810969e+02 -1.439004400879039167e+02
1.236754592851659424e+02 -1.439094603748345946e+02
1.233084580267946535e+02 -1.439184695275347678e+02
1.229414564847488123e+02 -1.439274683970284059e+02
1.225744549427030847e+02 -1.439364671956033419e+02
1.222074534006572293e+02 -1.439454660650969799e+02
1.218404518586113738e+02 -1.439544649345905611e+02
1.214734503874841920e+02 -1.439634638040841992e+02
1.211064488454383508e+02 -1.439724626026591352e+02
1.207394473033924953e+02 -1.439814614721527732e+02
1.203724457613466399e+02 -1.439904603416464113e+02
1.200054442193007844e+02 -1.439994591402213473e+02
1.196384426772549432e+02 -1.440084580097149853e+02
1.192714411352090877e+02 -1.440174568792085950e+02
1.189044396640819059e+02 -1.440264557487022330e+02
1.185374381220360505e+02 -1.440354545472771690e+02
1.181704365799902092e+02 -1.440444534167708071e+02
1.178034350379443538e+02 -1.440534522862644451e+02
1.174364334958984983e+02 -1.440624510848393811e+02
1.170694319538526571e+02 -1.440714499543330191e+02
1.167024304118068017e+02 -1.440804488238266288e+02
1.163354289406796198e+02 -1.440894476933202668e+02
1.159684273986337644e+02 -1.440984464918952312e+02
1.156014258565879231e+02 -1.441074453613888409e+02
1.152344243145420677e+02 -1.441164442308824789e+02
1.148674227724962122e+02 -1.441254430294574149e+02
1.145004212304503568e+02 -1.441344418989510530e+02
1.141334196884045156e+02 -1.441434407684446626e+02
1.137664182172773337e+02 -1.441524396379383006e+02
1.133994166752314783e+02 -1.441614384365132651e+02
1.130324151331856228e+02 -1.441704373060068747e+02
1.126654135911397816e+02 -1.441794361755005127e+02
1.122984120490939262e+02 -1.441884349740754487e+02
1.119314105070480707e+02 -1.441974338435690868e+02
1.115644089650022153e+02 -1.442064327130626964e+02
1.111974074938750476e+02 -1.442154315825563344e+02
1.108304059518291922e+02 -1.442244303811312989e+02
1.104634044097833367e+02 -1.442334292506249085e+02
1.100964028677374813e+02 -1.442424281201185465e+02
1.097294013256916401e+02 -1.442514269186934825e+02
1.093623997836459125e+02 -1.442604257881871206e+02
1.089953980288440505e+02 -1.442694136652875443e+02
1.086283957776114732e+02 -1.442783852310948589e+02
1.082613935972977117e+02 -1.442873567969022019e+02
1.078943914169838081e+02 -1.442963282917908430e+02
1.075273892366700466e+02 -1.443052998575981576e+02
1.071603869854374693e+02 -1.443142714234055006e+02
1.067933848051235799e+02 -1.443232429182941416e+02
1.064263826248098042e+02 -1.443322144841014278e+02
1.060593803735772411e+02 -1.443411859789900973e+02
1.056923781932634654e+02 -1.443501575447974119e+02
1.053253760129495760e+02 -1.443591291106047265e+02
1.049583738326358002e+02 -1.443681006054933960e+02
1.045913715814032372e+02 -1.443770721713007106e+02
1.042243694010894615e+02 -1.443860436661893516e+02
1.038573672207755720e+02 -1.443950152319966946e+02
1.034903649695431369e+02 -1.444039867978040093e+02
1.031233627892292333e+02 -1.444129582926926503e+02
1.027563606089154575e+02 -1.444219298584999933e+02
1.023893584286015681e+02 -1.444309013533886343e+02
1.020223561773691330e+02 -1.444398729191959490e+02
1.016553539970552293e+02 -1.444488444850032920e+02
1.012883518167413399e+02 -1.444578159798919330e+02
1.009213495655088906e+02 -1.444667875456992476e+02
1.005543473851950012e+02 -1.444757591115065907e+02
1.001873452048812254e+02 -1.444847306063952317e+02
9.982034302456733599e+01 -1.444937021722025463e+02
9.945334077333488665e+01 -1.445026736670912157e+02
9.908633859302099722e+01 -1.445116452328985304e+02
9.871933641270722148e+01 -1.445206167987058450e+02
9.835233416147465846e+01 -1.445295882935945144e+02
9.798533198116088272e+01 -1.445385598594018290e+02
9.761832980084699329e+01 -1.445475313542904416e+02
9.725132762053321756e+01 -1.445565029200977847e+02
9.688432536930065453e+01 -1.445654744859050993e+02
9.651732318898687879e+01 -1.445744459807937403e+02
9.615032100867298936e+01 -1.445834175466010549e+02
9.578331875744042634e+01 -1.445923891124083980e+02
9.541631657712665060e+01 -1.446013606072970390e+02
9.504931439681276117e+01 -1.446103321731043536e+02
9.468231221649898544e+01 -1.446193036679930231e+02
9.431530996526642241e+01 -1.446282752338003377e+02
9.394830778495264667e+01 -1.446372467996076523e+02
9.358130560463875725e+01 -1.446462182944963217e+02
9.321430335340630791e+01 -1.446551898603036364e+02
9.284730110217374488e+01 -1.446641575255843577e+02
9.248029799991724076e+01 -1.446730930647094624e+02
9.211329496857941024e+01 -1.446820286747532691e+02
9.174629186632292033e+01 -1.446909642847970758e+02
9.137928876406641621e+01 -1.446998998948408826e+02
9.101228573272858569e+01 -1.447088354339659872e+02
9.064528263047220946e+01 -1.447177710440097940e+02
9.027827952821570534e+01 -1.447267066540536007e+02
8.991127649687787482e+01 -1.447356421931787338e+02
8.954427339462138491e+01 -1.447445778032225405e+02
8.917727029236488079e+01 -1.447535134132663188e+02
8.881026726102705027e+01 -1.447624490233101255e+02
8.844326415877054615e+01 -1.447713845624352587e+02
8.807626105651405624e+01 -1.447803201724790654e+02
8.770925802517622571e+01 -1.447892557825228437e+02
8.734225492291972159e+01 -1.447981913216479768e+02
8.697525182066321747e+01 -1.448071269316917835e+02
8.660824878932538695e+01 -1.448160625417355902e+02
8.624124568706889704e+01 -1.448249981517793685e+02
8.587424258481239292e+01 -1.448339336909045016e+02
8.550723955347456240e+01 -1.448428693009483084e+02
8.514023645121805828e+01 -1.448518049109921151e+02
8.477323334896155416e+01 -1.448607404501172482e+02
8.440623031762373785e+01 -1.448696760601610265e+02
8.403922721536723373e+01 -1.448786116702048332e+02
8.367222418402940320e+01 -1.448875472802486399e+02
8.330522108177289908e+01 -1.448964828193737731e+02
8.293821797951639496e+01 -1.449054184294175514e+02
8.257121494817856444e+01 -1.449143540394613581e+02
8.220421184592207453e+01 -1.449232895785864912e+02
8.183720874366569831e+01 -1.449322251886302979e+02
8.147020571232786779e+01 -1.449411607986740762e+02
8.110320261007136367e+01 -1.449500964087178829e+02
8.073619950781485954e+01 -1.449590319478430160e+02
8.036919647647704323e+01 -1.449679675578868228e+02
8.000219337422053911e+01 -1.449769031679306011e+02
7.963519027196403499e+01 -1.449858387070557342e+02
7.926818724062620447e+01 -1.449947743170995409e+02
7.890118413836970035e+01 -1.450037099271433476e+02
7.853418103611321044e+01 -1.450126455371871259e+02
7.816717800477537992e+01 -1.450215810763122590e+02
7.780017490251887580e+01 -1.450305166863560657e+02
7.743317180026237168e+01 -1.450394522963998725e+02
7.706616876892454115e+01 -1.450483878355250056e+02
7.669916566666805124e+01 -1.450573234455687839e+02
7.633216263533022072e+01 -1.450662590556125906e+02
7.596515953307371660e+01 -1.450751946656563973e+02
7.559815607622385869e+01 -1.450841145317563985e+02
7.523115176835007389e+01 -1.450930007114901628e+02
7.486414753139494849e+01 -1.451018868912239839e+02
7.449714322352114948e+01 -1.451107730709577766e+02
7.413013898656603828e+01 -1.451196592506915408e+02
7.376313467869223928e+01 -1.451285454304253619e+02
7.339613037081832658e+01 -1.451374316101591262e+02
7.302912613386320118e+01 -1.451463178608115925e+02
7.266212182598941638e+01 -1.451552040405453567e+02
7.229511758903429097e+01 -1.451640902202791779e+02
7.192811328116050618e+01 -1.451729764000129421e+02
7.156110904420538077e+01 -1.451818625797467348e+02
7.119410473633146808e+01 -1.451907487594805559e+02
7.082710049937634267e+01 -1.451996349392143202e+02
7.046009619150255787e+01 -1.452085211189481129e+02
7.009309188362875886e+01 -1.452174073696005507e+02
6.972608764667364767e+01 -1.452262935493343718e+02
6.935908333879984866e+01 -1.452351797290681361e+02
6.899207910184460957e+01 -1.452440659088019288e+02
6.862507479397081056e+01 -1.452529520885356931e+02
6.825807055701569936e+01 -1.452618382682695142e+02
6.789106624914190036e+01 -1.452707244480033069e+02
6.752406194126811556e+01 -1.452796106277370711e+02
6.715705770431299015e+01 -1.452884968783895658e+02
6.679005339643907746e+01 -1.452973830581233301e+02
6.642304915948395205e+01 -1.453062692378571228e+02
6.605604485161016726e+01 -1.453151554175908871e+02
6.568904061465504185e+01 -1.453240415973247082e+02
6.532203630678124284e+01 -1.453329277770584724e+02
6.495503199890745805e+01 -1.453418139567922651e+02
6.458802776195220474e+01 -1.453507002074447030e+02
6.422102345407841995e+01 -1.453595863871785241e+02
6.385401921712330875e+01 -1.453684725669123168e+02
6.348701490924951685e+01 -1.453773587466460810e+02
6.312001067229439855e+01 -1.453862449263799022e+02
6.275300636442060664e+01 -1.453951311061136664e+02
6.238600212746536045e+01 -1.454040172858474591e+02
6.201899781959156854e+01 -1.454129034655812234e+02
6.165199351171777664e+01 -1.454217897162337181e+02
6.128498927476265123e+01 -1.454306758959674823e+02
6.091798496688886644e+01 -1.454395620757012750e+02
6.055098072993362024e+01 -1.454484482554350961e+02
6.018397642205982834e+01 -1.454573344351688604e+02
5.981697218510470293e+01 -1.454662206149026531e+02
5.944996787723091103e+01 -1.454751067946364174e+02
5.908296356935711913e+01 -1.454839929743702385e+02
5.871595933240200083e+01 -1.454928792250226763e+02
5.834895381891079325e+01 -1.455017139887238216e+02
5.798194780898901257e+01 -1.455105280441745776e+02
5.761494179906722479e+01 -1.455193421705439789e+02
5.724793578914544412e+01 -1.455281562259947350e+02
5.688092977922365634e+01 -1.455369702814454911e+02
5.651392369838320207e+01 -1.455457844078148923e+02
5.614691768846142139e+01 -1.455545984632656484e+02
5.577991167853963361e+01 -1.455634125896350497e+02
5.541290566861785294e+01 -1.455722266450858058e+02
5.504589965869606516e+01 -1.455810407005365619e+02
5.467889364877428449e+01 -1.455898548269059631e+02
5.431188763885249671e+01 -1.455986688823567192e+02
5.394488162893071603e+01 -1.456074830087261489e+02
5.357787561900893536e+01 -1.456162970641768766e+02
5.321086960908714758e+01 -1.456251111196276327e+02
5.284386359916536691e+01 -1.456339252459970339e+02
5.247685758924357913e+01 -1.456427393014477900e+02
5.210985150840312485e+01 -1.456515534278172197e+02
5.174284549848134418e+01 -1.456603674832679474e+02
5.137583948855955640e+01 -1.456691815387187035e+02
5.100883347863777573e+01 -1.456779956650881331e+02
5.064182746871598795e+01 -1.456868097205388608e+02
5.027482145879420727e+01 -1.456956238469082621e+02
4.990781544887241949e+01 -1.457044379023590466e+02
4.954080943895063882e+01 -1.457132519578097742e+02
4.917380342902885815e+01 -1.457220660841791755e+02
4.880679741910707037e+01 -1.457308801396299316e+02
4.843979140918528969e+01 -1.457396942659993329e+02
4.807278539926337402e+01 -1.457485083214500889e+02
4.770577931842304764e+01 -1.457573223769008450e+02
4.733877330850113907e+01 -1.457661365032702463e+02
4.697176729857935129e+01 -1.457749505587210024e+02
4.660476128865757062e+01 -1.457837646850904036e+02
4.623775527873578994e+01 -1.457925787405411597e+02
4.587074926881400216e+01 -1.458013927959918874e+02
4.550374325889222149e+01 -1.458102069223613171e+02
4.513673724897043371e+01 -1.458190209778120732e+02
4.476973123904865304e+01 -1.458278350332628008e+02
4.440272522912686526e+01 -1.458366491596322305e+02
4.403571921920508458e+01 -1.458454632150829866e+02
4.366871320928329681e+01 -1.458542773414523879e+02
4.330170712844284253e+01 -1.458630913969031440e+02
4.293470111852106186e+01 -1.458719054523539000e+02
4.256769510859927408e+01 -1.458807195787233013e+02
4.220068647468689704e+01 -1.458894217245195364e+02
4.183367769893717281e+01 -1.458981207498945025e+02
4.146666892318732067e+01 -1.459068197043507666e+02
4.109966014743759644e+01 -1.459155187297257044e+02
4.073265137168787220e+01 -1.459242176841819969e+02
4.036564266685682156e+01 -1.459329167095569346e+02
3.999863389110696943e+01 -1.459416156640131987e+02
3.963162511535724519e+01 -1.459503146184695197e+02
3.926461633960752806e+01 -1.459590136438444574e+02
3.889760756385780383e+01 -1.459677125983007500e+02
3.853059885902674608e+01 -1.459764116236756877e+02
3.816359008327690105e+01 -1.459851105781319518e+02
3.779658130752717682e+01 -1.459938095325882443e+02
3.742957253177745258e+01 -1.460025085579631821e+02
3.706256375602772835e+01 -1.460112075124194462e+02
3.669555505119654981e+01 -1.460199065377944123e+02
3.632854627544682558e+01 -1.460286054922506764e+02
3.596153749969710134e+01 -1.460373044467069690e+02
3.559452872394737710e+01 -1.460460034720819067e+02
3.522751994819765287e+01 -1.460547024265381708e+02
3.486051117244780073e+01 -1.460634014519131370e+02
3.449350246761675010e+01 -1.460721004063694011e+02
3.412649369186702586e+01 -1.460807994317443388e+02
3.375948491611730162e+01 -1.460894983862006313e+02
3.339247614036745659e+01 -1.460981973406568954e+02
3.302546736461773236e+01 -1.461068963660318332e+02
3.265845865978667462e+01 -1.461155953204881541e+02
3.229144988403695038e+01 -1.461242943458630918e+02
3.192444110828722970e+01 -1.461329933003193844e+02
3.155743233253737756e+01 -1.461416922547756485e+02
3.119042355678765688e+01 -1.461503912801505862e+02
3.082341485195660269e+01 -1.461590902346068788e+02
3.045640607620687845e+01 -1.461677892599818165e+02
3.008939730045702987e+01 -1.461764882144380806e+02
2.972238852470730563e+01 -1.461851871688943731e+02
2.935537974895758140e+01 -1.461938861942693109e+02
2.898837104412652721e+01 -1.462025851487256034e+02
2.862136226837667863e+01 -1.462112841741005411e+02
2.825434959210039665e+01 -1.462198178880656769e+02
2.788733585204403909e+01 -1.462283040156061418e+02
2.752032211198768152e+01 -1.462367901431465782e+02
2.715330837193132396e+01 -1.462452762706870146e+02
2.678629463187496640e+01 -1.462537623982274795e+02
2.641928089181860884e+01 -1.462622485257678875e+02
2.605226715176225127e+01 -1.462707347242270259e+02
2.568525341170589371e+01 -1.462792208517674624e+02
2.531823967164953615e+01 -1.462877069793078988e+02
2.495122593159317859e+01 -1.462961931068483352e+02
2.458421219153682102e+01 -1.463046792343888001e+02
2.421719845148046346e+01 -1.463131653619292365e+02
2.385018471142410590e+01 -1.463216515603883465e+02
2.348317097136774834e+01 -1.463301376879287830e+02
2.311615716039284862e+01 -1.463386238154692194e+02
2.274914342033649106e+01 -1.463471099430096842e+02
2.238212968028013350e+01 -1.463555960705501207e+02
2.201511594022377594e+01 -1.463640821980905571e+02
2.164810220016741837e+01 -1.463725683965496671e+02
2.128108846011106081e+01 -1.463810545240901320e+02
2.091407472005470325e+01 -1.463895406516305400e+02
2.054706097999834569e+01 -1.463980267791710048e+02
2.018004723994198812e+01 -1.464065129067114412e+02
1.981303349988563056e+01 -1.464149990342518777e+02
1.944601975982927300e+01 -1.464234852327109877e+02
1.907900601977291544e+01 -1.464319713602514526e+02
1.871199227971655787e+01 -1.464404574877918890e+02
1.834497853966020031e+01 -1.464489436153323254e+02
1.797796472868517270e+01 -1.464574297428727903e+02
1.761095098862881514e+01 -1.464659158704131983e+02
1.724387533657732519e+01 -1.464707459988983089e+02
1.687678479160593170e+01 -1.464746993599190432e+02
1.650969417571599607e+01 -1.464786527918584511e+02
1.614260363074460258e+01 -1.464826061528791854e+02
1.577551308577333522e+01 -1.464865595138999197e+02
1.540842254080194351e+01 -1.464905128749206824e+02
1.504133199583067793e+01 -1.464944663068600903e+02
1.467424145085928622e+01 -1.464984196678808530e+02
1.430715090588802063e+01 -1.465023730289015873e+02
1.394006036091662892e+01 -1.465063263899222932e+02
1.357296981594536334e+01 -1.465102798218617295e+02
1.320587920005529980e+01 -1.465142331828824638e+02
1.283878865508403422e+01 -1.465181865439032265e+02
1.247169811011264251e+01 -1.465221399758426344e+02
1.210460756514137692e+01 -1.465260933368633403e+02
1.173751702016998522e+01 -1.465300466978841030e+02
1.137042647519871963e+01 -1.465340000589048373e+02
1.100333593022732792e+01 -1.465379534908442452e+02
1.063624538525606233e+01 -1.465419068518650079e+02
1.026915476936599880e+01 -1.465458602128857422e+02
9.902055288642868547e+00 -1.465479927371640372e+02
9.534943609909106499e+00 -1.465476533913485468e+02
9.167831931175470572e+00 -1.465473141164517301e+02
8.800720252441708524e+00 -1.465469748415548850e+02
8.433608573707946476e+00 -1.465466354957394230e+02
8.066496894974310550e+00 -1.465462962208426063e+02
7.699385216240549390e+00 -1.465459569459457896e+02
7.332273466588115518e+00 -1.465456176001302993e+02
6.965161787854479591e+00 -1.465452783252334541e+02
6.598050109120717543e+00 -1.465449390503366658e+02
6.230938430387080729e+00 -1.465445997045211755e+02
5.863826751653318681e+00 -1.465442604296243587e+02
5.496715072919556633e+00 -1.465439211547275420e+02
5.129603394185920706e+00 -1.465435818089120232e+02
4.762491715452158658e+00 -1.465432425340152349e+02
4.395380036718396610e+00 -1.465429032591184182e+02
4.028268357984759795e+00 -1.465425639133029279e+02
3.661156679250998192e+00 -1.465422246384061111e+02
3.294045000517236144e+00 -1.465418853635092660e+02
2.926933321783599773e+00 -1.465415460176938041e+02
2.559821572131165901e+00 -1.465412067427969589e+02
2.192709893397529974e+00 -1.465408674679001422e+02
1.825598214663767704e+00 -1.465405281220846803e+02
1.458486535930005656e+00 -1.465401888471878351e+02
1.091374857196369508e+00 -1.465398495722910468e+02
7.242631784626073488e-01 -1.465395102264755280e+02
3.571514997288452453e-01 -1.465391709515787113e+02
-9.960179004790885998e-03 -1.465388316766819230e+02
-3.770718577385530068e-01 -1.465384923308664042e+02
-7.441835364721891555e-01 -1.465381530559696159e+02
-1.111295215205951203e+00 -1.465378137810727708e+02
-1.478406893939713473e+00 -1.465374744352572804e+02
-1.845518572673349622e+00 -1.465371351603604921e+02
-2.212630322325783272e+00 -1.465367958854636470e+02
-2.579742001059545320e+00 -1.465364565396481851e+02
-2.946853679793181691e+00 -1.465361172647513399e+02
-3.313962805454892191e+00 -1.465349142005060230e+02
-3.681070229068736932e+00 -1.465331101005686776e+02
-4.048177652682455552e+00 -1.465313060006313606e+02
-4.415285076296299849e+00 -1.465295019006940151e+02
-4.782392428991347089e+00 -1.465276978007566697e+02
-5.149499852605191386e+00 -1.465258937008193527e+02
-5.516607276218910449e+00 -1.465240896008820357e+02
-5.883714699832628625e+00 -1.465222855009446619e+02
-6.250822052527801986e+00 -1.465204814010073449e+02
-6.617929476141521050e+00 -1.465186773010700279e+02
-6.985036899755365347e+00 -1.465168732011326824e+02
-7.352144323369083523e+00 -1.465150691011953370e+02
-7.719251746982928708e+00 -1.465132650012580200e+02
-8.086359099677975948e+00 -1.465114609013206746e+02
-8.453466523291821133e+00 -1.465096568013833576e+02
-8.820573946905540197e+00 -1.465078527014460121e+02
-9.187681370519257484e+00 -1.465060486015086667e+02
-9.554788723214430846e+00 -1.465042445015713497e+02
-9.921896146828149909e+00 -1.465024404016340327e+02
-1.028900357044199509e+01 -1.465006363016966588e+02
-1.065611099405571238e+01 -1.464988322017593418e+02
-1.102321834675088574e+01 -1.464970281018219964e+02
-1.139032577036460481e+01 -1.464952240018846794e+02
-1.175743319397832387e+01 -1.464934199019473340e+02
-1.212454061759216728e+01 -1.464916158020099886e+02
-1.249164804120588634e+01 -1.464898117020726716e+02
-1.285875539390105970e+01 -1.464880076021353545e+02
-1.322586281751477877e+01 -1.464862035021979807e+02
-1.359297024112862218e+01 -1.464843994022606637e+02
-1.396007766474234124e+01 -1.464825953023233467e+02
-1.432718501743751460e+01 -1.464807912023860013e+02
-1.469429244105123367e+01 -1.464789870315299822e+02
-1.506139986466495095e+01 -1.464771829315926652e+02
-1.542850728827879614e+01 -1.464753788316553482e+02
-1.579561471189251520e+01 -1.464735747317180028e+02
-1.616272206458768679e+01 -1.464717706317806858e+02
-1.652982948820140408e+01 -1.464699665318433404e+02
-1.689693691181524926e+01 -1.464681624319059949e+02
-1.726404433542896655e+01 -1.464663583319686779e+02
-1.763115168812401379e+01 -1.464645542320313609e+02
-1.799825911173785897e+01 -1.464627501320939871e+02
-1.836536653535157626e+01 -1.464609460321566701e+02
-1.873247395896542145e+01 -1.464591419322193531e+02
-1.909958138257914229e+01 -1.464573378322819792e+02
-1.946668873527431387e+01 -1.464555337323446622e+02
-1.983379615888803116e+01 -1.464537296324073452e+02
-2.020090358250175200e+01 -1.464519255324699998e+02
-2.056800902039291756e+01 -1.464497915898183749e+02
-2.093511204704937612e+01 -1.464472486592215432e+02
-2.130221507370595901e+01 -1.464447057286247116e+02
-2.166931810036241757e+01 -1.464421627980278515e+02
-2.203642119793754617e+01 -1.464396199383496935e+02
-2.240352422459412907e+01 -1.464370770077528618e+02
-2.277062725125058762e+01 -1.464345340771560018e+02
-2.313773027790704617e+01 -1.464319911465591701e+02
-2.350483330456362907e+01 -1.464294482159623385e+02
-2.387193633122008762e+01 -1.464269052853654784e+02
-2.423903935787654618e+01 -1.464243623547686752e+02
-2.460614238453312907e+01 -1.464218194241718436e+02
-2.497324541118958763e+01 -1.464192765644936571e+02
-2.534034843784604618e+01 -1.464167336338968255e+02
-2.570745153542117478e+01 -1.464141907032999939e+02
-2.607455456207775768e+01 -1.464116477727031338e+02
-2.644165758873421623e+01 -1.464091048421063022e+02
-2.680876061539067479e+01 -1.464065619115094705e+02
-2.717586364204725768e+01 -1.464040189809126105e+02
-2.754296666870371624e+01 -1.464014760503157788e+02
-2.791006969536017479e+01 -1.463989331906376208e+02
-2.827717272201675769e+01 -1.463963902600407607e+02
-2.864427574867321624e+01 -1.463938473294439291e+02
-2.901137877532967480e+01 -1.463913043988470974e+02
-2.937848180198625769e+01 -1.463887614682502374e+02
-2.974558489956138629e+01 -1.463862185376534057e+02
-3.011268792621784485e+01 -1.463836756070566025e+02
-3.047979095287430340e+01 -1.463811326764597425e+02
-3.084689397953088630e+01 -1.463785898167815844e+02
-3.121399700618734485e+01 -1.463760468861847528e+02
-3.158110003284380340e+01 -1.463735039555878927e+02
-3.194820305950038630e+01 -1.463709610249910611e+02
-3.231530608615684486e+01 -1.463684180943942295e+02
-3.268240911281330341e+01 -1.463658751637973694e+02
-3.304951213946988986e+01 -1.463633322332005378e+02
-3.341661523704501491e+01 -1.463607893026037061e+02
-3.378371826370147346e+01 -1.463582464429255197e+02
-3.415082129035805991e+01 -1.463557035123286880e+02
-3.451792431701451846e+01 -1.463531605817318564e+02
-3.488502734367097702e+01 -1.463506176511349963e+02
-3.525213037032742847e+01 -1.463480747205381647e+02
-3.561923339698401492e+01 -1.463455317899413330e+02
-3.598633642364047347e+01 -1.463429888593444730e+02
-3.635343945029693202e+01 -1.463404459287476698e+02
-3.672054247695351847e+01 -1.463379030690695117e+02
-3.708764557452864352e+01 -1.463353601384726517e+02
-3.745474860118510207e+01 -1.463328172078758200e+02
-3.782185162784168853e+01 -1.463302742772789884e+02
-3.818895465449814708e+01 -1.463277313466821283e+02
-3.855605768115460563e+01 -1.463251884160852967e+02
-3.892316070781118498e+01 -1.463226454854884651e+02
-3.929026373446764353e+01 -1.463201025548916050e+02
-3.965736676112410208e+01 -1.463175596952134470e+02
-4.002446978778056064e+01 -1.463150167646166153e+02
-4.039157238892511259e+01 -1.463124117092685879e+02
-4.075867208240438799e+01 -1.463094234803696736e+02
-4.112577170496486190e+01 -1.463064353223894045e+02
-4.149287139844413019e+01 -1.463034470934905187e+02
-4.185997109192327770e+01 -1.463004588645916044e+02
-4.222707078540254599e+01 -1.462974707066113638e+02
-4.259417047888169350e+01 -1.462944824777124211e+02
-4.296127010144228819e+01 -1.462914942488135068e+02
-4.332836979492143570e+01 -1.462885060908332662e+02
-4.369546948840070399e+01 -1.462855178619343519e+02
-4.406256918187985150e+01 -1.462825296330354377e+02
-4.442966887535911980e+01 -1.462795414750551970e+02
-4.479676849791959370e+01 -1.462765532461562543e+02
-4.516386819139886910e+01 -1.462735650172573685e+02
-4.553096788487800950e+01 -1.462705768592770994e+02
-4.589806757835728490e+01 -1.462675886303782136e+02
-4.626516727183642530e+01 -1.462646004014792709e+02
-4.663226689439702710e+01 -1.462616122434990302e+02
-4.699936658787617461e+01 -1.462586240146001160e+02
-4.736646628135544290e+01 -1.462556357857012017e+02
-4.773356597483459041e+01 -1.462526476277209326e+02
-4.810066559739518510e+01 -1.462496593988220468e+02
-4.846776529087433261e+01 -1.462466711699231041e+02
-4.883486498435360801e+01 -1.462436830119428919e+02
-4.920196467783274841e+01 -1.462406947830439492e+02
-4.956906437131202381e+01 -1.462377065541450349e+02
-4.993616399387249061e+01 -1.462347183961647943e+02
-5.030326368735176601e+01 -1.462317301672658800e+02
-5.067036338083091351e+01 -1.462287419383669658e+02
-5.103746307431018181e+01 -1.462257537803867251e+02
-5.140456276778932931e+01 -1.462227655514877824e+02
-5.177166239034992401e+01 -1.462197773225888966e+02
-5.213876208382907151e+01 -1.462167891646086275e+02
-5.250586177730833981e+01 -1.462138009357097417e+02
-5.287296147078748731e+01 -1.462108127068107990e+02
-5.324006116426675561e+01 -1.462078245488305583e+02
-5.360716078682735741e+01 -1.462048363199316441e+02
-5.397426048030650492e+01 -1.462018480910327298e+02
-5.434136017378577321e+01 -1.461988599330524607e+02
-5.470845986726492072e+01 -1.461958717041535749e+02
-5.507555956074418901e+01 -1.461928834752546322e+02
-5.544265918330466292e+01 -1.461898953172744200e+02
-5.580975887678393121e+01 -1.461869070883754773e+02
-5.617685857026307872e+01 -1.461839188594765915e+02
-5.654395826374234701e+01 -1.461809307014963224e+02
-5.691105795722149452e+01 -1.461779424725974081e+02
-5.727815757978209632e+01 -1.461749542436984939e+02
-5.764525727326123672e+01 -1.461719660857182532e+02
-5.801235696674051212e+01 -1.461689778568193105e+02
-5.837945666021965962e+01 -1.461659896279204247e+02
-5.874655635369892792e+01 -1.461630014699401556e+02
-5.911365597625940183e+01 -1.461600132410412698e+02
-5.948075566973867012e+01 -1.461570250121423271e+02
-5.984785536321781763e+01 -1.461540368541620865e+02
-6.021495505669708592e+01 -1.461510486252631722e+02
-6.058205475017623343e+01 -1.461480603963642579e+02
-6.094915437273683523e+01 -1.461450722383840173e+02
-6.131625406621597563e+01 -1.461420840094851030e+02
-6.168335170305390136e+01 -1.461388535224240854e+02
-6.205044884346111900e+01 -1.461355677897224439e+02
-6.241754598386833663e+01 -1.461322819861021571e+02
-6.278464312427568217e+01 -1.461289961824818704e+02
-6.315174019376423331e+01 -1.461257103788615836e+02
-6.351883733417145095e+01 -1.461224245752412685e+02
-6.388593447457866858e+01 -1.461191387716210102e+02
-6.425303161498595728e+01 -1.461158530389193970e+02
-6.462012875539318202e+01 -1.461125672352990819e+02
-6.498722589580040676e+01 -1.461092814316787951e+02
-6.535432303620768835e+01 -1.461059956280585084e+02
-6.572142017661489888e+01 -1.461027098244382216e+02
-6.608851731702218046e+01 -1.460994240917365801e+02
-6.645561445742940521e+01 -1.460961382881163217e+02
-6.682271159783662995e+01 -1.460928524844960066e+02
-6.718980873824391153e+01 -1.460895666808757198e+02
-6.755690587865112207e+01 -1.460862808772554615e+02
-6.792400301905834681e+01 -1.460829950736351464e+02
-6.829110015946562839e+01 -1.460797093409335332e+02
-6.865819729987285314e+01 -1.460764235373132180e+02
-6.902529436936140428e+01 -1.460731377336929597e+02
-6.939239150976868586e+01 -1.460698519300726446e+02
-6.975948865017589640e+01 -1.460665661264523578e+02
-7.012658579058317798e+01 -1.460632803228320711e+02
-7.049368293099040272e+01 -1.460599945901304579e+02
-7.086078007139762747e+01 -1.460567087865101428e+02
-7.122787721180490905e+01 -1.460534229828898845e+02
-7.159497435221211958e+01 -1.460501371792695977e+02
-7.196207149261934433e+01 -1.460468513756492825e+02
-7.232916863302662591e+01 -1.460435656429476694e+02
-7.269626577343385065e+01 -1.460402798393273827e+02
-7.306336291384106119e+01 -1.460369940357070959e+02
-7.343046005424835698e+01 -1.460337082320867808e+02
-7.379755719465556751e+01 -1.460304224284665224e+02
-7.416465433506279226e+01 -1.460271366248462073e+02
-7.453175147547007384e+01 -1.460238508921445941e+02
-7.489884854495862498e+01 -1.460205650885243074e+02
-7.526594568536590657e+01 -1.460172792849040206e+02
-7.563304282577311710e+01 -1.460139934812837339e+02
-7.600013996618034184e+01 -1.460107076776634472e+02
-7.636723710658762343e+01 -1.460074219449618340e+02
-7.673433424699484817e+01 -1.460041361413415189e+02
-7.710143138740205870e+01 -1.460008503377212321e+02
-7.746852852780935450e+01 -1.459975645341009454e+02
-7.783562566821656503e+01 -1.459942787304806586e+02
-7.820272280862378977e+01 -1.459909929268603435e+02
-7.856981994903107136e+01 -1.459877071941587303e+02
-7.893691708943829610e+01 -1.459844213905384436e+02
-7.930401422984557769e+01 -1.459811355869181568e+02
-7.967111137025278822e+01 -1.459778497832978985e+02
-8.003820851066001296e+01 -1.459745639796775833e+02
-8.040530565106729455e+01 -1.459712781760572966e+02
-8.077240272055584569e+01 -1.459679924433556550e+02
-8.113949986096305622e+01 -1.459647066397353967e+02
-8.150659700137035202e+01 -1.459614208361150816e+02
-8.187369414177756255e+01 -1.459581350324947948e+02
-8.224079007656749241e+01 -1.459547183130175938e+02
-8.260788523125209792e+01 -1.459512197534001245e+02
-8.297498045685537704e+01 -1.459477211937826553e+02
-8.334207561153998256e+01 -1.459442226341651860e+02
-8.370917076622458808e+01 -1.459407240745477452e+02
-8.407626592090917939e+01 -1.459372255149302759e+02
-8.444336107559378490e+01 -1.459337270262314803e+02
-8.481045630119706402e+01 -1.459302284666140395e+02
-8.517755145588166954e+01 -1.459267299069965986e+02
-8.554464661056627506e+01 -1.459232313473791294e+02
-8.591174176525088058e+01 -1.459197327877616601e+02
-8.627883699085408864e+01 -1.459162342990628645e+02
-8.664593214553869416e+01 -1.459127357394454236e+02
-8.701302730022329968e+01 -1.459092371798279544e+02
-8.738012245490790519e+01 -1.459057386202104851e+02
-8.774721760959251071e+01 -1.459022400605930159e+02
-8.811431283519578983e+01 -1.458987415009755750e+02
-8.848140798988038114e+01 -1.458952430122767794e+02
-8.884850314456498666e+01 -1.458917444526593101e+02
-8.921559829924959217e+01 -1.458882458930418409e+02
-8.958269345393419769e+01 -1.458847473334244000e+02
-8.994978867953747681e+01 -1.458812487738069308e+02
-9.031688383422208233e+01 -1.458777502141894615e+02
-9.068397898890668785e+01 -1.458742517254906659e+02
-9.105107414359129336e+01 -1.458707531658732535e+02
-9.141816936919455827e+01 -1.458672546062557842e+02
-9.178526452387916379e+01 -1.458637560466383150e+02
-9.215235967856376931e+01 -1.458602574870208457e+02
-9.251945483324837483e+01 -1.458567589983220500e+02
-9.288654998793298034e+01 -1.458532604387046092e+02
-9.325364521353618841e+01 -1.458497618790871400e+02
-9.362074036822079393e+01 -1.458462633194696707e+02
-9.398783552290539944e+01 -1.458427647598522299e+02
-9.435493067759000496e+01 -1.458392662002347606e+02
-9.472202583227461048e+01 -1.458357677115359650e+02
-9.508912105787788960e+01 -1.458322691519184957e+02
-9.545621621256249512e+01 -1.458287705923010549e+02
-9.582331136724710063e+01 -1.458252720326835856e+02
-9.619040652193169194e+01 -1.458217734730661164e+02
-9.655750174753497106e+01 -1.458182749843673207e+02
-9.692459690221957658e+01 -1.458147764247498515e+02
-9.729169205690418210e+01 -1.458112778651324106e+02
-9.765878721158878761e+01 -1.458077793055149414e+02
-9.802588236627339313e+01 -1.458042807458974721e+02
-9.839297759187667225e+01 -1.458007821862800597e+02
-9.876007274656127777e+01 -1.457972836975812641e+02
-9.912716790124586907e+01 -1.457937851379637948e+02
-9.949426305593047459e+01 -1.457902865783463255e+02
-9.986135821061502327e+01 -1.457867880187288847e+02
-1.002284534362183024e+02 -1.457832894591114155e+02
-1.005955485909028937e+02 -1.457797908994939462e+02
-1.009626426818075515e+02 -1.457761824868632914e+02
-1.013297362762815084e+02 -1.457725246439226225e+02
-1.016968299416741388e+02 -1.457688667300632801e+02
-1.020639235361480956e+02 -1.457652088162039377e+02
-1.024310171306220525e+02 -1.457615509732632404e+02
-1.027981107960146687e+02 -1.457578930594038980e+02
-1.031652043904886256e+02 -1.457542351455445839e+02
-1.035322979849625824e+02 -1.457505772316852415e+02
-1.038993916503552128e+02 -1.457469193887445726e+02
-1.042664852448291697e+02 -1.457432614748852302e+02
-1.046335788393031265e+02 -1.457396035610258878e+02
-1.050006724337770834e+02 -1.457359456471665453e+02
-1.053677660991696428e+02 -1.457322878042258480e+02
-1.057348596936435996e+02 -1.457286298903665340e+02
-1.061019532881176133e+02 -1.457249719765071916e+02
-1.064690469535101727e+02 -1.457213141335665227e+02
-1.068361405479841295e+02 -1.457176562197071803e+02
-1.072032341424580864e+02 -1.457139983058478379e+02
-1.075703278078507168e+02 -1.457103403919884954e+02
-1.079374214023246736e+02 -1.457066825490478550e+02
-1.083045149967986305e+02 -1.457030246351884841e+02
-1.086716086621912467e+02 -1.456993667213291417e+02
-1.090387022566652035e+02 -1.456957088074697992e+02
-1.094057958511391604e+02 -1.456920509645291304e+02
-1.097728895165317908e+02 -1.456883930506697880e+02
-1.101399831110057477e+02 -1.456847351368104455e+02
-1.105070767054797045e+02 -1.456810772938698051e+02
-1.108741703708723207e+02 -1.456774193800104626e+02
-1.112412639653462776e+02 -1.456737614661510918e+02
-1.116083575598202344e+02 -1.456701035522917493e+02
-1.119754511542941913e+02 -1.456664457093510805e+02
-1.123425448196868217e+02 -1.456627877954917381e+02
-1.127096384141607786e+02 -1.456591298816324240e+02
-1.130767320086347354e+02 -1.456554719677730816e+02
-1.134438256740273516e+02 -1.456518141248324127e+02
-1.138109192685013085e+02 -1.456481562109730703e+02
-1.141780128629752653e+02 -1.456444982971137279e+02
-1.145451065283678957e+02 -1.456408404541730306e+02
-1.149122001228418526e+02 -1.456371825403136882e+02
-1.152792937173158094e+02 -1.456335246264543741e+02
-1.156463873827084257e+02 -1.456298667125950317e+02
-1.160134807644263759e+02 -1.456261866011932966e+02
-1.163805731532830379e+02 -1.456224058562049493e+02
-1.167476654712210262e+02 -1.456186251112165735e+02
-1.171147578600776313e+02 -1.456148442953095241e+02
-1.174818502489342933e+02 -1.456110635503211483e+02
-1.178489426377908984e+02 -1.456072828053328010e+02
-1.182160349557288868e+02 -1.456035020603443968e+02
-1.185831273445855487e+02 -1.455997213153560494e+02
-1.189502197334421538e+02 -1.455959405703676453e+02
-1.193173121222988158e+02 -1.455921598253792979e+02
-1.196844044402368041e+02 -1.455883790803909505e+02
-1.200514968290934092e+02 -1.455845983354025464e+02
-1.204185892179500712e+02 -1.455808175904141706e+02
-1.207856816068066763e+02 -1.455770368454258232e+02
-1.211527739247446647e+02 -1.455732560295187739e+02
-1.215198663136013266e+02 -1.455694752845303981e+02
-1.218869587024579317e+02 -1.455656945395420507e+02
-1.222540510913145937e+02 -1.455619137945536465e+02
-1.226211434092525820e+02 -1.455581330495652992e+02
-1.229882357981091872e+02 -1.455543523045769234e+02
-1.233553281869658491e+02 -1.455505715595885476e+02
-1.237224205758224542e+02 -1.455467908146001719e+02
-1.240895129646791162e+02 -1.455430100696117961e+02
-1.244566052826171045e+02 -1.455392293246234203e+02
-1.248236976714737096e+02 -1.455354485796350730e+02
-1.251907900603303716e+02 -1.455316677637280236e+02
-1.255578824491869767e+02 -1.455278870187396478e+02
-1.259249747671249651e+02 -1.455241062737512721e+02
-1.262920669432256204e+02 -1.455203041113258564e+02
-1.266591583392209373e+02 -1.455164328032013543e+02
-1.270262498061349419e+02 -1.455125614950768522e+02
-1.273933412021302587e+02 -1.455086901160336765e+02
-1.277604326690441923e+02 -1.455048188079091744e+02
-1.281275240650395233e+02 -1.455009474997847008e+02
-1.284946155319535137e+02 -1.454970761916601703e+02
-1.288617069279488305e+02 -1.454932048126170230e+02
-1.292287983948628494e+02 -1.454893335044924925e+02
-1.295958897908581662e+02 -1.454854621963680188e+02
