-1.135631007993233510e+02 -1.007468111974125549e+02
-1.135005056446400005e+02 -1.006920311378546273e+02
-1.131449532119885362e+02 -1.006202674053106136e+02
-1.127894007084183841e+02 -1.005485036727665999e+02
-1.124338482757669198e+02 -1.004767399402225863e+02
-1.120782957721967819e+02 -1.004049762076785868e+02
-1.117227433395452465e+02 -1.003332124751345731e+02
-1.113671908359751086e+02 -1.002614488135092472e+02
-1.110116384033236301e+02 -1.001896850809652335e+02
-1.106560858997534922e+02 -1.001179213484212198e+02
-1.103002041208183641e+02 -1.000478161907124814e+02
-1.099442100776354323e+02 -9.997827582925758350e+01
-1.095882161053711741e+02 -9.990873546780265713e+01
-1.092322220621882423e+02 -9.983919517726640436e+01
-1.088762280899239130e+02 -9.976965481581149220e+01
-1.085202341176596548e+02 -9.970011445435656583e+01
-1.081642400744767087e+02 -9.963057416382031306e+01
-1.078082461022124505e+02 -9.956103380236540090e+01
-1.074522521299481213e+02 -9.949149344091047453e+01
-1.070959423568654074e+02 -9.942359165522708508e+01
-1.067396006703830551e+02 -9.935585546462816353e+01
-1.063832589839007738e+02 -9.928811934494792979e+01
-1.060269172264997479e+02 -9.922038322526766763e+01
-1.056705755400174667e+02 -9.915264703466876028e+01
-1.053142338535351143e+02 -9.908491091498849812e+01
-1.049578921670528189e+02 -9.901717479530825017e+01
-1.046015504805704666e+02 -9.894943860470934283e+01
-1.042451259610866288e+02 -9.888214338637388323e+01
-1.038885036494440328e+02 -9.881590031736308788e+01
-1.035318814087201105e+02 -9.874965724835232095e+01
-1.031752591679961881e+02 -9.868341417934153981e+01
-1.028186368563535922e+02 -9.861717103941208507e+01
-1.024620146156296698e+02 -9.855092797040130392e+01
-1.021053923749057475e+02 -9.848468490139052278e+01
-1.017487700632631658e+02 -9.841844183237975585e+01
-1.013921189586422855e+02 -9.835235542270154951e+01
-1.010352657358240833e+02 -9.828736803958607027e+01
-1.006784125130059380e+02 -9.822238065647057681e+01
-1.003215592901877216e+02 -9.815739334427375695e+01
-9.996470606736957620e+01 -9.809240596115827771e+01
-9.960785284455137401e+01 -9.802741857804279846e+01
-9.925099962173322865e+01 -9.796243119492730500e+01
-9.889414639891501224e+01 -9.789744381181182575e+01
-9.853717445825039078e+01 -9.783311377380893248e+01
-9.818012798206815717e+01 -9.776919669519652700e+01
-9.782308150588586670e+01 -9.770527968750280934e+01
-9.746603495878490264e+01 -9.764136260889041807e+01
-9.710898848260266902e+01 -9.757744560119668620e+01
-9.675194200642036435e+01 -9.751352859350296853e+01
-9.639489545931940029e+01 -9.744961151489057727e+01
-9.603768821052196358e+01 -9.738659921661549390e+01
-9.568047784130315847e+01 -9.732360457708816170e+01
-9.532326747208442441e+01 -9.726060993756082951e+01
-9.496605710286569035e+01 -9.719761529803351152e+01
-9.460884666272821164e+01 -9.713462065850619354e+01
-9.425157416875826755e+01 -9.707198075414480343e+01
-9.389422338058136575e+01 -9.700978749554015224e+01
-9.353687259240446394e+01 -9.694759423693548683e+01
-9.317952180422757635e+01 -9.688540097833083564e+01
-9.282214477614438408e+01 -9.682335913107750969e+01
-9.246467342623573415e+01 -9.676186286111958168e+01
-9.210720200540848168e+01 -9.670036659116165367e+01
-9.174968001957253705e+01 -9.663916591020245050e+01
-9.139233667785552484e+01 -9.657694009993022632e+01
-9.103515914397895870e+01 -9.651375958258005028e+01
-9.067798153918379001e+01 -9.645057899431118642e+01
-9.032071032174980019e+01 -9.638793107614058897e+01
-8.996340868020828907e+01 -9.632545612859567541e+01
-8.960610703866670690e+01 -9.626298118105077606e+01
-8.924880539712519578e+01 -9.620050623350587671e+01
-8.889150375558361361e+01 -9.613803128596096315e+01
-8.853420211404210249e+01 -9.607555633841604958e+01
-8.817690047250052032e+01 -9.601308139087115023e+01
-8.781959883095900921e+01 -9.595060644332623667e+01
-8.746217059959909079e+01 -9.588886075242095330e+01
-8.710471400077292969e+01 -9.582727845812151202e+01
-8.674725740194683965e+01 -9.576569616382207073e+01
-8.638980080312067855e+01 -9.570411386952260102e+01
-8.603234427521313421e+01 -9.564253157522315973e+01
-8.567488767638697311e+01 -9.558094928092371845e+01
-8.531743107756082622e+01 -9.551936698662426295e+01
-8.495997447873466513e+01 -9.545778469232482166e+01
-8.460251795082717763e+01 -9.539620239802535195e+01
-8.424506135200103074e+01 -9.533462017464459848e+01
-8.388760475317486964e+01 -9.527303788034512877e+01
-8.353014815434870854e+01 -9.521145558604568748e+01
-8.317259226939057726e+01 -9.515045482480518046e+01
-8.281495475704818432e+01 -9.508993226812761179e+01
-8.245731724470573454e+01 -9.502940971145008575e+01
-8.209967966144466800e+01 -9.496888715477251708e+01
-8.174204214910227506e+01 -9.490836452717631744e+01
-8.138440463675981107e+01 -9.484784197049877719e+01
-8.102676712441741813e+01 -9.478731941382122272e+01
-8.066912954115635159e+01 -9.472679685714368247e+01
-8.031149202881390181e+01 -9.466627422954745441e+01
-7.995385451647150887e+01 -9.460575167286991416e+01
-7.959621693321044233e+01 -9.454522911619237391e+01
-7.923857942086797834e+01 -9.448470655951481945e+01
-7.888094190852558540e+01 -9.442418393191860559e+01
-7.852330439618319247e+01 -9.436366137524107955e+01
-7.816566681292212593e+01 -9.430313881856351088e+01
-7.780802930057967615e+01 -9.424261626188598484e+01
-7.745023555441667895e+01 -9.418302685301202359e+01
-7.709238599526374003e+01 -9.412377054911095797e+01
-7.673453650702947471e+01 -9.406451431612855174e+01
-7.637668694787659263e+01 -9.400525808314617393e+01
-7.601883745964232730e+01 -9.394600177924512252e+01
-7.566098790048938838e+01 -9.388674554626271629e+01
-7.530313841225510885e+01 -9.382748924236165067e+01
-7.494528885310216992e+01 -9.376823300937927286e+01
-7.458743936486790460e+01 -9.370897677639689505e+01
-7.422958980571502252e+01 -9.364972047249581522e+01
-7.387174031748075720e+01 -9.359046423951342319e+01
-7.351389075832781828e+01 -9.353120800653104538e+01
-7.315604127009355295e+01 -9.347195170262999397e+01
-7.279819171094061403e+01 -9.341269546964757353e+01
-7.244034222270633450e+01 -9.335343923666519572e+01
-7.208249266355339557e+01 -9.329418293276414431e+01
-7.172464317531918709e+01 -9.323492669978175229e+01
-7.136679361616624817e+01 -9.317567039588067246e+01
-7.100890200224452542e+01 -9.311667181041086394e+01
-7.065080153285228448e+01 -9.305895132113471391e+01
-7.029270106346002933e+01 -9.300123090277722326e+01
-6.993460066498640515e+01 -9.294351041350107323e+01
-6.957650019559416421e+01 -9.288578999514358259e+01
-6.921839972620190906e+01 -9.282806950586743255e+01
-6.886029925680966812e+01 -9.277034908750994191e+01
-6.850219878741742718e+01 -9.271262859823379188e+01
-6.814409838894378879e+01 -9.265490817987628702e+01
-6.778599791955154785e+01 -9.259718769060013699e+01
-6.742789745015930691e+01 -9.253946727224264635e+01
-6.706979698076706597e+01 -9.248174685388515570e+01
-6.671169651137475398e+01 -9.242402636460899146e+01
-6.635359611290118664e+01 -9.236630594625151502e+01
-6.599549564350894570e+01 -9.230858545697535078e+01
-6.563739517411669055e+01 -9.225086503861787435e+01
-6.527929470472444962e+01 -9.219314454934171010e+01
-6.492119423533215183e+01 -9.213542413098423367e+01
-6.456309383685857028e+01 -9.207770364170806943e+01
-6.420499336746632935e+01 -9.201998322335057878e+01
-6.384689289807408130e+01 -9.196226273407441454e+01
-6.348860357227501083e+01 -9.190573438756908331e+01
-6.313020205314674627e+01 -9.184991345475431501e+01
-6.277180060493708424e+01 -9.179409252193956092e+01
-6.241339915672755012e+01 -9.173827166004346623e+01
-6.205499763759934950e+01 -9.168245072722871214e+01
-6.169659618938968748e+01 -9.162662986533260323e+01
-6.133819474118016046e+01 -9.157080893251786335e+01
-6.097979322205182484e+01 -9.151498807062175445e+01
-6.062139177384229782e+01 -9.145916713780701457e+01
-6.026299032563276370e+01 -9.140334627591090566e+01
-5.990458887742310168e+01 -9.134752534309616578e+01
-5.954618735829490106e+01 -9.129170441028139749e+01
-5.918778591008523904e+01 -9.123588354838531700e+01
-5.882938446187570491e+01 -9.118006261557054870e+01
-5.847098294274750430e+01 -9.112424175367446821e+01
-5.811258149453784227e+01 -9.106842082085969992e+01
-5.775418004632831526e+01 -9.101259995896360522e+01
-5.739577852719997964e+01 -9.095677902614883692e+01
-5.703737707899045262e+01 -9.090095816425275643e+01
-5.667897563078079060e+01 -9.084513723143798813e+01
-5.632057411165258998e+01 -9.078931629862324826e+01
-5.596217266344305585e+01 -9.073349543672713935e+01
-5.560344023782054279e+01 -9.067984745183015605e+01
-5.524467192735310306e+01 -9.062643505874068239e+01
-5.488590361688579122e+01 -9.057302266565122295e+01
-5.452713530641835149e+01 -9.051961027256176351e+01
-5.416836699595103966e+01 -9.046619787947230407e+01
-5.380959868548359992e+01 -9.041278541546415681e+01
-5.345083037501628809e+01 -9.035937302237469737e+01
-5.309206206454884835e+01 -9.030596062928523793e+01
-5.273329375408153652e+01 -9.025254823619577849e+01
-5.237452544361409679e+01 -9.019913584310630483e+01
-5.201575713314678495e+01 -9.014572345001684539e+01
-5.165698882267934522e+01 -9.009231098600871235e+01
-5.129822051221203338e+01 -9.003889859291925291e+01
-5.093945220174459365e+01 -8.998548619982977925e+01
-5.058068389127728182e+01 -8.993207380674031981e+01
-5.022191558080996998e+01 -8.987866141365086037e+01
-4.986314727034253025e+01 -8.982524894964271311e+01
-4.950437895987521841e+01 -8.977183655655325367e+01
-4.914561064940777868e+01 -8.971842416346379423e+01
-4.878684233894046685e+01 -8.966501177037433479e+01
-4.842807402847302711e+01 -8.961159937728486113e+01
-4.806930571800571528e+01 -8.955818698419540169e+01
-4.771018366523372833e+01 -8.950722426365733497e+01
-4.735096019876969109e+01 -8.945696413434059480e+01
-4.699173666138710104e+01 -8.940670407594255664e+01
-4.663251319492305669e+01 -8.935644394662580225e+01
-4.627328972845901234e+01 -8.930618388822773568e+01
-4.591406626199509589e+01 -8.925592375891100971e+01
-4.555484279553105154e+01 -8.920566370051294314e+01
-4.519561925814846148e+01 -8.915540357119620296e+01
-4.483639579168441713e+01 -8.910514344187947700e+01
-4.447717232522050068e+01 -8.905488338348141042e+01
-4.411794885875645633e+01 -8.900462325416468445e+01
-4.375872539229253988e+01 -8.895436319576661788e+01
-4.339950185490982904e+01 -8.890410306644987770e+01
-4.304027838844590548e+01 -8.885384300805182534e+01
-4.268105492198186823e+01 -8.880358287873507095e+01
-4.232183145551794468e+01 -8.875332282033701858e+01
-4.196260798905390743e+01 -8.870306269102029262e+01
-4.160338445167131738e+01 -8.865280263262221183e+01
-4.124416098520727303e+01 -8.860254250330548587e+01
-4.088493751874335658e+01 -8.855228244490741929e+01
-4.052571405227931223e+01 -8.850202231559067911e+01
-4.016646938113435539e+01 -8.845192068949182840e+01
-3.980667019694195119e+01 -8.840596227368189375e+01
-3.944687108366834849e+01 -8.836000392879060428e+01
-3.908707197039461789e+01 -8.831404558389930060e+01
-3.872727285712101519e+01 -8.826808716808935174e+01
-3.836747367292861810e+01 -8.822212882319804805e+01
-3.800767455965501540e+01 -8.817617040738811340e+01
-3.764787544638128480e+01 -8.813021206249682393e+01
-3.728807633310768210e+01 -8.808425371760553446e+01
-3.692827714891540580e+01 -8.803829530179557139e+01
-3.656847803564167521e+01 -8.799233695690428192e+01
-3.620867892236807251e+01 -8.794637854109431885e+01
-3.584887980909434901e+01 -8.790042019620302938e+01
-3.548908062490207271e+01 -8.785446185131172570e+01
-3.512928151162834212e+01 -8.780850343550177683e+01
-3.476948239835473942e+01 -8.776254509061047315e+01
-3.440968321416246312e+01 -8.771658667480052429e+01
-3.404988410088873252e+01 -8.767062832990922061e+01
-3.369008498761512982e+01 -8.762466998501793114e+01
-3.333028587434140633e+01 -8.757871156920796807e+01
-3.297048669014913003e+01 -8.753275322431667860e+01
-3.260948337793143281e+01 -8.750094818846244493e+01
-3.224709176191367987e+01 -8.748545983554315342e+01
-3.188470007497713610e+01 -8.746997148262386190e+01
-3.152230845895926237e+01 -8.745448312970455618e+01
-3.115991684294138864e+01 -8.743899477678527887e+01
-3.079752522692364280e+01 -8.742350642386597315e+01
-3.043513353998709547e+01 -8.740801807094668163e+01
-3.007274192396922174e+01 -8.739252971802739012e+01
-2.971035030795147236e+01 -8.737704136510808439e+01
-2.934795862101492858e+01 -8.736155301218880709e+01
-2.898556700499705485e+01 -8.734606465926950136e+01
-2.862317538897918112e+01 -8.733057630635020985e+01
-2.826078377296143174e+01 -8.731508795343091833e+01
-2.789839208602488441e+01 -8.729959960051161261e+01
-2.753600047000701068e+01 -8.728411124759233530e+01
-2.717360885398926484e+01 -8.726862289467302958e+01
-2.681121716705271751e+01 -8.725313454175373806e+01
-2.644882555103484378e+01 -8.723764618883444655e+01
-2.608643393501709440e+01 -8.722215783591514082e+01
-2.572404231899922067e+01 -8.720666948299586352e+01
-2.536161566916047860e+01 -8.719204350105175649e+01
-2.499916058093682025e+01 -8.717811812460634258e+01
-2.463670556363183550e+01 -8.716419281907958805e+01
-2.427425047540818071e+01 -8.715026744263415992e+01
-2.391179538718452235e+01 -8.713634206618873179e+01
-2.354934036987953760e+01 -8.712241668974330366e+01
-2.318688528165587925e+01 -8.710849138421654914e+01
-2.282443026435089450e+01 -8.709456600777114943e+01
-2.246197517612723615e+01 -8.708064063132573551e+01
-2.209952008790358136e+01 -8.706671532579898098e+01
-2.173706507059859305e+01 -8.705278994935355286e+01
-2.137460998237493826e+01 -8.703886457290812473e+01
-2.101215496506982561e+01 -8.702493919646271081e+01
-2.064969987684616726e+01 -8.701101389093595628e+01
-2.028724478862251246e+01 -8.699708851449054237e+01
-1.992478977131752771e+01 -8.698316313804512845e+01
-1.956233468309386936e+01 -8.696923776159970032e+01
-1.919987959487021101e+01 -8.695531245607294579e+01
-1.883742457756522626e+01 -8.694138707962751766e+01
-1.847496948934156791e+01 -8.692746170318210375e+01
-1.811251447203658316e+01 -8.691353632673668983e+01
-1.775005938381292836e+01 -8.689961102120993530e+01
-1.738760429558927001e+01 -8.688568564476450717e+01
-1.702514927828428526e+01 -8.687176026831907905e+01
-1.666269419006062691e+01 -8.685783489187366513e+01
-1.630020357158539923e+01 -8.684488230676598164e+01
-1.593769933672636441e+01 -8.683230303751464874e+01
-1.557519503094878033e+01 -8.681972369734465644e+01
-1.521269072517107013e+01 -8.680714435717466415e+01
-1.485018649031203175e+01 -8.679456508792333125e+01
-1.448768218453444767e+01 -8.678198574775333896e+01
-1.412517794967540929e+01 -8.676940647850202026e+01
-1.376267364389769909e+01 -8.675682713833202797e+01
-1.340016940903866072e+01 -8.674424786908070928e+01
-1.303766510326107664e+01 -8.673166852891071699e+01
-1.267516086840203826e+01 -8.671908918874071048e+01
-1.231265656262432806e+01 -8.670650991948939179e+01
-1.195015232776528968e+01 -8.669393057931938529e+01
-1.158764802198770560e+01 -8.668135131006806660e+01
-1.122514378712866723e+01 -8.666877196989807430e+01
-1.086263948135095703e+01 -8.665619262972808201e+01
-1.050013524649191865e+01 -8.664361336047676332e+01
-1.013763094071433457e+01 -8.663103402030677103e+01
-9.775126634936624370e+00 -8.661845475105543812e+01
-9.412622400077585993e+00 -8.660587541088544583e+01
-9.050118094300001914e+00 -8.659329614163409872e+01
-8.687613859440963537e+00 -8.658071680146412064e+01
-8.325109553663253337e+00 -8.656813746129412834e+01
-7.962605318804214072e+00 -8.655555819204280965e+01
-7.600101013026629992e+00 -8.654297885187281736e+01
-7.237596778167591616e+00 -8.653039958262147024e+01
-6.875092472389881415e+00 -8.651782024245149216e+01
-6.512588237530843038e+00 -8.650524097320014505e+01
-6.150083931753258959e+00 -8.649266163303015276e+01
-5.787555229954537417e+00 -8.648082360567299531e+01
-5.425008585733414712e+00 -8.646953243214719009e+01
-5.062461870593620183e+00 -8.645824132954005847e+01
-4.699915226372498367e+00 -8.644695015601426746e+01
-4.337368511232829960e+00 -8.643565898248846224e+01
-3.974821867011707255e+00 -8.642436780896265702e+01
-3.612275151871913170e+00 -8.641307663543688022e+01
-3.249728507650790466e+00 -8.640178546191107500e+01
-2.887181792510996381e+00 -8.639049428838526978e+01
-2.524635148289873676e+00 -8.637920311485947877e+01
-2.162088433150079592e+00 -8.636791194133370198e+01
-1.799541788928957109e+00 -8.635662076780789675e+01
-1.436995073789288924e+00 -8.634532959428209153e+01
-1.074448429568166441e+00 -8.633403842075630052e+01
-7.119017144283722454e-01 -8.632274731814916890e+01
-3.493550702072496517e-01 -8.631145614462336368e+01
1.319164493254449018e-02 -8.630016497109758689e+01
3.757382891536670266e-01 -8.628887379757179588e+01
7.382850042934612222e-01 -8.627758262404599066e+01
1.100831719433255307e+00 -8.626629145052018544e+01
1.463378363654251890e+00 -8.625500027699439443e+01
1.825925078794046197e+00 -8.624370910346861763e+01
2.188471723015168457e+00 -8.623241792994279820e+01
2.551018438154962986e+00 -8.622112675641700719e+01
2.913565082376085247e+00 -8.620983558289121618e+01
3.276111797515879331e+00 -8.619854440936542517e+01
3.638658441737002036e+00 -8.618725330675829355e+01
4.001205156876796565e+00 -8.617596213323250254e+01
4.363751801097793148e+00 -8.616467095970669732e+01
4.726298516237586789e+00 -8.615337978618089210e+01
5.088845160458709493e+00 -8.614208861265510109e+01
5.451391875598504022e+00 -8.613079743912932429e+01
5.813938519819625839e+00 -8.611950626560351907e+01
6.176512467727043543e+00 -8.610914490670401733e+01
6.539097691702362880e+00 -8.609916615400608464e+01
6.901682844758883384e+00 -8.608918747222683976e+01
7.264268068734202721e+00 -8.607920879044759488e+01
7.626853221790723225e+00 -8.606923003774966219e+01
7.989438374847370739e+00 -8.605925135597041731e+01
8.352023598822562178e+00 -8.604927267419115822e+01
8.714608751879209692e+00 -8.603929392149322553e+01
9.077193904935857205e+00 -8.602931523971398065e+01
9.439779128911048645e+00 -8.601933655793472155e+01
9.802364281967696158e+00 -8.600935780523678886e+01
1.016494950594288937e+01 -8.599937912345754398e+01
1.052753465899953689e+01 -8.598940044167828489e+01
1.089011981205618262e+01 -8.597942175989904001e+01
1.125270503603137584e+01 -8.596944300720112153e+01
1.161529018908802335e+01 -8.595946432542186244e+01
1.197787534214454475e+01 -8.594948564364260335e+01
1.234046056611986231e+01 -8.593950689094468487e+01
1.270304571917650982e+01 -8.592952820916542578e+01
1.306563087223303121e+01 -8.591954952738616669e+01
1.342821609620835055e+01 -8.590957077468824821e+01
1.379080124926487017e+01 -8.589959209290898912e+01
1.415338647324018950e+01 -8.588961341112973003e+01
1.451597162629683702e+01 -8.587963465843182576e+01
1.487855677935335841e+01 -8.586965597665256666e+01
1.524114200332867597e+01 -8.585967729487330757e+01
1.560372715638519736e+01 -8.584969854217538909e+01
1.596631230944184487e+01 -8.583971986039613000e+01
1.632889753341703809e+01 -8.582974117861687091e+01
1.669148268647368738e+01 -8.581976242591895243e+01
1.705406791044900672e+01 -8.580978374413969334e+01
1.741665306350552456e+01 -8.579980506236043425e+01
1.777923821656217385e+01 -8.578982638058118937e+01
1.814182344053736529e+01 -8.577984762788327089e+01
1.850440859359401458e+01 -8.576986894610401180e+01
1.886699374665066031e+01 -8.575989026432475271e+01
1.922960457226415443e+01 -8.575091316686150833e+01
1.959222539740971669e+01 -8.574232654757172156e+01
1.995484622255515106e+01 -8.573373992828196322e+01
2.031746704770058187e+01 -8.572515323807353127e+01
2.068008787284601624e+01 -8.571656661878375871e+01
2.104270869799145061e+01 -8.570797992857531256e+01
2.140532952313688497e+01 -8.569939330928554000e+01
2.176795027736377364e+01 -8.569080661907709384e+01
2.213057110250920800e+01 -8.568221999978732129e+01
2.249319192765464237e+01 -8.567363338049753452e+01
2.285581275280007674e+01 -8.566504669028910257e+01
2.321843357794551110e+01 -8.565646007099933001e+01
2.358105440309106982e+01 -8.564787338079089807e+01
2.394367522823650418e+01 -8.563928676150112551e+01
2.430629605338193855e+01 -8.563070014221135295e+01
2.466891680760869932e+01 -8.562211345200290680e+01
2.503153763275413368e+01 -8.561352683271313424e+01
2.539415845789956805e+01 -8.560494014250468808e+01
2.575677928304512676e+01 -8.559635352321491553e+01
2.611940010819056113e+01 -8.558776690392514297e+01
2.648202093333599549e+01 -8.557918021371671102e+01
2.684464175848142986e+01 -8.557059359442693847e+01
2.720726251270819063e+01 -8.556200690421849231e+01
2.756988333785375289e+01 -8.555342028492871975e+01
2.793250416299918726e+01 -8.554483366563894720e+01
2.829512498814462162e+01 -8.553624697543050104e+01
2.865774581329005244e+01 -8.552766035614072848e+01
2.902036663843548681e+01 -8.551907366593228232e+01
2.938298746358092117e+01 -8.551048704664252398e+01
2.974560828872648344e+01 -8.550190035643409203e+01
3.010822904295324420e+01 -8.549331373714430526e+01
3.047084986809867857e+01 -8.548472711785453271e+01
3.083347069324411294e+01 -8.547614042764608655e+01
3.119609151838954730e+01 -8.546755380835631399e+01
3.155871234353510602e+01 -8.545896711814786784e+01
3.192133316868054038e+01 -8.545038049885809528e+01
3.228395399382597475e+01 -8.544179387956832272e+01
3.264657481897140912e+01 -8.543320718935990499e+01
3.300920238139013918e+01 -8.542493452700325918e+01
3.337185597095920286e+01 -8.541786641818396220e+01
3.373450956052813865e+01 -8.541079830936466522e+01
3.409716315009720233e+01 -8.540373020054535402e+01
3.445981673966626602e+01 -8.539666209172604283e+01
3.482247032923520180e+01 -8.538959398290673164e+01
3.518512391880426549e+01 -8.538252587408742045e+01
3.554777750837332917e+01 -8.537545769434946408e+01
3.591043109794227206e+01 -8.536838958553015289e+01
3.627308468751133574e+01 -8.536132147671084169e+01
3.663573827708027153e+01 -8.535425336789153050e+01
3.699839193756800881e+01 -8.534718525907221931e+01
3.736104552713707250e+01 -8.534011715025290812e+01
3.772369911670600828e+01 -8.533304904143359693e+01
3.808635270627507197e+01 -8.532598093261428573e+01
3.844900629584413565e+01 -8.531891282379498875e+01
3.881165988541307144e+01 -8.531184464405701817e+01
3.917431347498213512e+01 -8.530477653523772119e+01
3.953696706455119880e+01 -8.529770842641841000e+01
3.989962065412013459e+01 -8.529064031759909881e+01
4.026227424368919827e+01 -8.528357220877980183e+01
4.062492783325826196e+01 -8.527650409996049063e+01
4.098758142282719774e+01 -8.526943599114117944e+01
4.135023501239626142e+01 -8.526236788232186825e+01
4.171288860196532511e+01 -8.525529977350255706e+01
4.207554219153426800e+01 -8.524823159376457227e+01
4.243819578110333168e+01 -8.524116348494526108e+01
4.280084937067239537e+01 -8.523409537612597831e+01
4.316350296024133115e+01 -8.522702726730666711e+01
4.352615654981039484e+01 -8.521995915848735592e+01
4.388881013937945852e+01 -8.521289104966804473e+01
4.425146372894839431e+01 -8.520582294084874775e+01
4.461411738943613159e+01 -8.519875483202943656e+01
4.497677097900519527e+01 -8.519168665229146598e+01
4.533942456857413106e+01 -8.518461854347215478e+01
4.570207815814319474e+01 -8.517755043465284359e+01
4.606473174771225843e+01 -8.517048232583353240e+01
4.642738533728119421e+01 -8.516341421701422121e+01
4.679003892685025789e+01 -8.515634610819491002e+01
4.715269251641932158e+01 -8.514927799937559882e+01
4.751534610598825736e+01 -8.514220989055631605e+01
4.787802196401831623e+01 -8.513644129536771743e+01
4.824070463024033728e+01 -8.513106594418054840e+01
4.860338722554356394e+01 -8.512569059299337937e+01
4.896606989176558500e+01 -8.512031517088755095e+01
4.932875248706893245e+01 -8.511493981970039613e+01
4.969143515329083272e+01 -8.510956439759456771e+01
5.005411774859418017e+01 -8.510418904640741289e+01
5.041680041481608043e+01 -8.509881362430158447e+01
5.077948308103810149e+01 -8.509343827311442965e+01
5.114216567634132105e+01 -8.508806292192727483e+01
5.150484834256334921e+01 -8.508268749982144641e+01
5.186753093786669666e+01 -8.507731214863429159e+01
5.223021360408859692e+01 -8.507193672652846317e+01
5.259289619939194438e+01 -8.506656137534130835e+01
5.295557886561383754e+01 -8.506118595323547993e+01
5.331826146091719210e+01 -8.505581060204832511e+01
5.368094412713921315e+01 -8.505043517994249669e+01
5.404362672244243981e+01 -8.504505982875532766e+01
5.440630938866446087e+01 -8.503968447756817284e+01
5.476899198396768753e+01 -8.503430905546234442e+01
5.513167465018970859e+01 -8.502893370427518960e+01
5.549435724549293525e+01 -8.502355828216936118e+01
5.585703991171495630e+01 -8.501818293098220636e+01
5.621972250701830376e+01 -8.501280750887637794e+01
5.658240517324020402e+01 -8.500743215768922312e+01
5.694508776854355148e+01 -8.500205680650206830e+01
5.730777043476545174e+01 -8.499668138439623988e+01
5.767045310098747279e+01 -8.499130603320908506e+01
5.803313569629082025e+01 -8.498593061110325664e+01
5.839581836251272051e+01 -8.498055525991610182e+01
5.875850095781606797e+01 -8.497517983781027340e+01
5.912118362403796823e+01 -8.496980448662311858e+01
5.948386621934131568e+01 -8.496442906451729016e+01
5.984654888556321595e+01 -8.495905371333012113e+01
6.020923148086656340e+01 -8.495367836214296631e+01
6.057191414708858446e+01 -8.494830294003713789e+01
6.093459674239181112e+01 -8.494292758884998307e+01
6.129727940861383217e+01 -8.493755216674415465e+01
6.165996200391705884e+01 -8.493217681555699983e+01
6.202264467013907989e+01 -8.492680139345117141e+01
6.238532726544242735e+01 -8.492142604226401659e+01
6.274800993166432761e+01 -8.491605069107686177e+01
6.311071593012728442e+01 -8.491259688113747472e+01
6.347342199950904273e+01 -8.490914349671007244e+01
6.383612799797200665e+01 -8.490569011228268437e+01
6.419883399643495636e+01 -8.490223672785529629e+01
6.456154006581658678e+01 -8.489878341434656761e+01
6.492424606427954359e+01 -8.489533002991916533e+01
6.528695213366130190e+01 -8.489187664549177725e+01
6.564965813212427292e+01 -8.488842326106438918e+01
6.601236413058722974e+01 -8.488496987663697269e+01
6.637507019996886015e+01 -8.488151649220959882e+01
6.673777619843194486e+01 -8.487806310778219654e+01
6.710048219689490168e+01 -8.487460972335480847e+01
6.746318826627653209e+01 -8.487115640984607978e+01
6.782589426473950311e+01 -8.486770302541867750e+01
6.818860033412113353e+01 -8.486424964099130364e+01
6.855130633258421824e+01 -8.486079625656388714e+01
6.891401233104717505e+01 -8.485734287213651328e+01
6.927671840042880547e+01 -8.485388948770911099e+01
6.963942439889176228e+01 -8.485043610328170871e+01
7.000213039735486120e+01 -8.484698271885433485e+01
7.036483646673649162e+01 -8.484352940534559195e+01
7.072754246519944843e+01 -8.484007602091821809e+01
7.109024853458107884e+01 -8.483662263649080160e+01
7.145295453304403566e+01 -8.483316925206341352e+01
7.181566053150712037e+01 -8.482971586763602545e+01
7.217836660088875078e+01 -8.482626248320862317e+01
7.254107259935172181e+01 -8.482280909878124930e+01
7.290377866873335222e+01 -8.481935571435383281e+01
7.326648466719643693e+01 -8.481590232992645895e+01
7.362919066565939374e+01 -8.481244901641771605e+01
7.399189673504102416e+01 -8.480899563199032798e+01
7.435460273350398097e+01 -8.480554224756293991e+01
7.471730873196695200e+01 -8.480208886313553762e+01
7.508001480134871031e+01 -8.479863547870814955e+01
7.544272079981166712e+01 -8.479518209428074726e+01
7.580542686919329753e+01 -8.479172870985335919e+01
7.616813286765625435e+01 -8.478827532542597112e+01
7.653083886611933906e+01 -8.478482201191724243e+01
7.689354493550096947e+01 -8.478136862748984015e+01
7.725625093396394050e+01 -8.477791524306245208e+01
7.761895693242689731e+01 -8.477446185863506400e+01
7.798166300180852772e+01 -8.477100847420764751e+01
7.834437616305680763e+01 -8.476866496689883945e+01
7.870709655800897053e+01 -8.476743183313925556e+01
7.906981695296100554e+01 -8.476619862846098385e+01
7.943253727699449485e+01 -8.476496549470138575e+01
7.979525767194665775e+01 -8.476373236094180186e+01
8.015797806689880645e+01 -8.476249915626354436e+01
8.052069839093229575e+01 -8.476126602250391784e+01
8.088341878588433076e+01 -8.476003288874433395e+01
8.124613910991782006e+01 -8.475879968406607645e+01
8.160885950486998297e+01 -8.475756655030647835e+01
8.197157989982214588e+01 -8.475633334562820664e+01
8.233430022385562097e+01 -8.475510021186862275e+01
8.269702061880765598e+01 -8.475386707810902465e+01
8.305974101375981888e+01 -8.475263387343075294e+01
8.342246133779330819e+01 -8.475140073967116905e+01
8.378518173274547109e+01 -8.475016760591157094e+01
8.414790212769761979e+01 -8.474893440123331345e+01
8.451062245173099541e+01 -8.474770126747371535e+01
8.487334284668314410e+01 -8.474646813371413145e+01
8.523606317071663341e+01 -8.474523492903585975e+01
8.559878356566879631e+01 -8.474400179527626165e+01
8.596150396062095922e+01 -8.474276859059800415e+01
8.632422428465432063e+01 -8.474153545683842026e+01
8.668694467960646932e+01 -8.474030232307879373e+01
8.704966507455863223e+01 -8.473906911840053624e+01
8.741238539859212153e+01 -8.473783598464095235e+01
8.777510579354428444e+01 -8.473660285088135424e+01
8.813782611757764585e+01 -8.473536964620308254e+01
8.850054651252980875e+01 -8.473413651244349865e+01
8.886326690748195745e+01 -8.473290337868390054e+01
8.922598723151544675e+01 -8.473167017400562884e+01
8.958870762646760966e+01 -8.473043704024604494e+01
8.995142802141964467e+01 -8.472920383556778745e+01
9.031414834545313397e+01 -8.472797070180818935e+01
9.067686874040529688e+01 -8.472673756804859124e+01
9.103958913535744557e+01 -8.472550436337033375e+01
9.140230945939093488e+01 -8.472427122961073565e+01
9.176502985434296988e+01 -8.472303809585113754e+01
9.212775017837645919e+01 -8.472180489117288005e+01
9.249047057332862209e+01 -8.472057175741329615e+01
9.285319096828077079e+01 -8.471933862365366963e+01
9.321591129231426009e+01 -8.471810541897541214e+01
9.357863168726629510e+01 -8.471687228521582824e+01
9.394056892739295961e+01 -8.473887707065378549e+01
9.430238333639036341e+01 -8.476452686275388260e+01
9.466419774538790932e+01 -8.479017672577266751e+01
9.502601222530411462e+01 -8.481582651787279303e+01
9.538782663430166053e+01 -8.484147630997291856e+01
9.574964104329919223e+01 -8.486712610207302987e+01
9.611145545229673814e+01 -8.489277589417315539e+01
9.647326986129415616e+01 -8.491842575719192610e+01
9.683508427029168786e+01 -8.494407554929203741e+01
9.719689875020790737e+01 -8.496972534139216293e+01
9.755871315920543907e+01 -8.499537513349228846e+01
9.792052756820298498e+01 -8.502102492559241398e+01
9.828234197720038878e+01 -8.504667471769253950e+01
9.864415638619793469e+01 -8.507232458071129599e+01
9.900597079519546639e+01 -8.509797437281142152e+01
9.936778520419301231e+01 -8.512362416491154704e+01
9.972959968410921761e+01 -8.514927395701167256e+01
1.000914117527907337e+02 -8.517495658445400863e+01
1.004532202046203508e+02 -8.520068998966102924e+01
1.008150287273685279e+02 -8.522642332394936204e+01
1.011768371791981593e+02 -8.525215672915635423e+01
1.015386457019464643e+02 -8.527789013436337484e+01
1.019004541537760957e+02 -8.530362346865172185e+01
1.022622626765242728e+02 -8.532935687385871404e+01
1.026240711283539042e+02 -8.535509027906572044e+01
1.029858796511021950e+02 -8.538082361335408166e+01
1.033476881029316985e+02 -8.540655701856108806e+01
1.037094966256800035e+02 -8.543229042376808025e+01
1.040713050775096349e+02 -8.545802375805642725e+01
1.044331136002579399e+02 -8.548375716326344786e+01
1.047949220520874434e+02 -8.550949049755176645e+01
1.051567305039170748e+02 -8.553522390275877285e+01
1.055185390266653656e+02 -8.556095730796579346e+01
1.058803474784948691e+02 -8.558669064225412626e+01
1.062421560012431740e+02 -8.561242404746113266e+01
1.066039644530728054e+02 -8.563815745266813906e+01
1.069657729758211104e+02 -8.566389078695648607e+01
1.073274964670891052e+02 -8.569075867805906910e+01
1.076890999639748401e+02 -8.571922798355234363e+01
1.080507034608604471e+02 -8.574769728904561816e+01
1.084123068868273947e+02 -8.577616659453889270e+01
1.087739103837131296e+02 -8.580463582911352205e+01
1.091355138805987366e+02 -8.583310513460678237e+01
1.094971173774843578e+02 -8.586157444010007112e+01
1.098587208743700927e+02 -8.589004374559334565e+01
1.102203243712556997e+02 -8.591851298016794658e+01
1.105819278681413209e+02 -8.594698228566124953e+01
1.109435313650270558e+02 -8.597545159115450986e+01
1.113051348619126628e+02 -8.600392089664779860e+01
1.116667383587982840e+02 -8.603239013122239953e+01
1.120283418556840189e+02 -8.606085943671567406e+01
1.123899453525696259e+02 -8.608932874220897702e+01
1.127515488494552471e+02 -8.611779804770223734e+01
1.131131523463409820e+02 -8.614626728227685248e+01
1.134747558432265890e+02 -8.617473658777012702e+01
1.138363593401122102e+02 -8.620320589326340155e+01
1.141979628369979451e+02 -8.623167519875670450e+01
1.145595663338835521e+02 -8.626014443333130544e+01
1.149211698307693013e+02 -8.628861373882457997e+01
1.152823935581998995e+02 -8.632150262464706714e+01
1.156435538134248588e+02 -8.635513119215305267e+01
1.160047139977310167e+02 -8.638875968874036460e+01
1.163658742529559618e+02 -8.642238825624633591e+01
1.167270345081807932e+02 -8.645601682375230723e+01
1.170881946924870789e+02 -8.648964532033961916e+01
1.174493549477119103e+02 -8.652327388784560469e+01
1.178105151320181818e+02 -8.655690238443291662e+01
1.181716753872430132e+02 -8.659053095193890215e+01
1.185328355715492989e+02 -8.662415944852619987e+01
1.188939958267741162e+02 -8.665778801603219961e+01
1.192551560819990755e+02 -8.669141651261949733e+01
1.196163162663052333e+02 -8.672504508012548285e+01
1.199774765215301784e+02 -8.675867364763146838e+01
1.203386367058363362e+02 -8.679230214421878031e+01
1.206997969610612955e+02 -8.682593071172476584e+01
1.210609571453674533e+02 -8.685955920831204935e+01
1.214221174005923984e+02 -8.689318777581803488e+01
1.217832776558172299e+02 -8.692681627240534681e+01
1.221444378401235156e+02 -8.696044483991133234e+01
1.225055980953483328e+02 -8.699407340741731787e+01
1.228667582796546185e+02 -8.702770190400461559e+01
1.232273832407906298e+02 -8.706646207524366332e+01
1.235877087833198544e+02 -8.710809246672187101e+01
1.239480343258492212e+02 -8.714972285820007869e+01
1.243083598683785880e+02 -8.719135324967827216e+01
1.246686854109078126e+02 -8.723298364115646564e+01
1.250290109534371794e+02 -8.727461403263467332e+01
1.253893364959665462e+02 -8.731624442411288101e+01
1.257496620384957708e+02 -8.735787481559106027e+01
1.261099875810251376e+02 -8.739950520706925374e+01
1.264703131235545044e+02 -8.744113559854746143e+01
1.268306386660838569e+02 -8.748276599002566911e+01
1.271909642086130958e+02 -8.752439638150386259e+01
1.275512897511424626e+02 -8.756602677298205606e+01
1.279116152936718152e+02 -8.760765716446026374e+01
1.282719408362010540e+02 -8.764928755593845722e+01
1.286322663787304066e+02 -8.769091794741665069e+01
1.289925919212597876e+02 -8.773254833889484416e+01
1.293529174637890264e+02 -8.777417873037305185e+01
1.297132430063183790e+02 -8.781580912185125953e+01
1.300735685488477316e+02 -8.785743951332945301e+01
1.304338940913771125e+02 -8.789906990480763227e+01
1.307942196339063230e+02 -8.794070029628583995e+01
1.311534602626873891e+02 -8.799052257376040131e+01
1.315122001347699268e+02 -8.804412580897933083e+01
1.318709399359336487e+02 -8.809772897327958674e+01
1.322296798080160443e+02 -8.815133220849853046e+01
1.325884196800984398e+02 -8.820493537279877216e+01
1.329471595521808354e+02 -8.825853860801770168e+01
1.333058994242632309e+02 -8.831214177231795759e+01
1.336646392254270950e+02 -8.836574500753690131e+01
1.340233790975094905e+02 -8.841934817183714301e+01
1.343821189695918861e+02 -8.847295140705607253e+01
1.347408588416742816e+02 -8.852655457135632844e+01
1.350995986428380036e+02 -8.858015780657527216e+01
1.354583385149203991e+02 -8.863376097087551386e+01
1.358170783870029368e+02 -8.868736420609444338e+01
1.361758182590853323e+02 -8.874096737039469929e+01
1.365345580602490543e+02 -8.879457060561364301e+01
1.368932979323314498e+02 -8.884817376991391313e+01
1.372520378044138454e+02 -8.890177700513281422e+01
1.376107776764962409e+02 -8.895538016943308435e+01
1.379695174776601050e+02 -8.900898340465201386e+01
1.383282573497425005e+02 -8.906258656895228398e+01
1.386841428164482295e+02 -8.913243322812444092e+01
1.390396656760161136e+02 -8.920434362046916021e+01
1.393951885355839977e+02 -8.927625394189522012e+01
1.397507113951518534e+02 -8.934816426332128003e+01
1.401062341838010639e+02 -8.942007458474733994e+01
1.404617570433689195e+02 -8.949198490617339985e+01
1.408172799029368036e+02 -8.956389529851811915e+01
1.411728026915860141e+02 -8.963580561994417906e+01
1.415283255511538698e+02 -8.970771594137023897e+01
1.418838484107217539e+02 -8.977962626279629887e+01
1.422393712702896380e+02 -8.985153665514101817e+01
1.425948940589388201e+02 -8.992344697656707808e+01
1.429504169185067042e+02 -8.999535729799313799e+01
1.433059397780745599e+02 -9.006726761941919790e+01
1.436614626376425576e+02 -9.013917794084524360e+01
1.440169854262917681e+02 -9.021108833318997711e+01
1.443725082858596522e+02 -9.028299865461603702e+01
1.447280311454275079e+02 -9.035490897604209692e+01
1.450826341899009435e+02 -9.043054883917984910e+01
1.454308259742369955e+02 -9.053218592496114070e+01
1.457790176876544024e+02 -9.063382308166107748e+01
1.461272094010718092e+02 -9.073546023836100005e+01
1.464754011144891876e+02 -9.083709739506095104e+01
1.468235928279065945e+02 -9.093873448084222844e+01
1.471717846122426465e+02 -9.104037163754216522e+01
1.475199763256600534e+02 -9.114200879424211621e+01
1.478681680390774318e+02 -9.124364595094203878e+01
1.482163597524949523e+02 -9.134528303672331617e+01
1.485645514659123592e+02 -9.144692019342326716e+01
1.489127431793297376e+02 -9.154855735012318974e+01
1.492609349636658180e+02 -9.165019450682314073e+01
1.496091266770831965e+02 -9.175183159260441812e+01
1.499573183905006033e+02 -9.185346874930435490e+01
1.503055101039180101e+02 -9.195510590600430589e+01
1.506494110962217974e+02 -9.206806515676828440e+01
1.509775103460225409e+02 -9.222272117888158505e+01
1.513056095958231424e+02 -9.237737720099489991e+01
1.516337087747052124e+02 -9.253203322310821477e+01
1.519618080245059559e+02 -9.268668924522151542e+01
1.522899072743065574e+02 -9.284134526733481607e+01
1.526180064531886273e+02 -9.299600128944813093e+01
1.529461057029893709e+02 -9.315065731156144579e+01
1.532742048818712988e+02 -9.330531333367473223e+01
1.536023041316720423e+02 -9.345996935578803289e+01
1.539304033814726722e+02 -9.361462544882002135e+01
1.542585025603547422e+02 -9.376928147093332200e+01
1.545866018101554857e+02 -9.392393749304662265e+01
1.548573879984145663e+02 -9.416023742345650760e+01
1.551143234166645470e+02 -9.441626820320657032e+01
1.553712589058333435e+02 -9.467229905387532085e+01
1.556281943240833243e+02 -9.492832983362539778e+01
1.558851297423333335e+02 -9.518436068429411989e+01
1.561420651605834564e+02 -9.544039146404419682e+01
1.563990005788334372e+02 -9.569642224379427375e+01
1.566559359970834464e+02 -9.595245309446299586e+01
1.565506300759683143e+02 -9.622715874462063823e+01
1.561883886656845277e+02 -9.624583361502820367e+01
1.558261472554006275e+02 -9.626450855635444270e+01
1.554639058451168410e+02 -9.628318342676200814e+01
1.551016644348330260e+02 -9.630185829716960200e+01
1.547394230245491258e+02 -9.632053323849582682e+01
1.543771816142653392e+02 -9.633920810890340647e+01
1.540149402039814106e+02 -9.635788297931097190e+01
1.536526845390457652e+02 -9.637627665720896175e+01
1.532904166051809511e+02 -9.639443084277279183e+01
1.529281487422347823e+02 -9.641258502833662192e+01
1.525658808792886418e+02 -9.643073921390045200e+01
1.522036130163425014e+02 -9.644889339946428208e+01
1.518413451533963325e+02 -9.646704758502811217e+01
1.514790772904501921e+02 -9.648520177059195646e+01
1.511168094275040232e+02 -9.650335595615578654e+01
1.507545414936393513e+02 -9.652151014171961663e+01
1.503922736306931824e+02 -9.653966432728344671e+01
1.500300057677470420e+02 -9.655781851284727679e+01
1.496677379048008731e+02 -9.657597269841110688e+01
1.493054700418547327e+02 -9.659412688397493696e+01
1.489432021789085923e+02 -9.661228106953876704e+01
1.485809342450437498e+02 -9.663043525510259713e+01
1.482186663820976094e+02 -9.664858944066642721e+01
1.478563985191514405e+02 -9.666674362623025729e+01
1.474941306562053001e+02 -9.668489781179408737e+01
1.471318627932591596e+02 -9.670305199735791746e+01
1.467695949303129908e+02 -9.672120618292176175e+01
1.464073270673668503e+02 -9.673936036848559183e+01
1.460450591335020363e+02 -9.675751455404942192e+01
1.456827912705558674e+02 -9.677566873961325200e+01
1.453205147555324288e+02 -9.679364697596741962e+01
1.449582128516267971e+02 -9.681110835708579998e+01
1.445959108768023782e+02 -9.682856966728552095e+01
1.442336089728966328e+02 -9.684603097748522771e+01
1.438713070689910296e+02 -9.686349228768494868e+01
1.435090050941666107e+02 -9.688095366880334325e+01
1.431467031902609790e+02 -9.689841497900305001e+01
1.427844012863552337e+02 -9.691587628920275677e+01
1.424220993115308147e+02 -9.693333759940249195e+01
1.420597974076252115e+02 -9.695079890960219871e+01
1.416974954328007925e+02 -9.696826029072056485e+01
1.413351935288950472e+02 -9.698572160092028582e+01
1.409728916249894439e+02 -9.700318291112000679e+01
1.406105896501650250e+02 -9.702064422131971355e+01
1.402482877462593933e+02 -9.703810560243809391e+01
1.398859858423536480e+02 -9.705556691263781488e+01
1.395236838675292290e+02 -9.707302822283753585e+01
1.391613819636236258e+02 -9.709048953303724261e+01
1.387990799887992068e+02 -9.710795084323696358e+01
1.384367780848934615e+02 -9.712541222435535815e+01
1.380744761809878298e+02 -9.714287353455506491e+01
1.377121742061634393e+02 -9.716033484475477167e+01
1.373498723022578076e+02 -9.717779615495450685e+01
1.369875703983520623e+02 -9.719525746515421361e+01
1.366252684235276433e+02 -9.721271884627257975e+01
1.362629665196220401e+02 -9.723018015647230072e+01
1.359006645447976211e+02 -9.724764146667202169e+01
1.355383626408918758e+02 -9.726510277687172845e+01
1.351760607369862441e+02 -9.728256415799010881e+01
1.348137587621618252e+02 -9.730002546818982978e+01
1.344514568582560798e+02 -9.731748677838955075e+01
1.340891549543504766e+02 -9.733494808858925751e+01
1.337268529795260577e+02 -9.735240939878897848e+01
1.333645510756204544e+02 -9.736987077990737305e+01
1.330022491007960355e+02 -9.738733209010707981e+01
1.326399355662291555e+02 -9.740454596508207885e+01
1.322775924585786242e+02 -9.742113093332945084e+01
1.319152493509282067e+02 -9.743771583065816344e+01
1.315529062432776755e+02 -9.745430072798687604e+01
1.311905631356272579e+02 -9.747088562531557443e+01
1.308282200279767267e+02 -9.748747052264427282e+01
1.304658769203263091e+02 -9.750405541997298542e+01
1.301035338126757779e+02 -9.752064038822037162e+01
1.297411907050252182e+02 -9.753722528554907001e+01
1.293788475973748291e+02 -9.755381018287776840e+01
1.290165044897242694e+02 -9.757039508020648100e+01
1.286541613820738803e+02 -9.758697997753519360e+01
1.282918182744233206e+02 -9.760356487486390620e+01
1.279294751667728036e+02 -9.762014977219260459e+01
1.275671320591223861e+02 -9.763673474043997658e+01
1.272047889514718548e+02 -9.765331963776868918e+01
1.268424458438214373e+02 -9.766990453509740178e+01
1.264801027361709060e+02 -9.768648943242610017e+01
1.261177596285204885e+02 -9.770307432975479855e+01
1.257554165208699573e+02 -9.771965922708351115e+01
1.253930734132194118e+02 -9.773624412441223797e+01
1.250307303055690085e+02 -9.775282909265959574e+01
1.246683871979184630e+02 -9.776941398998830834e+01
1.243060440902680597e+02 -9.778599888731700673e+01
1.239437009826175142e+02 -9.780258378464571933e+01
1.235813578749669830e+02 -9.781916868197444614e+01
1.232190147673165654e+02 -9.783575357930314453e+01
1.228566716596660342e+02 -9.785233847663185713e+01
1.224943285520156167e+02 -9.786892344487921491e+01
1.221319854443650854e+02 -9.788550834220794172e+01
1.217696423367146821e+02 -9.790209323953665432e+01
1.214072992290641366e+02 -9.791867813686535271e+01
1.210449561214136054e+02 -9.793526303419405110e+01
1.206826130137631878e+02 -9.795184793152276370e+01
1.203202699061126566e+02 -9.796843282885147630e+01
1.199579267984622390e+02 -9.798501779709884829e+01
1.195955836908117078e+02 -9.800160269442753247e+01
1.192332405831612903e+02 -9.801818759175625928e+01
1.188708974755107590e+02 -9.803477248908497188e+01
1.185085543678602136e+02 -9.805135738641368448e+01
1.181462112602098102e+02 -9.806794228374238287e+01
1.177838681525592790e+02 -9.808452718107108126e+01
1.174215250449088614e+02 -9.810111214931846746e+01
1.170591819372583302e+02 -9.811769704664718006e+01
1.166968005335284033e+02 -9.813341482145007433e+01
1.163344073572998809e+02 -9.814886707676851074e+01
1.159720141810713585e+02 -9.816431933208696137e+01
1.156096210048429640e+02 -9.817977158740539778e+01
1.152472278286144416e+02 -9.819522377180517481e+01
1.148848346523859192e+02 -9.821067602712362543e+01
1.145224414761573968e+02 -9.822612828244206185e+01
1.141600482999289881e+02 -9.824158046684183887e+01
1.137976551237004657e+02 -9.825703272216027528e+01
1.134352619474719432e+02 -9.827248497747872591e+01
1.130728687712435487e+02 -9.828793723279714811e+01
1.127104755950150263e+02 -9.830338941719693935e+01
1.123480823478678303e+02 -9.831884167251537576e+01
1.119856891716394358e+02 -9.833429392783382639e+01
1.116232959954109134e+02 -9.834974611223358920e+01
1.112609028191823910e+02 -9.836519836755203983e+01
1.108985096429539965e+02 -9.838065062287046203e+01
1.105361164667254741e+02 -9.839610287818892687e+01
1.101737232904969517e+02 -9.841155506258870389e+01
1.098113301142684293e+02 -9.842700731790714030e+01
1.094489369380400206e+02 -9.844245957322556251e+01
1.090865437618114981e+02 -9.845791182854402734e+01
1.087241505855829757e+02 -9.847336401294379016e+01
1.083617574093545812e+02 -9.848881626826224078e+01
1.079993642331260588e+02 -9.850426852358067720e+01
1.076369710568975364e+02 -9.851972070798045422e+01
1.072745778806691419e+02 -9.853517296329889064e+01
1.069121847044406195e+02 -9.855062521861734126e+01
1.065497915282120971e+02 -9.856607747393577768e+01
1.061873983519835747e+02 -9.858152965833556891e+01
1.058250051757551660e+02 -9.859698191365399111e+01
1.054626119995266436e+02 -9.861243416897245595e+01
1.051002188232981212e+02 -9.862788635337220455e+01
1.047378256470697266e+02 -9.864333860869066939e+01
1.043754324708412042e+02 -9.865879086400909159e+01
1.040130392946126818e+02 -9.867424311932754222e+01
1.036506461183842873e+02 -9.868969530372730503e+01
1.032882529421557649e+02 -9.870514755904576987e+01
1.029258597659272425e+02 -9.872059981436419207e+01
1.025634665896988480e+02 -9.873605206968264270e+01
1.022010734134703256e+02 -9.875150425408240551e+01
1.018386802372417890e+02 -9.876695650940085613e+01
1.014762870610132666e+02 -9.878240876471929255e+01
1.011138938847848721e+02 -9.879786094911908378e+01
1.007515007085563497e+02 -9.881331320443750599e+01
1.003891075323278272e+02 -9.882876545975595661e+01
1.000267143560994327e+02 -9.884421771507439303e+01
9.966432117987091033e+01 -9.885966989947417005e+01
9.930192800364238792e+01 -9.887512215479262068e+01
9.893948291495067338e+01 -9.888929503738140170e+01
9.857702825223891807e+01 -9.890323090978935738e+01
9.821457366044596426e+01 -9.891716685311597246e+01
9.785211899773433686e+01 -9.893110272552391393e+01
9.748966433502258155e+01 -9.894503859793185541e+01
9.712720967231095415e+01 -9.895897447033981109e+01
9.676475500959932674e+01 -9.897291034274776678e+01
9.640230034688757144e+01 -9.898684628607438185e+01
9.603984568417594403e+01 -9.900078215848232333e+01
9.567739102146431662e+01 -9.901471803089026480e+01
9.531493635875256132e+01 -9.902865390329822048e+01
9.495248169604093391e+01 -9.904258977570617617e+01
9.459002703332930651e+01 -9.905652564811411764e+01
9.422757244153622480e+01 -9.907046159144071851e+01
9.386511777882459739e+01 -9.908439746384865998e+01
9.350266311611296999e+01 -9.909833333625660146e+01
9.314020845340134258e+01 -9.911226920866455714e+01
9.277775379068958728e+01 -9.912620508107251283e+01
9.241529912797795987e+01 -9.914014102439912790e+01
9.205284446526633246e+01 -9.915407689680706937e+01
9.169038980255457716e+01 -9.916801276921501085e+01
9.132793513984294975e+01 -9.918194864162296653e+01
9.096548047713132235e+01 -9.919588451403092222e+01
9.060302581441956704e+01 -9.920982038643886369e+01
9.024057122262661323e+01 -9.922375632976546456e+01
8.987811655991498583e+01 -9.923769220217340603e+01
8.951566189720323052e+01 -9.925162807458134751e+01
8.915320723449160312e+01 -9.926556394698930319e+01
8.879075257177997571e+01 -9.927949981939725888e+01
8.842829790906822041e+01 -9.929343576272387395e+01
8.806584324635659300e+01 -9.930737163513181542e+01
8.770338858364496559e+01 -9.932130750753975690e+01
8.734093392093333819e+01 -9.933524337994771258e+01
8.697847925822158288e+01 -9.934917925235566827e+01
8.661602459550995547e+01 -9.936311519568228334e+01
8.625357000371700167e+01 -9.937705106809021061e+01
8.589111534100524636e+01 -9.939098694049815208e+01
8.552866067829361896e+01 -9.940492281290610777e+01
8.516620601558199155e+01 -9.941885868531406345e+01
8.480375135287023625e+01 -9.943279455772200492e+01
8.444129669015860884e+01 -9.944673050104862000e+01
8.407884202744698143e+01 -9.946066637345656147e+01
8.371638736473524034e+01 -9.947460224586450295e+01
8.335393270202361293e+01 -9.948853811827245863e+01
8.299147803931197132e+01 -9.950247399068041432e+01
8.262902337660023022e+01 -9.951640993400702939e+01
8.226656878480726220e+01 -9.953034580641497087e+01
8.190411412209563480e+01 -9.954428167882289813e+01
8.154165945938389370e+01 -9.955821755123085381e+01
8.117920479667226630e+01 -9.957215342363880950e+01
8.081675013396063889e+01 -9.958608929604675097e+01
8.045424575726424621e+01 -9.959862573042398992e+01
8.009171542433632851e+01 -9.961042936222828814e+01
7.972918509140829713e+01 -9.962223292311395539e+01
7.936665468756157793e+01 -9.963403655491826783e+01
7.900412435463366023e+01 -9.964584011580390666e+01
7.864159402170561464e+01 -9.965764374760821909e+01
7.827906361785903755e+01 -9.966944730849385792e+01
7.791653328493099195e+01 -9.968125094029817035e+01
7.755400288108427276e+01 -9.969305450118380918e+01
7.719147254815635506e+01 -9.970485813298812161e+01
7.682894221522832368e+01 -9.971666169387376044e+01
7.646641181138173238e+01 -9.972846532567808708e+01
7.610388147845368678e+01 -9.974026888656372591e+01
7.574135107460696759e+01 -9.975207251836803835e+01
7.537882074167904989e+01 -9.976387607925369139e+01
7.501629040875101850e+01 -9.977567971105798961e+01
7.465376000490442721e+01 -9.978748327194364265e+01
7.429122967197638161e+01 -9.979928690374795508e+01
7.392869933904833601e+01 -9.981109046463360812e+01
7.356616893520175893e+01 -9.982289409643792055e+01
7.320363860227371333e+01 -9.983469765732357359e+01
7.284110819842712203e+01 -9.984650128912788603e+01
7.247857786549907644e+01 -9.985830485001352486e+01
7.211604753257104505e+01 -9.987010848181783729e+01
7.175351712872445376e+01 -9.988191204270347612e+01
7.139098679579640816e+01 -9.989371567450778855e+01
7.102845646286849046e+01 -9.990551923539344159e+01
7.066592605902177127e+01 -9.991732286719775402e+01
7.030339572609373988e+01 -9.992912642808339285e+01
6.994086532224714858e+01 -9.994093005988770528e+01
6.957833498931910299e+01 -9.995273362077334411e+01
6.921580465639118529e+01 -9.996453725257765655e+01
6.885327425254448031e+01 -9.997634081346329538e+01
6.849074391961643471e+01 -9.998814437434896263e+01
6.812821351576984341e+01 -9.999994800615327506e+01
6.776568318284179782e+01 -1.000117515670389139e+02
6.740315284991388012e+01 -1.000235551988432263e+02
6.704062244606717513e+01 -1.000353587597288794e+02
6.667809211313912954e+01 -1.000471623915331918e+02
6.631556178021121184e+01 -1.000589659524188306e+02
6.595303137636449264e+01 -1.000707695842231431e+02
6.559050104343658916e+01 -1.000825731451087961e+02
6.522797063958986996e+01 -1.000943767769131085e+02
6.486544030666195226e+01 -1.001061803377987474e+02
6.450290997373390667e+01 -1.001179839696030598e+02
6.414037956988720168e+01 -1.001297875304886986e+02
6.377784923695928399e+01 -1.001415911622930111e+02
6.341531890403124549e+01 -1.001533947231786499e+02
6.305278850018465420e+01 -1.001651983549829623e+02
6.269025816725661571e+01 -1.001770019158686154e+02
6.232769684287173106e+01 -1.001877054573302388e+02
6.196507601772616880e+01 -1.001962920766200114e+02
6.160245519258073443e+01 -1.002048786249911245e+02
6.123983443835397367e+01 -1.002134651733622235e+02
6.087721361320853930e+01 -1.002220517217333224e+02
6.051459278806310493e+01 -1.002306382701044356e+02
6.015197196291767057e+01 -1.002392248893942082e+02
5.978935113777211541e+01 -1.002478114377653071e+02
5.942673031262668104e+01 -1.002563979861364203e+02
5.906410948748124667e+01 -1.002649845345075477e+02
5.870148866233581231e+01 -1.002735710828786466e+02
5.833886783719037794e+01 -1.002821577021684192e+02
5.797624701204481568e+01 -1.002907442505395323e+02
5.761362625781805491e+01 -1.002993307989106455e+02
5.725100543267262054e+01 -1.003079173472817445e+02
5.688838460752718618e+01 -1.003165038956528434e+02
5.652576378238175181e+01 -1.003250905149426302e+02
5.616314295723631744e+01 -1.003336770633137291e+02
5.580052213209076228e+01 -1.003422636116848281e+02
5.543790130694532792e+01 -1.003508501600559555e+02
5.507528048179989355e+01 -1.003594367084270687e+02
5.471265965665445918e+01 -1.003680232567981676e+02
5.435003883150902482e+01 -1.003766098760879402e+02
5.398741807728213615e+01 -1.003851964244590533e+02
5.362479725213670179e+01 -1.003937829728301523e+02
5.326217642699126742e+01 -1.004023695212012512e+02
5.289955560184583305e+01 -1.004109560695723644e+02
5.253693477670039869e+01 -1.004195426888621512e+02
5.217431395155496432e+01 -1.004281292372332501e+02
5.181169312640940205e+01 -1.004367157856043633e+02
5.144907230126397479e+01 -1.004453023339754765e+02
5.108645147611854043e+01 -1.004538888823465896e+02
5.072383065097310606e+01 -1.004624755016363480e+02
5.036120982582767169e+01 -1.004710620500074612e+02
4.999858907160078303e+01 -1.004796485983785743e+02
4.963596824645534866e+01 -1.004882351467496733e+02
4.927334742130991430e+01 -1.004968216951207722e+02
4.891072659616447993e+01 -1.005054083144105590e+02
4.854810577101904556e+01 -1.005139948627816580e+02
4.818548494587361120e+01 -1.005225814111527569e+02
4.782286412072804893e+01 -1.005311679595238843e+02
4.746024329558261456e+01 -1.005397545078949975e+02
4.709762247043718020e+01 -1.005483410562660964e+02
4.673500164529175294e+01 -1.005569276755558690e+02
4.637238089106498506e+01 -1.005655142239269821e+02
4.600976006591942991e+01 -1.005741007722980953e+02
4.564713597851535098e+01 -1.005824867626825210e+02
4.528442742698046430e+01 -1.005856649826869358e+02
4.492171887544545683e+01 -1.005888431317726344e+02
4.455901032391057015e+01 -1.005920212808583614e+02
4.419630177237555557e+01 -1.005951994299440742e+02
4.383359329175934249e+01 -1.005983775790298012e+02
4.347088474022433502e+01 -1.006015557990342018e+02
4.310817618868932044e+01 -1.006047339481199145e+02
4.274546763715443376e+01 -1.006079120972056415e+02
4.238275908561942629e+01 -1.006110902462913543e+02
4.202005053408453961e+01 -1.006142683953770813e+02
4.165734198254952503e+01 -1.006174466153814677e+02
4.129463350193331195e+01 -1.006206247644671947e+02
4.093192495039830447e+01 -1.006238029135529075e+02
4.056921639886328990e+01 -1.006269810626386487e+02
4.020650784732840322e+01 -1.006301592117243473e+02
3.984379929579339574e+01 -1.006333374317287479e+02
3.948109074425850906e+01 -1.006365155808144607e+02
3.911838219272349448e+01 -1.006396937299001877e+02
3.875567371210728140e+01 -1.006428718789859147e+02
3.839296516057227393e+01 -1.006460500989902869e+02
3.803025660903725935e+01 -1.006492282480760281e+02
3.766754805750237267e+01 -1.006524063971617267e+02
3.730483950596736520e+01 -1.006555845462474679e+02
3.694213095443247852e+01 -1.006587626953331807e+02
3.657942240289746394e+01 -1.006619409153375670e+02
3.621671392228125086e+01 -1.006651190644232940e+02
3.585400537074624339e+01 -1.006682972135090068e+02
3.549129681921122881e+01 -1.006714753625947338e+02
3.512858826767634213e+01 -1.006746535116804608e+02
3.476587971614133465e+01 -1.006778317316848472e+02
3.440317116460644797e+01 -1.006810098807705600e+02
3.404046261307143340e+01 -1.006841880298562870e+02
3.367775413245522032e+01 -1.006873661789419998e+02
3.331504558092021284e+01 -1.006905443280277410e+02
3.295233702938532616e+01 -1.006937225480321132e+02
3.258962847785031158e+01 -1.006969006971178402e+02
3.222691992631530411e+01 -1.007000788462035530e+02
3.186421137478041743e+01 -1.007032569952892800e+02
3.150150282324540285e+01 -1.007064351443750070e+02
3.113885547451906177e+01 -1.007000221821896560e+02
3.077621691970711737e+01 -1.006922205616107675e+02
3.041357836489516941e+01 -1.006844190119505527e+02
3.005093981008334936e+01 -1.006766173913716642e+02
2.968830125527140495e+01 -1.006688158417114494e+02
2.932566270045958490e+01 -1.006610142920512345e+02
2.896302414564764049e+01 -1.006532126714723461e+02
2.860038559083582044e+01 -1.006454111218121312e+02
2.823774703602387248e+01 -1.006376095721519164e+02
2.787510848121205242e+01 -1.006298079515730279e+02
2.751246992640010802e+01 -1.006220064019128131e+02
2.714983137158828796e+01 -1.006142047813339246e+02
2.678719274585766996e+01 -1.006064032316737098e+02
2.642455419104584990e+01 -1.005986016820134950e+02
2.606191563623390195e+01 -1.005908000614346065e+02
2.569927708142208189e+01 -1.005829985117743917e+02
2.533663852661013749e+01 -1.005751969621141768e+02
2.497399997179818953e+01 -1.005673953415352884e+02
2.461136141698637303e+01 -1.005595937918750735e+02
2.424872286217442507e+01 -1.005517921712961851e+02
2.388608430736260502e+01 -1.005439906216359702e+02
2.352344575255066061e+01 -1.005361890719757554e+02
2.316080719773884056e+01 -1.005283874513968669e+02
2.279816864292689260e+01 -1.005205859017366521e+02
2.243553008811507254e+01 -1.005127843520764372e+02
2.207289153330312814e+01 -1.005049827314975488e+02
2.171025297849130808e+01 -1.004971811818373340e+02
2.134761442367936013e+01 -1.004893795612584597e+02
2.098497586886754007e+01 -1.004815780115982449e+02
2.062228816742021209e+01 -1.004860860984222626e+02
2.025959890576236333e+01 -1.004909924644729955e+02
1.989690964410451457e+01 -1.004958988305237284e+02
1.953422038244666226e+01 -1.005008052674931349e+02
1.917153104987001555e+01 -1.005057116335438536e+02
1.880884178821216324e+01 -1.005106179995945865e+02
1.844615252655431448e+01 -1.005155243656453052e+02
1.808346326489646216e+01 -1.005204308026147118e+02
1.772077393231993980e+01 -1.005253371686654447e+02
1.735808467066196670e+01 -1.005302435347161918e+02
1.699539540900411438e+01 -1.005351499716855841e+02
1.663270614734626562e+01 -1.005400563377363170e+02
1.627001681476974326e+01 -1.005449627037870357e+02
1.590732755311188917e+01 -1.005498690698377686e+02
1.554463829145391429e+01 -1.005547755068071609e+02
1.518194895887739193e+01 -1.005596818728579080e+02
1.481925969721954139e+01 -1.005645882389086410e+02
1.445657043556169086e+01 -1.005694946758780333e+02
1.409388117390371420e+01 -1.005744010419287662e+02
1.373119184132719184e+01 -1.005793074079794849e+02
1.336850257966934130e+01 -1.005842137740302178e+02
1.300581331801149076e+01 -1.005891202109996101e+02
1.264312405635364200e+01 -1.005940265770503572e+02
1.228043472377699352e+01 -1.005989329431010759e+02
1.191774546211914299e+01 -1.006038393800704824e+02
1.155505620046129245e+01 -1.006087457461212153e+02
1.119236693880344191e+01 -1.006136521121719483e+02
1.082967760622679343e+01 -1.006185584782226670e+02
1.046698834456894289e+01 -1.006234649151920735e+02
1.010429908291109236e+01 -1.006283712812427922e+02
9.741609750334571771e+00 -1.006332776472935393e+02
9.378920488676721234e+00 -1.006381840842629316e+02
9.016229879564109595e+00 -1.006429891784590183e+02
8.653536079111656676e+00 -1.006475483976410317e+02
8.290842278659201980e+00 -1.006521076877417187e+02
7.928148478206748173e+00 -1.006566669069237179e+02
7.565454677754168245e+00 -1.006612261970244049e+02
7.202760877301713549e+00 -1.006657854162064183e+02
6.840067005930587918e+00 -1.006703446353884459e+02
6.477373205478133222e+00 -1.006749039254891187e+02
6.114679405025553294e+00 -1.006794631446711463e+02
5.751985604573098598e+00 -1.006840224347718333e+02
5.389291804120644791e+00 -1.006885816539538325e+02
5.026598003668190096e+00 -1.006931409440545195e+02
4.663904203215610167e+00 -1.006977001632365329e+02
4.301210402763155471e+00 -1.007022594533372057e+02
3.938516531392029396e+00 -1.007068186725192334e+02
3.575822730939575145e+00 -1.007113779626199204e+02
3.213128930486995216e+00 -1.007159371818019338e+02
2.850435130034540521e+00 -1.007204964009839614e+02
2.487741329582086269e+00 -1.007250556910846342e+02
2.125047529129632018e+00 -1.007296149102666476e+02
1.762353728677051867e+00 -1.007341742003673346e+02
1.399659857305925792e+00 -1.007387334195493338e+02
1.036966056853471541e+00 -1.007432927096500208e+02
6.742722564010172892e-01 -1.007478519288320484e+02
3.115784559484369720e-01 -1.007524112189327212e+02
-5.111534450401732099e-02 -1.007569704381147488e+02
-4.138091449564716418e-01 -1.007615296572967623e+02
-7.765029454089259486e-01 -1.007660889473974493e+02
-1.139196816780177812e+00 -1.007706481665794485e+02
-1.501890617232632064e+00 -1.007752074566801355e+02
-1.864584417685086537e+00 -1.007797666758621489e+02
-2.227278218137540566e+00 -1.007843259659628217e+02
-2.589972018590120939e+00 -1.007888851851448493e+02
-2.952665819042575190e+00 -1.007934444752455363e+02
-3.315359619495029442e+00 -1.007980036944275639e+02
-3.678053490866155517e+00 -1.008025629845282367e+02
-4.040747291318609768e+00 -1.008071222037102501e+02
-4.403441091771189697e+00 -1.008116814228922635e+02
-4.766134892223644393e+00 -1.008162407129929505e+02
-5.128828692676099088e+00 -1.008207999321749497e+02
-5.491522493128552895e+00 -1.008253592222756367e+02
-5.854221328806312741e+00 -1.008294979646885849e+02
-6.216920448158758106e+00 -1.008336169207937871e+02
-6.579619496592532535e+00 -1.008377358768990035e+02
-6.942318615944977900e+00 -1.008418547620855463e+02
-7.305017664378752329e+00 -1.008459737181907627e+02
-7.667716712812399749e+00 -1.008500926742959507e+02
-8.030415832164846890e+00 -1.008542116304011529e+02
-8.393114880598620431e+00 -1.008583305155877099e+02
-8.755813999951065796e+00 -1.008624494716928979e+02
-9.118513048384714992e+00 -1.008665684277981143e+02
-9.481212096818488533e+00 -1.008706873129846571e+02
-9.843911216170933898e+00 -1.008748062690898593e+02
-1.020661026460470922e+01 -1.008789252251950757e+02
-1.056930938395715458e+01 -1.008830441103816185e+02
-1.093200843239080200e+01 -1.008871630664868206e+02
-1.129470748082457732e+01 -1.008912820225920228e+02
-1.165740660017702268e+01 -1.008954009077785656e+02
-1.202010564861079622e+01 -1.008995198638837536e+02
-1.238280476796311547e+01 -1.009036388199889700e+02
-1.274550381639689078e+01 -1.009077577051755128e+02
-1.310820293574933615e+01 -1.009118766612807150e+02
-1.347090198418310969e+01 -1.009159956173859314e+02
-1.383360103261688501e+01 -1.009201145734911336e+02
-1.419630015196920425e+01 -1.009242334586776764e+02
-1.455899920040297779e+01 -1.009283524147828786e+02
-1.492169831975542316e+01 -1.009324713708880807e+02
-1.528439736818919847e+01 -1.009365902560746235e+02
-1.564709641662297201e+01 -1.009407092121798257e+02
-1.600979553597528948e+01 -1.009448281682850279e+02
-1.637249458440906480e+01 -1.009489470534715707e+02
-1.673519370376151016e+01 -1.009530660095767871e+02
-1.709789275219528548e+01 -1.009571849656819893e+02
-1.746059187154760295e+01 -1.009613038508685321e+02
-1.782329091998137827e+01 -1.009654228069737485e+02
-1.818598996841515358e+01 -1.009695417630789365e+02
-1.854868908776759895e+01 -1.009736606482654793e+02
-1.891138813620137071e+01 -1.009777796043706957e+02
-1.927408725555369173e+01 -1.009818985604758836e+02
-1.963678630398746705e+01 -1.009860175165811000e+02
-1.999948535242123882e+01 -1.009901364017676428e+02
-2.036218447177368418e+01 -1.009942553578728592e+02
-2.072488352020745950e+01 -1.009983743139780614e+02
-2.108758263955978052e+01 -1.010024931991646042e+02
-2.145028168799355228e+01 -1.010066121552698206e+02
-2.181298080734599765e+01 -1.010107311113750086e+02
-2.217568262160771297e+01 -1.010145871010677041e+02
-2.253838776904673935e+01 -1.010181338853778641e+02
-2.290109291648564138e+01 -1.010216806696880099e+02
-2.326379799300599771e+01 -1.010252273830795104e+02
-2.362650314044502409e+01 -1.010287741673896562e+02
-2.398920828788405046e+01 -1.010323209516998020e+02
-2.435191336440440679e+01 -1.010358676650913026e+02
-2.471461851184330882e+01 -1.010394144494014483e+02
-2.507732365928233520e+01 -1.010429611627929347e+02
-2.544002873580269153e+01 -1.010465079471030805e+02
-2.580273388324171790e+01 -1.010500547314132262e+02
-2.616543903068074428e+01 -1.010536014448047126e+02
-2.652814410720110061e+01 -1.010571482291148584e+02
-2.689084925463999909e+01 -1.010606949425063448e+02
-2.725355440207902902e+01 -1.010642417268165048e+02
-2.761625947859938179e+01 -1.010677885111266505e+02
-2.797896462603841172e+01 -1.010713352245181511e+02
-2.834166977347743810e+01 -1.010748820088282969e+02
-2.870437484999766653e+01 -1.010784287931384426e+02
-2.906707999743669291e+01 -1.010819755065299290e+02
-2.942978514487571928e+01 -1.010855222908400748e+02
-2.979249022139607561e+01 -1.010890690042315612e+02
-3.015519536883510199e+01 -1.010926157885417069e+02
-3.051790051627400402e+01 -1.010961625728518527e+02
-3.088060559279436035e+01 -1.010997092862433533e+02
-3.124331074023338672e+01 -1.011032560705534991e+02
-3.160601588767241310e+01 -1.011068028548636448e+02
-3.196872096419276943e+01 -1.011103495682551454e+02
-3.233142611163179936e+01 -1.011138963525652912e+02
-3.269413125907069428e+01 -1.011174430659567776e+02
-3.305683633559105061e+01 -1.011209898502669233e+02
-3.341954148303008054e+01 -1.011245366345770691e+02
-3.378224663046911047e+01 -1.011280833479685555e+02
-3.414495170698945969e+01 -1.011316301322787012e+02
-3.450765685442836173e+01 -1.011351769165888470e+02
-3.487036200186739165e+01 -1.011387236299803476e+02
-3.523306707838774798e+01 -1.011422704142904934e+02
-3.559577222582677081e+01 -1.011458171276819940e+02
-3.595847737326580074e+01 -1.011493639119921397e+02
-3.632118244978602917e+01 -1.011529106963022997e+02
-3.668388759722505910e+01 -1.011564574096937719e+02
-3.704659274466408192e+01 -1.011600041940039176e+02
-3.740929789210311185e+01 -1.011635509783140776e+02
-3.777200296862346818e+01 -1.011670976917055498e+02
-3.813470811606249100e+01 -1.011706444760156955e+02
-3.849741326350139303e+01 -1.011741911894071961e+02
-3.886011834002174936e+01 -1.011777379737173419e+02
-3.922282348746077929e+01 -1.011812847580275019e+02
-3.958553069154103099e+01 -1.011845949576687929e+02
-3.994824250533468302e+01 -1.011873705014891982e+02
-4.031095439004688075e+01 -1.011901461162282914e+02
-4.067366620384053277e+01 -1.011929217309673703e+02
-4.103637801763405690e+01 -1.011956972747877757e+02
-4.139908990234625463e+01 -1.011984728895268404e+02
-4.176180171613990666e+01 -1.012012485042659335e+02
-4.212451360085210439e+01 -1.012040241190050125e+02
-4.248722541464576352e+01 -1.012067996628254178e+02
-4.284993729935796125e+01 -1.012095752775644968e+02
-4.321264911315148538e+01 -1.012123508923035757e+02
-4.357536099786381101e+01 -1.012151265070426405e+02
-4.393807281165733514e+01 -1.012179020508630458e+02
-4.430078462545098716e+01 -1.012206776656021248e+02
-4.466349651016318489e+01 -1.012234532803412037e+02
-4.502620832395671613e+01 -1.012262288241616091e+02
-4.538892020866904176e+01 -1.012290044389006880e+02
-4.575163202246256589e+01 -1.012317800536397669e+02
-4.611434390717489151e+01 -1.012345556683788317e+02
-4.647705572096841564e+01 -1.012373312121992512e+02
-4.683976760568061337e+01 -1.012401068269383302e+02
-4.720247941947426540e+01 -1.012428824416774091e+02
-4.756519123326779663e+01 -1.012456580564164881e+02
-4.792790311798011516e+01 -1.012484336002369076e+02
-4.829061493177364639e+01 -1.012512092149759866e+02
-4.865332681648584412e+01 -1.012539848297150513e+02
-4.901603863027949615e+01 -1.012567603735354567e+02
-4.937875051499169388e+01 -1.012595359882745356e+02
-4.974146232878534590e+01 -1.012623116030136146e+02
-5.010417421349754363e+01 -1.012650872177526935e+02
-5.046688602729107487e+01 -1.012678627615730989e+02
-5.082959784108472689e+01 -1.012706383763121778e+02
-5.119230972579692462e+01 -1.012734139910512425e+02
-5.155502153959057665e+01 -1.012761896057903215e+02
-5.191773342430277438e+01 -1.012789651496107410e+02
-5.228044523809629851e+01 -1.012817407643498200e+02
-5.264315712280862414e+01 -1.012845163790888989e+02
-5.300586893660214827e+01 -1.012872919229093185e+02
-5.336858082131447389e+01 -1.012900675376483974e+02
-5.373129263510800513e+01 -1.012928431523874622e+02
-5.409400444890152926e+01 -1.012956187671265411e+02
-5.445671633361385489e+01 -1.012983943109469465e+02
-5.481942814740737902e+01 -1.013011699256860254e+02
-5.518214003211957674e+01 -1.013039455404251044e+02
-5.554485184591322877e+01 -1.013067211551641833e+02
-5.590756373062542650e+01 -1.013094966989845744e+02
-5.627027554441908563e+01 -1.013122723137236534e+02
-5.663298742913128336e+01 -1.013150479284627323e+02
-5.699569924292480749e+01 -1.013178234722831519e+02
-5.735841779399163443e+01 -1.013195072232447558e+02
-5.772113634505845425e+01 -1.013211888466463790e+02
-5.808385496704394768e+01 -1.013228703991293429e+02
-5.844657351811077461e+01 -1.013245519516123068e+02
-5.880929206917760155e+01 -1.013262335040952706e+02
-5.917201062024442137e+01 -1.013279151274969081e+02
-5.953472917131124831e+01 -1.013295966799798578e+02
-5.989744779329674174e+01 -1.013312782324628358e+02
-6.026016634436356867e+01 -1.013329598558644733e+02
-6.062288489543038850e+01 -1.013346414083474230e+02
-6.098560344649721543e+01 -1.013363229608303868e+02
-6.134832206848270886e+01 -1.013380045133133507e+02
-6.171104061954953579e+01 -1.013396861367149882e+02
-6.207375917061635562e+01 -1.013413676891979520e+02
-6.243647772168318255e+01 -1.013430492416809017e+02
-6.279919634366867598e+01 -1.013447308650825249e+02
-6.316191489473550291e+01 -1.013464124175655172e+02
-6.352463344580232274e+01 -1.013480939700484669e+02
-6.388735199686914967e+01 -1.013497755225314307e+02
-6.425007054793597661e+01 -1.013514571459330540e+02
-6.461278916992147003e+01 -1.013531386984160321e+02
-6.497550772098830407e+01 -1.013548202508989959e+02
-6.533822627205512390e+01 -1.013565018743006192e+02
-6.570094482312194373e+01 -1.013581834267835688e+02
-6.606366344510743716e+01 -1.013598649792665469e+02
-6.642638199617427119e+01 -1.013615465317495108e+02
-6.678910054724109102e+01 -1.013632281551511340e+02
-6.715181909830791085e+01 -1.013649097076340979e+02
-6.751453772029340428e+01 -1.013665912601170618e+02
-6.787725627136023832e+01 -1.013682728835187135e+02
-6.823997482242705814e+01 -1.013699544360016631e+02
-6.860269337349387797e+01 -1.013716359884846128e+02
-6.896541192456071201e+01 -1.013733175409675908e+02
-6.932813054654620544e+01 -1.013749991643692283e+02
-6.969084909761302526e+01 -1.013766807168521922e+02
-7.005356764867984509e+01 -1.013783622693351418e+02
-7.041628619974667913e+01 -1.013800438927367651e+02
-7.077900482173217256e+01 -1.013817254452197574e+02
-7.114172337279899239e+01 -1.013834069977027070e+02
-7.150444192386581221e+01 -1.013850885501856567e+02
-7.186716047493264625e+01 -1.013867701735872942e+02
-7.222987902599946608e+01 -1.013884517260702580e+02
-7.259259764798490266e+01 -1.013901332785532361e+02
-7.295531619905172249e+01 -1.013918149019548594e+02
-7.331803475011854232e+01 -1.013934964544378090e+02
-7.368075344302270935e+01 -1.013951208464762175e+02
-7.404347589461616508e+01 -1.013951306332520801e+02
-7.440619841712828020e+01 -1.013951404909466163e+02
-7.476892086872172172e+01 -1.013951502777224931e+02
-7.513164332031517745e+01 -1.013951601354170151e+02
-7.549436577190854791e+01 -1.013951699221928919e+02
-7.585708822350200364e+01 -1.013951797798874281e+02
-7.621981074601411876e+01 -1.013951895666632907e+02
-7.658253319760756028e+01 -1.013951994243578270e+02
-7.694525564920101601e+01 -1.013952092111337038e+02
-7.730797810079445753e+01 -1.013952190688282542e+02
-7.767070055238789905e+01 -1.013952288556041026e+02
-7.803342307489995733e+01 -1.013952386423799652e+02
-7.839614552649341306e+01 -1.013952485000745156e+02
-7.875886797808685458e+01 -1.013952582868503924e+02
-7.912159042968029610e+01 -1.013952681445449286e+02
-7.948431288127375183e+01 -1.013952779313207913e+02
-7.984703540378586695e+01 -1.013952877890153133e+02
-8.020975785537925162e+01 -1.013952975757911901e+02
-8.057248030697269314e+01 -1.013953074334857263e+02
-8.093520275856613466e+01 -1.013953172202616031e+02
-8.129792521015959039e+01 -1.013953270779561393e+02
-8.166064766175303191e+01 -1.013953368647320019e+02
-8.202337018426514703e+01 -1.013953467224265239e+02
-8.238609263585853171e+01 -1.013953565092024149e+02
-8.274881508745198744e+01 -1.013953663668969511e+02
-8.311153753904542896e+01 -1.013953761536728138e+02
-8.347425999063887048e+01 -1.013953860113673500e+02
-8.383698251315099981e+01 -1.013953957981432268e+02
-8.419970496474444133e+01 -1.013954056558377488e+02
-8.456242741633788285e+01 -1.013954154426136256e+02
-8.492514986793126752e+01 -1.013954253003081618e+02
-8.528787231952472325e+01 -1.013954350870840244e+02
-8.565059484203683837e+01 -1.013954449447785606e+02
-8.601331729363027989e+01 -1.013954547315544374e+02
-8.637603974522372141e+01 -1.013954645892489879e+02
-8.673876219681717714e+01 -1.013954743760248363e+02
-8.710148464841061866e+01 -1.013954842337193725e+02
-8.746420710000400334e+01 -1.013954940204952493e+02
-8.782692962251611846e+01 -1.013955038781897855e+02
-8.818965207410957419e+01 -1.013955136649656623e+02
-8.855237452570301571e+01 -1.013955235226601985e+02
-8.891508669408989363e+01 -1.013929053473590045e+02
-8.927779786961551167e+01 -1.013900458358384071e+02
-8.964050904514111551e+01 -1.013871862533990935e+02
-9.000322022066666250e+01 -1.013843266709598083e+02
-9.036593146711093993e+01 -1.013814670885205089e+02
-9.072864264263655798e+01 -1.013786075769998973e+02
-9.109135381816209076e+01 -1.013757479945605837e+02
-9.145406499368770881e+01 -1.013728884121212985e+02
-9.181677624013191519e+01 -1.013700289006006585e+02
-9.217948741565753323e+01 -1.013671693181613875e+02
-9.254219859118313707e+01 -1.013643097357220881e+02
-9.290490976670868406e+01 -1.013614501532827887e+02
-9.326762101315296150e+01 -1.013585906417621629e+02
-9.363033218867856533e+01 -1.013557310593228777e+02
-9.399304336420411232e+01 -1.013528714768835925e+02
-9.435575453972973037e+01 -1.013500118944442789e+02
-9.471846578617400780e+01 -1.013471523829236673e+02
-9.508117696169955479e+01 -1.013442928004843537e+02
-9.544388813722515863e+01 -1.013414332180450828e+02
-9.580659931275076246e+01 -1.013385737065244427e+02
-9.616931055919498306e+01 -1.013357141240851576e+02
-9.653202173472058689e+01 -1.013328545416458724e+02
-9.689473291024620494e+01 -1.013299949592065730e+02
-9.725744408577175193e+01 -1.013271354476859329e+02
-9.762015533221602936e+01 -1.013242758652466478e+02
-9.798286650774163320e+01 -1.013214162828073626e+02
-9.834557768326718019e+01 -1.013185567003680632e+02
-9.870828885879278403e+01 -1.013156971888474374e+02
-9.907100010523700462e+01 -1.013128376064081380e+02
-9.943371128076260845e+01 -1.013099780239688670e+02
-9.979642245628822650e+01 -1.013071185124482270e+02
-1.001591336318137735e+02 -1.013042589300089418e+02
-1.005218448782580509e+02 -1.013013993475696282e+02
-1.008845420118878167e+02 -1.012976759757818286e+02
-1.012471546104680442e+02 -1.012887488050592566e+02
-1.016097672090483286e+02 -1.012798216343366704e+02
-1.019723798076285419e+02 -1.012708944636141126e+02
-1.023349924062087695e+02 -1.012619672928915264e+02
-1.026976050047889970e+02 -1.012530401930876138e+02
-1.030602175324505367e+02 -1.012441130223650561e+02
-1.034228301310307643e+02 -1.012351858516424699e+02
-1.037854427296110487e+02 -1.012262586809198979e+02
-1.041480553281912762e+02 -1.012173315101973117e+02
-1.045106679267714895e+02 -1.012084043394747255e+02
-1.048732805253517171e+02 -1.011994771687521535e+02
-1.052358931239319304e+02 -1.011905499980295673e+02
-1.055985057225121579e+02 -1.011816228273070095e+02
-1.059611183210924423e+02 -1.011726957275030827e+02
-1.063237309196726699e+02 -1.011637685567805107e+02
-1.066863435182528832e+02 -1.011548413860579387e+02
-1.070489561168331107e+02 -1.011459142153353667e+02
-1.074115687154133383e+02 -1.011369870446127948e+02
-1.077741812430748780e+02 -1.011280598738902086e+02
-1.081367938416551766e+02 -1.011191327031676224e+02
-1.084994064402353899e+02 -1.011102055324450504e+02
-1.088620190388156175e+02 -1.011012783617224642e+02
-1.092246316373958308e+02 -1.010923511909999064e+02
-1.095870034671059727e+02 -1.010789676331606017e+02
-1.099484668287081064e+02 -1.010487715999942964e+02
-1.103099302612289847e+02 -1.010185754959093174e+02
-1.106713936228311894e+02 -1.009883794627430262e+02
-1.110328570553520535e+02 -1.009581834295767209e+02
-1.113943204169542014e+02 -1.009279873964104013e+02
-1.117557838494750655e+02 -1.008977913632440959e+02
-1.121172472110772702e+02 -1.008675953300777763e+02
-1.124787105726794749e+02 -1.008373992969114710e+02
-1.128401740052002822e+02 -1.008072032637451656e+02
-1.132016373668024869e+02 -1.007770072305788744e+02
