-2.682117312507618294e+02 -4.606500194247762914e-01
-2.680272662106532948e+02 -3.947756010873299526e-01
-2.678427434829860090e+02 -3.290629435792649105e-01
-2.676581634484496135e+02 -2.635114315532030571e-01
-2.674735264806837449e+02 -1.981204506688709899e-01
-2.672888329503068121e+02 -1.328893926287084692e-01
-2.671040832289443756e+02 -6.781765215641151479e-02
-2.669192776791578581e+02 -2.904628004266218699e-03
-2.667344166655229287e+02 6.185027805418496366e-02
-2.665495005475798393e+02 1.264476612240000575e-01
-2.663645296798330264e+02 1.908881126818474938e-01
-2.661795044167871538e+02 2.551722205829389245e-01
-2.659944251089181648e+02 3.193005680470491492e-01
-2.658092921026737940e+02 3.832737361796007547e-01
-2.656241057434944537e+02 4.470923040718358665e-01
-2.654388663717851955e+02 5.107568437652073579e-01
-2.652535743279510143e+02 5.742679283082442465e-01
-2.650682299453467863e+02 6.376261236997149418e-01
-2.648828336953026792e+02 7.008319475968255441e-01
-2.646973856583878160e+02 7.638860465675386680e-01
-2.645118862777328559e+02 8.267889392761363920e-01
-2.643263358786360300e+02 8.895411786289421086e-01
-2.641407347813599813e+02 9.521433175321361020e-01
-2.639550833081814858e+02 1.014595903856433168e+00
-2.637693817733206743e+02 1.076899481444015594e+00
-2.635836304920044881e+02 1.139054593129960491e+00
-2.633978297764386411e+02 1.201061777720956236e+00
-2.632119799358075056e+02 1.262921569995129056e+00
-2.630260812762741125e+02 1.324634503723530088e+00
-2.628401341009800944e+02 1.386201106634553648e+00
-2.626541387130671978e+02 1.447621906456566299e+00
-2.624680954116485623e+02 1.508897426889458604e+00
-2.622820044918090616e+02 1.570028188611778841e+00
-2.620958662486333424e+02 1.631014708273657465e+00
-2.619096809751919750e+02 1.691857500510929757e+00
-2.617234489595198283e+02 1.752557077945250175e+00
-2.615371704896519418e+02 1.813113949169769645e+00
-2.613508458495947480e+02 1.873528620763487140e+00
-2.611644753233547931e+02 1.933801594269735302e+00
-2.609780591899029218e+02 1.993933371231876084e+00
-2.607915977282101494e+02 2.053924448157719684e+00
-2.606050912132187705e+02 2.113775320547942815e+00
-2.604185399188642691e+02 2.173486480881908989e+00
-2.602319441180747503e+02 2.233058416603316054e+00
-2.600453040777358069e+02 2.292491616163080170e+00
-2.598586200667471644e+02 2.351786560962243477e+00
-2.596718923499801122e+02 2.410943734416113315e+00
-2.594851211892846550e+02 2.469963613897313337e+00
-2.592983068475178356e+02 2.528846674764172242e+00
-2.591114495814939573e+02 2.587593391367998930e+00
-2.589245496490347023e+02 2.646204232017333791e+00
-2.587376073049400134e+02 2.704679666027877349e+00
-2.585506228009887764e+02 2.763020158686826822e+00
-2.583635963899669719e+02 2.821226173267198600e+00
-2.581765283186176703e+02 2.879298168006400704e+00
-2.579894188356984159e+02 2.937236602148974196e+00
-2.578022681839239567e+02 2.995041930910985251e+00
-2.576150766090304387e+02 3.052714605480023380e+00
-2.574278443507112684e+02 3.110255077043707850e+00
-2.572405716486599090e+02 3.167663793768343616e+00
-2.570532587405553500e+02 3.224941199791674595e+00
-2.568659058610556372e+02 3.282087739251530856e+00
-2.566785132448185891e+02 3.339103851250161625e+00
-2.564910811244877777e+02 3.395989974889760177e+00
-2.563036097296853768e+02 3.452746545244099963e+00
-2.561160992890266925e+02 3.509373995372746080e+00
-2.559285500281054055e+02 3.565872756320969561e+00
-2.557409621745296135e+02 3.622243257119859727e+00
-2.555533359498647030e+02 3.678485924786268679e+00
-2.553656715756759752e+02 3.734601182308544320e+00
-2.551779692735287597e+02 3.790589450660911019e+00
-2.549902292599528266e+02 3.846451150817451037e+00
-2.548024517524850410e+02 3.902186699723912966e+00
-2.546146369656410116e+02 3.957796512311723358e+00
-2.544267851129290818e+02 4.013281001498126166e+00
-2.542388964068506141e+02 4.068640576171891787e+00
-2.540509710578926956e+02 4.123875647236028286e+00
-2.538630092725138354e+02 4.178986619550856929e+00
-2.536750112601941396e+02 4.233973897976674117e+00
-2.534869772253778990e+02 4.288837883345297364e+00
-2.532989073725095182e+02 4.343578976488631227e+00
-2.531108019040192119e+02 4.398197574210048977e+00
-2.529226610203228347e+02 4.452694072305816597e+00
-2.527344849218362981e+02 4.507068864557964183e+00
-2.525462738069613238e+02 4.561322342734341895e+00
-2.523580278700712256e+02 4.615454895581398986e+00
-2.521697473085604599e+02 4.669466910838480089e+00
-2.519814323157952174e+02 4.723358772216455392e+00
-2.517930830831272999e+02 4.777130865440518015e+00
-2.516046998019087368e+02 4.830783570193033505e+00
-2.514162826604699887e+02 4.884317267163559073e+00
-2.512278318491557911e+02 4.937732332006069313e+00
-2.510393475542825001e+02 4.991029140374569906e+00
-2.508508299601522538e+02 5.044208065908740934e+00
-2.506622792520741712e+02 5.097269480234142058e+00
-2.504736956113289637e+02 5.150213752962033986e+00
-2.502850792202045511e+02 5.203041251689444202e+00
-2.500964302589745500e+02 5.255752340992111193e+00
-2.499077489058983303e+02 5.308347386452822114e+00
-2.497190353392352620e+02 5.360826748618814364e+00
-2.495302897332163354e+02 5.413190789044485918e+00
-2.493415122650937974e+02 5.465439864248596180e+00
-2.491527031080913730e+02 5.517574330749934752e+00
-2.489638624334187966e+02 5.569594545067262814e+00
-2.487749904142997934e+02 5.621500857676684504e+00
-2.485860872189226143e+02 5.673293621068514092e+00
-2.483971530164826049e+02 5.724973183704590518e+00
-2.482081879761751964e+02 5.776539893039703166e+00
-2.480191922621600611e+02 5.827994094514348689e+00
-2.478301660416183552e+02 5.879336132561919115e+00
-2.476411094777027984e+02 5.930566349601597231e+00
-2.474520227335659683e+02 5.981685084024060295e+00
-2.472629059703463099e+02 6.032692676234254314e+00
-2.470737593501894764e+02 6.083589462608704146e+00
-2.468845830312124008e+02 6.134375779523822736e+00
-2.466953771735465466e+02 6.185051958320528342e+00
-2.465061419322875338e+02 6.235618332353976001e+00
-2.463168774655524658e+02 6.286075231957950038e+00
-2.461275839274300381e+02 6.336422985451970469e+00
-2.459382614720088327e+02 6.386661919141401356e+00
-2.457489102523703934e+02 6.436792358324448848e+00
-2.455595304215961789e+02 6.486814628299289787e+00
-2.453701221297464201e+02 6.536729049328604546e+00
-2.451806855258740541e+02 6.586535941674989125e+00
-2.449912207600393401e+02 6.636235625601069721e+00
-2.448017279792810825e+02 6.685828418348185309e+00
-2.446122073306381139e+02 6.735314634136247314e+00
-2.444226589591349921e+02 6.784694587185166270e+00
-2.442330830118104927e+02 6.833968591714969953e+00
-2.440434796296608795e+02 6.883136957917065146e+00
-2.438538489577105963e+02 6.932199993968707119e+00
-2.436641911369558500e+02 6.981158010061418118e+00
-2.434745063083927619e+02 7.030011311351112013e+00
-2.432847946110032638e+02 7.078760202993614747e+00
-2.430950561847762401e+02 7.127404988130688679e+00
-2.429052911686937364e+02 7.175945969903981592e+00
-2.427154996977091059e+02 7.224383447426691696e+00
-2.425256819097971857e+02 7.272717719812020754e+00
-2.423358379389042057e+02 7.320949085166121861e+00
-2.421459679199837183e+02 7.369077839580822520e+00
-2.419560719869819252e+02 7.417104278140877582e+00
-2.417661502718310089e+02 7.465028692909726260e+00
-2.415762029074701900e+02 7.512851375950750032e+00
-2.413862300228101105e+02 7.560572618320228422e+00
-2.411962317487758298e+02 7.608192709060257464e+00
-2.410062082142781037e+02 7.655711935198669771e+00
-2.408161595472205079e+02 7.703130582756161360e+00
-2.406260858765137982e+02 7.750448937753459333e+00
-2.404359873270403511e+02 7.797667282182787041e+00
-2.402458640246893822e+02 7.844785900050689875e+00
-2.400557160953504763e+02 7.891805069320942501e+00
-2.398655436628986308e+02 7.938725071985769155e+00
-2.396753468491949661e+02 7.985546183994792102e+00
-2.394851257781145364e+02 8.032268684318863095e+00
-2.392948805705111965e+02 8.078892846893340973e+00
-2.391046113482458964e+02 8.125418945653581915e+00
-2.389143182301582158e+02 8.171847254534885252e+00
-2.387240013360948296e+02 8.218178043444163805e+00
-2.385336607848954600e+02 8.264411584302477465e+00
-2.383432966933852697e+02 8.310548145002499609e+00
-2.381529091783897911e+02 8.356587993436875195e+00
-2.379624983577413957e+02 8.402531395484011512e+00
-2.377720643452441607e+02 8.448378617022283876e+00
-2.375816072567163815e+02 8.494129921915950732e+00
-2.373911272059619364e+02 8.539785573022015797e+00
-2.372006243057778647e+02 8.585345830176230209e+00
-2.370100986689609499e+02 8.630810955228525927e+00
-2.368195504062939847e+02 8.676181206000416424e+00
-2.366289796305737809e+02 8.721456841320517128e+00
-2.364383864515759228e+02 8.766638116996045227e+00
-2.362477709780688713e+02 8.811725288834308500e+00
-2.360571333208352769e+02 8.856718609621179183e+00
-2.358664735856222308e+02 8.901618334156855994e+00
-2.356757918822053455e+02 8.946424713212980606e+00
-2.354850883173387217e+02 8.991137997561244433e+00
-2.352943629957624410e+02 9.035758436966238705e+00
-2.351036160242306607e+02 9.080286279178260145e+00
-2.349128475064762824e+02 9.124721770940585230e+00
-2.347220575492535488e+02 9.169065160003537329e+00
-2.345312462532738493e+02 9.213316689081862521e+00
-2.343404137232772655e+02 9.257476602904569418e+00
-2.341495600599753288e+02 9.301545144186432523e+00
-2.339586853671009123e+02 9.345522554635062207e+00
-2.337677897443582822e+02 9.389409073943888018e+00
-2.335769155157639716e+02 9.433195266450621119e+00
-2.333859790524857374e+02 9.476900577535561254e+00
-2.331950219675166522e+02 9.520515711525352032e+00
-2.330040443595540296e+02 9.564040903077900779e+00
-2.328130463252808511e+02 9.607476388865212158e+00
-2.326220279623873637e+02 9.650822400523850320e+00
-2.324309893685637007e+02 9.694079173718742837e+00
-2.322399306404929291e+02 9.737246937065025421e+00
-2.320488518718368312e+02 9.780325924213418176e+00
-2.318577531582712368e+02 9.823316362772008148e+00
-2.316666345944650232e+02 9.866218481355904402e+00
-2.314754962740799158e+02 9.909032508580246201e+00
-2.312843382907776117e+02 9.951758670038884702e+00
-2.310931607372127417e+02 9.994397192332721502e+00
-2.309019637050327276e+02 1.003694829803417754e+01
-2.307107472858851622e+02 1.007941221273710752e+01
-2.305195115704102591e+02 1.012178915699972492e+01
-2.303282566502556392e+02 1.016407935339448443e+01
-2.301369826140473833e+02 1.020628302247962793e+01
-2.299456895514186670e+02 1.024840038279913479e+01
-2.297543775520029214e+02 1.029043165390411296e+01
-2.295630467034190474e+02 1.033237705333149492e+01
-2.293716970932860306e+02 1.037423679660388665e+01
-2.291803288082158758e+02 1.041601109924392254e+01
-2.289889419368347205e+02 1.045770017677432406e+01
-2.287975365637402092e+02 1.049930424270345952e+01
-2.286061127755441476e+02 1.054082350953267877e+01
-2.284146706558372841e+02 1.058225818875611424e+01
-2.282232102912313962e+02 1.062360849186801204e+01
-2.280317317643099955e+02 1.066487462734121472e+01
-2.278402351596707263e+02 1.070605680566275097e+01
-2.276487205598970434e+02 1.074715523429842001e+01
-2.274571880485794679e+02 1.078817012071390558e+01
-2.272656377062872934e+02 1.082910167036071059e+01
-2.270740696156039462e+02 1.086995008869036639e+01
-2.268824838581056724e+02 1.091071558014721887e+01
-2.266908805133546707e+02 1.095139834816858837e+01
-2.264992596629272725e+02 1.099199859619171171e+01
-2.263076213853784111e+02 1.103251652463248611e+01
-2.261159657612773231e+02 1.107295233491402620e+01
-2.259242928681719036e+02 1.111330622745219543e+01
-2.257326027856241808e+02 1.115357840064871020e+01
-2.255408955901749835e+02 1.119376905290525492e+01
-2.253491713603792732e+02 1.123387838060933852e+01
-2.251574301727778220e+02 1.127390658216258679e+01
-2.249656721039113449e+02 1.131385385193826920e+01
-2.247738972293135475e+02 1.135372038430962327e+01
-2.245821056265321829e+02 1.139350637364989005e+01
-2.243902973690867952e+02 1.143321201433227863e+01
-2.241984725325109480e+02 1.147283749569444744e+01
-2.240066311903241001e+02 1.151238301210966775e+01
-2.238147734170526633e+02 1.155184875291553759e+01
-2.236228992872233619e+02 1.159123490744977580e+01
-2.234310088723411809e+02 1.163054166504998399e+01
-2.232391022449185130e+02 1.166976921303964154e+01
-2.230471794784747033e+02 1.170891774075637670e+01
-2.228552406445150211e+02 1.174798743250226885e+01
-2.226632858145445653e+02 1.178697847560077072e+01
-2.224713150590614532e+02 1.182589105334682600e+01
-2.222793284485636889e+02 1.186472535104964798e+01
-2.220873260535494182e+02 1.190348155200415547e+01
-2.218953079445166736e+02 1.194215983849827190e+01
-2.217032741899492692e+02 1.198076039181268015e+01
-2.215112248593381139e+02 1.201928339423527703e+01
-2.213191600211671641e+02 1.205772902402540225e+01
-2.211270797429130539e+02 1.209609746246381867e+01
-2.209349840940667207e+02 1.213438888780992286e+01
-2.207428731400906372e+02 1.217260347630887019e+01
-2.205507469504758831e+02 1.221074140722716095e+01
-2.203586055896776372e+02 1.224880285680995229e+01
-2.201664491261798844e+02 1.228678799928816368e+01
-2.199742776234308508e+02 1.232469700989987338e+01
-2.197820911499143506e+02 1.236253006388310816e+01
-2.195898897680714867e+02 1.240028733446168197e+01
-2.193976735443719122e+02 1.243796899284519952e+01
-2.192054425432709763e+02 1.247557521326455188e+01
-2.190131968292241140e+02 1.251310616491510608e+01
-2.188209364646723998e+02 1.255056201900646862e+01
-2.186286615140711831e+02 1.258794294674818559e+01
-2.184363720398617090e+02 1.262524911532142013e+01
-2.182440681064992987e+02 1.266248069392150732e+01
-2.180517497734036851e+02 1.269963784972958010e+01
-2.178594171060374549e+02 1.273672075093384137e+01
-2.176670701638203695e+02 1.277372956270121485e+01
-2.174747090081864371e+02 1.281066445019862066e+01
-2.172823337005696658e+02 1.284752557960002584e+01
-2.170899443024041489e+02 1.288431311506519172e+01
-2.168975408731096479e+02 1.292102721873972371e+01
-2.167051234741201711e+02 1.295766805478335471e+01
-2.165126921628413186e+02 1.299423578433452775e+01
-2.163202470007070701e+02 1.303073057054592709e+01
-2.161277880451230828e+02 1.306715257153459753e+01
-2.159353153565161563e+02 1.310350195045322508e+01
-2.157428289912848527e+02 1.313977886441180587e+01
-2.155503290098560001e+02 1.317598347354159571e+01
-2.153578154686281039e+02 1.321211593495262271e+01
-2.151652884250066506e+02 1.324817640776906735e+01
-2.149727479363973259e+02 1.328416504708668633e+01
-2.147801940602056163e+02 1.332008201001542425e+01
-2.145876268518227903e+02 1.335592745265814507e+01
-2.143950462407509576e+02 1.339170155226711323e+01
-2.142024525361744054e+02 1.342740441660368589e+01
-2.140098456686021109e+02 1.346303622292012570e+01
-2.138172256914112666e+02 1.349859712429795522e+01
-2.136245926620074442e+02 1.353408727281153645e+01
-2.134319466337676658e+02 1.356950682053526158e+01
-2.132392876610762187e+02 1.360485591752936507e+01
-2.130466157983173332e+02 1.364013471687528600e+01
-2.128539310998752114e+02 1.367534336561186414e+01
-2.126612336191269605e+02 1.371048201379925047e+01
-2.124685234094496593e+02 1.374555081149765456e+01
-2.122758005232133769e+02 1.378054990574585936e+01
-2.120830650127879551e+02 1.381547944358270108e+01
-2.118903169325577380e+02 1.385033957204699284e+01
-2.116975563338855864e+02 1.388513043817754244e+01
-2.115047832681343891e+02 1.391985218699895022e+01
-2.113119977866669217e+02 1.395450496353579162e+01
-2.111191999418533385e+02 1.398908891281269185e+01
-2.109263897840492064e+02 1.402360417783999047e+01
-2.107335673646175564e+02 1.405805090263512369e+01
-2.105407327349211926e+02 1.409242923020851102e+01
-2.103478859433016908e+02 1.412673930155622415e+01
-2.101550270401147316e+02 1.416098125968868082e+01
-2.099621560767232609e+02 1.419515524358774172e+01
-2.097692731014687695e+02 1.422926139626376951e+01
-2.095763781647070516e+02 1.426329985569154601e+01
-2.093834713137724748e+02 1.429727076186006762e+01
-2.091905525980137384e+02 1.433117425274416945e+01
-2.089976220667794280e+02 1.436501046833279105e+01
-2.088046797674040818e+02 1.439877954458656006e+01
-2.086117257482290483e+02 1.443248161847310129e+01
-2.084187600565888658e+02 1.446611682696009282e+01
-2.082257827408250535e+02 1.449968530701518254e+01
-2.080327938482719503e+02 1.453318719258470892e+01
-2.078397934242498479e+02 1.456662261862214258e+01
-2.076467815171001519e+02 1.459999172108796728e+01
-2.074537581731502769e+02 1.463329463191431579e+01
-2.072607234387274957e+02 1.466653148504749105e+01
-2.070676773601590526e+02 1.469970241342672956e+01
-2.068746199817580873e+02 1.473280754898409661e+01
-2.066815513508589390e+02 1.476584702264459104e+01
-2.064884715117747191e+02 1.479882096734738361e+01
-2.062953805098256339e+02 1.483172951200323197e+01
-2.061022783903318611e+02 1.486457278753716160e+01
-2.059091651986135219e+02 1.489735092386697168e+01
-2.057160409769695377e+02 1.493006404889628946e+01
-2.055229057717270962e+02 1.496271229153592586e+01
-2.053297596251851758e+02 1.499529578069655145e+01
-2.051366025826638975e+02 1.502781464226761088e+01
-2.049434346864620125e+02 1.506026900515986000e+01
-2.047502559808927458e+02 1.509265899425554913e+01
-2.045570665082548771e+02 1.512498473645120001e+01
-2.043638663128614041e+02 1.515724635763622530e+01
-2.041706554349970588e+02 1.518944398168580179e+01
-2.039774339199819337e+02 1.522157773247507606e+01
-2.037842018070935239e+02 1.525364773690059828e+01
-2.035909591406449124e+02 1.528565411581614164e+01
-2.033977059619278975e+02 1.531759699309691314e+01
-2.032044423122340788e+02 1.534947649060385189e+01
-2.030111682338623780e+02 1.538129273221210447e+01
-2.028178837660902047e+02 1.541304583776840076e+01
-2.026245889522236610e+02 1.544473592913367987e+01
-2.024312838315400995e+02 1.547636312716174878e+01
-2.022379684453312905e+02 1.550792755069219986e+01
-2.020446428338818521e+02 1.553942932057890047e+01
-2.018513070364692226e+02 1.557086855566138794e+01
-2.016579610943852572e+02 1.560224537477928486e+01
-2.014646050469072804e+02 1.563355989576508698e+01
-2.012712389343199959e+02 1.566481223645122611e+01
-2.010778627948938038e+02 1.569600251467022467e+01
-2.008844766689133223e+02 1.572713084724741250e+01
-2.006910805946487812e+02 1.575819735000107080e+01
-2.004976746113778461e+02 1.578920213975653120e+01
-2.003042587573707465e+02 1.582014533031783898e+01
-2.001108330719051480e+02 1.585102703851032224e+01
-1.999173975922441855e+02 1.588184737813802627e+01
-1.997239523566582591e+02 1.591260646401210366e+01
-1.995304974044248638e+02 1.594330440792227321e+01
-1.993370327707930301e+02 1.597394132467974082e+01
-1.991435584950402529e+02 1.600451732708139119e+01
-1.989500746144298375e+02 1.603503252691697867e+01
-1.987565811662250326e+02 1.606548703597630023e+01
-1.985630781866819348e+02 1.609588096705627791e+01
-1.983695657130638210e+02 1.612621442892536905e+01
-1.981760437816268166e+02 1.615648753337330135e+01
-1.979825124296342835e+02 1.618670039118280357e+01
-1.977889716923351955e+02 1.621685311112231176e+01
-1.975954216069928009e+02 1.624694580296733903e+01
-1.974018622088560733e+02 1.627697857548637828e+01
-1.972082935331741851e+02 1.630695153744784065e+01
-1.970147156172103280e+02 1.633686479560594762e+01
-1.968211284952063806e+02 1.636671845872913877e+01
-1.966275322014043070e+02 1.639651263357161071e+01
-1.964339267730673555e+02 1.642624742688759554e+01
-1.962403122444374901e+02 1.645592294543131473e+01
-1.960466886487494094e+02 1.648553929494983805e+01
-1.958530560232664186e+02 1.651509658018315463e+01
-1.956594144002163205e+02 1.654459490687835910e+01
-1.954657638138408231e+02 1.657403437977543703e+01
-1.952721043003962222e+02 1.660341510361438111e+01
-1.950784358911030552e+02 1.663273718112091260e+01
-1.948847586222175039e+02 1.666200071602791866e+01
-1.946910725249600205e+02 1.669120581206825804e+01
-1.944973776345797489e+02 1.672035257096057137e+01
-1.943036739843114731e+02 1.674944109643772094e+01
-1.941099616063828819e+02 1.677847148820411505e+01
-1.939162405340287023e+02 1.680744384999260532e+01
-1.937225108014909267e+02 1.683635828150763558e+01
-1.935287724389829691e+02 1.686521488346066278e+01
-1.933350254807468218e+02 1.689401375555615203e+01
-1.931412699590101170e+02 1.692275499951269069e+01
-1.929475059049933918e+02 1.695143871402761704e+01
-1.927537333519315155e+02 1.698006499679107151e+01
-1.925599523310449968e+02 1.700863394851457144e+01
-1.923661628745615815e+02 1.703714566688831056e+01
-1.921723650147088733e+02 1.706560024859533797e+01
-1.919785587806933336e+02 1.709399779334005132e+01
-1.917847442067567840e+02 1.712233839679842262e+01
-1.915909213221056291e+02 1.715062215666062073e+01
-1.913970901579603492e+02 1.717884916860255018e+01
-1.912032507465487186e+02 1.720701952830017234e+01
-1.910094031170769995e+02 1.723513333243658963e+01
-1.908155473007658998e+02 1.726319067668767104e+01
-1.906216833288358146e+02 1.729119165471520247e+01
-1.904278112304932336e+02 1.731913636219509200e+01
-1.902339310369586372e+02 1.734702489278905801e+01
-1.900400427774383729e+02 1.737485733915169916e+01
-1.898461464821459117e+02 1.740263379695897683e+01
-1.896522421802876579e+02 1.743035435785831666e+01
-1.894583299030840919e+02 1.745801911551150454e+01
-1.892644096787344665e+02 1.748562816156599808e+01
-1.890704815374522809e+02 1.751318158867636399e+01
-1.888765455074366741e+02 1.754067948748300765e+01
-1.886826016189011739e+02 1.756812194963342222e+01
-1.884886499000450044e+02 1.759550906677503335e+01
-1.882946903790673332e+02 1.762284092854114803e+01
-1.881007230871888396e+02 1.765011762657925587e+01
-1.879067480505943593e+02 1.767733924850831073e+01
-1.877127652984904103e+02 1.770450588597588748e+01
-1.875187748600831696e+02 1.773161762760804194e+01
-1.873247767625648521e+02 1.775867456203094719e+01
-1.871307710341346535e+02 1.778567677686364945e+01
-1.869367577029917982e+02 1.781262436173936692e+01
-1.867427367963284439e+02 1.783951740327000124e+01
-1.865487083433508531e+02 1.786635598907463063e+01
-1.863546723702440602e+02 1.789314020777930736e+01
-1.861606289052072043e+02 1.791987014398179312e+01
-1.859665779744254621e+02 1.794654588530106309e+01
-1.857725196071050391e+02 1.797316751734189921e+01
-1.855784538284238465e+02 1.799973512671623155e+01
-1.853843806665811371e+02 1.802624879701463101e+01
-1.851903001477618602e+02 1.805270861585610476e+01
-1.849962122991581737e+02 1.807911466582411464e+01
-1.848021171459479319e+02 1.810546703252343193e+01
-1.846080147173374542e+02 1.813176579954459910e+01
-1.844139050374975284e+02 1.815801105047823327e+01
-1.842197881336202840e+02 1.818420286891487336e+01
-1.840256640318906989e+02 1.821034133844505831e+01
-1.838315327574866558e+02 1.823642654165224286e+01
-1.836373943365930756e+02 1.826245856011278690e+01
-1.834432487964022016e+02 1.828843747741722225e+01
-1.832490961610847364e+02 1.831436337413477844e+01
-1.830549364558185630e+02 1.834023633184177982e+01
-1.828607697077957255e+02 1.836605643211457917e+01
-1.826665959411871256e+02 1.839182375552237403e+01
-1.824724151821776275e+02 1.841753838263435838e+01
-1.822782274539309526e+02 1.844320039301268110e+01
-1.820840327836392021e+02 1.846880986823363457e+01
-1.818898311954731639e+02 1.849436688685220886e+01
-1.816956227136035125e+02 1.851987152742341536e+01
-1.815014073642153676e+02 1.854532387051645159e+01
-1.813071851704722519e+02 1.857072399267206109e+01
-1.811129561565450672e+02 1.859607197345236074e+01
-1.809187203486186775e+02 1.862136789141234061e+01
-1.807244777688497379e+02 1.864661182309277621e+01
-1.805302284434231126e+02 1.867180384604148458e+01
-1.803359723955025231e+02 1.869694403881348777e+01
-1.801417096482516342e+02 1.872203247593528985e+01
-1.799474402268483004e+02 1.874706923495477184e+01
-1.797531641544562433e+02 1.877205439241268436e+01
-1.795588814542389855e+02 1.879698802283558834e+01
-1.793645921503673435e+02 1.882187020276417755e+01
-1.791702962670120769e+02 1.884670100873925946e+01
-1.789759938253226892e+02 1.887148051327310228e+01
-1.787816848504769496e+02 1.889620879189934755e+01
-1.785873693656385512e+02 1.892088591914453488e+01
-1.783930473929640357e+02 1.894551196953514705e+01
-1.781987189556170392e+02 1.897008701558353749e+01
-1.780043840757541034e+02 1.899461113282332647e+01
-1.778100427785530542e+02 1.901908439175254273e+01
-1.776156950841563287e+02 1.904350686790486336e+01
-1.774213410157274495e+02 1.906787863177837039e+01
-1.772269805964301099e+02 1.909219975588528939e+01
-1.770326138474137281e+02 1.911647031374510419e+01
-1.768382407928490920e+02 1.914069037585581867e+01
-1.766438614538855916e+02 1.916486001372266657e+01
-1.764494758516726449e+02 1.918897929885077858e+01
-1.762550840093739168e+02 1.921304830274535291e+01
-1.760606859491459772e+02 1.923706709389024283e+01
-1.758662816921381307e+02 1.926103574479772007e+01
-1.756718712594999090e+02 1.928495432395163789e+01
-1.754774546743949486e+02 1.930882290084290176e+01
-1.752830319579726392e+02 1.933264154697673121e+01
-1.750886031303752191e+02 1.935641032882274004e+01
-1.748941682137594000e+02 1.938012931788604476e+01
-1.746997272302815247e+02 1.940379858063631602e+01
-1.745052802000840018e+02 1.942741818656448416e+01
-1.743108271443162209e+02 1.945098820314726851e+01
-1.741163680841276289e+02 1.947450869886846547e+01
-1.739219030406676154e+02 1.949797974019771729e+01
-1.737274320340785039e+02 1.952140139461174684e+01
-1.735329550865168358e+02 1.954477372858014306e+01
-1.733384722171177827e+02 1.956809681058673078e+01
-1.731439834480378863e+02 1.959137070508688439e+01
-1.729494887984122613e+02 1.961459547955733029e+01
-1.727549882883833448e+02 1.963777119845343933e+01
-1.725604819401076213e+02 1.966089792925193791e+01
-1.723659697717131110e+02 1.968397573540109491e+01
-1.721714518043492603e+02 1.970700468236336889e+01
-1.719769280591655445e+02 1.972998483459413777e+01
-1.717823985542899266e+02 1.975291625755590985e+01
-1.715878633108719669e+02 1.977579901570403820e+01
-1.713933223480467234e+02 1.979863317147966129e+01
-1.711987756859566332e+02 1.982141879034528742e+01
-1.710042233437367543e+02 1.984415593373493181e+01
-1.708096653415294099e+02 1.986684466610396527e+01
-1.706151016984698572e+02 1.988948505090066377e+01
-1.704205324347004193e+02 1.991207714955903540e+01
-1.702259575693561544e+02 1.993462102452022222e+01
-1.700313771205652529e+02 1.995711673923249307e+01
-1.698367911094770761e+02 1.997956435412275766e+01
-1.696421995532126061e+02 2.000196393062501699e+01
-1.694476024729212895e+02 2.002431553118046992e+01
-1.692529998847168997e+02 2.004661921722309614e+01
-1.690583918107559782e+02 2.006887504817269630e+01
-1.688637782671524690e+02 2.009108308445619784e+01
-1.686691592750556481e+02 2.011324338851474636e+01
-1.684745348505795448e+02 2.013535601775389594e+01
-1.682799050138662551e+02 2.015742103461481705e+01
-1.680852697840510643e+02 2.017943849650301757e+01
-1.678906291782549545e+02 2.020140846384545341e+01
-1.676959832146060023e+02 2.022333099606192164e+01
-1.675013319122393511e+02 2.024520615055798700e+01
-1.673066752902901726e+02 2.026703398776055209e+01
-1.671120133648723822e+02 2.028881456406804062e+01
-1.669173461551211517e+02 2.031054793789320456e+01
-1.667226736791644441e+02 2.033223416865578415e+01
-1.665279959551304785e+02 2.035387331275423861e+01
-1.663333130001401514e+02 2.037546542658702364e+01
-1.661386248323215682e+02 2.039701056957396119e+01
-1.659439314687956823e+02 2.041850879609924618e+01
-1.657492329286975803e+02 2.043996016457554177e+01
-1.655545292291483577e+02 2.046136473039422654e+01
-1.653598203862618163e+02 2.048272255096086170e+01
-1.651651064191730995e+02 2.050403367965253310e+01
-1.649703873450031608e+02 2.052529817488190389e+01
-1.647756631808730958e+02 2.054651609002612034e+01
-1.645809339428965643e+02 2.056768748148360615e+01
-1.643861996502088516e+02 2.058881240363860954e+01
-1.641914603179167216e+02 2.060989091087531833e+01
-1.639967159651552322e+02 2.063092305858511466e+01
-1.638019666070312894e+02 2.065190890014505598e+01
-1.636072122626799228e+02 2.067284848893225302e+01
-1.634124529462007729e+02 2.069374188033808792e+01
-1.632176886767291251e+02 2.071458912773961458e+01
-1.630229194693716579e+02 2.073539028249971139e+01
-1.628281453422563629e+02 2.075614540000976049e+01
-1.626333663104900893e+02 2.077685453163260121e+01
-1.624385823922008569e+02 2.079751773074535492e+01
-1.622437936024954013e+02 2.081813504871086451e+01
-1.620489999584946474e+02 2.083870653890627622e+01
-1.618542014763124826e+02 2.085923225168730255e+01
-1.616593981720627653e+02 2.087971224043111107e+01
-1.614645900618592691e+02 2.090014655549342137e+01
-1.612697771628229759e+02 2.092053524924423513e+01
-1.610749594910678013e+02 2.094087837103219840e+01
-1.608801370606932153e+02 2.096117597322729154e+01
-1.606853098898274368e+02 2.098142810517817480e+01
-1.604904779935771444e+02 2.100163481824769818e+01
-1.602956413880561399e+02 2.102179616178453259e+01
-1.601008000893783105e+02 2.104191218614441539e+01
-1.599059541116432683e+02 2.106198294067601395e+01
-1.597111034729790902e+02 2.108200847472797079e+01
-1.595162481864782364e+02 2.110198883865602681e+01
-1.593213882692616892e+02 2.112192408080174033e+01
-1.591265237374432786e+02 2.114181424950659149e+01
-1.589316546051226169e+02 2.116165939411927610e+01
-1.587367808884135911e+02 2.118145956197419366e+01
-1.585419026024228799e+02 2.120121480342711706e+01
-1.583470197622572186e+02 2.122092516379820637e+01
-1.581521323840304944e+02 2.124059069243610054e+01
-1.579572404818422626e+02 2.126021143768233657e+01
-1.577623440707992586e+02 2.127978744485712781e+01
-1.575674431670153979e+02 2.129931876230195797e+01
-1.573725377855973306e+02 2.131880543735127631e+01
-1.571776279406446406e+02 2.133824751532525354e+01
-1.569827136472641484e+02 2.135764504456545154e+01
-1.567877949205625612e+02 2.137699807039196997e+01
-1.565928717746394057e+02 2.139630663913219522e+01
-1.563979442256086543e+02 2.141557079610628733e+01
-1.562030122865627106e+02 2.143479058864862097e+01
-1.560080759736154334e+02 2.145396606006520557e+01
-1.558131353008664917e+02 2.147309725769041222e+01
-1.556181902824154406e+02 2.149218422684443297e+01
-1.554232409333690441e+02 2.151122701083324884e+01
-1.552282872678268859e+02 2.153022565497702701e+01
-1.550333293008956446e+02 2.154918020459595596e+01
-1.548383670456679226e+02 2.156809070400309380e+01
-1.546434005172504556e+02 2.158695719751152353e+01
-1.544484297297427133e+02 2.160577972842717642e+01
-1.542534546982515735e+02 2.162455834106313901e+01
-1.540584754348623164e+02 2.164329307872536035e+01
-1.538634919556888576e+02 2.166198398572693051e+01
-1.536685042738236007e+02 2.168063110436663976e+01
-1.534735124043734515e+02 2.169923447895760660e+01
-1.532785163594235485e+02 2.171779415179864969e+01
-1.530835161540808542e+02 2.173631016518858772e+01
-1.528885118024448388e+02 2.175478256243340169e+01
-1.526935033176080481e+02 2.177321138683902291e+01
-1.524984908385523568e+02 2.179159666761182024e+01
-1.523034741255843016e+02 2.180993847122135776e+01
-1.521084533207072695e+02 2.182823682687403632e+01
-1.519134284390278822e+02 2.184649177787575525e+01
-1.517183994916244387e+02 2.186470336451115060e+01
-1.515233664946107695e+02 2.188287162807191066e+01
-1.513283294600722115e+02 2.190099661186402002e+01
-1.511332884021084624e+02 2.191907835516498437e+01
-1.509382433348191057e+02 2.193711689926652042e+01
-1.507431942692823554e+02 2.195511228546031290e+01
-1.505481412216121555e+02 2.197306455503810696e+01
-1.503530842028866914e+02 2.199097374828454221e+01
-1.501580232282126985e+02 2.200883990447707461e+01
-1.499629583096755994e+02 2.202666306591454415e+01
-1.497678894603679112e+02 2.204444327086732969e+01
-1.495728166943891324e+02 2.206218056062717636e+01
-1.493777400238247708e+02 2.207987497447155789e+01
-1.491826594627743532e+02 2.209752655268508903e+01
-1.489875750243304253e+02 2.211513533555238098e+01
-1.487924867205782959e+02 2.213270136134380905e+01
-1.485973945646106245e+02 2.215022467034394893e+01
-1.484022985695197576e+02 2.216770530082323987e+01
-1.482071987483982412e+02 2.218514329407336660e+01
-1.480120951143385923e+02 2.220253868735759539e+01
-1.478169876804332716e+02 2.221989151995340706e+01
-1.476218764587676731e+02 2.223720183214544477e+01
-1.474267614614271906e+02 2.225446966119693926e+01
-1.472316427025114081e+02 2.227169504638537845e+01
-1.470365201941057762e+02 2.228887802698829290e+01
-1.468413939493027556e+02 2.230601864026892400e+01
-1.466462639801876833e+02 2.232311692651188650e+01
-1.464511302998530766e+02 2.234017292298041468e+01
-1.462559929203843581e+02 2.235718666794491583e+01
-1.460608518548740165e+02 2.237415820068286365e+01
-1.458657071144002657e+02 2.239108755845755994e+01
-1.456705587130628032e+02 2.240797478054645353e+01
-1.454754066629469378e+02 2.242481990320570873e+01
-1.452802509761381486e+02 2.244162296772703868e+01
-1.450850916657287826e+02 2.245838400935947732e+01
-1.448899287427972524e+02 2.247510306637342836e+01
-1.446947622204359334e+02 2.249178017905344618e+01
-1.444995921107303047e+02 2.250841538365574834e+01
-1.443044184267728554e+02 2.252500871845065333e+01
-1.441092411796417707e+02 2.254156022170856133e+01
-1.439140603824295965e+02 2.255806993169987962e+01
-1.437188760462146320e+02 2.257453788568781761e+01
-1.435236881850964892e+02 2.259096412294988454e+01
-1.433284968091462304e+02 2.260734868074937154e+01
-1.431333019324636098e+02 2.262369159735662905e+01
-1.429381035651196044e+02 2.263999291104202882e+01
-1.427429017212139968e+02 2.265625266108308011e+01
-1.425476964108178493e+02 2.267247088373591524e+01
-1.423524876480308023e+02 2.268864761928517382e+01
-1.421572754429239751e+02 2.270478290600117788e+01
-1.419620598095969797e+02 2.272087678215438089e+01
-1.417668407591281436e+02 2.273692928601510488e+01
-1.415716183025957093e+02 2.275294045686085198e+01
-1.413763924520850424e+02 2.276891033396910302e+01
-1.411811632206886316e+02 2.278483895661738856e+01
-1.409859306204918710e+02 2.280072636307606260e+01
-1.407906946615659649e+02 2.281657259362972923e+01
-1.405954553580103834e+02 2.283237768856299965e+01
-1.404002127209035393e+02 2.284814168614625274e+01
-1.402049667613236466e+02 2.286386462867836400e+01
-1.400097174923631940e+02 2.287954655342251442e+01
-1.398144649251004523e+02 2.289518750368471700e+01
-1.396192090716208440e+02 2.291078751974958294e+01
-1.394239499430025546e+02 2.292634664190169502e+01
-1.392286875553594712e+02 2.294186491243990034e+01
-1.390334219147343617e+02 2.295734237164881364e+01
-1.388381530362338196e+02 2.297277906384148949e+01
-1.386428809309361725e+02 2.298817502930254264e+01
-1.384476056109267859e+02 2.300353031335216514e+01
-1.382523270882911106e+02 2.301884495627496463e+01
-1.380570453741073322e+02 2.303411900439823512e+01
-1.378617604804608732e+02 2.304935250102791144e+01
-1.376664724204442223e+02 2.306454548946996397e+01
-1.374711812041285555e+02 2.307969801705883128e+01
-1.372758868456133996e+02 2.309481012810753953e+01
-1.370805893549700158e+02 2.310988186995054505e+01
-1.368852887442837130e+02 2.312491328790798306e+01
-1.366899850266469798e+02 2.313990443032141542e+01
-1.364946782131382008e+02 2.315485534553237557e+01
-1.362993683168497512e+02 2.316976608288950246e+01
-1.361040553488599585e+02 2.318463669073430111e+01
-1.359087393212541599e+02 2.319946722042970677e+01
-1.357134202461177495e+02 2.321425772233139995e+01
-1.355180981355361496e+02 2.322900824981655532e+01
-1.353227730026017923e+02 2.324371885424799089e+01
-1.351274448583930621e+02 2.325838959101711723e+01
-1.349321137160023341e+02 2.327302051450806175e+01
-1.347367795865078790e+02 2.328761168011223504e+01
-1.345414424840093659e+02 2.330216314523516985e+01
-1.343461024195851223e+02 2.331667496929666683e+01
-1.341507594053204002e+02 2.333114720970231204e+01
-1.339554134543077168e+02 2.334557992889321554e+01
-1.337600645796396464e+02 2.335997318830341740e+01
-1.335647127934015543e+02 2.337432705037408454e+01
-1.333693582386037235e+02 2.338864157251074971e+01
-1.331740006795812405e+02 2.340291683830400515e+01
-1.329786402492733544e+02 2.341715290818072503e+01
-1.327832769587583073e+02 2.343134985062476616e+01
-1.325879108221356262e+02 2.344550773915553066e+01
-1.323925418514908756e+02 2.345962664527821318e+01
-1.321971700619305921e+02 2.347370664654066985e+01
-1.320017954645331315e+02 2.348774781948364421e+01
-1.318064180754123527e+02 2.350175024568349258e+01
-1.316110379056465831e+02 2.351571400570944093e+01
-1.314156549693352076e+02 2.352963918516623210e+01
-1.312202692815852458e+02 2.354352587066582814e+01
-1.310248808554889024e+02 2.355737415284855985e+01
-1.308294897051460453e+02 2.357118412537615271e+01
-1.306340958456632961e+02 2.358495588392453612e+01
-1.304386992901331439e+02 2.359868952618391091e+01
-1.302433000536623240e+02 2.361238515689426976e+01
-1.300478981513575718e+02 2.362604287978843942e+01
-1.298524935983255659e+02 2.363966280665622577e+01
-1.296570864086660606e+02 2.365324504928740623e+01
-1.294616765994997820e+02 2.366678972752868759e+01
-1.292662641849265412e+02 2.368029696223392833e+01
-1.290708491820672634e+02 2.369376688029959155e+01
-1.288754316060285987e+02 2.370719961265069742e+01
-1.286800114729244626e+02 2.372059529826913504e+01
-1.284845888018900553e+02 2.373395407815103297e+01
-1.282891636070248751e+02 2.374727609933516703e+01
-1.280937359074642075e+02 2.376056151792446514e+01
-1.278983057203289775e+02 2.377381049304307581e+01
-1.277028730637473899e+02 2.378702319388636610e+01
-1.275074379558473368e+02 2.380019979267101959e+01
-1.273120004157640466e+02 2.381334047369917073e+01
-1.271165604636398143e+02 2.382644542731555148e+01
-1.269211181186099822e+02 2.383951485192185515e+01
-1.267256734018237410e+02 2.385254895599095093e+01
-1.265302263324164329e+02 2.386554795907392545e+01
-1.263347769325445711e+02 2.387851208877883380e+01
-1.261393252233574742e+02 2.389144158479911084e+01
-1.259438712300332099e+02 2.390433669992060572e+01
-1.257484149737209833e+02 2.391719769700046072e+01
-1.255529564785917529e+02 2.393002485500953469e+01
-1.253574957708303401e+02 2.394281846500416222e+01
-1.251620328756147273e+02 2.395557883516156394e+01
-1.249665678191299634e+02 2.396830628876574210e+01
-1.247711006285681066e+02 2.398100116823584926e+01
-1.245756313351496090e+02 2.399366383411911841e+01
-1.243801599660666568e+02 2.400629466609800389e+01
-1.241846865525399437e+02 2.401889406903279678e+01
-1.239892111288112488e+02 2.403146246691901311e+01
-1.237937337261012800e+02 2.404400031195134346e+01
-1.239819010002443349e+02 2.399144183786494011e+01
-1.241705814741089569e+02 2.393882716876453998e+01
-1.243592702284748981e+02 2.388624244321326984e+01
-1.245479673751316767e+02 2.383368807614264995e+01
-1.247366730953601746e+02 2.378116443414259606e+01
-1.249253874898718806e+02 2.372867188581723852e+01
-1.251141106503143305e+02 2.367621078264984646e+01
-1.253028426663207568e+02 2.362378145396700901e+01
-1.254915836214817517e+02 2.357138421499585945e+01
-1.256803335943522484e+02 2.351901936384243896e+01
-1.258690925184625797e+02 2.346668722379076755e+01
-1.260578606899047855e+02 2.341438800029235168e+01
-1.262466380784651676e+02 2.336212197836075788e+01
-1.264354247455779898e+02 2.330988940373209317e+01
-1.266242207506630280e+02 2.325769050804287374e+01
-1.268130261481042567e+02 2.320552551587981682e+01
-1.270018409922862475e+02 2.315339463873705128e+01
-1.271906653335644393e+02 2.310129808105903493e+01
-1.273794992172592373e+02 2.304923603621181627e+01
-1.275683426907049949e+02 2.299720869151887470e+01
-1.277571957962005911e+02 2.294521622523954818e+01
-1.279460585750376254e+02 2.289325880757636256e+01
-1.281349310654864553e+02 2.284133660268908272e+01
-1.283238133038034903e+02 2.278944976768764619e+01
-1.285127053282588179e+02 2.273759845363936805e+01
-1.287016071670518613e+02 2.268578280657595414e+01
-1.288905188564385753e+02 2.263400296547926516e+01
-1.290794404246183547e+02 2.258225906530276461e+01
-1.292683719028116798e+02 2.253055123395008508e+01
-1.294573133172036137e+02 2.247887959831773586e+01
-1.296462646939792194e+02 2.242724427724531822e+01
-1.298352260583160955e+02 2.237564538655106006e+01
-1.300241974343853144e+02 2.232408304003900312e+01
-1.302131788453503134e+02 2.227255734547044952e+01
-1.304021703163891743e+02 2.222106840557118090e+01
-1.305911718626084053e+02 2.216961632407405602e+01
-1.307801835081789079e+02 2.211820119866921530e+01
-1.309692053719402622e+02 2.206682309582627610e+01
-1.311582372504551586e+02 2.201548216963389137e+01
-1.313472792847196615e+02 2.196417847447628446e+01
-1.315363314928620468e+02 2.191291209797243766e+01
-1.317253938889816993e+02 2.186168312472004516e+01
-1.319144664891927334e+02 2.181049163528830803e+01
-1.321035493086015151e+02 2.175933771125360394e+01
-1.322926423603008743e+02 2.170822142814954958e+01
-1.324817456593973759e+02 2.165714286352399753e+01
-1.326708592179764707e+02 2.160610208988924796e+01
-1.328599830481234108e+02 2.155509917975760104e+01
-1.330491171629308553e+02 2.150413420161291000e+01
-1.332382615724698383e+02 2.145320722494607679e+01
-1.334274162898329621e+02 2.140231831622677205e+01
-1.336165814590375760e+02 2.135146750566839557e+01
-1.338057540849231941e+02 2.130065566241138697e+01
-1.339949339227607368e+02 2.124988291637357563e+01
-1.341841240442516323e+02 2.119914850516881089e+01
-1.343733244574527532e+02 2.114845249023109375e+01
-1.345625351714281521e+02 2.109779492896598541e+01
-1.347517561912134170e+02 2.104717588079328294e+01
-1.349409875248654487e+02 2.099659540110431166e+01
-1.351302291804411198e+02 2.094605354730468960e+01
-1.353194811619690654e+02 2.089555037277144223e+01
-1.355087434775059876e+02 2.084508593289598011e+01
-1.356980161320876164e+02 2.079466028004825517e+01
-1.358872991317565493e+02 2.074427346659824778e+01
-1.360765924815484311e+02 2.069392554390886119e+01
-1.362658961864988783e+02 2.064361656233583631e+01
-1.364552102526504314e+02 2.059334657324208351e+01
-1.366445346840316688e+02 2.054311562496907229e+01
-1.368338693366250709e+02 2.049292380513587730e+01
-1.370232144823517046e+02 2.044277109259304481e+01
-1.372125700033791986e+02 2.039265756589558265e+01
-1.374019359037359891e+02 2.034258327338500294e+01
-1.375913121864433037e+02 2.029254826038152260e+01
-1.377806988545226261e+02 2.024255257421951626e+01
-1.379700959120023640e+02 2.019259625921209533e+01
-1.381595033619038588e+02 2.014267936168650053e+01
-1.383489212082555468e+02 2.009280192494874129e+01
-1.385383494520645797e+02 2.004296399532608675e+01
-1.387277880973594506e+02 1.999316561612451792e+01
-1.389172371461543491e+02 1.994340682964282507e+01
-1.391066966024777116e+02 1.989368768120123576e+01
-1.392961664673366329e+02 1.984400821309856155e+01
-1.394856467427454447e+02 1.979436846763365310e+01
-1.396751374327325266e+02 1.974476848710536458e+01
-1.398646385393121534e+02 1.969520831481961665e+01
-1.400541500624843536e+02 1.964568799307529190e+01
-1.402436720062774498e+02 1.959620756114983209e+01
-1.404332043727058306e+02 1.954676706335633085e+01
-1.406227471617694107e+02 1.949736653997939584e+01
-1.408123003764895316e+02 1.944800603231077218e+01
-1.410018640198875346e+02 1.939868558063501425e+01
-1.411914380909563818e+02 1.934940522725100109e+01
-1.413810225927173860e+02 1.930016501143623842e+01
-1.415706175271847371e+02 1.925096497548951646e+01
-1.417602228943584350e+02 1.920180515768124252e+01
-1.419498386972598496e+02 1.915268560131739406e+01
-1.421394649368961325e+02 1.910360634466828600e+01
-1.423291016142743217e+02 1.905456742801859349e+01
-1.425187487293944457e+02 1.900556889265997285e+01
-1.427084062862849976e+02 1.895661077887708856e+01
-1.428980742839388540e+02 1.890769312494029109e+01
-1.430877527243702332e+02 1.885881597214132199e+01
-1.432774416095933816e+02 1.880997936076476407e+01
-1.434671409386011476e+02 1.876118333008812300e+01
-1.436568507144148441e+02 1.871242792039601710e+01
-1.438465709370345849e+02 1.866371317197304691e+01
-1.440363016074673794e+02 1.861503912308956643e+01
-1.442260427277275312e+02 1.856640581604444762e+01
-1.444157942978149833e+02 1.851781329011517485e+01
-1.446055563197440392e+02 1.846926158457924672e+01
-1.447953287925075188e+02 1.842075073972125310e+01
-1.449851117191267349e+02 1.837228079582580165e+01
-1.451749050996018013e+02 1.832385179217040161e+01
-1.453647089339326328e+02 1.827546377105387165e+01
-1.455545232251406276e+02 1.822711676973948158e+01
-1.457443479722186055e+02 1.817881083052610691e+01
-1.459341831771808415e+02 1.813054599369830555e+01
-1.461240288400273357e+02 1.808232229853358319e+01
-1.463138849627722777e+02 1.803413978632368142e+01
-1.465037515454157528e+02 1.798599849634605619e+01
-1.466936285879577042e+02 1.793789847089957590e+01
-1.468835160924123215e+02 1.788983975026886242e+01
-1.470734140597867565e+02 1.784182237473849142e+01
-1.472633224900810376e+02 1.779384638459310253e+01
-1.474532413853094397e+02 1.774591182213149310e+01
-1.476431707444646975e+02 1.769801872763829564e+01
-1.478331105705682944e+02 1.765016714240523399e+01
-1.480230608626130220e+02 1.760235710772402129e+01
-1.482130216216060035e+02 1.755458866589350464e+01
-1.484029928495615707e+02 1.750686185719829524e+01
-1.485929745454724866e+02 1.745917672293010980e+01
-1.487829667123602064e+02 1.741153330639490449e+01
-1.489729693502246448e+02 1.736393164888439244e+01
-1.491629824590658018e+02 1.731637179169031882e+01
-1.493530060398908859e+02 1.726885377811861133e+01
-1.495430400947140299e+02 1.722137764946101157e+01
-1.497330846235352340e+02 1.717394344902347214e+01
-1.499231396273617065e+02 1.712655121809770975e+01
-1.501132051072004856e+02 1.707920100099681449e+01
-1.503032810640586661e+02 1.703189284001957304e+01
-1.504933674979362763e+02 1.698462677746489646e+01
-1.506834644108476198e+02 1.693740285764578246e+01
-1.508735718027925827e+02 1.689022112286111010e+01
-1.510636896757854402e+02 1.684308161742393750e+01
-1.512538180298262205e+02 1.679598438363308688e+01
-1.514439568659220186e+02 1.674892946680877515e+01
-1.516341061850799008e+02 1.670191691126406397e+01
-1.518242659883070758e+02 1.665494675929779689e+01
-1.520144362776177331e+02 1.660801905623011621e+01
-1.522046170530118445e+02 1.656113384637412977e+01
-1.523948083144894099e+02 1.651429117404289570e+01
-1.525850100650718559e+02 1.646749108556371866e+01
-1.527752223047590405e+02 1.642073362424254412e+01
-1.529654450345582291e+02 1.637401883539956415e+01
-1.531556782564835828e+02 1.632734676536207985e+01
-1.533459219695278932e+02 1.628071745945024773e+01
-1.535361761767127291e+02 1.623413096298429181e+01
-1.537264408790449863e+02 1.618758732128437217e+01
-1.539167160755176837e+02 1.614108658168489541e+01
-1.541070017701592292e+02 1.609462878950607490e+01
-1.542972979619624994e+02 1.604821399208231014e+01
-1.544876046539488641e+02 1.600184223574087383e+01
-1.546779218451112001e+02 1.595551356680911859e+01
-1.548682495384708773e+02 1.590922803362851567e+01
-1.550585877340278387e+02 1.586298568151931931e+01
-1.552489364337963593e+02 1.581678655983010628e+01
-1.554392956377764676e+02 1.577063071488820434e+01
-1.556296653489894197e+02 1.572451819503514514e+01
-1.558200455684424242e+02 1.567844904861246391e+01
-1.560104362951283008e+02 1.563242332295456016e+01
-1.562008375330755143e+02 1.558644106741010127e+01
-1.563912492832911880e+02 1.554050233032059047e+01
-1.565816715457754071e+02 1.549460716002756477e+01
-1.567721043215351528e+02 1.544875560688679172e+01
-1.569625476135918234e+02 1.540294771923980832e+01
-1.571530014229525705e+02 1.535718354643522154e+01
-1.573434657506244605e+02 1.531146313882883270e+01
-1.575339405976146168e+02 1.526578654677638447e+01
-1.577244259659373142e+02 1.522015381861941030e+01
-1.579149218576067426e+02 1.517456500572078681e+01
-1.581054282726228450e+02 1.512902015944338885e+01
-1.582959450891248423e+02 1.508351935834220292e+01
-1.584864725578842695e+02 1.503806259637451426e+01
-1.586770105560331103e+02 1.499264995209533780e+01
-1.588675590835713933e+02 1.494728147787465211e+01
-1.590581181425133650e+02 1.490195722708960169e+01
-1.592486877358802815e+02 1.485667724908876508e+01
-1.594392678626651616e+02 1.481144159624215462e+01
-1.596298585268963279e+02 1.476625032293401496e+01
-1.598204597285738942e+02 1.472110348052719431e+01
-1.600110714697119647e+02 1.467600112038459592e+01
-1.602016937523248998e+02 1.463094329789754333e+01
-1.603923265784269176e+02 1.458593006543601867e+01
-1.605829699490250562e+02 1.454096147536999872e+01
-1.607736238651264387e+02 1.449603758309086743e+01
-1.609642883307595866e+02 1.445115844197567867e+01
-1.611549633449173484e+02 1.440632410540157515e+01
-1.613456489106210370e+02 1.436153462875988041e+01
-1.615363450298849557e+02 1.431679006542767851e+01
-1.617270517047233227e+02 1.427209047180345536e+01
-1.619177689351360243e+02 1.422743590227142718e+01
-1.621084967251517241e+02 1.418282641222288909e+01
-1.622992350757773465e+02 1.413826205704922145e+01
-1.624899839880200716e+02 1.409374289214174780e+01
-1.626807434649012976e+02 1.404926897490605597e+01
-1.628715135074281193e+02 1.400484036073343930e+01
-1.630622941186218213e+02 1.396045710702948917e+01
-1.632530852994895554e+02 1.391611926918552733e+01
-1.634438870520455964e+02 1.387182690460714163e+01
-1.636346993772969540e+02 1.382758007069986661e+01
-1.638255222792722350e+02 1.378337882587642049e+01
-1.640163557589784205e+02 1.373922322653523409e+01
-1.642071998174227190e+02 1.369511333209610626e+01
-1.643980544576263867e+02 1.365104919895751756e+01
-1.645889196816037554e+02 1.360703088754631729e+01
-1.647797954913689580e+02 1.356305845526812170e+01
-1.649706818889362978e+02 1.351913196254983163e+01
-1.651615788763199646e+02 1.347525146679701180e+01
-1.653524864545270532e+02 1.343141702843656127e+01
-1.655434046275861135e+02 1.338762870789541282e+01
-1.657343333965041836e+02 1.334388656358623315e+01
-1.659252727632955384e+02 1.330019065795018740e+01
-1.661162227299743677e+02 1.325654104939991562e+01
-1.663071832995620412e+02 1.321293779936948098e+01
-1.664981116898048015e+02 1.316939072219651763e+01
-1.666890927199449095e+02 1.312588053363914931e+01
-1.668800843519867385e+02 1.308241688891077281e+01
-1.670710865849231652e+02 1.303899985045258525e+01
-1.672620994227826543e+02 1.299562947969859650e+01
-1.674531228675794523e+02 1.295230583908991662e+01
-1.676441569213277489e+02 1.290902899207484644e+01
-1.678352015860418760e+02 1.286579900109452979e+01
-1.680262568637359379e+02 1.282261592959718222e+01
-1.682173227564242097e+02 1.277947984002397064e+01
-1.684083992671281180e+02 1.273639079683027653e+01
-1.685994863988688621e+02 1.269334886346434033e+01
-1.687905841516465557e+02 1.265035410438157371e+01
-1.689816925294896066e+02 1.260740658403729597e+01
-1.691728115334051950e+02 1.256450636789401720e+01
-1.693639411674216717e+02 1.252165351939998317e+01
-1.695550814315390937e+02 1.247884810502483965e+01
-1.697462323307931058e+02 1.243609018922390597e+01
-1.699373938651835942e+02 1.239337983947393163e+01
-1.701285660377319289e+02 1.235071712023029455e+01
-1.703197488524666312e+02 1.230810209896968743e+01
-1.705109423093876444e+02 1.226553484216172762e+01
-1.707021464115163383e+02 1.222301541627602717e+01
-1.708933611618740827e+02 1.218054388979638603e+01
-1.710845865624750672e+02 1.213812032818534092e+01
-1.712758226163406334e+02 1.209574479992672025e+01
-1.714670693254850278e+02 1.205341737350429021e+01
-1.716583266909153735e+02 1.201113811740196269e+01
-1.718495947176672303e+02 1.196890710010356074e+01
-1.720408734067477496e+02 1.192672438908574861e+01
-1.722321627601710929e+02 1.188459005585375117e+01
-1.724234627819658101e+02 1.184250416788428772e+01
-1.726147734731389676e+02 1.180046679668252807e+01
-1.728060948367118783e+02 1.175847801073229526e+01
-1.729974268746988173e+02 1.171653788153878573e+01
-1.731887695911282492e+02 1.167464647859292981e+01
-1.733801229870072405e+02 1.163280387339992217e+01
-1.735714870653571893e+02 1.159101013645782530e+01
-1.737628618291994371e+02 1.154926534027891272e+01
-1.739542472795410788e+02 1.150756955636840750e+01
-1.741456434214176738e+02 1.146592285723855298e+01
-1.743370502548292507e+02 1.142432531338747026e+01
-1.745284677838043024e+02 1.138277699934164033e+01
-1.747198960113640851e+02 1.134127798761336159e+01
-1.749113349385158074e+02 1.129982835071493774e+01
-1.751027845682807822e+02 1.125842816317290485e+01
-1.752942449046874458e+02 1.121707749850663838e+01
-1.754857159487428646e+02 1.117577643023557421e+01
-1.756771977044756454e+02 1.113452503389335391e+01
-1.758686901728927694e+02 1.109332338299938314e+01
-1.760601933580227580e+02 1.105217155409443919e+01
-1.762517072608727347e+02 1.101106962069786555e+01
-1.764432318864782872e+02 1.097001766035760362e+01
-1.766347672348393587e+02 1.092901574760013439e+01
-1.768263133109915373e+02 1.088806395896623158e+01
-1.770178701159419461e+02 1.084716237200377620e+01
-1.772094376527119550e+02 1.080631106224638316e+01
-1.774010159243229054e+02 1.076551010824906740e+01
-1.775926049337961103e+02 1.072475958554541187e+01
-1.777842046821387498e+02 1.068405957470469936e+01
-1.779758151743863266e+02 1.064341015226767340e+01
-1.781674364115459923e+02 1.060281139678929385e+01
-1.783590683966390600e+02 1.056226338682454369e+01
-1.785507111326868994e+02 1.052176620193554157e+01
-1.787423646217037856e+02 1.048131992067727403e+01
-1.789340288677180979e+02 1.044092462462606719e+01
-1.791257038727440829e+02 1.040058039233690579e+01
-1.793173896387960724e+02 1.036028730437898382e+01
-1.795090861688952373e+02 1.032004544132158230e+01
-1.797007934670701843e+02 1.027985488574807427e+01
-1.798925115343280368e+02 1.023971571621350485e+01
-1.800842403736899939e+02 1.019962801731548296e+01
-1.802759799891846342e+02 1.015959186861618591e+01
-1.804677303818190524e+02 1.011960735370612241e+01
-1.806594915556216563e+02 1.007967455516875077e+01
-1.808512635126067210e+02 1.003979355659466499e+01
-1.810430462557956446e+02 9.999964439560136142e+00
-1.812348397882096833e+02 9.960187289669995891e+00
-1.814266441118631406e+02 9.920462189507704309e+00
-1.816184592297772724e+02 9.880789223670902288e+00
-1.818102851449735056e+02 9.841168477764393074e+00
-1.820021218594660297e+02 9.801600035378738696e+00
-1.821939693762762147e+02 9.762083983125879882e+00
-1.823858276994324683e+02 9.722620405603453975e+00
-1.825776968299420275e+02 9.683209390430473462e+00
-1.827695767708260917e+02 9.643851022204639634e+00
-1.829614675261132106e+02 9.604545388544988072e+00
-1.831533690968104509e+02 9.565292576063400887e+00
-1.833452814859391822e+02 9.526092673386022724e+00
-1.835372046975278977e+02 9.486945767124758788e+00
-1.837291387335907586e+02 9.447851945905757276e+00
-1.839210835961420401e+02 9.408811297348027125e+00
-1.841130392892102350e+02 9.369823911084818491e+00
-1.843050058138023815e+02 9.330889875742307993e+00
-1.844969831749541243e+02 9.292009281960817546e+00
-1.846889713726653781e+02 9.253182218366493572e+00
-1.848809704119717878e+02 9.214408776606823892e+00
-1.850729802938805335e+02 9.175689045307953151e+00
-1.852650010224199377e+02 9.137023117124472904e+00
-1.854570325996042754e+02 9.098411082696765462e+00
-1.856490750284548881e+02 9.059853033672318645e+00
-1.858411283119931738e+02 9.021349062705697364e+00
-1.860331924512261992e+02 8.982899261444385886e+00
-1.862252674501824288e+02 8.944503723550139895e+00
-1.864173533118832324e+02 8.906162541677522526e+00
-1.866094500383428283e+02 8.867875808481125333e+00
-1.868015576315754913e+02 8.829643619636938112e+00
-1.869936760956095441e+02 8.791466067799527551e+00
-1.871858054324594036e+02 8.753343248644824826e+00
-1.873779456451462693e+02 8.715275256841689355e+00
-1.875700967356844444e+02 8.677262189073159604e+00
-1.877622587070951852e+02 8.639304139000959282e+00
-1.879544315613928234e+02 8.601401203308158827e+00
-1.881466153015987004e+02 8.563553479684898662e+00
-1.883388099307341292e+02 8.525761063807143714e+00
-1.885310154508133849e+02 8.488024054372196758e+00
-1.887232318648576666e+02 8.450342548063069614e+00
-1.889154591748813914e+02 8.412716643577123676e+00
-1.891076973839057871e+02 8.375146438604474497e+00
-1.892999464949522519e+02 8.337632032849558783e+00
-1.894922065100350324e+02 8.300173525009654441e+00
-1.896844774311682897e+02 8.262771014789141333e+00
-1.898767592613733939e+02 8.225424602899591875e+00
-1.900690520036717146e+02 8.188134389045385930e+00
-1.902613556600774416e+02 8.150900474945142804e+00
-1.904536702326048783e+02 8.113722961310406490e+00
-1.906459957242753376e+02 8.076601949859821161e+00
-1.908383321381101041e+02 8.039537543319083213e+00
-1.910306794761235096e+02 8.002529843406870569e+00
-1.912230377403297155e+02 7.965578952848960448e+00
-1.914154069327429113e+02 7.928684975378153865e+00
-1.916077870573916471e+02 7.891848015734468369e+00
-1.918001781152830461e+02 7.855068175636522376e+00
-1.919925801094383644e+02 7.818345561838572877e+00
-1.921849930428790572e+02 7.781680279080522844e+00
-1.923774169166121339e+02 7.745072431095314514e+00
-1.925698517336590498e+02 7.708522125644223344e+00
-1.927622974970410610e+02 7.672029467467265995e+00
-1.929547542067581105e+02 7.635594564325747236e+00
-1.931472218678459569e+02 7.599217522973893857e+00
-1.933397004813115814e+02 7.562898451173008851e+00
-1.935321900501763537e+02 7.526637455677291477e+00
-1.937246905754474255e+02 7.490434646262367657e+00
-1.939172020601460815e+02 7.454290131696588162e+00
-1.941097245062865966e+02 7.418204019741371447e+00
-1.943022579158832457e+02 7.382176422186438103e+00
-1.944948022919572566e+02 7.346207447800254364e+00
-1.946873576355158093e+02 7.310297207365464622e+00
-1.948799239495802738e+02 7.274445811664800310e+00
-1.950725012361648396e+02 7.238653372488012216e+00
-1.952650894972838103e+02 7.202920001624878665e+00
-1.954576887349512617e+02 7.167245811872311023e+00
-1.956502989511815827e+02 7.131630916027222433e+00
-1.958429201479889628e+02 7.096075426886494952e+00
-1.960355523273875633e+02 7.060579458254173879e+00
-1.962281954913917161e+02 7.025143123934246780e+00
-1.964208496420155541e+02 6.989766538737864465e+00
-1.966135147822804754e+02 6.954449818483279699e+00
-1.968061909121864517e+02 6.919193078988717716e+00
-1.969988780347548811e+02 6.883996435065330211e+00
-1.971915761519999535e+02 6.848860002531369062e+00
-1.973842852649287920e+02 6.813783901233536611e+00
-1.975770053765627381e+02 6.778768245982953466e+00
-1.977697364879089150e+02 6.743813155619244881e+00
-1.979624786009815409e+02 6.708918747974844443e+00
-1.981552317177948623e+02 6.674085142896511336e+00
-1.983479958393559741e+02 6.639312459223785545e+00
-1.985407709676791796e+02 6.604600816803422703e+00
-1.987335571047785550e+02 6.569950335482126036e+00
-1.989263542526684887e+02 6.535361137120805353e+00
-1.991191624123560189e+02 6.500833341566189638e+00
-1.993119815848482972e+02 6.466367072693426366e+00
-1.995048117731666082e+02 6.431962450349274718e+00
-1.996976529773110371e+02 6.397619598408852859e+00
-1.998905052003028402e+02 6.363338640747366881e+00
-2.000833684421420458e+02 6.329119700232830326e+00
-2.002762427058500805e+02 6.294962900740449285e+00
-2.004691279914268023e+02 6.260868369166741942e+00
-2.006620243018936378e+02 6.226836228379752036e+00
-2.008549316362435206e+02 6.192866604268863817e+00
-2.010478499985048302e+02 6.158959625744834909e+00
-2.012407793876704716e+02 6.125115416682841207e+00
-2.014337198057546914e+02 6.091334105993610137e+00
-2.016266712547717077e+02 6.057615820573661658e+00
-2.018196337347214637e+02 6.023960689333780039e+00
-2.020126072486254145e+02 5.990368841184663395e+00
-2.022055917954764652e+02 5.956840406044203284e+00
-2.023985873772886634e+02 5.923375512823126243e+00
-2.025915939940621513e+02 5.889974292446398252e+00
-2.027846116488182702e+02 5.856636876846146755e+00
-2.029776403415570201e+02 5.823363395940203802e+00
-2.031706800732854390e+02 5.790153982667801458e+00
-2.033637308440036122e+02 5.757008768960981016e+00
-2.035567926557257010e+02 5.723927889773240629e+00
-2.037498655094588571e+02 5.690911477036650012e+00
-2.039429494041959856e+02 5.657959665704622054e+00
-2.041360443429583711e+02 5.625072589723493444e+00
-2.043291503247389755e+02 5.592250386060942269e+00
-2.045222673505448654e+02 5.559493189670409841e+00
-2.047153954213831639e+02 5.526801137519517404e+00
-2.049085345382609944e+02 5.494174366576001667e+00
-2.051016847011784137e+02 5.461613013807482098e+00
-2.052948459101352228e+02 5.429117217188744071e+00
-2.054880181661387724e+02 5.396687117715941007e+00
-2.056812014691889203e+02 5.364322851349617949e+00
-2.058743958192858088e+02 5.332024561100110027e+00
-2.060676012184434853e+02 5.299792385949333884e+00
-2.062608176646478171e+02 5.267626466893414516e+00
-2.064540451599129938e+02 5.235526946942715476e+00
-2.066472837032319205e+02 5.203493966086228717e+00
-2.068405332956117491e+02 5.171527669348555456e+00
-2.070337939370524225e+02 5.139628197725850001e+00
-2.072270656265469029e+02 5.107795698256894390e+00
-2.074203483640951049e+02 5.076030312944945777e+00
-2.076136421507042087e+02 5.044332188828843933e+00
-2.078069469863741574e+02 5.012701470933131453e+00
-2.080002628690907613e+02 4.981138305289544377e+00
-2.081935898008682386e+02 4.949642839944024431e+00
-2.083869277786852194e+02 4.918215221935382964e+00
-2.085802768045560356e+02 4.886855600316666326e+00
-2.087736368774734217e+02 4.855564123133789600e+00
-2.089670079964303113e+02 4.824340939439830223e+00
-2.091603901604196665e+02 4.793186200302043787e+00
-2.093537833704485536e+02 4.762100056787744506e+00
-2.095471876245026692e+02 4.731082659964190640e+00
-2.097406029225821555e+02 4.700134161905799246e+00
-2.099340292636798040e+02 4.669254714686933205e+00
-2.101274666467885197e+02 4.638444472396218821e+00
-2.103209150719082743e+02 4.607703589122313481e+00
-2.105143745360177832e+02 4.577032219960921466e+00
-2.107078450401241128e+02 4.546430517993592879e+00
-2.109013265822130450e+02 4.515898641337375174e+00
-2.110948191612773996e+02 4.485436746095162519e+00
-2.112883227763102241e+02 4.455044989376895970e+00
-2.114818374263042813e+02 4.424723529299678049e+00
-2.116753631092453531e+02 4.394472523980583745e+00
-2.118688998231192500e+02 4.364292133550926600e+00
-2.120624475679259433e+02 4.334182517134942181e+00
-2.122560063416511866e+02 4.304143834863913831e+00
-2.124495761412736670e+02 4.274176249890524915e+00
-2.126431569678004792e+02 4.244279923353164286e+00
-2.128367488172031585e+02 4.214455017397439107e+00
-2.130303516884746102e+02 4.184701697190212677e+00
-2.132239655785934929e+02 4.155020123869902271e+00
-2.134175904875597496e+02 4.125410465624799627e+00
-2.136112264123520958e+02 4.095872884600368913e+00
-2.138048733499491902e+02 4.066407549992034909e+00
-2.139985313003510043e+02 4.037014626966691111e+00
-2.141922002585219218e+02 4.007694283712513794e+00
-2.143858802234549330e+02 3.978446689424899319e+00
-2.145795711931356777e+02 3.949272011284978401e+00
-2.147732731645429283e+02 3.920170420502327335e+00
-2.149669861346553148e+02 3.891142087279419126e+00
-2.151607101014585339e+02 3.862187182825801202e+00
-2.153544450619313295e+02 3.833305879358241963e+00
-2.155481910130523318e+02 3.804498350100469217e+00
-2.157419479507930191e+02 3.775764768276383965e+00
-2.159357158741463252e+02 3.747105307109743322e+00
-2.161294947790837853e+02 3.718520143852837911e+00
-2.163232846625840864e+02 3.690009451729481693e+00
-2.165170855206186786e+02 3.661573408999097889e+00
-2.167108973501663058e+02 3.633212192913891414e+00
-2.169047201482055698e+02 3.604925980726208845e+00
-2.170985539107080626e+02 3.576714952709625805e+00
-2.172923986336452913e+02 3.548579287123565518e+00
-2.174862543139958575e+02 3.520519165248735760e+00
-2.176801209457171922e+02 3.492534767358769443e+00
-2.178739985278020299e+02 3.464626276748612010e+00
-2.180678870562220482e+02 3.436793875706162904e+00
-2.182617865239273556e+02 3.409037747526367568e+00
-2.184556969299109142e+02 3.381358077518381133e+00
-2.186496182671228041e+02 3.353755049984369130e+00
-2.188435505325417409e+02 3.326228852247666623e+00
-2.190374937211321935e+02 3.298779669617543320e+00
-2.192314478278585170e+02 3.271407690424496639e+00
-2.194254128486922752e+02 3.244113104006214332e+00
-2.196193887775907569e+02 3.216896098693222683e+00
-2.198133756115327060e+02 3.189756864830285199e+00
-2.200073733434682026e+02 3.162695594776431918e+00
-2.202013819683617157e+02 3.135712478876397924e+00
-2.203954014821847522e+02 3.108807710496346743e+00
-2.205894318778875913e+02 3.081981483002384170e+00
-2.207834731514416831e+02 3.055233990767720620e+00
-2.209775252957973066e+02 3.028565430179861906e+00
-2.211715883059188172e+02 3.001975997626198822e+00
-2.213656621757634753e+02 2.975465888487160981e+00
-2.215597468992887116e+02 2.949035301164406153e+00
-2.217538424694446917e+02 2.922684436073857750e+00
-2.219479488811957708e+02 2.896413491617229941e+00
-2.221420661274921713e+02 2.870222668210419048e+00
-2.223361942022912956e+02 2.844112169290718306e+00
-2.225303330985431671e+02 2.818082195274024038e+00
-2.227244828091980651e+02 2.792132949597658786e+00
-2.229186433272062686e+02 2.766264638720173696e+00
-2.231128146465249245e+02 2.740477465071787577e+00
-2.233069967590972453e+02 2.714771637125289239e+00
-2.235011896578733683e+02 2.689147361339343956e+00
-2.236953933347963641e+02 2.663604844172531738e+00
-2.238896077828164266e+02 2.638144297119068948e+00
-2.240838329948837497e+02 2.612765928651802128e+00
-2.242780689619343377e+02 2.587469949257786173e+00
-2.244723156759112044e+02 2.562256571438371378e+00
-2.246665731297645721e+02 2.537126008701926061e+00
-2.248608413144304734e+02 2.512078473549772095e+00
-2.250551202208447421e+02 2.487114181504573196e+00
-2.252494098419576858e+02 2.462233348088992635e+00
-2.254437101676980717e+02 2.437436189832799194e+00
-2.256380211890018472e+02 2.412722925279970010e+00
-2.258323428978121967e+02 2.388093771967406465e+00
-2.260266752850650391e+02 2.363548949446219627e+00
-2.262210183406891986e+02 2.339088680288833100e+00
-2.264153720546134991e+02 2.314713185053547839e+00
-2.266097364177739735e+02 2.290422686312760359e+00
-2.268041114200994173e+02 2.266217408653188770e+00
-2.269984970525257779e+02 2.242097576661495228e+00
-2.271928933029677182e+02 2.218063415931532667e+00
-2.273873001623612140e+02 2.194115153064200463e+00
-2.275817176206350894e+02 2.170253016674635660e+00
-2.277761456657039787e+02 2.146477236385108789e+00
-2.279705842885037725e+02 2.122788040810757781e+00
-2.281650334759420957e+02 2.099185662595252300e+00
-2.283594932179476871e+02 2.075670333375015275e+00
-2.285539635024351526e+02 2.052242286800820548e+00
-2.287484443193334300e+02 2.028901756523357580e+00
-2.289429356545428789e+02 2.005648979214742944e+00
-2.291374374979923800e+02 1.982484191547007724e+00
-2.293319498365893310e+02 1.959407630192268934e+00
-2.295264726592555746e+02 1.936419533836795104e+00
-2.297210059518914136e+02 1.913520144188226135e+00
-2.299155497014043590e+02 1.890709701947125509e+00
-2.301101038977233486e+02 1.867988448821133129e+00
-2.303046685247344385e+02 1.845356628532097920e+00
-2.304992435703522915e+02 1.822814484801953849e+00
-2.306938290214843903e+02 1.800362265380997195e+00
-2.308884248630240563e+02 1.778000214998209705e+00
-2.310830310828858671e+02 1.755728583418210365e+00
-2.312776476649559640e+02 1.733547619398428052e+00
-2.314722745971489815e+02 1.711457573710557734e+00
-2.316669118623439090e+02 1.689458697126266173e+00
-2.318615594474484283e+02 1.667551243438590847e+00
-2.320562173373555765e+02 1.645735466440568784e+00
-2.322508855169587889e+02 1.624011620932342082e+00
-2.324455639701441783e+02 1.602379964735394902e+00
-2.326402526818049807e+02 1.580840753657002384e+00
-2.328349516358273945e+02 1.559394249547124467e+00
-2.330296608150904092e+02 1.538040709220083180e+00
-2.332243802054944979e+02 1.516780397547266457e+00
-2.334191097879043753e+02 1.495613575371414816e+00
-2.336138495482205144e+02 1.474540506556783148e+00
-2.338085994663005351e+02 1.453561457988882255e+00
-2.340033595280449106e+02 1.432676694538985718e+00
-2.341981297133113173e+02 1.411886485106899292e+00
-2.343929100049786882e+02 1.391191099599419223e+00
-2.345877003859261833e+02 1.370590806916380133e+00
-2.347825008370185742e+02 1.350085879985977400e+00
-2.349773113401277840e+02 1.329676591736406843e+00
-2.351721318761185842e+02 1.309363217110158795e+00
-2.353669624248487651e+02 1.289146032056771585e+00
-2.355618029691973163e+02 1.269025312525811078e+00
-2.357566534880147913e+02 1.249001338495291158e+00
-2.359515139621660467e+02 1.229074389943282108e+00
-2.361463843705016927e+02 1.209244746847768726e+00
-2.363412646938863872e+02 1.189512694222372824e+00
-2.365361549101638161e+02 1.169878514059345509e+00
-2.367310549991914854e+02 1.150342492379384574e+00
-2.369259649398200622e+02 1.130904917217483208e+00
-2.371208847088859386e+02 1.111566076608547782e+00
-2.373158142872538576e+02 1.092326259594647686e+00
-2.375107536507530313e+02 1.073185758239193710e+00
-2.377057027772269748e+02 1.054144864605625287e+00
-2.379006616435121089e+02 1.035203873778638872e+00
-2.380956302274517213e+02 1.016363080843044608e+00
-2.382906085058822896e+02 9.976227828978054823e-01
-2.384855964536258739e+02 9.789832780489879926e-01
-2.386805940475189516e+02 9.604448684312205664e-01
-2.388756012633905925e+02 9.420078541647507464e-01
-2.390706180760629707e+02 9.236725383913400034e-01
-2.392656444603582599e+02 9.054392262668156111e-01
-2.394606803921056155e+02 8.873082239542527949e-01
-2.396557258451201449e+02 8.692798386237741148e-01
-2.398507807922096333e+02 8.513543814739771287e-01
-2.400458452081962264e+02 8.335321616892222840e-01
-2.402409190668949748e+02 8.158134924823163825e-01
-2.404360023401066258e+02 7.981986870661237354e-01
-2.406310950006390499e+02 7.806880626819266977e-01
-2.408261970213001746e+02 7.632819355639032244e-01
-2.410213083728836239e+02 7.459806249675448031e-01
-2.412164290281972967e+02 7.287844511554760762e-01
-2.414115589580348740e+02 7.116937374117213722e-01
-2.416066981321828848e+02 6.947088070202475096e-01
-2.418018465224421050e+02 6.778299852792593061e-01
-2.419970040975919119e+02 6.610575995011706008e-01
-2.421921708284260433e+02 6.443919780055855639e-01
-2.423873466827168386e+02 6.278334531404979879e-01
-2.425825316312578082e+02 6.113823552396638883e-01
-2.427777256408142819e+02 5.950390206796098980e-01
-2.429729286791585423e+02 5.788037828154342090e-01
-2.431681407160771471e+02 5.626769810449772091e-01
-2.433633617163210090e+02 5.466589537589456871e-01
-2.435585916486695623e+02 5.307500423693888303e-01
-2.437538304778738620e+02 5.149505892954606701e-01
-2.439490781706990106e+02 4.992609399777143686e-01
-2.441443346929031293e+02 4.836814408637220009e-01
-2.443396000092372162e+02 4.682124384011700502e-01
-2.445348740834450325e+02 4.528542850803436992e-01
-2.447301568812848132e+02 4.376073323844521523e-01
-2.449254483654931107e+02 4.224719328038092914e-01
-2.451207484998139421e+02 4.074484428572329731e-01
-2.453160572459767934e+02 3.925372210776928994e-01
-2.455113745677256532e+02 3.777386249911115490e-01
-2.457067004267900359e+02 3.630530171589626542e-01
-2.459020347838924749e+02 3.484807611497960367e-01
-2.460973775997555322e+02 3.340222215393803817e-01
-2.462927288351016273e+02 3.196777659246836656e-01
-2.464880884496462556e+02 3.054477629099501823e-01
-2.466834564041118085e+02 2.913325841206231837e-01
-2.468788326551923547e+02 2.773326031964697402e-01
-2.470742171636104842e+02 2.634481937772568672e-01
-2.472696098850531143e+02 2.496797345382456013e-01
-2.474650107782284181e+02 2.360276031476783720e-01
-2.476604197998305779e+02 2.224921823093203854e-01
-2.478558369055464254e+02 2.090738537198036651e-01
-2.480512620520700295e+02 1.957730041114260910e-01
-2.482466951930741175e+02 1.825900202163710240e-01
-2.484421362852527295e+02 1.695252917882500154e-01
-2.486375852812713561e+02 1.565792105948550783e-01
-2.488330421348028949e+02 1.437521694111399961e-01
-2.490285067985127512e+02 1.310445660475813845e-01
-2.492239792250665857e+02 1.184567963004752866e-01
-2.494194593671300311e+02 1.059892630158782850e-01
-2.496149471743472077e+02 9.364236702569507520e-02
-2.498104425983766816e+02 8.141651218305814841e-02
-2.500059455888626587e+02 6.931210737676586631e-02
-2.502014560954493732e+02 5.732956149558797454e-02
-2.503969740657668410e+02 4.546928443539876435e-02
-2.505924994494592966e+02 3.373169112768113764e-02
-2.507880321931496894e+02 2.211719751102256271e-02
-2.509835722434608272e+02 1.062622053108643050e-02
-2.511791195460085362e+02 -7.408178308552445818e-04
-2.513746740474157093e+02 -1.198349458636865060e-02
-2.515702356932980592e+02 -2.310138473292536881e-02
-2.517658044252430614e+02 -3.409406125361612999e-02
-2.519613801888663716e+02 -4.496109411024665908e-02
-2.521569629267624464e+02 -5.570205024330899396e-02
-2.523525525795114390e+02 -6.631649457902884237e-02
-2.525481490897078913e+02 -7.680399002942284170e-02
-2.527437523989390229e+02 -8.716409648510804742e-02
-2.529393624447638160e+02 -9.739637282968285903e-02
-2.531349791677623386e+02 -1.075003729110512174e-01
-2.533306025075077628e+02 -1.174756505772314996e-01
-2.535262323995446252e+02 -1.273217556476808066e-01
-2.537218687814319082e+02 -1.370382359277043383e-01
-2.539175115907283669e+02 -1.466246362012364468e-01
-2.541131607609644334e+02 -1.560804982308691968e-01
-2.543088162286918532e+02 -1.654053627720042108e-01
-2.545044779254268121e+02 -1.745987675588439592e-01
-2.547001457867139038e+02 -1.836602462970295946e-01
-2.548958197430622192e+02 -1.925893316850690873e-01
-2.550914997269949822e+02 -2.013855523930808689e-01
-2.552871856680141889e+02 -2.100484350769169506e-01
-2.554828774956217217e+02 -2.185775033710871396e-01
-2.556785751403267000e+02 -2.269722788958634940e-01
-2.558742785286096364e+02 -2.352322792430712184e-01
-2.560699875889653754e+02 -2.433570209974310061e-01
-2.562657022468674199e+02 -2.513460157080262825e-01
-2.564614224267821214e+02 -2.591987739169217542e-01
-2.566571480541829260e+02 -2.669148021376209212e-01
-2.568528790535362418e+02 -2.744936058765798381e-01
-2.570486153452798703e+02 -2.819346845975414517e-01
-2.572443568528731817e+02 -2.892375377642774081e-01
-2.574401034957469392e+02 -2.964016608120265128e-01
-2.576358551953460392e+02 -3.034265461547712150e-01
-2.578316118690871690e+02 -3.103116821779327572e-01
-2.580273734343868455e+02 -3.170565572670467347e-01
-2.582231398096686803e+02 -3.236606527577737813e-01
-2.584189109093279058e+02 -3.301234509928505645e-01
-2.586146866477598110e+02 -3.364444282724435853e-01
-2.588104669413737611e+02 -3.426230588823671597e-01
-2.590062516995294004e+02 -3.486588140871791919e-01
-2.592020408366219044e+02 -3.545511621300095340e-01
-2.593978342620109174e+02 -3.602995672255983051e-01
-2.595936318850561406e+02 -3.659034915744193150e-01
-2.597894336141099529e+02 -3.713623933484996309e-01
-2.599852393565179227e+02 -3.766757276985240321e-01
-2.601810490196253909e+02 -3.818429457467017452e-01
-2.603768625067492053e+02 -3.868634976081088972e-01
-2.605726797232206877e+02 -3.917368273551943281e-01
-2.607685005703423826e+02 -3.964623780532164354e-01
-2.609643249504242704e+02 -4.010395867247776303e-01
-2.611601527637618574e+02 -4.054678903925376665e-01
-2.613559839096436122e+02 -4.097467190292239936e-01
-2.615518182853438702e+02 -4.138755026076786359e-01
-2.617476557881367967e+02 -4.178536640508400124e-01
-2.619434963132824805e+02 -4.216806262817608952e-01
-2.621393397550337454e+02 -4.253558071878283942e-01
-2.623351860066364338e+02 -4.288786196208494994e-01
-2.625310349583149332e+02 -4.322484754255839223e-01
-2.627268865023080480e+02 -4.354647814111827220e-01
-2.629227405258187673e+02 -4.385269413653974935e-01
-2.631185969160501372e+02 -4.414343540405142319e-01
-2.633144555612125259e+02 -4.441864161744954465e-01
-2.635103163444804295e+02 -4.467825204768853808e-01
-2.637061791500356662e+02 -4.492220546216196819e-01
-2.639020438600458078e+02 -4.515044032613489411e-01
-2.640979103536569141e+02 -4.536289490344287967e-01
-2.642937785120294620e+02 -4.555950675294257457e-01
-2.644896482112882268e+02 -4.574021323206972633e-01
-2.646855193275581541e+02 -4.590495129541538599e-01
-2.648813917359568109e+02 -4.605365759542781046e-01
-2.650772653095878013e+02 -4.618626797887160351e-01
-2.652731399205474645e+02 -4.630271849393513550e-01
-2.654690154379107980e+02 -4.640294438310311187e-01
-2.656648917297456478e+02 -4.648688048602985790e-01
-2.658607686641200871e+02 -4.655446144093162153e-01
-2.660566461060805636e+02 -4.660562138248096620e-01
-2.662525239156381076e+02 -4.664029384107053477e-01
-2.664484019598534132e+02 -4.665841224638538898e-01
-2.666442800967234348e+02 -4.665990942384213858e-01
-2.668401581842446717e+02 -4.664471779601269685e-01
-2.670360360794070402e+02 -4.661276938262144953e-01
-2.672319136371857553e+02 -4.656399569982904718e-01
-2.674277907115491644e+02 -4.649832786096290693e-01
-2.676236671524371786e+02 -4.641569657649144975e-01
-2.678195428097894819e+02 -4.631603205333655882e-01
-2.680154175315317957e+02 -4.619926419627441994e-01
