-8.838265672607772672e+01 4.810514962280243623e+01
-8.834156346876572741e+01 4.836576553795634936e+01
-8.829716298316235168e+01 4.862583843059094590e+01
-8.824962785742853555e+01 4.888535679462235350e+01
-8.819911765780734925e+01 4.914431276485800737e+01
-8.814578013778033494e+01 4.940270139522039017e+01
-8.808975229646689797e+01 4.966052022712690217e+01
-8.803116137609956127e+01 4.991776867716756527e+01
-8.797012558689874595e+01 5.017444831383754433e+01
-8.790675508183070974e+01 5.043056167626097874e+01
-8.784115254105211079e+01 5.068611255195607157e+01
-8.777341382966456251e+01 5.094110564331053581e+01
-8.770362860590670095e+01 5.119554624954560751e+01
-8.763188070217883308e+01 5.144944060850145462e+01
-8.755824877350431734e+01 5.170279510051478411e+01
-8.748280660524046937e+01 5.195561655716159066e+01
-8.740562351681828090e+01 5.220791207745706686e+01
-8.732676471385470052e+01 5.245968895144451949e+01
-8.724629159689392566e+01 5.271095460340312400e+01
-8.716426204743362405e+01 5.296171653608846697e+01
-8.708073068710436360e+01 5.321198229252691903e+01
-8.699574911619538398e+01 5.346175941471222615e+01
-8.690936608506359562e+01 5.371105554376627111e+01
-8.682162787515848379e+01 5.395987785821323257e+01
-8.673257818337110336e+01 5.420823392173113575e+01
-8.664225849892746112e+01 5.445613103778687503e+01
-8.655070820251791019e+01 5.470357640762146900e+01
-8.645796470156398073e+01 5.495057712198949673e+01
-8.636406355722699857e+01 5.519714014980056760e+01
-8.626903860728590701e+01 5.544327233295651070e+01
-8.617292207042790153e+01 5.568898038015578322e+01
-8.607573835280885532e+01 5.593428666026626672e+01
-8.597753136299988341e+01 5.617916077814438580e+01
-8.587832073765117968e+01 5.642363010862543860e+01
-8.577813315666929839e+01 5.666770080384509356e+01
-8.567699411248877084e+01 5.691137887654016936e+01
-8.557492798028803804e+01 5.715467020108123819e+01
-8.547195807994530981e+01 5.739758051140741912e+01
-8.536810674109007380e+01 5.764011540205900985e+01
-8.526339534750503901e+01 5.788228033127521144e+01
-8.515784440011348977e+01 5.812408062305928524e+01
-8.505147355415289212e+01 5.836552146821119180e+01
-8.494430166977022623e+01 5.860660792742523739e+01
-8.483634685126146735e+01 5.884734493232279107e+01
-8.472764461332194230e+01 5.908769738124224347e+01
-8.461817656046697778e+01 5.932774759384784602e+01
-8.450797577359122670e+01 5.956746234571575371e+01
-8.439705770015186204e+01 5.980684607902249184e+01
-8.428543720213077961e+01 6.004590312545808217e+01
-8.417312858701245659e+01 6.028463770106309738e+01
-8.406014563050059962e+01 6.052305391139169899e+01
-8.394650160026706942e+01 6.076115575564182336e+01
-8.383220928589813070e+01 6.099894712665525986e+01
-8.371728107220624793e+01 6.123643169423569077e+01
-8.360172873787782066e+01 6.147361337084399224e+01
-8.348556379829005891e+01 6.171049564351645245e+01
-8.336879731758033074e+01 6.194708200755002281e+01
-8.325143997473338686e+01 6.218337586530910244e+01
-8.313350207803507885e+01 6.241938052725808461e+01
-8.301499358262823591e+01 6.265509921196139231e+01
-8.289592410600069172e+01 6.289053505434418412e+01
-8.277630293831090569e+01 6.312569110259450156e+01
-8.265613905787716931e+01 6.336057032022851132e+01
-8.253544114356783723e+01 6.359517558918825841e+01
-8.241421758409607889e+01 6.382950971293939801e+01
-8.229247648937659676e+01 6.406357541543859213e+01
-8.217022570601560005e+01 6.429737534526391585e+01
-8.204747281834286809e+01 6.453091207458216161e+01
-8.192422516493277840e+01 6.476418810327930942e+01
-8.180048984480109198e+01 6.499720585792779559e+01
-8.167627372463130087e+01 6.522996769591699717e+01
-8.155158344806901027e+01 6.546247590338793998e+01
-8.142642544604767352e+01 6.569473270039631529e+01
-8.130080593472317219e+01 6.592674023884723056e+01
-8.117473093509293847e+01 6.615850060559301937e+01
-8.104820626783335058e+01 6.639001582243324151e+01
-8.092123756569016280e+01 6.662128784817977589e+01
-8.079383027864176370e+01 6.685231857762433094e+01
-8.066598967699745515e+01 6.708310984566877266e+01
-8.053772085862421193e+01 6.731366342525981850e+01
-8.040902875307843090e+01 6.754398102842183960e+01
-8.027991812470271782e+01 6.777406430935444348e+01
-8.015039357985453705e+01 6.800391486133479191e+01
-8.002045957000377996e+01 6.823353422291309300e+01
-7.989012039379740315e+01 6.846292387274969826e+01
-7.975938020325602906e+01 6.869208523064763483e+01
-7.962824300480582451e+01 6.892101966478074360e+01
-7.949671266444113371e+01 6.914972848136785899e+01
-7.936479291082316934e+01 6.937821293603110462e+01
-7.923248733424642865e+01 6.960647422347025781e+01
-7.909979956734163409e+01 6.983451319143679825e+01
-7.896673379723688413e+01 7.006232946200496770e+01
-7.883329222023844807e+01 7.028992579940221219e+01
-7.869947791034935847e+01 7.051730317425753469e+01
-7.856529381662916478e+01 7.074446251383137962e+01
-7.843074276835825742e+01 7.097140467826628196e+01
-7.829582747193940406e+01 7.119813047917324411e+01
-7.816055051399571596e+01 7.142464066930607203e+01
-7.802491436240300970e+01 7.165093594462636872e+01
-7.788892136938748934e+01 7.187701694533626551e+01
-7.775257376842849055e+01 7.210288425381311583e+01
-7.761587367838859564e+01 7.232853839460963741e+01
-7.747882309938306378e+01 7.255397983342123780e+01
-7.734142396544173437e+01 7.277920890583769165e+01
-7.720367793386185440e+01 7.300422613950948403e+01
-7.706558674144993404e+01 7.322903169035676285e+01
-7.692715834220071258e+01 7.345362970317188456e+01
-7.678825426659541620e+01 7.367793380849593632e+01
-7.664883182141463180e+01 7.390191500930416169e+01
-7.650884841669743253e+01 7.412554583163318966e+01
-7.636825847831465808e+01 7.434879567898552466e+01
-7.622701284597317795e+01 7.457163108841039900e+01
-7.608505843039760919e+01 7.479401546616230689e+01
-7.594233788496850934e+01 7.501590874591559555e+01
-7.579878924122039052e+01 7.523726700567581815e+01
-7.565434553504597659e+01 7.545804203512709307e+01
-7.550893439263062135e+01 7.567818085135007777e+01
-7.536247760812453578e+01 7.589762515981323077e+01
-7.521489069756763968e+01 7.611631075031102966e+01
-7.506608243629075616e+01 7.633416682371925788e+01
-7.491595440251401783e+01 7.655111524337155515e+01
-7.476440051888023675e+01 7.676706971105741673e+01
-7.461130662806118607e+01 7.698193485834808314e+01
-7.445655010347522307e+01 7.719560525531609585e+01
-7.429999955603207695e+01 7.740796434594096809e+01
-7.414151463277964638e+01 7.761888331433202382e+01
-7.398094600657806552e+01 7.782821990138704393e+01
-7.381813556919273367e+01 7.803581721422290229e+01
-7.365291694345623341e+01 7.824150255729044545e+01
-7.348511636819263515e+01 7.844508638120390742e+01
-7.331452321897612023e+01 7.864639730489359692e+01
-7.314101245297815979e+01 7.884514027366763855e+01
-7.296437073214192992e+01 7.904110513912138458e+01
-7.278441489567889278e+01 7.923403043961931758e+01
-7.260096809292218722e+01 7.942363864135538165e+01
-7.241386481510731699e+01 7.960963890258055642e+01
-7.222295687403452291e+01 7.979173101187826944e+01
-7.202811935904578888e+01 7.996961138541253433e+01
-7.182925738805968763e+01 8.014298006681504205e+01
-7.162631211101439987e+01 8.031154965180900263e+01
-7.141926591615671782e+01 8.047505527742704601e+01
-7.120814590055671545e+01 8.063326537947172312e+01
-7.099302597967712813e+01 8.078599171374351329e+01
-7.077402539735507503e+01 8.093309912428574648e+01
-7.055130560946216178e+01 8.107451250919653774e+01
-7.032506443741472424e+01 8.121022122150193923e+01
-7.009552848281160209e+01 8.134028006559950086e+01
-6.986294448264006007e+01 8.146480685622961460e+01
-6.962757040427136701e+01 8.158397688692286920e+01
-6.938966706294297637e+01 8.169801496567939125e+01
-6.914949082655397206e+01 8.180718588628343468e+01
-6.890728777020495954e+01 8.191178423463371416e+01
-6.866328941059450131e+01 8.201212433963571868e+01
-6.841770995934562904e+01 8.210853099336885919e+01
-6.817074488668056631e+01 8.220133137008399160e+01
-6.792257057447397983e+01 8.229084832679808414e+01
-6.767334475096886592e+01 8.237739515466962814e+01
-6.742320748102683581e+01 8.246127169854787553e+01
-6.717228248370361143e+01 8.254276167225424388e+01
-6.692067862639902387e+01 8.262213100851316483e+01
-6.666849146134146054e+01 8.269962702978705238e+01
-6.641580473006389695e+01 8.277547826137853804e+01
-6.616269177700979753e+01 8.284989472778215713e+01
-6.590921684439483386e+01 8.292306858669093117e+01
-6.565543624418934598e+01 8.299517499533435227e+01
-6.540139952906825727e+01 8.306637307904223633e+01
-6.514714988066371859e+01 8.313680716208487809e+01
-6.489272563675500294e+01 8.320660767428176996e+01
-6.463816051534188034e+01 8.327589237771155695e+01
-6.438348431266872751e+01 8.334476740342627465e+01
-6.412872341848571978e+01 8.341332826751417429e+01
-6.387390125076620961e+01 8.348166082623980344e+01
-6.361903863259978920e+01 8.354984216509897976e+01
-6.336415170327491353e+01 8.361794206818584030e+01
-6.310925688087758090e+01 8.368602251945466719e+01
-6.285437164602326732e+01 8.375413825411990842e+01
-6.259950938719604352e+01 8.382233881762861927e+01
-6.234468190063630999e+01 8.389066851403130443e+01
-6.208988213999023742e+01 8.395910180339453177e+01
-6.183440449412213269e+01 8.402494920702034165e+01
-6.157802952446890288e+01 8.408721416670020687e+01
-6.132092112276794893e+01 8.414637969426718200e+01
-6.106320254754292876e+01 8.420282969826918418e+01
-6.080496874283036846e+01 8.425687511763830173e+01
-6.054629433657641613e+01 8.430877185354505343e+01
-6.028723901936564289e+01 8.435873343197643237e+01
-6.002785125346495221e+01 8.440694017101694158e+01
-5.976817091004163274e+01 8.445354594943691495e+01
-5.950823117015060859e+01 8.449868331178798542e+01
-5.924805993524532965e+01 8.454246737363588693e+01
-5.898768088764041551e+01 8.458499885632492976e+01
-5.872711429076498746e+01 8.462636647534489498e+01
-5.846637761490855212e+01 8.466664884854630202e+01
-5.820548602873027022e+01 8.470591602642991802e+01
-5.794445277718537568e+01 8.474423074054092808e+01
-5.768328949956150353e+01 8.478164942572705343e+01
-5.742200647316730766e+01 8.481822307202044442e+01
-5.716061281571987962e+01 8.485399792576218658e+01
-5.689915958849964284e+01 8.488901039586522757e+01
-5.663757205513932291e+01 8.492330992658344258e+01
-5.637589595911171614e+01 8.495692643910435038e+01
-5.611413718511295912e+01 8.498989230493735647e+01
-5.585230106127714578e+01 8.502223735337004484e+01
-5.559039242112972801e+01 8.505398913684211948e+01
-5.532841566141373590e+01 8.508517317050507245e+01
-5.506637479991364614e+01 8.511581313254332315e+01
-5.480427351056311380e+01 8.514593104694174031e+01
-5.454211516371692170e+01 8.517554743527537653e+01
-5.427990286022453148e+01 8.520468146023874567e+01
-5.401763945621345897e+01 8.523335104542543661e+01
-5.375532771797666243e+01 8.526157297342376751e+01
-5.349296976024569972e+01 8.528936303657393125e+01
-5.323056807671142110e+01 8.531673602664223210e+01
-5.296812476042158124e+01 8.534370588661080603e+01
-5.270564175676435781e+01 8.537028576333959506e+01
-5.244311766039295009e+01 8.539648838032906042e+01
-5.218055612975240365e+01 8.542232526018440808e+01
-5.191795969260893173e+01 8.544780739889300492e+01
-5.165537093892322673e+01 8.547294139776457200e+01
-5.139270993016972966e+01 8.549774500691864887e+01
-5.113001826915914450e+01 8.552222380334157492e+01
-5.086729719086205392e+01 8.554638677774255484e+01
-5.060454785693566038e+01 8.557024248094994334e+01
-5.034177135985358831e+01 8.559379905592140858e+01
-5.007892453140785705e+01 8.561706815020487227e+01
-4.981609748417444195e+01 8.564004927642066889e+01
-4.955320430199887483e+01 8.566275709829463381e+01
-4.929033293109573322e+01 8.568519085068200525e+01
-4.902743872666198399e+01 8.570736093686691959e+01
-4.876452249308054121e+01 8.572927352653894673e+01
-4.850158498826804987e+01 8.575093453020913614e+01
-4.823862693400062795e+01 8.577234960953570919e+01
-4.797564900868609072e+01 8.579352419178034950e+01
-4.771265185975459389e+01 8.581446348736209018e+01
-4.744963609952856132e+01 8.583517249502021684e+01
-4.718660231245048209e+01 8.585565601730310448e+01
-4.692355105198517151e+01 8.587591867089390973e+01
-4.666048284475103713e+01 8.589596489383887956e+01
-4.639739819464843862e+01 8.591579895897066876e+01
-4.613429769128343594e+01 8.593542496668050035e+01
-4.587118154633540001e+01 8.595484689757984142e+01
-4.560805033598646219e+01 8.597406855570825712e+01
-4.534490447430243876e+01 8.599309362016262526e+01
-4.508174435986123996e+01 8.601192563786914036e+01
-4.481857037368610008e+01 8.603056803390900598e+01
-4.455538287821394761e+01 8.604902411048600186e+01
-4.429218222349081202e+01 8.606729705931734031e+01
-4.402896874304158104e+01 8.608538996369894392e+01
-4.376574275799976022e+01 8.610330580160318448e+01
-4.350254961016251798e+01 8.612104443466378711e+01
-4.323930369418363995e+01 8.613861444055631011e+01
-4.297604641461744990e+01 8.615601572944594011e+01
-4.271277805026173269e+01 8.617325090860737191e+01
-4.244949887062065841e+01 8.619032250374114312e+01
-4.218620913590570609e+01 8.620723295897367677e+01
-4.192290909496956886e+01 8.622398464202012747e+01
-4.165959899046928427e+01 8.624057984934741228e+01
-4.139627905163889920e+01 8.625702080204376898e+01
-4.113294950358146451e+01 8.627330965820982556e+01
-4.086961056417202087e+01 8.628944850779569720e+01
-4.060626243786262535e+01 8.630543937879637895e+01
-4.034290532703948884e+01 8.632128423725190203e+01
-4.007953942686127391e+01 8.633698499344269806e+01
-3.981616492422512721e+01 8.635254349982454869e+01
-3.955278200086649321e+01 8.636796155515884266e+01
-3.928939083232422291e+01 8.638324090657773979e+01
-3.902599158794216549e+01 8.639838324855165297e+01
-3.876258443190133818e+01 8.641339023011725828e+01
-3.849916952321964203e+01 8.642826345074726646e+01
-3.823574701471930837e+01 8.644300446551319794e+01
-3.797231705612530561e+01 8.645761478611808570e+01
-3.770887979199928708e+01 8.647209588089641841e+01
-3.744543536174003151e+01 8.648644917894452533e+01
-3.718198380974865103e+01 8.650067607012049109e+01
-3.691852549639715164e+01 8.651477789471836388e+01
-3.665506039070787381e+01 8.652875597134801922e+01
-3.639158862485158608e+01 8.654261157525067460e+01
-3.612811031964050557e+01 8.655634594862495135e+01
-3.586462560311512249e+01 8.656996029752900768e+01
-3.560113458782730333e+01 8.658345579497829192e+01
-3.533763739045875951e+01 8.659683358301074918e+01
-3.507413412459392532e+01 8.661009477268680712e+01
-3.481062489865393417e+01 8.662324044202416928e+01
-3.454710981899521727e+01 8.663627164425857075e+01
-3.428358877100075119e+01 8.664918941094144600e+01
-3.402006216976938191e+01 8.666199472199505749e+01
-3.375652997812778722e+01 8.667468854908096887e+01
-3.349299228797660533e+01 8.668727183598100794e+01
-3.322944918501964651e+01 8.669974549653201734e+01
-3.296590075805960396e+01 8.671211042185402107e+01
-3.270234708763764786e+01 8.672436747828504622e+01
-3.243878825739338367e+01 8.673651750634844859e+01
-3.217522434477048421e+01 8.674856132694858957e+01
-3.191165542927803500e+01 8.676049973414255589e+01
-3.164808158526199122e+01 8.677233350443354709e+01
-3.138450288603575444e+01 8.678406338954275157e+01
-3.112091940491295361e+01 8.679569011950705715e+01
-3.085733121004388479e+01 8.680721440577688952e+01
-3.059373837164445575e+01 8.681863693915093450e+01
-3.033014095683262923e+01 8.682995838977626590e+01
-3.006653903066120748e+01 8.684117940818080683e+01
-2.980293265611786069e+01 8.685230062733855050e+01
-2.953932189825516019e+01 8.686332265957186394e+01
-2.927570681696305499e+01 8.687424610171430572e+01
-2.901208747213149053e+01 8.688507152994775140e+01
-2.874846392365040870e+01 8.689579950290016086e+01
-2.848483623037718004e+01 8.690643056474334571e+01
-2.822120444703841713e+01 8.691696524106257016e+01
-2.795756863042634777e+01 8.692740403782399028e+01
-2.769392883630061775e+01 8.693774744963538126e+01
-2.743028511732293140e+01 8.694799595148538174e+01
-2.716663752718779179e+01 8.695815000493907121e+01
-2.690298611855689614e+01 8.696821005194239262e+01
-2.663933094305960836e+01 8.697817652411549716e+01
-2.637567205438996254e+01 8.698804983345939945e+01
-2.611200949901445512e+01 8.699783038061671903e+01
-2.584834332959478331e+01 8.700751854764349957e+01
-2.558467359466234825e+01 8.701711470420490002e+01
-2.532100034584675541e+01 8.702661920654234962e+01
-2.505732363064635848e+01 8.703603239334344721e+01
-2.479364349862537154e+01 8.704535459296990041e+01
-2.452996000038059066e+01 8.705458611622951537e+01
-2.426627318444317538e+01 8.706372726153904296e+01
-2.400258309934477552e+01 8.707277831492430664e+01
-2.373888979671450983e+01 8.708173954692229302e+01
-2.347519332611636145e+01 8.709061121361384039e+01
-2.321149373814711225e+01 8.709939356178657022e+01
-2.294779108650080701e+01 8.710808681964149969e+01
-2.268403957710880192e+01 8.711669269507264346e+01
-2.242032717786923968e+01 8.712520852091546431e+01
-2.215661159310828410e+01 8.713363587599093307e+01
-2.189289285793319095e+01 8.714197494100125141e+01
-2.162917115924203415e+01 8.715022587496434880e+01
-2.136544626986614759e+01 8.715838883896334721e+01
-2.110171834366057553e+01 8.716646397033193239e+01
-2.083798741676607236e+01 8.717445139298018830e+01
-2.057425352635504368e+01 8.718235122255751435e+01
-2.031051854243781563e+01 8.719016350449760466e+01
-2.004679763470588227e+01 8.719788788978706862e+01
-1.978307430040177550e+01 8.720552494428194734e+01
-1.951934856120929851e+01 8.721307473303504310e+01
-1.925562035930388660e+01 8.722053730561037810e+01
-1.899188992391911768e+01 8.722791269608323717e+01
-1.872815714353615490e+01 8.723520092923563141e+01
-1.846442204396933207e+01 8.724240201745855927e+01
-1.820068465413116243e+01 8.724951595868688514e+01
-1.793694499983620716e+01 8.725654273536663652e+01
-1.767324665613070778e+01 8.726348118067789983e+01
-1.740949936071395143e+01 8.727033362722796994e+01
-1.714575008789879007e+01 8.727709877396098648e+01
-1.688199885007609780e+01 8.728377655375896893e+01
-1.661824565860464986e+01 8.729036688401521360e+01
-1.635449052484228361e+01 8.729686966663423675e+01
-1.609073346221314793e+01 8.730328479216211690e+01
-1.582697448207555091e+01 8.730961213462360604e+01
-1.556321359888551470e+01 8.731585155565245771e+01
-1.529945082606672635e+01 8.732200290139361698e+01
-1.503568617704263488e+01 8.732806600250334839e+01
-1.477191951551241544e+01 8.733404067931199677e+01
-1.450815112646883165e+01 8.733992672840051341e+01
-1.424438090355637954e+01 8.734572393705660431e+01
-1.398060886329576391e+01 8.735143207707918123e+01
-1.371683502117604903e+01 8.735705090271325446e+01
-1.345305939475121093e+01 8.736258015168245095e+01
-1.318928200054242339e+01 8.736801954622171706e+01
-1.292550285713646652e+01 8.737336879307714810e+01
-1.266172198002170823e+01 8.737862758040837718e+01
-1.239793938985007493e+01 8.738379557778851847e+01
-1.213415510314297485e+01 8.738887244033450941e+01
-1.187036913951929584e+01 8.739385780251157598e+01
-1.160658151859816201e+01 8.739875128226364609e+01
-1.134279225999893193e+01 8.740355247585037546e+01
-1.107900138437306836e+01 8.740826096301003645e+01
-1.081520891030712050e+01 8.741287630386185015e+01
-1.055141486155050679e+01 8.741739803580814794e+01
-1.028761925668977817e+01 8.742182567663220993e+01
-1.002382211947434776e+01 8.742615872449819392e+01
-9.760023471588489485e+00 8.743039665382080727e+01
-9.496223335749045091e+00 8.743453891733052785e+01
-9.232421736737768114e+00 8.743858494504097223e+01
-8.968618697271974582e+00 8.744253414321632079e+01
-8.704814242133650737e+00 8.744638589230613945e+01
-8.441008279422380411e+00 8.745013955210833956e+01
-8.177201092066486154e+00 8.745379445041071165e+01
-7.913392675935675413e+00 8.745734989125162429e+01
-7.649582802828707173e+00 8.746080515595259897e+01
-7.385771649317695697e+00 8.746415949072725482e+01
-7.121959246379835129e+00 8.746741211700727092e+01
-6.858145623960449022e+00 8.747056222318157381e+01
-6.594330812003924791e+00 8.747360896872676506e+01
-6.330514841488394495e+00 8.747655148007676473e+01
-6.066697741325903337e+00 8.747938885165537215e+01
-5.802879541461308577e+00 8.748212014071334863e+01
-5.539060269774553014e+00 8.748474437145880245e+01
-5.275239952079965100e+00 8.748726053092680388e+01
-5.011418612127429562e+00 8.748966756588158944e+01
-4.747596440944616525e+00 8.749196438384932151e+01
-4.483773172125080642e+00 8.749414985415042167e+01
-4.219947849496022307e+00 8.749622280686723741e+01
-3.956122007476819746e+00 8.749818201115957095e+01
-3.692295789597246802e+00 8.750002619694903672e+01
-3.428469384820062249e+00 8.750175404872364027e+01
-3.164643043030307190e+00 8.750336419934205878e+01
-2.900817102915953960e+00 8.750485522900129354e+01
-2.636992014683340102e+00 8.750622566420389603e+01
-2.373118027401166508e+00 8.750747419769851376e+01
-2.109316103126073205e+00 8.750859868377550299e+01
-1.845486694562007424e+00 8.750959792360478673e+01
-1.581656223468704159e+00 8.751047007918683107e+01
-1.317819699367952513e+00 8.751121337344447682e+01
-1.053974062712983883e+00 8.751182594256356140e+01
-7.901402264284534960e-01 8.751230580295016637e+01
-5.263023238280394311e-01 8.751265097514068714e+01
-2.626840146783402385e-01 8.751285923391652943e+01
1.362487450872952371e-03 8.751292874127810251e+01
2.649777886831639062e-01 8.751285778829887363e+01
5.289436687161382933e-01 8.751264775451109301e+01
7.932646399419603922e-01 8.751230027036491776e+01
1.056699999982966265e+00 8.751181947548977291e+01
1.320531141223263205e+00 8.751120541944968068e+01
1.584366195956979695e+00 8.751046064653169765e+01
1.848196794057949566e+00 8.750958704016909451e+01
2.112028884243033033e+00 8.750858636917833167e+01
2.375860503569611648e+00 8.750746035900729680e+01
2.639691564268266344e+00 8.750621066282307936e+01
2.903523152617416780e+00 8.750483886460952476e+01
3.167351770222260665e+00 8.750334651427533572e+01
3.431186754740300771e+00 8.750173502955833271e+01
3.694943209177533827e+00 8.750000639198729857e+01
3.958837252339287627e+00 8.749816051172740572e+01
4.222050606813196438e+00 8.749620478001519075e+01
4.486239980366854674e+00 8.749412796027117167e+01
4.750193794655283241e+00 8.749194031741325261e+01
5.013888314702160898e+00 8.748964353971632590e+01
5.277337611529915762e+00 8.748723895198567391e+01
5.541783006033843328e+00 8.748471584632488884e+01
5.805637851273267813e+00 8.748209016066854815e+01
6.069423994566546909e+00 8.747935811988938326e+01
6.333584751086084985e+00 8.747651592201302151e+01
6.597081017063825215e+00 8.747357586098493698e+01
6.860875121580090941e+00 8.747052832241519127e+01
7.124706332003491127e+00 8.746737698849847220e+01
7.388552553100946163e+00 8.746412293415474437e+01
7.652106047983356696e+00 8.746077092062897407e+01
7.916155994812865693e+00 8.745731157412333800e+01
8.179854604925044015e+00 8.745375666403062098e+01
8.443746180210997210e+00 8.745009966545231350e+01
8.707586777855878424e+00 8.744634457139089534e+01
8.971354581423934604e+00 8.744249242785397769e+01
9.235178908642181383e+00 8.743854199780587066e+01
9.498967293675400825e+00 8.743449526793828852e+01
9.762767684563222303e+00 8.743035210917821587e+01
1.002656726693760803e+01 8.742611328357266132e+01
1.029036543673718640e+01 8.742177934768440650e+01
1.055416213510434709e+01 8.741735082606616913e+01
1.081795731041020048e+01 8.741282822261894125e+01
1.108175091825339997e+01 8.740821201749429292e+01
1.134554291010253735e+01 8.740350267432245346e+01
1.160933324258930988e+01 8.739870063298425862e+01
1.187312186924722113e+01 8.739380631477393990e+01
1.213690874670773034e+01 8.738882012239930930e+01
1.240069383779773737e+01 8.738374243894902804e+01
1.266447710844233043e+01 8.737857362995784172e+01
1.292825854211963232e+01 8.737331404030879867e+01
1.319203813779754064e+01 8.736796399939625246e+01
1.345581592232319323e+01 8.736252381699537750e+01
1.371959196797717517e+01 8.735699378636005008e+01
1.398336642448423106e+01 8.735137418112505259e+01
1.424713958922894186e+01 8.734566525530601666e+01
1.451091206110957899e+01 8.733986724020179793e+01
1.477468517835522199e+01 8.733398033303593877e+01
1.503846184252707197e+01 8.732800467940280953e+01
1.530220147100723160e+01 8.732194140998187493e+01
1.556597455934059049e+01 8.731578908741620637e+01
1.582974640960564194e+01 8.730954867200894398e+01
1.609361676528990870e+01 8.730321790653138692e+01
1.635729743012401727e+01 8.729680388690100301e+01
1.662101464946582396e+01 8.729030130770104279e+01
1.688480848964032077e+01 8.728370923547552707e+01
1.714857696025788414e+01 8.727703028575983524e+01
1.741267487474591036e+01 8.727025540382456370e+01
1.767592074632390720e+01 8.726341522334021761e+01
1.793959657350180237e+01 8.725647669748740043e+01
1.820321104969972481e+01 8.724945260965647265e+01
1.846692339111425341e+01 8.724233872625286779e+01
1.873076649897090107e+01 8.723513405806107812e+01
1.899449537721898196e+01 8.722784528693240702e+01
1.925828468331704357e+01 8.722046759792748105e+01
1.952211331021528196e+01 8.721300150527318351e+01
1.978585313695159087e+01 8.720545061991583680e+01
2.004959647447381244e+01 8.719781228604935563e+01
2.031333233298985874e+01 8.719008676078711062e+01
2.057707715846566643e+01 8.718227348033826729e+01
2.084082583961009760e+01 8.717437249736457261e+01
2.110456277304625772e+01 8.716638418049855375e+01
2.136829092022459164e+01 8.715830833045147585e+01
2.163201259516633002e+01 8.715014475309756392e+01
2.189572948924407925e+01 8.714189325947390330e+01
2.215944330828646258e+01 8.713355364203114561e+01
2.242315497645627786e+01 8.712512570354569164e+01
2.268686522688842189e+01 8.711660924163111019e+01
2.295057443234530226e+01 8.710800404770542116e+01
2.321432677916325460e+01 8.709930845001505872e+01
2.347802881642175166e+01 8.709052530985039198e+01
2.374172828048105188e+01 8.708165282948262131e+01
2.400542383207926989e+01 8.707269080755784785e+01
2.426911336164746658e+01 8.706363905821095273e+01
2.453279562285674942e+01 8.705449735427345104e+01
2.479647952174412495e+01 8.704526510097693404e+01
2.506016001826741046e+01 8.703594217028098967e+01
2.532383706182934446e+01 8.702652825137781178e+01
2.558751060389899123e+01 8.701702301693828190e+01
2.585118059491213671e+01 8.700742612620965133e+01
2.611484698427222995e+01 8.699773722398300890e+01
2.637850972344763179e+01 8.698795594162587008e+01
2.664216875874430102e+01 8.697808189501697029e+01
2.690582404369574832e+01 8.696811468454627914e+01
2.716947552460746351e+01 8.695805389718019285e+01
2.743312314881775293e+01 8.694789910233117780e+01
2.769676686366514673e+01 8.693764985702067349e+01
2.796040661545490735e+01 8.692730569968361465e+01
2.822404235152533758e+01 8.691686615533134841e+01
2.848772030685919177e+01 8.690632887277003249e+01
2.875134901826030998e+01 8.689569699518546031e+01
2.901497356421758411e+01 8.688496820132873211e+01
2.927859388793878992e+01 8.687414194909324294e+01
2.954220992953398550e+01 8.686321767881841538e+01
2.980582163014579677e+01 8.685219481225720983e+01
3.006942892678679513e+01 8.684107275567380668e+01
3.033303175750188885e+01 8.682985089364811415e+01
3.059663005723826856e+01 8.681852859527130306e+01
3.086022376094312136e+01 8.680710520898283278e+01
3.112381280149849161e+01 8.679558006360308298e+01
3.138739711075361782e+01 8.678395246936594276e+01
3.165097661746047919e+01 8.677222171378839732e+01
3.191455125037083107e+01 8.676038706786614796e+01
3.217812093410589824e+01 8.674844777781282801e+01
3.244168559535228269e+01 8.673640306919043041e+01
3.270524515563325707e+01 8.672425214484407263e+01
3.296879953647302131e+01 8.671199418799977821e+01
3.323234865423174966e+01 8.669962835297123149e+01
3.349589242733570416e+01 8.668715377651818699e+01
3.375943076801498677e+01 8.667456956648803157e+01
3.402296359056533248e+01 8.666187480697873013e+01
3.428649080308655073e+01 8.664906855730623647e+01
3.455001244068637334e+01 8.663614984374379446e+01
3.481352809136412674e+01 8.662311768636917009e+01
3.507703786767145715e+01 8.660997105156573639e+01
3.534054166325192625e+01 8.659670888919552567e+01
3.560403936968418748e+01 8.658333011917567035e+01
3.586753087338448864e+01 8.656983363044570012e+01
3.613101605973533736e+01 8.655621827993513762e+01
3.639449481205526382e+01 8.654248289566108099e+01
3.665796700643409167e+01 8.652862626950022218e+01
3.692143251792906256e+01 8.651464716131914656e+01
3.718489121849947310e+01 8.650054429484394802e+01
3.744834313499291767e+01 8.648631634939968649e+01
3.771178791013534948e+01 8.647196198675746359e+01
3.797522549849284701e+01 8.645747981499397383e+01
3.823865575963405661e+01 8.644286840501293057e+01
3.850207855002967250e+01 8.642812628744725600e+01
3.876549371892260609e+01 8.641325195265908121e+01
3.902890111452298072e+01 8.639824384351169329e+01
3.929230057781264662e+01 8.638310035949984922e+01
3.955569194357850193e+01 8.636781985261941941e+01
3.981907504247644169e+01 8.635240062633484115e+01
4.008244969896738752e+01 8.633684093454652952e+01
4.034581573234918039e+01 8.632113897746049247e+01
4.060917295469138111e+01 8.630529290158840183e+01
4.087252117083557579e+01 8.628930079871496162e+01
4.113586017942812845e+01 8.627316069866984094e+01
4.139918977291925017e+01 8.625687057552315196e+01
4.166250973653185952e+01 8.624042833622708315e+01
4.192581984516220217e+01 8.622383182577875971e+01
4.218911986751201937e+01 8.620707881895958735e+01
4.245240956195615212e+01 8.619016702033522392e+01
4.271568867860932528e+01 8.617309406219052903e+01
4.297895695829334528e+01 8.615585749730131226e+01
4.324221413150333149e+01 8.613845480306481761e+01
4.350545991840939308e+01 8.612088336807599376e+01
4.376865292581505429e+01 8.610314328216966828e+01
4.403187873738270497e+01 8.608522596767025448e+01
4.429509202060859963e+01 8.606713156191146652e+01
4.455829245745622558e+01 8.604885708485575435e+01
4.482147971130368802e+01 8.603039945423981294e+01
4.508465343417010018e+01 8.601175547731378401e+01
4.534781326155292192e+01 8.599292184877617728e+01
4.561095881449429612e+01 8.597389514354576079e+01
4.587408969235116984e+01 8.595467181469638263e+01
4.613720548209030170e+01 8.593524818003339760e+01
4.640030560752978062e+01 8.591562043551721217e+01
4.666338985595697864e+01 8.589578459950381273e+01
4.692645763776653922e+01 8.587573656953679802e+01
4.718950845009018025e+01 8.585547207175089568e+01
4.745254176527741663e+01 8.583498666603473737e+01
4.771555702883062366e+01 8.581427573570512379e+01
4.797855365733987298e+01 8.579333447511598365e+01
4.824153103848250623e+01 8.577215788243023553e+01
4.850448852482860929e+01 8.575074074826142123e+01
4.876742543487288373e+01 8.572907764225016081e+01
4.903034104993645315e+01 8.570716289964040868e+01
4.929323461107034632e+01 8.568499060992117222e+01
4.955610531285907427e+01 8.566255459927252502e+01
4.981899778048629912e+01 8.563984446337775580e+01
5.008182410491102132e+01 8.561686096325126982e+01
5.034467020022209027e+01 8.559358943000431452e+01
5.060744592080096993e+01 8.557003035411430858e+01
5.087019445137702434e+01 8.554617207977267412e+01
5.113291469844383386e+01 8.552200646402174300e+01
5.139560549931186273e+01 8.549752494983763995e+01
5.165826561901052116e+01 8.547271854341342134e+01
5.192085347021792785e+01 8.544758166363239127e+01
5.218344895738427880e+01 8.542209655624471054e+01
5.244600950706980313e+01 8.539625661477771246e+01
5.270853255846594720e+01 8.537005084014627698e+01
5.297101451818095796e+01 8.534346770045193864e+01
5.323345675748553418e+01 8.531649446599872988e+01
5.349585732789426373e+01 8.528911798579642323e+01
5.375821413739171106e+01 8.526132430653696304e+01
5.402052468815698205e+01 8.523309863335634873e+01
5.428278686545828435e+01 8.520442516049077142e+01
5.454499790093727540e+01 8.517528709812384591e+01
5.480715493640199298e+01 8.514566651336869541e+01
5.506925486893690902e+01 8.511554423217239673e+01
5.533129432612276588e+01 8.508489971850373479e+01
5.559326962989540988e+01 8.505371093701938889e+01
5.585517676247011565e+01 8.502195419198103821e+01
5.611701132090842492e+01 8.498960395481360308e+01
5.637876846755457905e+01 8.495663265036047562e+01
5.664044287117701515e+01 8.492301043281280215e+01
5.690202864191648047e+01 8.488870490484652009e+01
5.716348005385416542e+01 8.485368611739434641e+01
5.742482578184851860e+01 8.481791096936618146e+01
5.768610792228559347e+01 8.478133026639351044e+01
5.794727019314011329e+01 8.474390410839673393e+01
5.820830230780980230e+01 8.470558146404034972e+01
5.846919261564895720e+01 8.466630584581481855e+01
5.872992785518115966e+01 8.462601446435031960e+01
5.899049284122538950e+01 8.458463720202809100e+01
5.925087008180834403e+01 8.454209536148860593e+01
5.951103928562071133e+01 8.449830013327697031e+01
5.977097674040324904e+01 8.445315068143203519e+01
6.003065450443193640e+01 8.440653175718475154e+01
6.029003934295685951e+01 8.435831065077000801e+01
6.054909132388845450e+01 8.430833327896584706e+01
6.080776190028834804e+01 8.425641907276983034e+01
6.106599127108500369e+01 8.420235418299620278e+01
6.132370465964033457e+01 8.414588229957111309e+01
6.158080691746623359e+01 8.408669194145591064e+01
6.183717449898090024e+01 8.402439847522865080e+01
6.209264309115215497e+01 8.395851789571042900e+01
6.234743606359074164e+01 8.389006128646943239e+01
6.260225739491711749e+01 8.382171072670634260e+01
6.285711351193442198e+01 8.375348941238891598e+01
6.311199259258818728e+01 8.368535296925088574e+01
6.336688122051367600e+01 8.361725177440142431e+01
6.362176181493559568e+01 8.354913102654069235e+01
6.387661807961226401e+01 8.348092860128298298e+01
6.413143376063892731e+01 8.341257462779709897e+01
6.438618799672006787e+01 8.334399189874230274e+01
6.464085732444888777e+01 8.327509442361811409e+01
6.489541530347841558e+01 8.320578653970937921e+01
6.514983207870645288e+01 8.313596195281576229e+01
6.540407386604901774e+01 8.306550272738452634e+01
6.565810225854252735e+01 8.299427824256807185e+01
6.591187398781872275e+01 8.292214397274226201e+01
6.616533940723688545e+01 8.284894057676721957e+01
6.641844210260121883e+01 8.277449267334273486e+01
6.667111771191639491e+01 8.269860787554209480e+01
6.692329275856747017e+01 8.262107592653936194e+01
6.717488335749312967e+01 8.254166807799376215e+01
6.742579379744682910e+01 8.246013679679573727e+01
6.767591504271720737e+01 8.237621596642092925e+01
6.792512319457917158e+01 8.228962172951867160e+01
6.817327800746895150e+01 8.220005415863303710e+01
6.842022157450628583e+01 8.210719994918194686e+01
6.866577734963597379e+01 8.201073633088545023e+01
6.890974972736685800e+01 8.191033633084663279e+01
6.915192440624151970e+01 8.180567549154324070e+01
6.939206984374663989e+01 8.169643996215627624e+01
6.962994002776903812e+01 8.158233578356546900e+01
6.986527875975372126e+01 8.146309893229427246e+01
7.009782551358678404e+01 8.133850548836484506e+01
7.032732274009303808e+01 8.120838113197332575e+01
7.055352424955508184e+01 8.107260905824648489e+01
7.077620409399989398e+01 8.093113545406747278e+01
7.099516518824351863e+01 8.078397187921453337e+01
7.121024685085194506e+01 8.063119422035339312e+01
7.142133060829625890e+01 8.047293824886079960e+01
7.162834327411786717e+01 8.030939262506765886e+01
7.183125837905772926e+01 8.014078913930731574e+01
7.203009405529128628e+01 7.996739268655724686e+01
7.222490953493664279e+01 7.978949054408639086e+01
7.241579994996075698e+01 7.960738240288898737e+01
7.260289032357302119e+01 7.942137148849434425e+01
7.278632884294064809e+01 7.923175758895958154e+01
7.296628091356963353e+01 7.903883108653384681e+01
7.314292321162034227e+01 7.884286904829517084e+01
7.331643865935433269e+01 7.864413247121629524e+01
7.348704030880263360e+01 7.844283108447272923e+01
7.365485292606112466e+01 7.823925949668006297e+01
7.382008681545489992e+01 7.803358872956873427e+01
7.398291542838421719e+01 7.782600799486951360e+01
7.414350483946998338e+01 7.761668968248672229e+01
7.430201286782279624e+01 7.740579041992936027e+01
7.445858856798041359e+01 7.719345222570754572e+01
7.461337203578163724e+01 7.697980371126035948e+01
7.476649442798498058e+01 7.676496125293863315e+01
7.491807815123236480e+01 7.654903012165193843e+01
7.506823716872520436e+01 7.633210555365819516e+01
7.521707737711972186e+01 7.611427372842081240e+01
7.536469703917690310e+01 7.589561268347806333e+01
7.551118722984169551e+01 7.567619312915194030e+01
7.565663230606624268e+01 7.545607920439962868e+01
7.580111035598559965e+01 7.523532913766736385e+01
7.594469364809077661e+01 7.501399585818006699e+01
7.608744905458934227e+01 7.479212752978735068e+01
7.622943845927487416e+01 7.456976803524547392e+01
7.637071913751829300e+01 7.434695740577220135e+01
7.651134411147727121e+01 7.412373220723333134e+01
7.665136248671809938e+01 7.390012587883015271e+01
7.679081978574035361e+01 7.367616898814780768e+01
7.692975854790861945e+01 7.345188900605192828e+01
7.706821916687734131e+01 7.322731351595973592e+01
7.720630633737449955e+01 7.300250817369442302e+01
7.734404799492818938e+01 7.277749096067432788e+01
7.748144241202575699e+01 7.255226173027249104e+01
7.761848793859776663e+01 7.232681995896885496e+01
7.775518265300497944e+01 7.210116531943424434e+01
7.789152456029572136e+01 7.187529735216875793e+01
7.802751155193269028e+01 7.164921553778265206e+01
7.816314140166524282e+01 7.142291930215920104e+01
7.829841176552729110e+01 7.119640800922663004e+01
7.843332018493643432e+01 7.096968096921882818e+01
7.856786407946520967e+01 7.074273743454493513e+01
7.870204074993864651e+01 7.051557660288713691e+01
7.883584737533763587e+01 7.028819761410298383e+01
7.896928101589507776e+01 7.006059955125782324e+01
7.910233860277126894e+01 6.983278144578781621e+01
7.923501795308364137e+01 6.960474052830264213e+01
7.936731487454098044e+01 6.937647720460776668e+01
7.949922574896883987e+01 6.914799062178882139e+01
7.963074699226812925e+01 6.891927958927638542e+01
7.976187488094078049e+01 6.869034285557862063e+01
7.989260555931815588e+01 6.846117912067225575e+01
8.002293502510414669e+01 6.823178702051373534e+01
8.015285913453941191e+01 6.800216513943038876e+01
8.028237359413917318e+01 6.777231200392478172e+01
8.041147395966225986e+01 6.754222608164222663e+01
8.054015563301152270e+01 6.731190578137071157e+01
8.066841385500725892e+01 6.708134945407354621e+01
8.079624370228896169e+01 6.685055539392189417e+01
8.092364002845778259e+01 6.661952193019482138e+01
8.105059769331028008e+01 6.638824700908263310e+01
8.117711118388039893e+01 6.615672886899703542e+01
8.130317487361759277e+01 6.592496555422383153e+01
8.142878294597623778e+01 6.569295504709381817e+01
8.155392939234954497e+01 6.546069526591757892e+01
8.167860799761443502e+01 6.522818406085519882e+01
8.180281234116344535e+01 6.499541921701387537e+01
8.192653578554639182e+01 6.476239845031776099e+01
8.204977147027474871e+01 6.452911940957299919e+01
8.217251230252912819e+01 6.429557967130489260e+01
8.229475095406020557e+01 6.406177673769261105e+01
8.241647908365456487e+01 6.382770950696903611e+01
8.253768896551822820e+01 6.359337514365841315e+01
8.265837316091609921e+01 6.335876965372566616e+01
8.277852328836320339e+01 6.312389023370518260e+01
8.289813068034929699e+01 6.288873400268750657e+01
8.301718636681711416e+01 6.265329799818901790e+01
8.313568106586856743e+01 6.241757917305428549e+01
8.325360517137457350e+01 6.218157439442330769e+01
8.337094873748547741e+01 6.194528044373166864e+01
8.348770146211063548e+01 6.170869401258012488e+01
8.360385260018037457e+01 6.147181185762224942e+01
8.371939122798819710e+01 6.123463022231730690e+01
8.383430578059316929e+01 6.099714573631101899e+01
8.394858448963509545e+01 6.075935449230541252e+01
8.406221497856137148e+01 6.052125282049683364e+01
8.417518285315115634e+01 6.028284025828762083e+01
8.428747678802210430e+01 6.004410875771784362e+01
8.439909932229873846e+01 5.980501914151668785e+01
8.451001061992171515e+01 5.956562170891758967e+01
8.462020043559216731e+01 5.932590250867766457e+01
8.472965506795257795e+01 5.908585349593471392e+01
8.483835958274001143e+01 5.884546777302738718e+01
8.494629800174907075e+01 5.860473912999533042e+01
8.505345340918836428e+01 5.836366177197694327e+01
8.515980800124373218e+01 5.812223013231170654e+01
8.526534306646013306e+01 5.788043884259521832e+01
8.537003916128016101e+01 5.763828224942992051e+01
8.547387577032426975e+01 5.739575508250688785e+01
8.557681858598782298e+01 5.715288254410462798e+01
8.567887491277049605e+01 5.690958901912699730e+01
8.578000416598924005e+01 5.666590934592666429e+01
8.588018199008446629e+01 5.642183765942634466e+01
8.597938291843647107e+01 5.617736794069369211e+01
8.607758034032201522e+01 5.593249392194363168e+01
8.617474626755060285e+01 5.568720950576745565e+01
8.627085157712259900e+01 5.544150792770716407e+01
8.636586551558754365e+01 5.519538281671926683e+01
8.645975594479993731e+01 5.494882732986937413e+01
8.655248906931700503e+01 5.470183459014783978e+01
8.664402936928060228e+01 5.445439759147198799e+01
8.673433947960492674e+01 5.420650921004459377e+01
8.682338006503377414e+01 5.395816220951673614e+01
8.691110967661170150e+01 5.370934925131370363e+01
8.699748270303648212e+01 5.346006844477413722e+01
8.708245553725231503e+01 5.321030509209689541e+01
8.716597864826762532e+01 5.296005392607082740e+01
8.724800055660590203e+01 5.270930718063144127e+01
8.732846674596065384e+01 5.245805712688724043e+01
8.740731942879858707e+01 5.220629611339054321e+01
8.748449725207483141e+01 5.195401670140596906e+01
8.755993518777664519e+01 5.170121116513978876e+01
8.763356388343071046e+01 5.144787264616885381e+01
8.770530967449167292e+01 5.119399404960827127e+01
8.777509390800112499e+01 5.093956915517183148e+01
8.784283283932931852e+01 5.068459157322955377e+01
8.790843687219179969e+01 5.042905594157253546e+01
8.797181019827917225e+01 5.017295752786815655e+01
8.803285019629284136e+01 4.991629251258808608e+01
8.809144679897011088e+01 4.965905820481832222e+01
8.814748178989538019e+01 4.940125329627490913e+01
8.820082802802922117e+01 4.914287816591618707e+01
8.825134857827293899e+01 4.888393524134720991e+01
8.829889575116474987e+01 4.862442944592862659e+01
8.834331002796018595e+01 4.836436871610136023e+01
8.838441887316071188e+01 4.810376464675148611e+01
8.829696594453962177e+01 4.796475430276044705e+01
8.803483201727324570e+01 4.799461699646120394e+01
8.777262768326441744e+01 4.802385977937040451e+01
8.751035887883891462e+01 4.805252481705702650e+01
8.724803071219015749e+01 4.808064947357429730e+01
8.698564802200644408e+01 4.810826700329100447e+01
8.672321475172654459e+01 4.813540721794074528e+01
8.646077679661289039e+01 4.816209266915880249e+01
8.619821794862593833e+01 4.818835964194811794e+01
8.593566353455464935e+01 4.821421779096937854e+01
8.567307108421799455e+01 4.823969167726637153e+01
8.541044312847942876e+01 4.826479956931584780e+01
8.514778152082719487e+01 4.828955825590157502e+01
8.488508826550705066e+01 4.831398313698181113e+01
8.462236510345535123e+01 4.833808841884769691e+01
8.435961362278668219e+01 4.836188722977260568e+01
8.409683527737924180e+01 4.838539173049872488e+01
8.383403129187767888e+01 4.840861322472344597e+01
8.357120315630069740e+01 4.843156219523987005e+01
8.330835184127735715e+01 4.845424845366147082e+01
8.304547839384785846e+01 4.847668115178055359e+01
8.278258378464097689e+01 4.849886885178388951e+01
8.251966891407060700e+01 4.852081958201235778e+01
8.225673461749659054e+01 4.854254087929680139e+01
8.199378167761778968e+01 4.856403983026144999e+01
8.173081082034087785e+01 4.858532310849689395e+01
8.146782272510621681e+01 4.860639700966798671e+01
8.120481803005083066e+01 4.862726747526326676e+01
8.094179733097523410e+01 4.864794012357243247e+01
8.067876118857299161e+01 4.866842027343585642e+01
8.041570995805278699e+01 4.868871297728721004e+01
8.015264437564695754e+01 4.870882299843663077e+01
7.988960880116603391e+01 4.872875156669169883e+01
7.962651707786295674e+01 4.874850955929262142e+01
7.936341223557971603e+01 4.876809784154482230e+01
7.910029466050289670e+01 4.878752032694178098e+01
7.883716471610173926e+01 4.880678074311186521e+01
7.857402274725967573e+01 4.882588264937221822e+01
7.831086908130565405e+01 4.884482944395690396e+01
7.804770402285203090e+01 4.886362437331012387e+01
7.778457573161804817e+01 4.888226716586228093e+01
7.752139393807496504e+01 4.890076721089996425e+01
7.725820198493748592e+01 4.891912429261312667e+01
7.699500013861253933e+01 4.893734113702362265e+01
7.673178865724597131e+01 4.895542035863422115e+01
7.646856778452763592e+01 4.897336446662410481e+01
7.620533775278883581e+01 4.899117587104442606e+01
7.594209878816563730e+01 4.900885688488340008e+01
7.567885110440280982e+01 4.902640973335963537e+01
7.541559490698475088e+01 4.904383655495465177e+01
7.515233039210221477e+01 4.906113940967359355e+01
7.488905774975077634e+01 4.907832028007782554e+01
7.462577716166518371e+01 4.909538107231743709e+01
7.436248880338474976e+01 4.911232362955497166e+01
7.409919284115537153e+01 4.912914972163941485e+01
7.383588943915830782e+01 4.914586106266028764e+01
7.357257875124810198e+01 4.916245930062171254e+01
7.330926092921490067e+01 4.917894602983341201e+01
7.304593611865291791e+01 4.919532278884562260e+01
7.278260445896115982e+01 4.921159106354673440e+01
7.251926608540789232e+01 4.922775229129376129e+01
7.225592113016386975e+01 4.924380785884702050e+01
7.199256971920465276e+01 4.925975911063095225e+01
7.172921197540762250e+01 4.927560734666883491e+01
7.146584801855243541e+01 4.929135382155029532e+01
7.120247796325587331e+01 4.930699975372444754e+01
7.093910180125736531e+01 4.932254632859780941e+01
7.067571991358036598e+01 4.933799467168693553e+01
7.041233224859574591e+01 4.935334589715002096e+01
7.014893891265950288e+01 4.936860107680929843e+01
6.988554000593261151e+01 4.938376124944428369e+01
6.962213562651024290e+01 4.939882742079184652e+01
6.935872587145541956e+01 4.941380056974161761e+01
6.909526433024608139e+01 4.942868426180630337e+01
6.883184049590802545e+01 4.944347436251940309e+01
6.856841135099031703e+01 4.945817420815995291e+01
6.830497697500157983e+01 4.947278466300076616e+01
6.804153744538621140e+01 4.948730656963041241e+01
6.777809283442478261e+01 4.950174074379031453e+01
6.751464322059379697e+01 4.951608797747236679e+01
6.725118867101097919e+01 4.953034904098431923e+01
6.698772347238893587e+01 4.954452499375735641e+01
6.672425190478880097e+01 4.955861633246438203e+01
6.646077547784817341e+01 4.957262368491653604e+01
6.619729427830414181e+01 4.958654773778214775e+01
6.593380852093402211e+01 4.960038914778470343e+01
6.567031802606844337e+01 4.961414857887570662e+01
6.540682301674556243e+01 4.962782665267076965e+01
6.514332357970222631e+01 4.964142398149221691e+01
6.487981980374087243e+01 4.965494115907585382e+01
6.461631177766375345e+01 4.966837876470133750e+01
6.435279959233798763e+01 4.968173736112694883e+01
6.408928333656582765e+01 4.969501749562224546e+01
6.382576310018250609e+01 4.970821969893541592e+01
6.356223897508753140e+01 4.972134449045622517e+01
6.329871105111592300e+01 4.973439237202049412e+01
6.303517941706991223e+01 4.974736383513826610e+01
6.277164416278429115e+01 4.976025935479815132e+01
6.250810537602873040e+01 4.977307939566300377e+01
6.224456314250772238e+01 4.978582440793942254e+01
6.198101754792554630e+01 4.979849483150823630e+01
6.171746853962073942e+01 4.981109110005472473e+01
6.145391645834570937e+01 4.982361361525408228e+01
6.119036125453648367e+01 4.983606278910733778e+01
6.092680300150669126e+01 4.984843901399641197e+01
6.066324196772815469e+01 4.986074266474933125e+01
6.039969122468196616e+01 4.987297351316501448e+01
6.013613742105690818e+01 4.988513254845894807e+01
5.987258038647630087e+01 4.989722013513332399e+01
5.960902015295015133e+01 4.990923661600601235e+01
5.934545675661944131e+01 4.992118232563425551e+01
5.908189022846114824e+01 4.993305759134719324e+01
5.881832060255088379e+01 4.994486272705037777e+01
5.855474790986583855e+01 4.995659804148642280e+01
5.829117218035133163e+01 4.996826383410469674e+01
5.802759344704995215e+01 4.997986039402873359e+01
5.776401173887373375e+01 4.999138800418656814e+01
5.750042708576800266e+01 5.000284693924553636e+01
5.723683951561247341e+01 5.001423746561232520e+01
5.697324905835176878e+01 5.002555984143293699e+01
5.670965574083348315e+01 5.003681431865788909e+01
5.644605959196967859e+01 5.004800113994441801e+01
5.618246063757513298e+01 5.005912054278686441e+01
5.591885890552934057e+01 5.007017275641887011e+01
5.565525442061474592e+01 5.008115800284600994e+01
5.539164720967825417e+01 5.009207649994350220e+01
5.512803742760747383e+01 5.010292845009782781e+01
5.486442483071257925e+01 5.011371406705388409e+01
5.460080958110940941e+01 5.012443354080713220e+01
5.433719170564487655e+01 5.013508706341820442e+01
5.407357122703606223e+01 5.014567481662186310e+01
5.380994816903237421e+01 5.015619697905518848e+01
5.354632255435065957e+01 5.016665372315969762e+01
5.328269440674032609e+01 5.017704521311624433e+01
5.301906374788566012e+01 5.018737161207310038e+01
5.275543060153583497e+01 5.019763307182013534e+01
5.249179498834300972e+01 5.020782974208201921e+01
5.222815693102356960e+01 5.021796176845311521e+01
5.196451645022944632e+01 5.022802928723451288e+01
5.170087356661233002e+01 5.023803243162953436e+01
5.143722830288906067e+01 5.024797133071121635e+01
5.117358067764619989e+01 5.025784610632443616e+01
5.090993071153497596e+01 5.026765687618379985e+01
5.064627842417520753e+01 5.027740375284096785e+01
5.038262383725069782e+01 5.028708684471725832e+01
5.011896696728285150e+01 5.029670625403846884e+01
4.985530783595594073e+01 5.030626207993270782e+01
4.959164646185652003e+01 5.031575441636509538e+01
4.932798286253855480e+01 5.032518335110525953e+01
4.906431625633576488e+01 5.033454899773749247e+01
4.880064672379000967e+01 5.034385143370554516e+01
4.853697496912343468e+01 5.035309070960607158e+01
4.827330101195493484e+01 5.036226689668735901e+01
4.800962486467585677e+01 5.037138006103476329e+01
4.774594654483970402e+01 5.038043026666853308e+01
4.748226607103350005e+01 5.038941757038077185e+01
4.721858345771326526e+01 5.039834202793100104e+01
4.695489872139993537e+01 5.040720368785069638e+01
4.669121187861538402e+01 5.041600259660614114e+01
4.642752294278306380e+01 5.042473879653324786e+01
4.616383193145671981e+01 5.043341232480507585e+01
4.590013885909284141e+01 5.044202321549686729e+01
4.563644374117979652e+01 5.045057149855359313e+01
4.537274659114125797e+01 5.045905719978983939e+01
4.510904742549887914e+01 5.046748034192243892e+01
4.484534625664352347e+01 5.047584094353793205e+01
4.458164324049515415e+01 5.048413901496213896e+01
4.431793814162497824e+01 5.049237457374899662e+01
4.405423108807300281e+01 5.050054762506141515e+01
4.379052209429595877e+01 5.050865817096457278e+01
4.352681117371682262e+01 5.051670621145847662e+01
4.326309834079209082e+01 5.052469174344535929e+01
4.299938360997802533e+01 5.053261475866455754e+01
4.273566699469806451e+01 5.054047524575764783e+01
4.247194850837567515e+01 5.054827319130102836e+01
4.220822816546733236e+01 5.055600857670819437e+01
4.194450597836392802e+01 5.056368138029487369e+01
4.168078196152171699e+01 5.057129157521389118e+01
4.141705612733134245e+01 5.057883913461805747e+01
4.115332848921695330e+01 5.058632402649727311e+01
4.088959906060176763e+01 5.059374621367849301e+01
4.062586785490923802e+01 5.060110565795612558e+01
4.036213488453071108e+01 5.060840231699424407e+01
4.009840016185730605e+01 5.061563614432652969e+01
3.983466370031221970e+01 5.062280709142154222e+01
3.957092551228657840e+01 5.062991510458491717e+01
3.930718561017149426e+01 5.063696012805712598e+01
3.904344400739041276e+01 5.064394210298087273e+01
3.877970058519625951e+01 5.065086096946627237e+01
3.851595562032166953e+01 5.065771665419988068e+01
3.825220899092161631e+01 5.066450909109629208e+01
3.798846070938720487e+01 5.067123820787465149e+01
3.772471078914189491e+01 5.067790392915629383e+01
3.746095924154398205e+01 5.068450617336711872e+01
3.719720607795223799e+01 5.069104485893296186e+01
3.693345131178988794e+01 5.069751990014933796e+01
3.666969495441570359e+01 5.070393120614888716e+01
3.640593701718775321e+01 5.071027868606419275e+01
3.614217751249737631e+01 5.071656224179976391e+01
3.587841645273545765e+01 5.072278177526013820e+01
3.561465384926054156e+01 5.072893718318688627e+01
3.535088971446325701e+01 5.073502835922388954e+01
3.508712405866981499e+01 5.074105519494978012e+01
3.482335689530366807e+01 5.074701757678035108e+01
3.455958823469077146e+01 5.075291539009877084e+01
3.429581808922177544e+01 5.075874851306010527e+01
3.403200160654457562e+01 5.076451780064393660e+01
3.376822992872087781e+01 5.077022113398783887e+01
3.350445677120441701e+01 5.077585940008148668e+01
3.324068214535348886e+01 5.078143246881931816e+01
3.297690606355921972e+01 5.078694020183503710e+01
3.271312853717966362e+01 5.079238246076239705e+01
3.244934957963874922e+01 5.079775910207222722e+01
3.218556920022939494e+01 5.080306998017016440e+01
3.192178741340832815e+01 5.080831494326636033e+01
3.165800422846824347e+01 5.081349384060355590e+01
3.139421965883305887e+01 5.081860651316379318e+01
3.113043371689365202e+01 5.082365280192914980e+01
3.086664641194341030e+01 5.082863254375132556e+01
3.060285775843836475e+01 5.083354557135173479e+01
3.033906776567190278e+01 5.083839171228882492e+01
3.007527644810005185e+01 5.084317079515364668e+01
2.981148381501596489e+01 5.084788263924399843e+01
2.954768987984380502e+01 5.085252706592284966e+01
2.928389465290882399e+01 5.085710388829247819e+01
2.902009814763471596e+01 5.086161291945517604e+01
2.875630037538001105e+01 5.086605396528514689e+01
2.849250134750325714e+01 5.087042683268919063e+01
2.822870107536275341e+01 5.087473131928081926e+01
2.796489957134937754e+01 5.087896722370614810e+01
2.770109684888681301e+01 5.088313433738321123e+01
2.743729291726845787e+01 5.088723245173002852e+01
2.717348778888518623e+01 5.089126135093652437e+01
2.690968147716068515e+01 5.089522081712749468e+01
2.664587399345301932e+01 5.089911062726476842e+01
2.638206534912120205e+01 5.090293055727760674e+01
2.611825555655587650e+01 5.090668037483462882e+01
2.585444462711534541e+01 5.091035984760440414e+01
2.559063257422352322e+01 5.091396873602744222e+01
2.532681940923872332e+01 5.091750680054425260e+01
2.506300514351947939e+01 5.092097379436724935e+01
2.479923452099677661e+01 5.092436889762469576e+01
2.453541667840623219e+01 5.092769302415348420e+01
2.427159780219920648e+01 5.093094531794142910e+01
2.400777790476657003e+01 5.093412551361446106e+01
2.374395699849920405e+01 5.093723334579845385e+01
2.348013509475564575e+01 5.094026854395641379e+01
2.321631220592700373e+01 5.094323083238838734e+01
2.295253431711052983e+01 5.094611943459120340e+01
2.268871184028302324e+01 5.094893504859165034e+01
2.242484888306352886e+01 5.095167730678980433e+01
2.216102683475808988e+01 5.095434507231066590e+01
2.189720391495202279e+01 5.095693848765082379e+01
2.163338013913368840e+01 5.095945725026316353e+01
2.136955552382449142e+01 5.096190105450278907e+01
2.110573008554583296e+01 5.096426958749676572e+01
2.084190383978655348e+01 5.096656253327434882e+01
2.057807680410038742e+01 5.096877957173452955e+01
2.031424899604155243e+01 5.097092037554812549e+01
2.005042043213098069e+01 5.097298461532086833e+01
1.978659112992288271e+01 5.097497195443033036e+01
1.952276110800381304e+01 5.097688205315639465e+01
1.925893038392751677e+01 5.097871456351821706e+01
1.899509897731311270e+01 5.098046913650240697e+01
1.873126690674715178e+01 5.098214541483488915e+01
1.846743419081642301e+01 5.098374303711125322e+01
1.820360085017215468e+01 5.098526163573156822e+01
1.793976690443370003e+01 5.098670083896560357e+01
1.767593237321995048e+01 5.098806026785501189e+01
1.741209727924798756e+01 5.098933954137628177e+01
1.714826164316950141e+01 5.099053826714747828e+01
1.688442548666877130e+01 5.099165605278668068e+01
1.662058883246216467e+01 5.099269249661867320e+01
1.635675170223465003e+01 5.099364719180538685e+01
1.609291412076776240e+01 5.099451972737833927e+01
1.582907611077857091e+01 5.099530968204327053e+01
1.556523769808163848e+01 5.099601663347329605e+01
1.530139890745872222e+01 5.099664015004830020e+01
1.503755976369227909e+01 5.099717979498523590e+01
1.477372029466178205e+01 5.099763512324038572e+01
1.450988052721460519e+01 5.099800568563967573e+01
1.424604048923021971e+01 5.099829102578098627e+01
1.398220020858880552e+01 5.099849067900149890e+01
1.371835971626755324e+01 5.099860417754064912e+01
1.345451904324412951e+01 5.099863104124685265e+01
1.319067821946338803e+01 5.099857078790335407e+01
1.292683727900071133e+01 5.099842292703277025e+01
1.266299625489867253e+01 5.099818695783181965e+01
1.239915518226522906e+01 5.099786237639951025e+01
1.213531409827324481e+01 5.099744866954156919e+01
1.187147303803091170e+01 5.099694531580306034e+01
1.160763204387372838e+01 5.099635178650094502e+01
1.134379115400760440e+01 5.099566754675671376e+01
1.107995019908866752e+01 5.099489205136600134e+01
1.081610974497309208e+01 5.099402474789633288e+01
1.055226949117881219e+01 5.099306507771975561e+01
1.028842949862811373e+01 5.099201247084988609e+01
1.002458982721117486e+01 5.099086635007224544e+01
9.760779448138215741e+00 5.098962627034312334e+01
9.496979839949030833e+00 5.098829157184130167e+01
9.233180045895043264e+00 5.098686159990852218e+01
8.969378102000826303e+00 5.098533573086401560e+01
8.705544815051061036e+00 5.098371315516192226e+01
8.441712235421157118e+00 5.098199341949784014e+01
8.177880411642755476e+00 5.098017588366965924e+01
7.914049393280067513e+00 5.097825989818201720e+01
7.650219229897073703e+00 5.097624480321374563e+01
7.386389902906754124e+00 5.097412992552005306e+01
7.122561640510817860e+00 5.097191458875835224e+01
6.858734361135049973e+00 5.096959809799964347e+01
6.594908278523963219e+00 5.096717975521710287e+01
6.331084578084170467e+00 5.096465885825356423e+01
6.067273888203416732e+00 5.096203479168898554e+01
5.803464193733474552e+00 5.095930670777184446e+01
5.539655545271131132e+00 5.095647385994389111e+01
5.275847988250306209e+00 5.095353549028844498e+01
5.012041573267318917e+00 5.095049082746523794e+01
4.748236352983865594e+00 5.094733908980816750e+01
4.484432377996969699e+00 5.094407948119492602e+01
4.220629702000902483e+00 5.094071119517737856e+01
3.956828380754845220e+00 5.093723340981867409e+01
3.693028468986113921e+00 5.093364529182345279e+01
3.429230024519271502e+00 5.092994599550541324e+01
3.165433107244262967e+00 5.092613465762430280e+01
2.901637774985652563e+00 5.092221040461402737e+01
2.637844090731338742e+00 5.091817234638713785e+01
2.374052116435943383e+00 5.091401957943264023e+01
2.110262026606435803e+00 5.090975118681588896e+01
1.846473779939656445e+00 5.090536623198315880e+01
1.582687324806010487e+00 5.090086376495714404e+01
1.318902855331356205e+00 5.089624282027180158e+01
1.055120440699031326e+00 5.089150241800484764e+01
7.913401521572853703e-01 5.088664155861494720e+01
5.275620619869398897e-01 5.088165922810460273e+01
2.637862455665369588e-01 5.087655439285716596e+01
-2.207788097459455949e-04 5.087132131893351783e+01
-2.640003176954295872e-01 5.087655025942328280e+01
-5.277822779908890594e-01 5.088165562128856578e+01
-7.915665843171132421e-01 5.088663845569993782e+01
-1.055353163360941648e+00 5.089149979627397613e+01
-1.319141941808508856e+00 5.089624065700824929e+01
-1.582932849444608880e+00 5.090086203744405680e+01
-1.846725817085669297e+00 5.090536492060144269e+01
-2.110520776581394919e+00 5.090975027091385385e+01
-2.374317504893645125e+00 5.091401903629344616e+01
-2.638116194082897881e+00 5.091817215639167671e+01
-2.901916668609845651e+00 5.092221054711062322e+01
-3.165718865487058498e+00 5.092613511299386175e+01
-3.429522723792018724e+00 5.092994674412882716e+01
-3.693328183634781325e+00 5.093364631511422402e+01
-3.957135184092828606e+00 5.093723468815770161e+01
-4.220943670439549322e+00 5.094071270997815759e+01
-4.484753583817104428e+00 5.094408121593609451e+01
-4.748564870531691184e+00 5.094734102487063154e+01
-5.012377475855995357e+00 5.095049294632767811e+01
-5.276191347128083464e+00 5.095353777539691009e+01
-5.540006432719300378e+00 5.095647629477702623e+01
-5.803822681000050387e+00 5.095930927477574812e+01
-6.067640044471501959e+00 5.096203747330970657e+01
-6.331458471504529228e+00 5.096466163900236523e+01
-6.595277917698019188e+00 5.096718250705354336e+01
-6.859098334520565388e+00 5.096960080027206175e+01
-7.122919675505674064e+00 5.097191723320606371e+01
-7.386741898317612076e+00 5.097413250698012632e+01
-7.650564957522694165e+00 5.097624731239295670e+01
-7.914388809752143317e+00 5.097826233301517362e+01
-8.178213412670462645e+00 5.098017823692867267e+01
-8.442038727038937651e+00 5.098199568601977916e+01
-8.705864709489258502e+00 5.098371533081648010e+01
-8.969691321815986385e+00 5.098533781255342490e+01
-9.233518525813446232e+00 5.098686376110689622e+01
-9.497346281210583996e+00 5.098829380015764912e+01
-9.761174551867105365e+00 5.098962854202799377e+01
-1.002500330061014289e+01 5.099086858974700931e+01
-1.028883249026659641e+01 5.099201453808312579e+01
-1.055266208779365478e+01 5.099306697251146403e+01
-1.081649205601845232e+01 5.099402647127908494e+01
-1.108032236189817787e+01 5.099489360333981125e+01
-1.134415297239026010e+01 5.099566892732156731e+01
-1.160798385341931649e+01 5.099635299668942423e+01
-1.187181497297534172e+01 5.099694635561517231e+01
-1.213564629904810488e+01 5.099744954104248507e+01
-1.239947780066017380e+01 5.099786307958923715e+01
-1.266330944786669654e+01 5.099818749271035756e+01
-1.292714120865720062e+01 5.099842329360010496e+01
-1.319097305515244578e+01 5.099857098719208182e+01
-1.345480495843968249e+01 5.099863107325695921e+01
-1.371863688857405528e+01 5.099860404227214872e+01
-1.398246881767608940e+01 5.099849037748696645e+01
-1.424630071889817984e+01 5.099829055595526484e+01
-1.451013256436061916e+01 5.099800504956792224e+01
-1.477396432721650399e+01 5.099763431989000395e+01
-1.503779598268361006e+01 5.099717882332366514e+01
-1.530162750288223172e+01 5.099663901110810826e+01
-1.556545886303014115e+01 5.099601532725450426e+01
-1.582929003834581927e+01 5.099530820648069351e+01
-1.609312100404657642e+01 5.099451808143939502e+01
-1.635695173638369226e+01 5.099364537652265028e+01
-1.662078221057470984e+01 5.099269050992699448e+01
-1.688461240287022136e+01 5.099165389365346357e+01
-1.714844229055337621e+01 5.099053593454015498e+01
-1.741227185193990579e+01 5.098933703426224895e+01
-1.767610106224805833e+01 5.098805758520169462e+01
-1.793992990185846637e+01 5.098669797870783782e+01
-1.820375834702195661e+01 5.098525859683676487e+01
-1.846758637708636286e+01 5.098373981854682313e+01
-1.873141397036787836e+01 5.098214201453566830e+01
-1.899524110621480943e+01 5.098046555240322419e+01
-1.925906776397498632e+01 5.097871079458649746e+01
-1.952289392299742232e+01 5.097687809629437794e+01
-1.978671956366252260e+01 5.097496780860544163e+01
-2.005054466635139576e+01 5.097298027846792223e+01
-2.031436921144468144e+01 5.097091584456939728e+01
-2.057819317932372627e+01 5.096877484456482676e+01
-2.084201655140174836e+01 5.096655760888109654e+01
-2.110583930909219319e+01 5.096426446174962877e+01
-2.136966143277593844e+01 5.096189572636917831e+01
-2.163348290489947701e+01 5.095945171767790072e+01
-2.189730370790836034e+01 5.095693274648360926e+01
-2.216112382321626839e+01 5.095433912152888212e+01
-2.242494323326923222e+01 5.095167114226312322e+01
-2.268876192051349960e+01 5.094892910813570097e+01
-2.295257986842767295e+01 5.094611331136788834e+01
-2.321639705842496326e+01 5.094322404005062310e+01
-2.348021347604934661e+01 5.094026157917711828e+01
-2.374402910168193870e+01 5.093722620651244881e+01
-2.400784392189904537e+01 5.093411819982175359e+01
-2.427165791811388829e+01 5.093093782757686228e+01
-2.453547107587067799e+01 5.092768535721702960e+01
-2.479928337761520041e+01 5.092436105205121777e+01
-2.506304862140774503e+01 5.092096576912413752e+01
-2.532685769013157184e+01 5.091749859563152825e+01
-2.559066582539967882e+01 5.091396034937992710e+01
-2.585447301172299817e+01 5.091035127612435218e+01
-2.611827923361270010e+01 5.090667161852203293e+01
-2.638208447558018932e+01 5.090292161406730287e+01
-2.664588872213663251e+01 5.089910149715674947e+01
-2.690969195779343082e+01 5.089521149702401459e+01
-2.717349416912690074e+01 5.089125184083757603e+01
-2.743729533961564115e+01 5.088722274853787297e+01
-2.770109545480338653e+01 5.088312444006525226e+01
-2.796489450126669496e+01 5.087895713019722876e+01
-2.822869246248415465e+01 5.087472102854834333e+01
-2.849248932503231657e+01 5.087041634163541914e+01
-2.875628507548750079e+01 5.086604327494266187e+01
-2.902007969732829551e+01 5.086160202466104607e+01
-2.928387317919616706e+01 5.085709279007928529e+01
-2.954766550353737031e+01 5.085251576016027286e+01
-2.981145666002617034e+01 5.084787112593202352e+01
-3.007524663214093508e+01 5.084315907119452760e+01
-3.033903540645844643e+01 5.083837977664998675e+01
-3.060282297058735423e+01 5.083353342093541727e+01
-3.086660930903882871e+01 5.082862017855753578e+01
-3.113039440942223024e+01 5.082364021886012040e+01
-3.139417825831386821e+01 5.081859371015436722e+01
-3.165796084022468193e+01 5.081348081455597310e+01
-3.192174214379659958e+01 5.080830169418062781e+01
-3.218552215560593055e+01 5.080305650494852898e+01
-3.244930086119642709e+01 5.079774539968211400e+01
-3.271307824714439505e+01 5.079236852810604574e+01
-3.297685430105919835e+01 5.078692603684726947e+01
-3.324062900951691546e+01 5.078141806943497016e+01
-3.350440235909385933e+01 5.077584476423540849e+01
-3.376817433636680477e+01 5.077020625961484512e+01
-3.403194492894466094e+01 5.076450268567887036e+01
-3.429571412340349212e+01 5.075873417356562811e+01
-3.455948190632008021e+01 5.075290084821783410e+01
-3.482324826427075237e+01 5.074700283354553676e+01
-3.508701318486438936e+01 5.074104024932849200e+01
-3.535077665570988614e+01 5.073501320915094936e+01
-3.561453866235143551e+01 5.072892182866232957e+01
-3.587829919239771215e+01 5.072276621525134743e+01
-3.614205823242525639e+01 5.071654647527416415e+01
-3.640581577107575839e+01 5.071026271198919488e+01
-3.666957179286016100e+01 5.070391502452451249e+01
-3.693332628538758655e+01 5.069750350994299026e+01
-3.719707923729972521e+01 5.069102825911203780e+01
-3.746083063310774719e+01 5.068448936289905049e+01
-3.772458046145311528e+01 5.067788690700852072e+01
-3.798832870891237690e+01 5.067122097507972001e+01
-3.825207536102927719e+01 5.066449164455647036e+01
-3.851582040644550631e+01 5.065769899391516162e+01
-3.877956383070457491e+01 5.065084309543667018e+01
-3.904330575461917618e+01 5.064392401417379119e+01
-3.930704590042410018e+01 5.063694182343997596e+01
-3.957078438583408797e+01 5.062989658312512375e+01
-3.983452119742497644e+01 5.062278835208651628e+01
-4.009825632177378907e+01 5.061561718711625701e+01
-4.036198974545683882e+01 5.060838314087617107e+01
-4.062572145505021126e+01 5.060108626293025225e+01
-4.088945143609787891e+01 5.059372659767961977e+01
-4.115317967517616182e+01 5.058630418952540708e+01
-4.141690615989440971e+01 5.057881907564064505e+01
-4.168063087476355832e+01 5.057127129423090395e+01
-4.194435380739273000e+01 5.056366087524114761e+01
-4.220807494229286760e+01 5.055598784758372943e+01
-4.247179426604097330e+01 5.054825223707324255e+01
-4.273551176521290529e+01 5.054045406642654115e+01
-4.299922742535263609e+01 5.053259335216496595e+01
-4.326294123200391084e+01 5.052467010977728989e+01
-4.352665317071093654e+01 5.051668434958933318e+01
-4.379036322598440734e+01 5.050863607986177328e+01
-4.405407138543392875e+01 5.050052530472495960e+01
-4.431777763253761293e+01 5.049235202314630300e+01
-4.458148195283944659e+01 5.048411623306061813e+01
-4.484518433188339515e+01 5.047581792620725594e+01
-4.510888475418064303e+01 5.046745709226035359e+01
-4.537258320527491406e+01 5.045903371676376281e+01
-4.563627966864481778e+01 5.045054778113094329e+01
-4.589997412983432667e+01 5.044199926264506928e+01
-4.616366657232226345e+01 5.043338813652409414e+01
-4.642735698061933647e+01 5.042471437075795393e+01
-4.669104533923741229e+01 5.041597793333650657e+01
-4.695473163268719929e+01 5.040717878605416757e+01
-4.721841584341494524e+01 5.039831688657496755e+01
-4.748209795489947993e+01 5.038939218843265166e+01
-4.774577795268454850e+01 5.038040464309575128e+01
-4.800945581715102861e+01 5.037135419480475207e+01
-4.827313153384266542e+01 5.036224078676749372e+01
-4.853680508417289730e+01 5.035306435496379862e+01
-4.880047645058798622e+01 5.034382483330828251e+01
-4.906414561759910242e+01 5.033452215158521881e+01
-4.932781256558711647e+01 5.032515623235081392e+01
-4.959147727699805586e+01 5.031572699712868513e+01
-4.985513973324560766e+01 5.030623436021434003e+01
-5.011879991677555779e+01 5.029667823383815772e+01
-5.038245781003415402e+01 5.028705852403498255e+01
-5.064611339133713841e+01 5.027737513167674166e+01
-5.090976664416309916e+01 5.026762795453763033e+01
-5.117341754682776411e+01 5.025781688419630910e+01
-5.143706608177740236e+01 5.024794180810113176e+01
-5.170071222836006797e+01 5.023800260957008845e+01
-5.196435596695664572e+01 5.022799916366052031e+01
-5.222799727588309082e+01 5.021793134439717932e+01
-5.249163613448772026e+01 5.020779901754411867e+01
-5.275527252315117011e+01 5.019760204576768814e+01
-5.301890641915705515e+01 5.018734028450612072e+01
-5.328253780185322341e+01 5.017701358506730713e+01
-5.354616664852282781e+01 5.016662179256363885e+01
-5.380979293644949735e+01 5.015616474694461147e+01
-5.407341664394847669e+01 5.014564228299675364e+01
-5.433703774727060676e+01 5.013505422724595206e+01
-5.460065622369902627e+01 5.012440040208775827e+01
-5.486427204845151806e+01 5.011368062475480656e+01
-5.512788519881147664e+01 5.010289470421904667e+01
-5.539149564793152791e+01 5.009204244428951114e+01
-5.565510337309483191e+01 5.008112364257971905e+01
-5.591870834642167409e+01 5.007013809050771158e+01
-5.618231054519544898e+01 5.005908557019824912e+01
-5.644590994050340527e+01 5.004796586171093509e+01
-5.670950650653121272e+01 5.003677873374694229e+01
-5.697310021539892944e+01 5.002552394881195141e+01
-5.723669104025942289e+01 5.001420126528129373e+01
-5.750027895220040364e+01 5.000281043120445901e+01
-5.776386392334193687e+01 4.999135118637028086e+01
-5.802744592270682489e+01 4.997982326540466858e+01
-5.829102492241489131e+01 4.996822639467282556e+01
-5.855460088942379571e+01 4.995656029124676678e+01
-5.881817379585358907e+01 4.994482466497034068e+01
-5.908174360762889421e+01 4.993301921536161814e+01
-5.934531029273994562e+01 4.992114363677571021e+01
-5.960887381917650174e+01 4.990919761117675080e+01
-5.987243415286295800e+01 4.989718081536592820e+01
-6.013599126075719425e+01 4.988509291272085022e+01
-6.039954510568564672e+01 4.987293356042360415e+01
-6.066309565254082514e+01 4.986070240429789635e+01
-6.092664286518220962e+01 4.984839907984152774e+01
-6.119018670746903155e+01 4.983602321429169990e+01
-6.145372713913117479e+01 4.982357442352711274e+01
-6.171726412299506848e+01 4.981105231206812078e+01
-6.198079761878988592e+01 4.979845647410916598e+01
-6.224432758624528361e+01 4.978578649145373447e+01
-6.250785398302505769e+01 4.977304193661203158e+01
-6.277137676679348033e+01 4.976022236660551101e+01
-6.303489589521410608e+01 4.974732733122753814e+01
-6.329841132182114194e+01 4.973435636271752713e+01
-6.356192300221324842e+01 4.972130898298908619e+01
-6.382543089095698008e+01 4.970818470053220750e+01
-6.408893493848786704e+01 4.969498300834813875e+01
-6.435243509627476044e+01 4.968170338911227191e+01
-6.461593131475366647e+01 4.966834530588091212e+01
-6.487942341218960962e+01 4.965490821758002937e+01
-6.514291160129499758e+01 4.964139154699515899e+01
-6.540639569310684465e+01 4.962779471794438280e+01
-6.566987563186596333e+01 4.961411713462674555e+01
-6.593335136181245559e+01 4.960035818471989444e+01
-6.619682282305637955e+01 4.958651723421724000e+01
-6.646028995777342629e+01 4.957259363672117303e+01
-6.672375270297568761e+01 4.955858672208465521e+01
-6.698721099567548265e+01 4.954449580363931460e+01
-6.725066477185282565e+01 4.953032017613026028e+01
-6.751411396438976453e+01 4.951605910952056178e+01
-6.777755850513551650e+01 4.950171185828457254e+01
-6.804099832387440472e+01 4.948727764901681780e+01
-6.830443334729305604e+01 4.947275568972538906e+01
-6.856786350207806890e+01 4.945814516363627433e+01
-6.883128870975292557e+01 4.944344523022608939e+01
-6.909470889287396744e+01 4.942865502109165732e+01
-6.935812396986696626e+01 4.941377364408037920e+01
-6.962153385709254394e+01 4.939880018122504879e+01
-6.988493846678107957e+01 4.938373368151577125e+01
-7.014833771116313699e+01 4.936857317019322977e+01
-7.041173149730595071e+01 4.935331763842280850e+01
-7.067511973227702526e+01 4.933796604639238126e+01
-7.093850231488301006e+01 4.932251732331232574e+01
-7.120187914702850662e+01 4.930697036121995325e+01
-7.146525012235734664e+01 4.929132401807733999e+01
-7.172861513348094320e+01 4.927557711673869534e+01
-7.199197406888002604e+01 4.925972843772226639e+01
-7.225532681290522419e+01 4.924377672437326225e+01
-7.251867324577686702e+01 4.922772067666841878e+01
-7.278201324255221039e+01 4.921155895018330995e+01
-7.304534667725593522e+01 4.919529015609241895e+01
-7.330867341565233630e+01 4.917891285703877458e+01
-7.357199331937501086e+01 4.916242556610134784e+01
-7.383530624695976030e+01 4.914582674472995194e+01
-7.409861204764976605e+01 4.912911479758226108e+01
-7.436191056965488144e+01 4.911228807355637827e+01
-7.462520165085950907e+01 4.909534486166057121e+01
-7.488848512398466539e+01 4.907828338791549783e+01
-7.515176081968718336e+01 4.906110181019121086e+01
-7.541502855416673867e+01 4.904379822027242852e+01
-7.567828814052568021e+01 4.902637063456521815e+01
-7.594153938154043715e+01 4.900881699306445682e+01
-7.620478207482459254e+01 4.899113515625600712e+01
-7.646801600766593765e+01 4.897332289685611073e+01
-7.673124095599331440e+01 4.895537790084394913e+01
-7.699445668541073928e+01 4.893729775713582342e+01
-7.725766295635820313e+01 4.891907995655252250e+01
-7.752085951275520870e+01 4.890072188046092805e+01
-7.778404608716252255e+01 4.888222080283919979e+01
-7.804722240078211826e+01 4.886357387582058465e+01
-7.831038816139272285e+01 4.884477812659564222e+01
-7.857354305921961668e+01 4.882583045018418488e+01
-7.883668677106365408e+01 4.880672759601169020e+01
-7.909981895617194425e+01 4.878746616790925827e+01
-7.936293925727065357e+01 4.876804260449456763e+01
-7.962604729540149151e+01 4.874845317400892952e+01
-7.988914267198674679e+01 4.872869396399142516e+01
-8.015222496573238686e+01 4.870876086372503266e+01
-8.041529373159467298e+01 4.868864955494333202e+01
-8.067834849871513825e+01 4.866835549324396482e+01
-8.094138876629062906e+01 4.864787389569773524e+01
-8.120441400357317718e+01 4.862719971813159958e+01
-8.146742350530736587e+01 4.860632764996591249e+01
-8.173041692970821259e+01 4.858525205019409299e+01
-8.199339351885905103e+01 4.856396698145792357e+01
-8.225635258918920556e+01 4.854246614396225823e+01
-8.251929341066151835e+01 4.852074286101871792e+01
-8.278221520367553410e+01 4.849879003877499883e+01
-8.304511712770758436e+01 4.847660013523733369e+01
-8.330799828440942179e+01 4.845416511690194028e+01
-8.357085770315224238e+01 4.843147641332133446e+01
-8.383369433792843495e+01 4.840852486547516520e+01
-8.409650705805823634e+01 4.838530066897804005e+01
-8.435929463889749513e+01 4.836179330799414089e+01
-8.462205574841210876e+01 4.833799147882609759e+01
-8.488478893788742141e+01 4.831388300937329916e+01
-8.514749262643664451e+01 4.828945475793877762e+01
-8.541016507931909985e+01 4.826469250480781170e+01
-8.567280439451468510e+01 4.823958082524011814e+01
-8.593540847691025419e+01 4.821410293767996791e+01
-8.619797500835521475e+01 4.818824053131476148e+01
-8.646050141564965941e+01 4.816197356885129466e+01
-8.672298483234058608e+01 4.813528004076091804e+01
-8.698542205122163296e+01 4.810813568957952668e+01
-8.724780946341219590e+01 4.808051366915486824e+01
-8.751014299330252300e+01 4.805238414400389502e+01
-8.777241800872080546e+01 4.802371379883534530e+01
-8.803462921147874454e+01 4.799446524171622031e+01
-8.829677050519967452e+01 4.796459626680680799e+01
