-2.781397719540015032e+02 -5.116319685531060912e+01
-2.780818591127560353e+02 -5.123056070884580038e+01
-2.780239463429338116e+02 -5.129792456238099163e+01
-2.779660335016882300e+02 -5.136528841591619710e+01
-2.779081207318660631e+02 -5.143265226945139545e+01
-2.778502078906205384e+02 -5.150001612298658671e+01
-2.777922951207982578e+02 -5.156737997652179217e+01
-2.777343823509760341e+02 -5.163474383005698343e+01
-2.776780576060566545e+02 -5.170315939118842152e+01
-2.776386361770325948e+02 -5.178276926369336053e+01
-2.775992147480084782e+02 -5.186237913619831374e+01
-2.775597933189843616e+02 -5.194198900870325986e+01
-2.775203718899603587e+02 -5.202159888120819886e+01
-2.774809504609362421e+02 -5.210120875371315208e+01
-2.774415290319121823e+02 -5.218081855479482556e+01
-2.774021076028881225e+02 -5.226042842729977878e+01
-2.773626861738640059e+02 -5.234003829980471068e+01
-2.773232647448399462e+02 -5.241964817230965679e+01
-2.772838433158158296e+02 -5.249925804481461000e+01
-2.772444218867917698e+02 -5.257886791731954901e+01
-2.772050004577677100e+02 -5.265847778982448801e+01
-2.771655790287435934e+02 -5.273808766232944123e+01
-2.771261575997195337e+02 -5.281769753483438734e+01
-2.770867361706954739e+02 -5.289730740733932635e+01
-2.770473147416713573e+02 -5.297691727984427956e+01
-2.770078933126472975e+02 -5.305652715234921857e+01
-2.769684718836231809e+02 -5.313613695343090626e+01
-2.769290504545991212e+02 -5.321574682593583816e+01
-2.768896290255750614e+02 -5.329535669844078427e+01
-2.768502075965509448e+02 -5.337496657094573749e+01
-2.768107861675268850e+02 -5.345457644345067649e+01
-2.767713647385027684e+02 -5.353418631595561550e+01
-2.767319433094786518e+02 -5.361379618846056871e+01
-2.766925218804545921e+02 -5.369340606096551483e+01
-2.766564890568768078e+02 -5.377460245848474329e+01
-2.766205913661188447e+02 -5.385586213701792246e+01
-2.765846936039375237e+02 -5.393712181555109453e+01
-2.765487959131795606e+02 -5.401838149408427370e+01
-2.765128981509983532e+02 -5.409964117261744576e+01
-2.764770003888170891e+02 -5.418090077972734520e+01
-2.764411026980591828e+02 -5.426216045826052436e+01
-2.764052049358778618e+02 -5.434342013679369643e+01
-2.763693072451198987e+02 -5.442467981532687560e+01
-2.763334094829386913e+02 -5.450593942243679635e+01
-2.762975117921806714e+02 -5.458719910096997552e+01
-2.762616140299994640e+02 -5.466845877950312627e+01
-2.762257162678181430e+02 -5.474971845803629833e+01
-2.761898185770602367e+02 -5.483097813656947750e+01
-2.761539208148789726e+02 -5.491223774367939825e+01
-2.761180231241209526e+02 -5.499349742221257742e+01
-2.760821253619398021e+02 -5.507475710074574948e+01
-2.760462275997585380e+02 -5.515601677927892865e+01
-2.760103299090005180e+02 -5.523727645781210072e+01
-2.759744321468192538e+02 -5.531853606492200015e+01
-2.759385344560613476e+02 -5.539979574345517932e+01
-2.759026366938800834e+02 -5.548105542198835138e+01
-2.758667390031221203e+02 -5.556231510052153055e+01
-2.758308412409408561e+02 -5.564357477905470262e+01
-2.757949434787595919e+02 -5.572483438616460916e+01
-2.757590457880016288e+02 -5.580609406469778833e+01
-2.757231480258203646e+02 -5.588735374323096039e+01
-2.756872503350624015e+02 -5.596861342176413956e+01
-2.756513525728811373e+02 -5.604987310029731162e+01
-2.756154548821231742e+02 -5.613113270740721816e+01
-2.755795571199419669e+02 -5.621239238594039023e+01
-2.755436593577607027e+02 -5.629365206447356940e+01
-2.755077616670027396e+02 -5.637491174300674146e+01
-2.754718639048214754e+02 -5.645617135011664089e+01
-2.754359662140634555e+02 -5.653743102864982006e+01
-2.754000684518822482e+02 -5.661869070718299213e+01
-2.753641707611242850e+02 -5.669995038571617130e+01
-2.753282729989430777e+02 -5.678121006424934336e+01
-2.752933197380352794e+02 -5.686287849813555795e+01
-2.752586435994007843e+02 -5.694466692310913203e+01
-2.752239673893430449e+02 -5.702645534808270611e+01
-2.751892911792853624e+02 -5.710824370163303598e+01
-2.751546150406508673e+02 -5.719003212660662427e+01
-2.751199388305931279e+02 -5.727182055158019836e+01
-2.750852626919586896e+02 -5.735360890513052112e+01
-2.750505864819008934e+02 -5.743539733010409520e+01
-2.750159103432664551e+02 -5.751718575507769060e+01
-2.749812341332087726e+02 -5.759897410862799916e+01
-2.749465579231509764e+02 -5.768076253360158745e+01
-2.749118817845165381e+02 -5.776255095857516153e+01
-2.748772055744587419e+02 -5.784433931212548430e+01
-2.748425294358243036e+02 -5.792612773709906548e+01
-2.748078532257665074e+02 -5.800791616207265378e+01
-2.747731770871320691e+02 -5.808970451562295523e+01
-2.747385008770743866e+02 -5.817149294059655062e+01
-2.747038246670165904e+02 -5.825328136557013181e+01
-2.746691485283821521e+02 -5.833506971912044747e+01
-2.746344723183244128e+02 -5.841685814409402155e+01
-2.745997961796899176e+02 -5.849864656906761695e+01
-2.745651199696321783e+02 -5.858043492261791840e+01
-2.745304438309976831e+02 -5.866222334759152091e+01
-2.744957676209400006e+02 -5.874401177256509499e+01
-2.744610914108822612e+02 -5.882580012611541065e+01
-2.744264152722477661e+02 -5.890758855108898473e+01
-2.743917390621900267e+02 -5.898937697606258723e+01
-2.743570629235555316e+02 -5.907116532961288868e+01
-2.743223867134977922e+02 -5.915295375458647698e+01
-2.742877105748632971e+02 -5.923474217956005106e+01
-2.742530343648056146e+02 -5.931653053311037382e+01
-2.742183581547478752e+02 -5.939831895808395501e+01
-2.741836820161133801e+02 -5.948010738305754330e+01
-2.741490058060556407e+02 -5.956189573660786607e+01
-2.741143296674211456e+02 -5.964368416158144015e+01
-2.740796534573634062e+02 -5.972547258655501423e+01
-2.740449773187289111e+02 -5.980726101152861673e+01
-2.740103011086712286e+02 -5.988904936507891819e+01
-2.739756248986134892e+02 -5.997083779005250648e+01
-2.739409487599789941e+02 -6.005262621502608056e+01
-2.739062725499212547e+02 -6.013441456857640333e+01
-2.738715964112867596e+02 -6.021620299354998451e+01
-2.738369202012290202e+02 -6.029799141852357280e+01
-2.738022440625945251e+02 -6.037977977207388136e+01
-2.737675678525368426e+02 -6.046156819704746965e+01
-2.737328917139023474e+02 -6.054335662202105084e+01
-2.736982155038446081e+02 -6.062514497557137361e+01
-2.736635392937868687e+02 -6.070693340054494769e+01
-2.736292177002463291e+02 -6.078887117156837405e+01
-2.735949065345026270e+02 -6.087081337083429133e+01
-2.735605953687589249e+02 -6.095275557010021572e+01
-2.735262842030152228e+02 -6.103469776936613300e+01
-2.734919730372715776e+02 -6.111663996863205739e+01
-2.734576618715278755e+02 -6.119858216789798178e+01
-2.734233507057841734e+02 -6.128052436716390616e+01
-2.733890395400404714e+02 -6.136246656642983055e+01
-2.733547283742967693e+02 -6.144440876569576204e+01
-2.733204172085531241e+02 -6.152635096496168643e+01
-2.732861060428094220e+02 -6.160829316422761082e+01
-2.732517948770657199e+02 -6.169023536349353520e+01
-2.732174837113220178e+02 -6.177217756275945248e+01
-2.731831725455783157e+02 -6.185411976202536977e+01
-2.731488613798347274e+02 -6.193606196129129415e+01
-2.731145502140910253e+02 -6.201800416055721854e+01
-2.730802390483473232e+02 -6.209994635982313582e+01
-2.730459278826036211e+02 -6.218188855908907442e+01
-2.730116167168599191e+02 -6.226383075835499881e+01
-2.729773055511162738e+02 -6.234577295762092319e+01
-2.729429943853725717e+02 -6.242771515688684048e+01
-2.729086832196288697e+02 -6.250965735615276486e+01
-2.728743720538851676e+02 -6.259159955541868925e+01
-2.728400608881414655e+02 -6.267354175468461364e+01
-2.728057497223977634e+02 -6.275548395395052381e+01
-2.727714385566541182e+02 -6.283742615321644820e+01
-2.727371273909104161e+02 -6.291936835248238680e+01
-2.727028162251667140e+02 -6.300131055174831118e+01
-2.726685050594230120e+02 -6.308325275101422847e+01
-2.726341938936793099e+02 -6.316519495028015285e+01
-2.725998827279356647e+02 -6.324713714954607724e+01
-2.725655715621920194e+02 -6.332907934881200163e+01
-2.725312603964483174e+02 -6.341102154807791891e+01
-2.724969492307046153e+02 -6.349296374734384329e+01
-2.724626380649609132e+02 -6.357490594660976768e+01
-2.724283268992172680e+02 -6.365684814587570628e+01
-2.723940157334735659e+02 -6.373879034514162356e+01
-2.723597045677298638e+02 -6.382073254440754084e+01
-2.723253934019861617e+02 -6.390267474367346523e+01
-2.722910822362424597e+02 -6.398461694293938962e+01
-2.722567710704988144e+02 -6.406655914220530690e+01
-2.722224599047551123e+02 -6.414850134147123129e+01
-2.721881487390114103e+02 -6.423044354073715567e+01
-2.721538375732677082e+02 -6.431238574000308006e+01
-2.721195264075240061e+02 -6.439432793926901866e+01
-2.720852152417803609e+02 -6.447627013853492883e+01
-2.720509040760366588e+02 -6.455821233780085322e+01
-2.720165929102929567e+02 -6.464015453706677761e+01
-2.719822817445493115e+02 -6.472209673633270199e+01
-2.719479705788056094e+02 -6.480403893559862638e+01
-2.719136594130619642e+02 -6.488598113486455077e+01
-2.718793482473182053e+02 -6.496792333413046094e+01
-2.718450370815745032e+02 -6.504986553339639954e+01
-2.718107203448160476e+02 -6.513180537569452611e+01
-2.717762600472923964e+02 -6.521368500817918346e+01
-2.717417996783453304e+02 -6.529556456924055396e+01
-2.717073393808216224e+02 -6.537744413030192447e+01
-2.716728790832978575e+02 -6.545932376278659603e+01
-2.716384187143509052e+02 -6.554120332384798076e+01
-2.716039584168272540e+02 -6.562308288490933705e+01
-2.715694981193034891e+02 -6.570496251739399440e+01
-2.715350378217797811e+02 -6.578684207845537912e+01
-2.715005774528327720e+02 -6.586872163951674963e+01
-2.714661171553090639e+02 -6.595060127200139277e+01
-2.714316568577853559e+02 -6.603248083306277749e+01
-2.713971964888383468e+02 -6.611436039412414800e+01
-2.713627361913146387e+02 -6.619624002660880535e+01
-2.713282758937908739e+02 -6.627811958767019007e+01
-2.712938155248439216e+02 -6.635999914873156058e+01
-2.712593552273202135e+02 -6.644187878121620372e+01
-2.712248949297965055e+02 -6.652375834227758844e+01
-2.711904345608494964e+02 -6.660563790333895895e+01
-2.711559742633257315e+02 -6.668751753582363051e+01
-2.711215139658020234e+02 -6.676939709688498681e+01
-2.710870535968550712e+02 -6.685127665794635732e+01
-2.710525932993313631e+02 -6.693315629043102888e+01
-2.710181330018076551e+02 -6.701503585149241360e+01
-2.709836726328607028e+02 -6.709691541255376990e+01
-2.709492123353369379e+02 -6.717879504503842725e+01
-2.709147520378132299e+02 -6.726067460609981197e+01
-2.708802916688662208e+02 -6.734255416716118248e+01
-2.708458313713425127e+02 -6.742443379964583983e+01
-2.708113710738187478e+02 -6.750631336070722455e+01
-2.707769107048717956e+02 -6.758819292176858085e+01
-2.707424504073480875e+02 -6.767007255425323820e+01
-2.707079901098243795e+02 -6.775195211531462292e+01
-2.706735297408774272e+02 -6.783383167637599342e+01
-2.706390694433537192e+02 -6.791571130886063656e+01
-2.706046091458299543e+02 -6.799759086992202128e+01
-2.705701487768829452e+02 -6.807947043098339179e+01
-2.705356884793591803e+02 -6.816135006346806335e+01
-2.705012281818355291e+02 -6.824322962452943386e+01
-2.704667678128885768e+02 -6.832510918559080437e+01
-2.704323075153648119e+02 -6.840698881807546172e+01
-2.703978472178411039e+02 -6.848886837913684644e+01
-2.703633868488940379e+02 -6.857074794019820274e+01
-2.703289265513703867e+02 -6.865262757268286009e+01
-2.702944662538466218e+02 -6.873450713374424481e+01
-2.702600059563229138e+02 -6.881638669480561532e+01
-2.702255455873759615e+02 -6.889826632729027267e+01
-2.701910852898521966e+02 -6.898014588835165739e+01
-2.701566249923285454e+02 -6.906202544941302790e+01
-2.701221646233815932e+02 -6.914390508189767104e+01
-2.700877043258578283e+02 -6.922578464295905576e+01
-2.700532440283341202e+02 -6.930766420402042627e+01
-2.700187836593870543e+02 -6.938954383650506941e+01
-2.699843233618634031e+02 -6.947142339756645413e+01
-2.699498630643396382e+02 -6.955330295862782464e+01
-2.699154026953926859e+02 -6.963518259111249620e+01
-2.698809423978689779e+02 -6.971706215217386671e+01
-2.698462000498666384e+02 -6.979882179357112193e+01
-2.698111227267453955e+02 -6.988043894555211466e+01
-2.697760453322007947e+02 -6.996205609753312160e+01
-2.697409680090795518e+02 -7.004367324951412854e+01
-2.697058906145350647e+02 -7.012529040149512127e+01
-2.696708132914137082e+02 -7.020690755347611400e+01
-2.696357359682924653e+02 -7.028852470545712094e+01
-2.696006585737479213e+02 -7.037014185743812789e+01
-2.695655812506266784e+02 -7.045175900941912062e+01
-2.695305039275054355e+02 -7.053337616140011335e+01
-2.694954265329608347e+02 -7.061499331338112029e+01
-2.694603492098395350e+02 -7.069661046536212723e+01
-2.694252718152950479e+02 -7.077822761734311996e+01
-2.693901944921737481e+02 -7.085984476932411269e+01
-2.693551171690525052e+02 -7.094146192130511963e+01
-2.693200397745079044e+02 -7.102307907328612657e+01
-2.692849624513866047e+02 -7.110469622526710509e+01
-2.692498850568421744e+02 -7.118631337724809782e+01
-2.692148077337208747e+02 -7.126793052922910476e+01
-2.691797304105996318e+02 -7.134954768121011170e+01
-2.691446530160550310e+02 -7.143116483319110444e+01
-2.691095756929337881e+02 -7.151278198517209717e+01
-2.690744982983892442e+02 -7.159439913715308990e+01
-2.690394209752679444e+02 -7.167601628913411105e+01
-2.690043436521467015e+02 -7.175763344111510378e+01
-2.689692662576021007e+02 -7.183925059309609651e+01
-2.689341889344808578e+02 -7.192086774507708924e+01
-2.688991115399363707e+02 -7.200248489705811039e+01
-2.688640342168150710e+02 -7.208410204903910312e+01
-2.688289568936938281e+02 -7.216571920102009585e+01
-2.687938794991492841e+02 -7.224733635300108858e+01
-2.687588021760279844e+02 -7.232895350498210973e+01
-2.687237247814834404e+02 -7.241057065696310246e+01
-2.686886474583621407e+02 -7.249218780894409520e+01
-2.686535701352408978e+02 -7.257380496092508793e+01
-2.686184927406964107e+02 -7.265542211290610908e+01
-2.685834154175750541e+02 -7.273703926488708760e+01
-2.685483380230305670e+02 -7.281865641686808033e+01
-2.685132606999092673e+02 -7.290027356884907306e+01
-2.684781833767880812e+02 -7.298189072083009421e+01
-2.684431059822434804e+02 -7.306350787281108694e+01
-2.684080286591221807e+02 -7.314512502479207967e+01
-2.683729512645776367e+02 -7.322674217677307240e+01
-2.683378739414563370e+02 -7.330835932875409355e+01
-2.683027966183350941e+02 -7.338997648073508628e+01
-2.682677192237906070e+02 -7.347159363271607901e+01
-2.682326419006692504e+02 -7.355321078469707174e+01
-2.681975645061247633e+02 -7.363482793667807869e+01
-2.681624871830035204e+02 -7.371644508865908563e+01
-2.681274098598822206e+02 -7.379806224064007836e+01
-2.680923324653376767e+02 -7.387967939262107109e+01
-2.680572551422163770e+02 -7.396129654460207803e+01
-2.680221777476718330e+02 -7.404291369658308497e+01
-2.679871004245505901e+02 -7.412453084856407770e+01
-2.679520231014292904e+02 -7.420614800054507043e+01
-2.679169457068848033e+02 -7.428776515252607737e+01
-2.678809893062019682e+02 -7.436899661886906188e+01
-2.678446845742492428e+02 -7.445007523942216210e+01
-2.678083797708733869e+02 -7.453115385997527653e+01
-2.677720750389208320e+02 -7.461223248052837675e+01
-2.677357703069682202e+02 -7.469331117250476382e+01
-2.676994655035923074e+02 -7.477438979305786404e+01
-2.676631607716396957e+02 -7.485546841361097847e+01
-2.676268560396870839e+02 -7.493654703416407870e+01
-2.675905512363111711e+02 -7.501762565471719313e+01
-2.675542465043585594e+02 -7.509870434669356598e+01
-2.675179417724060045e+02 -7.517978296724668041e+01
-2.674816369690300917e+02 -7.526086158779978064e+01
-2.674453322370774231e+02 -7.534194020835289507e+01
-2.674090275051248682e+02 -7.542301882890599529e+01
-2.673727227017490122e+02 -7.550409744945910973e+01
-2.673364179697964005e+02 -7.558517614143548258e+01
-2.673001132378438456e+02 -7.566625476198859701e+01
-2.672638084344678759e+02 -7.574733338254169723e+01
-2.672275037025152642e+02 -7.582841200309481167e+01
-2.671911989705626524e+02 -7.590949062364792610e+01
-2.671548941671867965e+02 -7.599056931562429895e+01
-2.671185894352341847e+02 -7.607164793617738496e+01
-2.670822847032815730e+02 -7.615272655673051361e+01
-2.670459798999056602e+02 -7.623380517728361383e+01
-2.670096751679530485e+02 -7.631488379783671405e+01
-2.669733704360004367e+02 -7.639596241838982849e+01
-2.669370656326246376e+02 -7.647704111036620134e+01
-2.669007609006719690e+02 -7.655811973091928735e+01
-2.668644561687193004e+02 -7.663919835147241599e+01
-2.668281513653434445e+02 -7.672027697202553043e+01
-2.667918466333908896e+02 -7.680135559257863065e+01
-2.667555419014382210e+02 -7.688243428455498929e+01
-2.667192371694856092e+02 -7.696351290510810372e+01
-2.666829323661097533e+02 -7.704459152566120395e+01
-2.666466276341571415e+02 -7.712567014621433259e+01
-2.666103229022045298e+02 -7.720674876676744702e+01
-2.665740180988286738e+02 -7.728782738732054725e+01
-2.665377133668760621e+02 -7.736890607929690589e+01
-2.665014086349234503e+02 -7.744998469985002032e+01
-2.664651038315474807e+02 -7.753106332040314896e+01
-2.664287990995949258e+02 -7.761214194095624919e+01
-2.663924943676423140e+02 -7.769322056150936362e+01
-2.663561895642664012e+02 -7.777429925348572226e+01
-2.663198848323138463e+02 -7.785537787403882248e+01
-2.662835801003611778e+02 -7.793645649459193692e+01
-2.662472752969853218e+02 -7.801753511514506556e+01
-2.662109705650326532e+02 -7.809861373569816578e+01
-2.661746658330800983e+02 -7.817969235625128022e+01
-2.661383610297042424e+02 -7.826077104822763886e+01
-2.661020562977516306e+02 -7.834184966878073908e+01
-2.660657515657990189e+02 -7.842292828933385351e+01
-2.660287793119995854e+02 -7.850369657579490479e+01
-2.659901818931987805e+02 -7.858370920409849703e+01
-2.659515845458212198e+02 -7.866372183240210347e+01
-2.659129871270204148e+02 -7.874373446070569571e+01
-2.658743897082196668e+02 -7.882374708900930216e+01
-2.658357923608421061e+02 -7.890375971731290861e+01
-2.657971949420413580e+02 -7.898377234561651505e+01
-2.657585975946637973e+02 -7.906378497392012150e+01
-2.657200001758629924e+02 -7.914379760222372795e+01
-2.656814027570621874e+02 -7.922381023052732019e+01
-2.656428054096846836e+02 -7.930382285883092663e+01
-2.656042079908838218e+02 -7.938383555855779150e+01
-2.655656105720830737e+02 -7.946384818686139795e+01
-2.655270132247055130e+02 -7.954386081516500440e+01
-2.654884158059047650e+02 -7.962387344346859663e+01
-2.654498183871039032e+02 -7.970388607177221729e+01
-2.654112210397263993e+02 -7.978389870007580953e+01
-2.653726236209256513e+02 -7.986391132837940177e+01
-2.653340262735480906e+02 -7.994392395668300821e+01
-2.652954288547472856e+02 -8.002393658498660045e+01
-2.652568314359464807e+02 -8.010394921329022111e+01
-2.652182340885689769e+02 -8.018396184159381335e+01
-2.651796366697681719e+02 -8.026397446989741979e+01
-2.651410392509673670e+02 -8.034398709820101203e+01
-2.651024419035898632e+02 -8.042399972650461848e+01
-2.650638444847890582e+02 -8.050401235480821072e+01
-2.650252470659883102e+02 -8.058402498311181716e+01
-2.649866497186106926e+02 -8.066403761141542361e+01
-2.649480522998099445e+02 -8.074405023971901585e+01
-2.649094548810091396e+02 -8.082406293944589493e+01
-2.648708575336316358e+02 -8.090407556774948716e+01
-2.648322601148307740e+02 -8.098408819605310782e+01
-2.647936627674532701e+02 -8.106410082435670006e+01
-2.647550653486524652e+02 -8.114411345266029230e+01
-2.647164679298516603e+02 -8.122412608096389874e+01
-2.646778705824740996e+02 -8.130413870926749098e+01
-2.646392731636733515e+02 -8.138415133757111164e+01
-2.646006757448725466e+02 -8.146416396587470388e+01
-2.645620783974950427e+02 -8.154417659417832454e+01
-2.645234809786941810e+02 -8.162418922248191677e+01
-2.644848835598934329e+02 -8.170420185078552322e+01
-2.644462862125159290e+02 -8.178421447908911546e+01
-2.644076887937151241e+02 -8.186422710739273612e+01
-2.643690913749143760e+02 -8.194423973569632835e+01
-2.643274628955383605e+02 -8.202267555254985609e+01
-2.642841016162987557e+02 -8.210020993635943398e+01
-2.642407403370590373e+02 -8.217774432016901187e+01
-2.641973789863961315e+02 -8.225527863255531713e+01
-2.641540177071564699e+02 -8.233281301636488081e+01
-2.641106564279168651e+02 -8.241034740017447291e+01
-2.640672951486772604e+02 -8.248788178398405080e+01
-2.640239337980142977e+02 -8.256541609637037027e+01
-2.639805725187746930e+02 -8.264295048017993395e+01
-2.639372112395350314e+02 -8.272048486398949763e+01
-2.638938499602953698e+02 -8.279801924779907552e+01
-2.638504886096324640e+02 -8.287555356018538077e+01
-2.638071273303928592e+02 -8.295308794399497287e+01
-2.637637660511531976e+02 -8.303062232780455076e+01
-2.637204047719135929e+02 -8.310815671161411444e+01
-2.636770434212506302e+02 -8.318569102400041970e+01
-2.636336821420109686e+02 -8.326322540780998338e+01
-2.635903208627713639e+02 -8.334075979161958969e+01
-2.635469595835317023e+02 -8.341829417542916758e+01
-2.635035982328688533e+02 -8.349582848781547284e+01
-2.634602369536291349e+02 -8.357336287162503652e+01
-2.634168756743895301e+02 -8.365089725543460020e+01
-2.633735143951499253e+02 -8.372843163924419230e+01
-2.633301530444869627e+02 -8.380596595163049756e+01
-2.632867917652473011e+02 -8.388350033544007545e+01
-2.632434304860076395e+02 -8.396103471924965334e+01
-2.632000692067680916e+02 -8.403856910305921701e+01
-2.631567078561051858e+02 -8.411610348686879490e+01
-2.631133465768654673e+02 -8.419363779925510016e+01
-2.630699852976258626e+02 -8.427117218306467805e+01
-2.630266240183862010e+02 -8.434870656687427015e+01
-2.629832626677232383e+02 -8.442624095068384804e+01
-2.629367158393834529e+02 -8.450120509683239334e+01
-2.628701004302558317e+02 -8.455997730281801239e+01
-2.628034850925513979e+02 -8.461874943738035881e+01
-2.627368696834237767e+02 -8.467752164336597787e+01
-2.626702542742961555e+02 -8.473629384935156850e+01
-2.626036389365917785e+02 -8.479506598391391492e+01
-2.625370235274640436e+02 -8.485383818989951976e+01
-2.624704081183364224e+02 -8.491261039588513881e+01
-2.624037927092088012e+02 -8.497138260187075787e+01
-2.623371773715043673e+02 -8.503015473643310429e+01
-2.622705619623767461e+02 -8.508892694241872334e+01
-2.622039465532490112e+02 -8.514769914840432818e+01
-2.621373311441214469e+02 -8.520647135438993303e+01
-2.620707158064170130e+02 -8.526524348895227945e+01
-2.620041003972893918e+02 -8.532401569493789850e+01
-2.619374849881617138e+02 -8.538278790092351755e+01
-2.618708696504573936e+02 -8.544156003548586398e+01
-2.618042542413296587e+02 -8.550033224147148303e+01
-2.617376388322020375e+02 -8.555910444745707366e+01
-2.616710234230743595e+02 -8.561787665344267850e+01
-2.616044080853700393e+02 -8.567664878800502493e+01
-2.615377926762423613e+02 -8.573542099399064398e+01
-2.614711772671147401e+02 -8.579419319997626303e+01
-2.614045618579870052e+02 -8.585296540596188208e+01
-2.613379465202826282e+02 -8.591173754052422851e+01
-2.612713311111550070e+02 -8.597050974650983335e+01
-2.612047157020273289e+02 -8.602928195249543819e+01
-2.611336026983976240e+02 -8.608212117059616730e+01
-2.610590221666123512e+02 -8.613038629987659078e+01
-2.609844416348270784e+02 -8.617865150058030110e+01
-2.609098611030418056e+02 -8.622691662986073879e+01
-2.608352805712565896e+02 -8.627518183056443490e+01
-2.607607001108945610e+02 -8.632344695984487259e+01
-2.606861195791092314e+02 -8.637171216054858291e+01
-2.606115390473240154e+02 -8.641997728982899218e+01
-2.605369585155387426e+02 -8.646824249053270250e+01
-2.604623779837534698e+02 -8.651650769123639861e+01
-2.603877975233914412e+02 -8.656477282051685052e+01
-2.603132169916061684e+02 -8.661303802122053241e+01
-2.602386364598209525e+02 -8.666130315050098432e+01
-2.601640559280356229e+02 -8.670956835120466621e+01
-2.600894753962503501e+02 -8.675783348048510391e+01
-2.600148949358883783e+02 -8.680609868118880001e+01
-2.599403144041031055e+02 -8.685436381046923771e+01
-2.598657338723179464e+02 -8.690262901117294803e+01
-2.597911533405326168e+02 -8.695089414045337151e+01
-2.597165728087473440e+02 -8.699915934115708183e+01
-2.596419923483853722e+02 -8.704742447043751952e+01
-2.595674118166000994e+02 -8.709568967114121563e+01
-2.594928312848147698e+02 -8.714395487184489753e+01
-2.594182507530295538e+02 -8.719222000112534943e+01
-2.593436702212442810e+02 -8.724048520182903133e+01
-2.592690897608823093e+02 -8.728875033110948323e+01
-2.591945092290969797e+02 -8.733701553181317934e+01
-2.591199286973117069e+02 -8.738528066109361703e+01
-2.590453481655264909e+02 -8.743354586179731314e+01
-2.589707676337411613e+02 -8.748181099107775083e+01
-2.588961871733791327e+02 -8.753007619178144694e+01
-2.588216066415939167e+02 -8.757834132106189884e+01
-2.587470261098086439e+02 -8.762660652176558074e+01
-2.586724455780233711e+02 -8.767487172246929106e+01
-2.585977621967346067e+02 -8.772296357890567720e+01
-2.585196867816828785e+02 -8.776534293108024087e+01
-2.584416113666311503e+02 -8.780772228325480455e+01
-2.583635359515793652e+02 -8.785010170685265507e+01
-2.582854605365275233e+02 -8.789248105902723296e+01
-2.582073851214757383e+02 -8.793486041120179664e+01
-2.581293097778471974e+02 -8.797723983479963294e+01
-2.580512343627954124e+02 -8.801961918697419662e+01
-2.579731589477436273e+02 -8.806199853914874609e+01
-2.578950835326918423e+02 -8.810437796274659661e+01
-2.578170081176400572e+02 -8.814675731492117450e+01
-2.577389327025883290e+02 -8.818913666709575239e+01
-2.576608573589597313e+02 -8.823151609069358869e+01
-2.575827819439079462e+02 -8.827389544286815237e+01
-2.575047065288562180e+02 -8.831627479504271605e+01
-2.574266311138044330e+02 -8.835865421864055236e+01
-2.573485556987525911e+02 -8.840103357081513025e+01
-2.572704802837008060e+02 -8.844341292298969393e+01
-2.571924049400723220e+02 -8.848579234658754444e+01
-2.571143295250205369e+02 -8.852817169876212233e+01
-2.570362541099686950e+02 -8.857055105093667180e+01
-2.569581786949169100e+02 -8.861293047453450811e+01
-2.568801032798651249e+02 -8.865530982670907179e+01
-2.568020278648133967e+02 -8.869768917888364967e+01
-2.567239525211847990e+02 -8.874006860248148598e+01
-2.566458771061330140e+02 -8.878244795465606387e+01
-2.565678016910812858e+02 -8.882482730683062755e+01
-2.564897262760295007e+02 -8.886720673042846386e+01
-2.564116508609777156e+02 -8.890958608260302753e+01
-2.563335754459258737e+02 -8.895196543477760542e+01
-2.562555001022973897e+02 -8.899434485837544173e+01
-2.561774246872456047e+02 -8.903672421055001962e+01
-2.560993492721938196e+02 -8.907910356272458330e+01
-2.560212738571419777e+02 -8.912148298632241961e+01
-2.559431984420902211e+02 -8.916386233849698328e+01
-2.558651230270384644e+02 -8.920624169067154696e+01
-2.557870476834099520e+02 -8.924862111426938327e+01
-2.557089722683581101e+02 -8.929100046644396116e+01
-2.556308968533063535e+02 -8.933337981861853905e+01
-2.555528214382545684e+02 -8.937575924221637536e+01
-2.554747460232028118e+02 -8.941813859439093903e+01
-2.553953184228734017e+02 -8.945788192807621897e+01
-2.553153517911533470e+02 -8.949657462551428466e+01
-2.552353852308564797e+02 -8.953526732295230772e+01
-2.551554185991363397e+02 -8.957396002039034499e+01
-2.550754520388395292e+02 -8.961265264640512385e+01
-2.549954854785426903e+02 -8.965134534384316112e+01
-2.549155188468226072e+02 -8.969003804128119839e+01
-2.548355522865257399e+02 -8.972873073871922145e+01
-2.547555856548056568e+02 -8.976742343615727293e+01
-2.546756190945087894e+02 -8.980611613359532441e+01
-2.545956524627886779e+02 -8.984480883103336168e+01
-2.545156859024918674e+02 -8.988350152847138474e+01
-2.544357193421950001e+02 -8.992219422590942202e+01
-2.543557527104749170e+02 -8.996088692334745929e+01
-2.542757861501780781e+02 -8.999957962078551077e+01
-2.541958195184579949e+02 -9.003827231822353383e+01
-2.541158529581611276e+02 -9.007696501566158531e+01
-2.540358863264410445e+02 -9.011565764167634995e+01
-2.539559197661442056e+02 -9.015435033911440144e+01
-2.538759532058473383e+02 -9.019304303655242450e+01
-2.537959865741272552e+02 -9.023173573399046177e+01
-2.537160200138303878e+02 -9.027042843142849904e+01
-2.536360533821103047e+02 -9.030912112886655052e+01
-2.535560868218134658e+02 -9.034781382630457358e+01
-2.534761201900933827e+02 -9.038650652374262506e+01
-2.533961536297965154e+02 -9.042519922118064812e+01
-2.533161870694996480e+02 -9.046389191861869961e+01
-2.532362204377795649e+02 -9.050258461605673688e+01
-2.531562538774826976e+02 -9.054127731349477415e+01
-2.530762872457626145e+02 -9.057997001093279721e+01
-2.529963206854657471e+02 -9.061866263694757606e+01
-2.529163540537456925e+02 -9.065735533438562754e+01
-2.528363874934488251e+02 -9.069604803182366481e+01
-2.527564208617287420e+02 -9.073474072926168787e+01
-2.526764543014318747e+02 -9.077343342669973936e+01
-2.525964877411350074e+02 -9.081212612413779084e+01
-2.525165211094149527e+02 -9.085081882157581390e+01
-2.524365545491180853e+02 -9.088951151901383696e+01
-2.523565879173980022e+02 -9.092820421645188844e+01
-2.522766213571011349e+02 -9.096689691388992571e+01
-2.521966547253810802e+02 -9.100558961132797720e+01
-2.521166881650842129e+02 -9.104428230876600026e+01
-2.520367216047873455e+02 -9.108297500620403753e+01
-2.519566108409158574e+02 -9.112135758381981532e+01
-2.518754785100665003e+02 -9.115754211041524968e+01
-2.517943461792171433e+02 -9.119372670843392825e+01
-2.517132137769445421e+02 -9.122991123502937683e+01
-2.516320814460951851e+02 -9.126609576162481119e+01
-2.515509491152457429e+02 -9.130228035964350397e+01
-2.514698167843963859e+02 -9.133846488623893833e+01
-2.513886843821237562e+02 -9.137464941283435849e+01
-2.513075520512743992e+02 -9.141083393942979285e+01
-2.512264197204250422e+02 -9.144701853744851405e+01
-2.511452873181524126e+02 -9.148320306404393421e+01
-2.510641549873030272e+02 -9.151938759063936857e+01
-2.509830226564536986e+02 -9.155557218865806135e+01
-2.509018902541810689e+02 -9.159175671525349571e+01
-2.508207579233317119e+02 -9.162794124184893008e+01
-2.507396255924823549e+02 -9.166412583986762286e+01
-2.506584932616329979e+02 -9.170031036646307143e+01
-2.505773608593603399e+02 -9.173649489305850580e+01
-2.504962285285109829e+02 -9.177267941965392595e+01
-2.504150961976616259e+02 -9.180886401767263294e+01
-2.503339637953889962e+02 -9.184504854426806730e+01
-2.502528314645395824e+02 -9.188123307086348746e+01
-2.501716991336902254e+02 -9.191741766888220866e+01
-2.500905667314175957e+02 -9.195360219547762881e+01
-2.500094344005682387e+02 -9.198978672207306317e+01
-2.499283020697188817e+02 -9.202597124866849754e+01
-2.498471697388695247e+02 -9.206215584668719032e+01
-2.497660373365968951e+02 -9.209834037328262468e+01
-2.496849050057475097e+02 -9.213452489987807326e+01
-2.496037726748981527e+02 -9.217070949789676604e+01
-2.495226402726255230e+02 -9.220689402449220040e+01
-2.494415079417761945e+02 -9.224307855108762055e+01
-2.493603756109268375e+02 -9.227926314910632755e+01
-2.492792432086542078e+02 -9.231544767570176191e+01
-2.491981108778048224e+02 -9.235163220229718206e+01
-2.491169785469554654e+02 -9.238781672889263064e+01
-2.490358462161061084e+02 -9.242400132691132342e+01
-2.489547138138334788e+02 -9.246018585350675778e+01
-2.488735814829840365e+02 -9.249637038010219214e+01
-2.487924491521346795e+02 -9.253255497812088493e+01
-2.487113167498620498e+02 -9.256873950471630508e+01
-2.486301844190127213e+02 -9.260492403131173944e+01
-2.485490520881633643e+02 -9.264110862933044643e+01
-2.484679196858907346e+02 -9.267729315592588080e+01
-2.483867873550413492e+02 -9.271347768252131516e+01
-2.483049745033107456e+02 -9.274808961163938648e+01
-2.482230585163835315e+02 -9.278246341558759980e+01
-2.481411425294563458e+02 -9.281683714811258312e+01
-2.480592266139524327e+02 -9.285121095206081065e+01
-2.479773106270252185e+02 -9.288558468458576556e+01
-2.478953947115213055e+02 -9.291995841711074888e+01
-2.478134787245941197e+02 -9.295433222105896220e+01
-2.477315627376669340e+02 -9.298870595358394553e+01
-2.476496468221629925e+02 -9.302307975753217306e+01
-2.475677308352357784e+02 -9.305745349005712796e+01
-2.474858148483086211e+02 -9.309182722258211129e+01
-2.474038989328046796e+02 -9.312620102653032461e+01
-2.473219829458774939e+02 -9.316057475905530794e+01
-2.472400669589503082e+02 -9.319494849158027705e+01
-2.471581510434463667e+02 -9.322932229552849037e+01
-2.470762350565191809e+02 -9.326369602805347370e+01
-2.469943190695919668e+02 -9.329806983200168702e+01
-2.469124031540880821e+02 -9.333244356452665613e+01
-2.468304871671608680e+02 -9.336681729705163946e+01
-2.467485712516569265e+02 -9.340119110099985278e+01
-2.466666552647297692e+02 -9.343556483352483610e+01
-2.465847392778025551e+02 -9.346993856604979101e+01
-2.465028233622986420e+02 -9.350431236999801854e+01
-2.464209073753714563e+02 -9.353868610252298765e+01
-2.463389913884442706e+02 -9.357305990647121519e+01
-2.462570754729403291e+02 -9.360743363899618430e+01
-2.461751594860131149e+02 -9.364180737152115341e+01
-2.460932434990859576e+02 -9.367618117546938095e+01
-2.460113275835820161e+02 -9.371055490799435006e+01
-2.459294115966548304e+02 -9.374492871194257759e+01
-2.458474956097276447e+02 -9.377930244446754671e+01
-2.457655796942237032e+02 -9.381367617699251582e+01
-2.456836637072965175e+02 -9.384804998094074335e+01
-2.456017477917925760e+02 -9.388242371346569826e+01
-2.455198318048654187e+02 -9.391679744599066737e+01
-2.454379158179382046e+02 -9.395117124993890911e+01
-2.453559999024342630e+02 -9.398554498246387823e+01
-2.452740839155071058e+02 -9.401991878641210576e+01
-2.451921679285798916e+02 -9.405429251893706066e+01
-2.451102520130759785e+02 -9.408866625146202978e+01
-2.450283360261487928e+02 -9.412304005541027152e+01
-2.449464200392215787e+02 -9.415741378793522642e+01
-2.448641622205419139e+02 -9.419095343955636679e+01
-2.447816864894767264e+02 -9.422396155922970706e+01
-2.446992107584115388e+02 -9.425696960747977471e+01
-2.446167350273463512e+02 -9.428997772715311498e+01
-2.445342592962811921e+02 -9.432298584682645526e+01
-2.444517835652160045e+02 -9.435599396649978132e+01
-2.443693078341508169e+02 -9.438900201474984897e+01
-2.442868321030856293e+02 -9.442201013442318924e+01
-2.442043564434437144e+02 -9.445501825409652952e+01
-2.441218807123785268e+02 -9.448802637376986979e+01
-2.440394049813134245e+02 -9.452103449344319586e+01
-2.439569292502482369e+02 -9.455404254169327771e+01
-2.438744535191830494e+02 -9.458705066136661799e+01
-2.437919777881178618e+02 -9.462005878103995826e+01
-2.437095020570527026e+02 -9.465306690071329854e+01
-2.436270263259875151e+02 -9.468607502038663881e+01
-2.435445505949223275e+02 -9.471908306863672067e+01
-2.434620748638571683e+02 -9.475209118831004673e+01
-2.433795992042152534e+02 -9.478509930798338701e+01
-2.432971234731500658e+02 -9.481810742765671307e+01
-2.432146477420848782e+02 -9.485111554733006756e+01
-2.431321720110197759e+02 -9.488412359558013520e+01
-2.430496962799545884e+02 -9.491713171525346127e+01
-2.429672205488894008e+02 -9.495013983492680154e+01
-2.428847448178242416e+02 -9.498314795460014182e+01
-2.428022690867590541e+02 -9.501615607427346788e+01
-2.427197933556938665e+02 -9.504916412252353553e+01
-2.426373176246287073e+02 -9.508217224219689001e+01
-2.425548418935635198e+02 -9.511518036187021607e+01
-2.424723662339216048e+02 -9.514818848154355635e+01
-2.423898905028564172e+02 -9.518119652979363821e+01
-2.423074147717913149e+02 -9.521420464946696427e+01
-2.422249390407261274e+02 -9.524721276914030454e+01
-2.421424633096609398e+02 -9.528022088881364482e+01
-2.420599875785957806e+02 -9.531322900848698509e+01
-2.419775118475305931e+02 -9.534623705673706695e+01
-2.418950361164654055e+02 -9.537924517641040723e+01
-2.418125453865143299e+02 -9.541221501321298604e+01
-2.417296519007645657e+02 -9.544415949760460194e+01
-2.416467584150148298e+02 -9.547610405341949047e+01
-2.415638649292650939e+02 -9.550804853781110637e+01
-2.414809714435153012e+02 -9.553999309362600911e+01
-2.413980780291888379e+02 -9.557193757801761080e+01
-2.413151845434390737e+02 -9.560388206240924092e+01
-2.412322910576893378e+02 -9.563582661822411524e+01
-2.411493975719395735e+02 -9.566777110261574535e+01
-2.410665040861898092e+02 -9.569971565843061967e+01
-2.409836106004400733e+02 -9.573166014282224978e+01
-2.409007171146903090e+02 -9.576360462721386568e+01
-2.408178237003637889e+02 -9.579554918302876843e+01
-2.407349302146140246e+02 -9.582749366742038433e+01
-2.406520367288642603e+02 -9.585943815181200023e+01
-2.405691432431144960e+02 -9.589138270762688876e+01
-2.404862497573647602e+02 -9.592332719201850466e+01
-2.404033562716150243e+02 -9.595527174783340740e+01
-2.403204627858652600e+02 -9.598721623222500909e+01
-2.402375693715387683e+02 -9.601916071661663921e+01
-2.401546758857890040e+02 -9.605110527243151353e+01
-2.400717824000392682e+02 -9.608304975682314364e+01
-2.399888889142895323e+02 -9.611499431263801796e+01
-2.399059954285397680e+02 -9.614693879702964807e+01
-2.398231019427900037e+02 -9.617888328142126397e+01
-2.397402084570402394e+02 -9.621082783723615250e+01
-2.396573150427137762e+02 -9.624277232162776841e+01
-2.395744215569640403e+02 -9.627471680601938431e+01
-2.394915280712142760e+02 -9.630666136183427284e+01
-2.394086345854645117e+02 -9.633860584622588874e+01
-2.393257410997147474e+02 -9.637055040204079148e+01
-2.392425774197485850e+02 -9.640178301073719069e+01
-2.391593633863796811e+02 -9.643288277215832238e+01
-2.390761492815875329e+02 -9.646398253357941144e+01
-2.389929351767953847e+02 -9.649508229500052892e+01
-2.389097211434264807e+02 -9.652618212784491902e+01
-2.388265070386342757e+02 -9.655728188926600808e+01
-2.387432929338421275e+02 -9.658838165068711135e+01
-2.386600788290499509e+02 -9.661948148353148724e+01
-2.385768647956810184e+02 -9.665058124495259051e+01
-2.384936506908889271e+02 -9.668168100637369378e+01
-2.384104365860967221e+02 -9.671278083921806967e+01
-2.383272225527278181e+02 -9.674388060063917294e+01
-2.382440084479356699e+02 -9.677498036206027621e+01
-2.381607943431434649e+02 -9.680608019490466631e+01
-2.380775803097745609e+02 -9.683717995632578379e+01
-2.379943662049823843e+02 -9.686827971774687285e+01
-2.379111521001902645e+02 -9.689937955059126296e+01
-2.378279380668213605e+02 -9.693047931201235201e+01
-2.377447239620291839e+02 -9.696157907343345528e+01
-2.376615098572370073e+02 -9.699267890627783117e+01
-2.375781221939077454e+02 -9.702330870260668405e+01
-2.374946728208764171e+02 -9.705377158276222360e+01
-2.374112235192682476e+02 -9.708423439149447631e+01
-2.373277741462369761e+02 -9.711469727165000165e+01
-2.372443247732055909e+02 -9.714516008038225436e+01
-2.371608754001742625e+02 -9.717562296053777970e+01
-2.370774260985661499e+02 -9.720608576927004663e+01
-2.370685706134708823e+02 -9.722335920053124880e+01
-2.371574063721301115e+02 -9.722335920053124880e+01
-2.372462420593660966e+02 -9.722335920053124880e+01
-2.373350777466020531e+02 -9.722335920053124880e+01
-2.374239134338380666e+02 -9.722335920053124880e+01
-2.375127491210740800e+02 -9.722335920053124880e+01
-2.376015848083100650e+02 -9.722335920053124880e+01
-2.376904204955460784e+02 -9.722335920053124880e+01
-2.377792561827820350e+02 -9.722335920053124880e+01
-2.378680918700180484e+02 -9.722335920053124880e+01
-2.379569275572540619e+02 -9.722335920053124880e+01
-2.380457632444900185e+02 -9.722335920053124880e+01
-2.381345989317260319e+02 -9.722335920053124880e+01
-2.382234346189619885e+02 -9.722335920053124880e+01
-2.383122703061980019e+02 -9.722335920053124880e+01
-2.384011059934340153e+02 -9.722335920053124880e+01
-2.384899416806700003e+02 -9.722335920053124880e+01
-2.385787773679060138e+02 -9.722335920053124880e+01
-2.386676131265652430e+02 -9.722335920053124880e+01
-2.387564488138012564e+02 -9.722335920053124880e+01
-2.388452845010372698e+02 -9.722335920053124880e+01
-2.389341201882731980e+02 -9.722335920053124880e+01
-2.390229558755092398e+02 -9.722335920053124880e+01
-2.391117915627451964e+02 -9.722335920053124880e+01
-2.391999340871817878e+02 -9.721802409680857693e+01
-2.392858202792127429e+02 -9.719532299727150360e+01
-2.393717064712436127e+02 -9.717262182631117184e+01
-2.394575926632745961e+02 -9.714992072677411272e+01
-2.395434788553055228e+02 -9.712721962723705360e+01
-2.396293650473364210e+02 -9.710451845627672185e+01
-2.397152512393673760e+02 -9.708181735673967694e+01
-2.398011374313982742e+02 -9.705911625720260361e+01
-2.398870236234292008e+02 -9.703641508624227185e+01
-2.399729098868834569e+02 -9.701371398670521273e+01
-2.400587960789143267e+02 -9.699101288716815361e+01
-2.401446822709452817e+02 -9.696831171620782186e+01
-2.402305684629761515e+02 -9.694561061667077695e+01
-2.403164546550071350e+02 -9.692290951713368941e+01
-2.404023408470380616e+02 -9.690020834617338608e+01
-2.404882270390689598e+02 -9.687750724663631274e+01
-2.405741132310999149e+02 -9.685480614709925362e+01
-2.406599994231308699e+02 -9.683210497613892187e+01
-2.407458856151617397e+02 -9.680940387660184854e+01
-2.408317718071927231e+02 -9.678670270564153100e+01
-2.409176579992236498e+02 -9.676400160610448609e+01
-2.410035442626778206e+02 -9.674130050656741275e+01
-2.410894304547088041e+02 -9.671859933560708100e+01
-2.411753166467396738e+02 -9.669589823607000767e+01
-2.412612028387706289e+02 -9.667319713653294855e+01
-2.413470890308015839e+02 -9.665049596557263101e+01
-2.414329752228324821e+02 -9.662779486603558610e+01
-2.415188614148634088e+02 -9.660509376649851276e+01
-2.416047476068943070e+02 -9.658239259553816680e+01
-2.416906337989252620e+02 -9.655969149600110768e+01
-2.417765199909562170e+02 -9.653699039646404856e+01
-2.418624061829870868e+02 -9.651428922550373102e+01
-2.419482924464413429e+02 -9.649158812596667190e+01
-2.420341786384722695e+02 -9.646888702642962699e+01
-2.421200648305031677e+02 -9.644618585546926681e+01
-2.422059510225341228e+02 -9.642348475593220769e+01
-2.422918372145650210e+02 -9.640078365639514857e+01
-2.423770393145513253e+02 -9.637566623633594531e+01
-2.424620789980301083e+02 -9.634997507317856957e+01
-2.425471186100856187e+02 -9.632428391002117962e+01
-2.426321582935643733e+02 -9.629859274686380388e+01
-2.427171979770430994e+02 -9.627290165512967235e+01
-2.428022376605218824e+02 -9.624721049197229661e+01
-2.428872772725773928e+02 -9.622151932881490666e+01
-2.429723169560561757e+02 -9.619582816565751671e+01
-2.430573566395348735e+02 -9.617013700250014097e+01
-2.431423963230136565e+02 -9.614444583934276523e+01
-2.432274360064924394e+02 -9.611875467618537527e+01
-2.433124756185479498e+02 -9.609306358445127216e+01
-2.433975153020266191e+02 -9.606737242129388221e+01
-2.434825549855054021e+02 -9.604168125813649226e+01
-2.435675946689841851e+02 -9.601599009497911652e+01
-2.436526342810396955e+02 -9.599029893182174078e+01
-2.437376739645184216e+02 -9.596460776866435083e+01
-2.438227136479971762e+02 -9.593891660550696088e+01
-2.439077533314759592e+02 -9.591322551377284356e+01
-2.439927929435314695e+02 -9.588753435061545360e+01
-2.440778326270101957e+02 -9.586184318745807786e+01
-2.441628723104889502e+02 -9.583615202430068791e+01
-2.442479119939677332e+02 -9.581046086114329796e+01
-2.443329516060232436e+02 -9.578476969798590801e+01
-2.444179912895019413e+02 -9.575907860625179069e+01
-2.445030309729807243e+02 -9.573338744309442916e+01
-2.445880706564594789e+02 -9.570769627993703921e+01
-2.446731102685149892e+02 -9.568200511677964926e+01
-2.447581499519937154e+02 -9.565631395362225931e+01
-2.448431896354724984e+02 -9.563062279046488356e+01
-2.449282293189512529e+02 -9.560493162730750782e+01
-2.450132689310067633e+02 -9.557924053557339050e+01
-2.450983086144854894e+02 -9.555354937241601476e+01
-2.451833482979642724e+02 -9.552785820925862481e+01
-2.452683879814430554e+02 -9.550216704610123486e+01
-2.453530529070434909e+02 -9.547531211224278991e+01
-2.454371060209448956e+02 -9.544655703380772138e+01
-2.455211590634229708e+02 -9.541780188394940865e+01
-2.456052121773243755e+02 -9.538904680551432591e+01
-2.456892652912257233e+02 -9.536029172707928581e+01
-2.457733184051271280e+02 -9.533153657722094465e+01
-2.458573715190285327e+02 -9.530278149878590455e+01
-2.459414246329298805e+02 -9.527402642035085023e+01
-2.460254777468312852e+02 -9.524527127049250907e+01
-2.461095307893093604e+02 -9.521651619205745476e+01
-2.461935839032107651e+02 -9.518776111362238623e+01
-2.462776370171121130e+02 -9.515900596376408771e+01
-2.463616901310135461e+02 -9.513025088532900497e+01
-2.464457432449148655e+02 -9.510149580689396487e+01
-2.465297963588162702e+02 -9.507274065703562371e+01
-2.466138494727176180e+02 -9.504398557860056940e+01
-2.466979025151957501e+02 -9.501523050016550087e+01
-2.467819556290971263e+02 -9.498647535030718814e+01
-2.468660087429985026e+02 -9.495772027187214803e+01
-2.469500618568998505e+02 -9.492896519343706530e+01
-2.470341149708012836e+02 -9.490021011500202519e+01
-2.471181680847026030e+02 -9.487145496514368403e+01
-2.472022211986040361e+02 -9.484269988670862972e+01
-2.472862742410820829e+02 -9.481394480827357540e+01
-2.473703273549834876e+02 -9.478518965841524846e+01
-2.474543804688849207e+02 -9.475643457998017993e+01
-2.475384335827862401e+02 -9.472767950154512562e+01
-2.476224866966876448e+02 -9.469892435168681288e+01
-2.477065398105889926e+02 -9.467016927325173015e+01
-2.477905929244903973e+02 -9.464141419481670425e+01
-2.478746459669685009e+02 -9.461265904495836310e+01
-2.479586990808698772e+02 -9.458390396652330878e+01
-2.480427521947712250e+02 -9.455514888808824026e+01
-2.481268053086726582e+02 -9.452639373822991331e+01
-2.482108454235395243e+02 -9.449760294816171324e+01
-2.482937499798955798e+02 -9.446568724734640909e+01
-2.483766545362515785e+02 -9.443377147510786074e+01
-2.484595590926076341e+02 -9.440185577429254238e+01
-2.485424637203869054e+02 -9.436994007347722402e+01
-2.486253682767429609e+02 -9.433802430123867566e+01
-2.487082728330990165e+02 -9.430610860042337151e+01
-2.487911773894550151e+02 -9.427419282818480895e+01
-2.488740819458110423e+02 -9.424227712736950480e+01
-2.489569865021670410e+02 -9.421036135513092802e+01
-2.490398910585231249e+02 -9.417844565431565229e+01
-2.491227956148790952e+02 -9.414652995350033393e+01
-2.492057001712351507e+02 -9.411461418126175715e+01
-2.492886047275912347e+02 -9.408269848044646722e+01
-2.493715092839472049e+02 -9.405078270820789044e+01
-2.494544138403032605e+02 -9.401886700739260050e+01
-2.495373183966592876e+02 -9.398695123515402372e+01
-2.496202229530153147e+02 -9.395503553433870536e+01
-2.497031275093713134e+02 -9.392311983352342963e+01
-2.497860320657273689e+02 -9.389120406128485286e+01
-2.498689366220834245e+02 -9.385928836046956292e+01
-2.499518411784394232e+02 -9.382737258823100035e+01
-2.500347458062187513e+02 -9.379545688741566778e+01
-2.501176503625747500e+02 -9.376354111517711942e+01
-2.502005549189308056e+02 -9.373162541436181527e+01
-2.502834594752867758e+02 -9.369970964212325271e+01
-2.503663640316428598e+02 -9.366779394130794856e+01
-2.504492685879989153e+02 -9.363587824049263020e+01
-2.505321731443548856e+02 -9.360396246825408184e+01
-2.506150777007109696e+02 -9.357204676743877769e+01
-2.506979822570669683e+02 -9.354013099520021512e+01
-2.507808868134229954e+02 -9.350821529438491098e+01
-2.508637913697790225e+02 -9.347629952214633420e+01
-2.509466959261350496e+02 -9.344438382133104426e+01
-2.510285792726295711e+02 -9.340996552068790493e+01
-2.511101442856261485e+02 -9.337476706370698309e+01
-2.511917092986227544e+02 -9.333956860672607547e+01
-2.512732743116193888e+02 -9.330437022116842627e+01
-2.513548393246159378e+02 -9.326917176418750444e+01
-2.514364043376125437e+02 -9.323397330720659681e+01
-2.515179692791859054e+02 -9.319877485022567498e+01
-2.515995342921825113e+02 -9.316357646466803999e+01
-2.516810993051791456e+02 -9.312837800768711816e+01
-2.517626643181756663e+02 -9.309317955070619632e+01
-2.518442293311722722e+02 -9.305798109372528870e+01
-2.519257943441689065e+02 -9.302278270816762529e+01
-2.520073593571655124e+02 -9.298758425118671767e+01
-2.520889243701620899e+02 -9.295238579420581004e+01
-2.521704893831586958e+02 -9.291718733722490242e+01
-2.522520543247320290e+02 -9.288198895166723901e+01
-2.523336193377286634e+02 -9.284679049468634560e+01
-2.524151843507252124e+02 -9.281159203770540955e+01
-2.524967493637218467e+02 -9.277639358072450193e+01
-2.525783143767184526e+02 -9.274119519516683852e+01
-2.526598793897150870e+02 -9.270599673818593089e+01
-2.527414444027116360e+02 -9.267079828120502327e+01
-2.528230094157082419e+02 -9.263559982422411565e+01
-2.529045743572816036e+02 -9.260040143866645224e+01
-2.529861393702782095e+02 -9.256520298168554461e+01
-2.530677043832747586e+02 -9.253000452470463699e+01
-2.531492693962713645e+02 -9.249480606772370095e+01
-2.532308344092679704e+02 -9.245960768216606596e+01
-2.533123994222646047e+02 -9.242440922518514412e+01
-2.533939644352611538e+02 -9.238921076820422229e+01
-2.534755294482577881e+02 -9.235401231122331467e+01
-2.535570944612543940e+02 -9.231881392566566547e+01
-2.536375759118779740e+02 -9.228124450193669759e+01
-2.537175721842536120e+02 -9.224261308566114792e+01
-2.537975684566292216e+02 -9.220398174080887088e+01
-2.538775646575815301e+02 -9.216535039595657963e+01
-2.539575609299571681e+02 -9.212671905110427417e+01
-2.540375571309095051e+02 -9.208808770625201134e+01
-2.541175534032851431e+02 -9.204945628997644747e+01
-2.541975496042375084e+02 -9.201082494512417043e+01
-2.542775458766131464e+02 -9.197219360027187918e+01
-2.543575420775655118e+02 -9.193356225541958793e+01
-2.544375383499411214e+02 -9.189493091056729668e+01
-2.545175345508934868e+02 -9.185629949429174701e+01
-2.545975308232691248e+02 -9.181766814943945576e+01
-2.546775270242214049e+02 -9.177903680458716451e+01
-2.547575232965970429e+02 -9.174040545973487326e+01
-2.548375194975493798e+02 -9.170177411488261043e+01
-2.549175157699250178e+02 -9.166314269860704655e+01
-2.549975119708773832e+02 -9.162451135375475531e+01
-2.550775082432529928e+02 -9.158588000890244984e+01
-2.551575044442053581e+02 -9.154724866405017281e+01
-2.552375007165809961e+02 -9.150861731919788156e+01
-2.553174969175333615e+02 -9.146998590292233189e+01
-2.553974931899089995e+02 -9.143135455807004064e+01
-2.554774894622845522e+02 -9.139272321321774939e+01
-2.555574856632369176e+02 -9.135409186836547235e+01
-2.556374819356125272e+02 -9.131546052351318110e+01
-2.557174781365648926e+02 -9.127682910723763143e+01
-2.557974744089405306e+02 -9.123819776238532597e+01
-2.558774706098928675e+02 -9.119956641753304893e+01
-2.559574668822685055e+02 -9.116093507268075768e+01
-2.560374630832208709e+02 -9.112230372782846644e+01
-2.561158875437750453e+02 -9.108059889698083111e+01
-2.561940355962886429e+02 -9.103835367770035703e+01
-2.562721837202255415e+02 -9.099610845841989715e+01
-2.563503317727391391e+02 -9.095386323913942306e+01
-2.564284798252527366e+02 -9.091161801985897739e+01
-2.565066279491896353e+02 -9.086937280057851751e+01
-2.565847760017032329e+02 -9.082712765272133026e+01
-2.566629241256401315e+02 -9.078488243344085618e+01
-2.567410721781537291e+02 -9.074263721416039630e+01
-2.568192202306673835e+02 -9.070039199487993642e+01
-2.568973683546042253e+02 -9.065814677559946233e+01
-2.569755164071178797e+02 -9.061590155631901666e+01
-2.570536645310547215e+02 -9.057365633703855679e+01
-2.571318125835683190e+02 -9.053141118918136954e+01
-2.572099606360819735e+02 -9.048916596990090966e+01
-2.572881087600188152e+02 -9.044692075062043557e+01
-2.573662568125324697e+02 -9.040467553133997569e+01
-2.574444048650460104e+02 -9.036243031205950160e+01
-2.575225529889829659e+02 -9.032018509277904172e+01
-2.576007010414965066e+02 -9.027793987349858185e+01
-2.576788491654334621e+02 -9.023569472564139460e+01
-2.577569972179470028e+02 -9.019344950636094893e+01
-2.578351452704607141e+02 -9.015120428708047484e+01
-2.579132933943974990e+02 -9.010895906780001496e+01
-2.579914414469110966e+02 -9.006671384851955509e+01
-2.580695895708479952e+02 -9.002446862923908100e+01
-2.581477376233615928e+02 -8.998222348138189375e+01
-2.582258856758752472e+02 -8.993997826210143387e+01
-2.583040337998120890e+02 -8.989773304282097399e+01
-2.583815432569017503e+02 -8.985437347773971339e+01
-2.584574978294840548e+02 -8.980830097131138245e+01
-2.585334524020663594e+02 -8.976222839345977889e+01
-2.586094070460720218e+02 -8.971615588703144795e+01
-2.586853616186542695e+02 -8.967008330917984438e+01
-2.587613162626598751e+02 -8.962401080275151344e+01
-2.588372708352421796e+02 -8.957793829632318250e+01
-2.589132254078244841e+02 -8.953186571847156472e+01
-2.589891800518301466e+02 -8.948579321204323378e+01
-2.590651346244123943e+02 -8.943972063419163021e+01
-2.591410891969947556e+02 -8.939364812776331348e+01
-2.592170438410003044e+02 -8.934757554991170991e+01
-2.592929984135826658e+02 -8.930150304348336476e+01
-2.593689530575882145e+02 -8.925543046563177541e+01
-2.594449076301705190e+02 -8.920935795920343026e+01
-2.595208622027528804e+02 -8.916328545277509932e+01
-2.595968168467584292e+02 -8.911721287492349575e+01
-2.596727714193407905e+02 -8.907114036849516481e+01
-2.597487260633463393e+02 -8.902506779064356124e+01
-2.598246806359286438e+02 -8.897899528421521609e+01
-2.599006352085110052e+02 -8.893292270636361252e+01
-2.599765898525165539e+02 -8.888685019993528158e+01
-2.600525444250989153e+02 -8.884077762208367801e+01
-2.601284990691044641e+02 -8.879470511565536128e+01
-2.602044536416867686e+02 -8.874863260922701613e+01
-2.602804082142690731e+02 -8.870256003137541256e+01
-2.603563628582746787e+02 -8.865648752494706741e+01
-2.604323174308570401e+02 -8.861041494709546384e+01
-2.605081267999389070e+02 -8.856411710026198136e+01
-2.605814559960986685e+02 -8.851397118211008319e+01
-2.606547851922584300e+02 -8.846382526395822765e+01
-2.607281143169948336e+02 -8.841367941722961632e+01
-2.608014435131544815e+02 -8.836353349907774657e+01
-2.608747727093142430e+02 -8.831338758092587682e+01
-2.609481019054739477e+02 -8.826324166277399286e+01
-2.610214311016337092e+02 -8.821309581604538153e+01
-2.610947602263701128e+02 -8.816294989789351177e+01
-2.611680894225298175e+02 -8.811280397974162781e+01
-2.612414186186895790e+02 -8.806265806158977227e+01
-2.613147478148492269e+02 -8.801251221486114673e+01
-2.613880769395857442e+02 -8.796236629670929119e+01
-2.614614061357454489e+02 -8.791222037855743565e+01
-2.615347353319052104e+02 -8.786207446040553748e+01
-2.616080645280648582e+02 -8.781192861367694036e+01
-2.616813937242245629e+02 -8.776178269552507061e+01
-2.617547228489610802e+02 -8.771163677737317244e+01
-2.618280520451207849e+02 -8.766149085922131690e+01
-2.619013812412804896e+02 -8.761134501249269135e+01
-2.619747104374401943e+02 -8.756119909434083581e+01
-2.620480395621766547e+02 -8.751105317618895185e+01
-2.621213687583363594e+02 -8.746090725803708210e+01
-2.621946979544960072e+02 -8.741076141130848498e+01
-2.622680271506558256e+02 -8.736061549315660102e+01
-2.623413563468155303e+02 -8.731046957500473127e+01
-2.624146854715519908e+02 -8.726032365685286152e+01
-2.624874554235365736e+02 -8.720941093851401149e+01
-2.625576137123656508e+02 -8.715491691475641289e+01
-2.626277720011948418e+02 -8.710042289099881430e+01
-2.626979302900239190e+02 -8.704592886724122991e+01
-2.627680885074298089e+02 -8.699143491490688973e+01
-2.628382467962589430e+02 -8.693694089114929113e+01
-2.629084050850880772e+02 -8.688244686739169254e+01
-2.629785633739172113e+02 -8.682795291505736657e+01
-2.630487216627463454e+02 -8.677345889129975376e+01
-2.631188799515754226e+02 -8.671896486754216937e+01
-2.631890381689812557e+02 -8.666447091520784340e+01
-2.632591964578103898e+02 -8.660997689145024481e+01
-2.633293547466395239e+02 -8.655548286769264621e+01
-2.633995130354686580e+02 -8.650098891535832024e+01
-2.634696713242977921e+02 -8.644649489160073585e+01
-2.635398296131269262e+02 -8.639200086784313726e+01
-2.636099878305328161e+02 -8.633750684408553866e+01
-2.636801461193618934e+02 -8.628301289175121269e+01
-2.637503044081910843e+02 -8.622851886799361409e+01
-2.638204626970201616e+02 -8.617402484423601550e+01
-2.638906209858493526e+02 -8.611953089190168953e+01
-2.639607792746784298e+02 -8.606503686814409093e+01
-2.640309374920842629e+02 -8.601054284438649233e+01
-2.641010957809133401e+02 -8.595604889205215215e+01
-2.641712540697425311e+02 -8.590155486829455356e+01
-2.642414123585716652e+02 -8.584706084453696917e+01
-2.643081720426972652e+02 -8.578856583224786903e+01
-2.643732973482200919e+02 -8.572814660574140078e+01
-2.644384225823196743e+02 -8.566772737923496095e+01
-2.645035478164193137e+02 -8.560730822415176533e+01
-2.645686731219421404e+02 -8.554688899764531129e+01
-2.646337983560417229e+02 -8.548646977113884304e+01
-2.646989235901414190e+02 -8.542605054463238901e+01
-2.647640488956642457e+02 -8.536563138954919339e+01
-2.648265899645658692e+02 -8.530268785054195746e+01
-2.648854664485203330e+02 -8.523616457742782870e+01
-2.649443428610514388e+02 -8.516964130431368574e+01
-2.650032192735826015e+02 -8.510311803119958540e+01
-2.650620956861137074e+02 -8.503659475808544244e+01
-2.651209721700681712e+02 -8.497007148497131368e+01
-2.651798485825992771e+02 -8.490354821185719914e+01
-2.652387249951304398e+02 -8.483702493874305617e+01
-2.652953841437825986e+02 -8.476869837100142036e+01
-2.653485144831167304e+02 -8.469750180215011426e+01
-2.654016447510276180e+02 -8.462630523329882237e+01
-2.654547750903618066e+02 -8.455510866444750206e+01
-2.655079053582726942e+02 -8.448391209559618176e+01
-2.655610356261835818e+02 -8.441271552674487566e+01
-2.656141659655177136e+02 -8.434151895789356956e+01
-2.656672962334286581e+02 -8.427032238904227768e+01
-2.657169960418592609e+02 -8.419674885388855046e+01
-2.657649929053514484e+02 -8.412199540637556083e+01
-2.658129898402668800e+02 -8.404724195886258542e+01
-2.658609867751823685e+02 -8.397248851134961001e+01
-2.659089836386746128e+02 -8.389773506383663459e+01
-2.659569805735901014e+02 -8.382298168774693181e+01
-2.660049774370822888e+02 -8.374822824023397061e+01
-2.660513069244228177e+02 -8.367247236717847159e+01
-2.660948114787346412e+02 -8.359501826312020967e+01
-2.661383159616232206e+02 -8.351756415906197617e+01
-2.661818204445117431e+02 -8.344011005500371425e+01
-2.662253249274003224e+02 -8.336265595094546654e+01
-2.662688294102889017e+02 -8.328520184688720462e+01
-2.663123339646007253e+02 -8.320774774282894271e+01
-2.663534087708163725e+02 -8.312900630581891903e+01
-2.663930606112975283e+02 -8.304951099623313837e+01
-2.664327124517786842e+02 -8.297001561522402824e+01
-2.664723642922598401e+02 -8.289052023421497495e+01
-2.665120161327410528e+02 -8.281102492462918008e+01
-2.665516679732222087e+02 -8.273152954362011258e+01
-2.665893962422953791e+02 -8.265112208750041134e+01
-2.666258523201493063e+02 -8.257011139047355641e+01
-2.666623083980031765e+02 -8.248910062202341464e+01
-2.666987644044338026e+02 -8.240808992499658814e+01
-2.667352204822876729e+02 -8.232707922796970479e+01
-2.667705752133753094e+02 -8.224559249487298018e+01
-2.668046069713011548e+02 -8.216353380425972830e+01
-2.668386387292271706e+02 -8.208147518506972062e+01
-2.668726704871530160e+02 -8.199941656587972716e+01
-2.669062745625603839e+02 -8.191718410245958637e+01
-2.669391429783248668e+02 -8.183465258982343471e+01
-2.669720113940892929e+02 -8.175212107718726884e+01
-2.670065034035432632e+02 -8.167027172816753477e+01
-2.670426909299158638e+02 -8.158914389698395553e+01
-2.670805731161279937e+02 -8.150879015116051107e+01
-2.671184552309168225e+02 -8.142843640533705241e+01
-2.671563374171288388e+02 -8.134808265951360795e+01
-2.671942195319176676e+02 -8.126772891369017771e+01
-2.672321016467064965e+02 -8.118737516786673325e+01
-2.672699838329185695e+02 -8.110702142204328879e+01
-2.673078659477074552e+02 -8.102666767621983013e+01
-2.673457480624962272e+02 -8.094631393039638567e+01
-2.673836302487083003e+02 -8.086596018457295543e+01
-2.674215123634971860e+02 -8.078560643874951097e+01
-2.674593944782859012e+02 -8.070525276434931072e+01
-2.674972766644979743e+02 -8.062489901852588048e+01
-2.675351587792868600e+02 -8.054454527270245023e+01
-2.675730409654989330e+02 -8.046419152687900578e+01
-2.676109230802877050e+02 -8.038383778105554711e+01
-2.676488051950765907e+02 -8.030348403523208844e+01
-2.676866873812886638e+02 -8.022313028940867241e+01
-2.677245694960774358e+02 -8.014277654358522796e+01
-2.677624516108662647e+02 -8.006242279776178350e+01
-2.678003337970783377e+02 -7.998206905193832483e+01
-2.678382159118671666e+02 -7.990171530611486617e+01
-2.678760980266559955e+02 -7.982136156029145013e+01
-2.679139802128680685e+02 -7.974100788589127831e+01
-2.679518623276568974e+02 -7.966065414006781964e+01
-2.679897445138689704e+02 -7.958030039424437518e+01
-2.680276266286577993e+02 -7.949994664842093073e+01
-2.680655087434465713e+02 -7.941959290259748627e+01
-2.681033909296586444e+02 -7.933923915677405603e+01
-2.681412730444475301e+02 -7.925888541095059736e+01
-2.681791551592363021e+02 -7.917853166512715291e+01
-2.682170373454483752e+02 -7.909817791930370845e+01
-2.682549194602372609e+02 -7.901782417348026399e+01
-2.682928015750259760e+02 -7.893747042765683375e+01
-2.683306837612380491e+02 -7.885711668183337508e+01
-2.683685658760269348e+02 -7.877676300743320326e+01
-2.684064480622390079e+02 -7.869640926160975880e+01
-2.684443301770278367e+02 -7.861605551578631434e+01
-2.684822122918166656e+02 -7.853570176996288410e+01
-2.685200944780287386e+02 -7.845534802413942543e+01
-2.685579765928175675e+02 -7.837499427831598098e+01
-2.685958587076063395e+02 -7.829464053249253652e+01
-2.686337408938184126e+02 -7.821428678666909207e+01
-2.686716230086072414e+02 -7.813393304084566182e+01
-2.687095051233961271e+02 -7.805357929502221737e+01
-2.687473873096082002e+02 -7.797322554919877291e+01
-2.687852694243969722e+02 -7.789287180337531424e+01
-2.688231516106090453e+02 -7.781251812897512821e+01
-2.688610337253979310e+02 -7.773216438315168375e+01
-2.688989158401866462e+02 -7.765181063732826772e+01
-2.689360085850364044e+02 -7.757110320349008248e+01
-2.689707590752910846e+02 -7.748934634760020401e+01
-2.690055096369690091e+02 -7.740758949171033976e+01
-2.690402601272237462e+02 -7.732583263582046129e+01
-2.690750106889017275e+02 -7.724407585135385546e+01
-2.691097611791562940e+02 -7.716231899546397699e+01
-2.691445117408343322e+02 -7.708056213957409852e+01
-2.691792623025122566e+02 -7.699880528368420585e+01
-2.692140127927669369e+02 -7.691704842779432738e+01
-2.692487633544449750e+02 -7.683529164332772154e+01
-2.692835138446995984e+02 -7.675353478743784308e+01
-2.693182644063775797e+02 -7.667177793154796461e+01
-2.693530149680555610e+02 -7.659002107565808615e+01
-2.693877654583101844e+02 -7.650826429119146610e+01
-2.694225160199881657e+02 -7.642650743530158763e+01
-2.694572665102428459e+02 -7.634475057941170917e+01
-2.694920170719208272e+02 -7.626299372352184491e+01
-2.695267675621755075e+02 -7.618123693905521066e+01
-2.695615181238534319e+02 -7.609948008316534640e+01
-2.695962686855314701e+02 -7.601772322727546793e+01
-2.696310191757861503e+02 -7.593596637138558947e+01
-2.696657697374640179e+02 -7.585420958691898363e+01
-2.697005202277187550e+02 -7.577245273102910517e+01
-2.697352707893966794e+02 -7.569069587513921249e+01
-2.697700213510746607e+02 -7.560893901924933402e+01
-2.698047718413293978e+02 -7.552718223478271398e+01
-2.698395224030073223e+02 -7.544542537889283551e+01
-2.698742728932620025e+02 -7.536366852300295704e+01
-2.699090234549399838e+02 -7.528191166711307858e+01
-2.699437739451946641e+02 -7.520015488264645853e+01
-2.699785245068725885e+02 -7.511839802675658007e+01
-2.700132750685505698e+02 -7.503664117086670160e+01
-2.700480255588052501e+02 -7.495488431497683735e+01
-2.700827761204832314e+02 -7.487312753051023151e+01
-2.701175266107379116e+02 -7.479137067462035304e+01
-2.701522771724158929e+02 -7.470961381873046037e+01
-2.701870276626705731e+02 -7.462785696284058190e+01
-2.702217782243485544e+02 -7.454610017837397606e+01
-2.702565287860264789e+02 -7.446434332248409760e+01
-2.702912792762811591e+02 -7.438258646659421913e+01
-2.703260298379591404e+02 -7.430082961070434067e+01
-2.703607803282138207e+02 -7.421907282623772062e+01
-2.703955308898917451e+02 -7.413731597034784215e+01
-2.704302814515697833e+02 -7.405555911445796369e+01
-2.704650319418244635e+02 -7.397380225856808522e+01
-2.704997825035023311e+02 -7.389204547410146517e+01
-2.705345329937570114e+02 -7.381028861821158671e+01
-2.705692835554349926e+02 -7.372853176232170824e+01
-2.706040340456896729e+02 -7.364677490643184399e+01
-2.706387846073676542e+02 -7.356501812196522394e+01
-2.706735351690456355e+02 -7.348326126607535969e+01
-2.707070057543682537e+02 -7.340098309176475766e+01
-2.707392648582479069e+02 -7.331821159695384438e+01
-2.707715240335508611e+02 -7.323544003071965847e+01
-2.708037832088537016e+02 -7.315266853590874518e+01
-2.708360423127334684e+02 -7.306989696967455927e+01
-2.708683014880363658e+02 -7.298712540344037336e+01
-2.709005605919160757e+02 -7.290435390862946008e+01
-2.709328197672189731e+02 -7.282158234239527417e+01
-2.709650789425218704e+02 -7.273881084758436089e+01
-2.709973380464015804e+02 -7.265603928135018919e+01
-2.710295972217044778e+02 -7.257326771511600327e+01
-2.710618563255841877e+02 -7.249049622030507578e+01
-2.710941155008870851e+02 -7.240772465407090408e+01
-2.711263746761899824e+02 -7.232495308783671817e+01
-2.711586337800696924e+02 -7.224218159302579068e+01
-2.711908929553725898e+02 -7.215941002679161898e+01
-2.712231520592522429e+02 -7.207663853198070569e+01
-2.712554112345552539e+02 -7.199386696574650557e+01
-2.712876704098580944e+02 -7.191109539951233387e+01
-2.713199295137378613e+02 -7.182832390470142059e+01
-2.713521886890407018e+02 -7.174555233846723468e+01
-2.713844477929203549e+02 -7.166278084365632139e+01
-2.714167069682233091e+02 -7.158000927742213548e+01
-2.714489661435262633e+02 -7.149723771118794957e+01
-2.714812252474059733e+02 -7.141446621637703629e+01
-2.715134844227088706e+02 -7.133169465014285038e+01
-2.715457435980117680e+02 -7.124892315533195131e+01
-2.715780027018914211e+02 -7.116615158909776540e+01
-2.716102618771943753e+02 -7.108338002286356527e+01
-2.716425209810740284e+02 -7.100060852805266620e+01
-2.716747801563769826e+02 -7.091783696181848029e+01
-2.717070393316799368e+02 -7.083506546700755280e+01
-2.717392984355595900e+02 -7.075229390077338110e+01
-2.717715576108624873e+02 -7.066952233453919519e+01
-2.718038167147421404e+02 -7.058675083972826769e+01
-2.718360758900450946e+02 -7.050397927349409599e+01
-2.718683350653480488e+02 -7.042120777868318271e+01
-2.719005941692277020e+02 -7.033843621244899680e+01
-2.719328533445306562e+02 -7.025566464621483931e+01
-2.719651124484102525e+02 -7.017289315140389760e+01
-2.719973716237132635e+02 -7.009012158516972590e+01
-2.720296307990161040e+02 -7.000735009035879841e+01
-2.720618899028958708e+02 -6.992457852412461250e+01
-2.720941490781987682e+02 -6.984180695789044080e+01
-2.721264081820783645e+02 -6.975903546307954173e+01
-2.721586673573813755e+02 -6.967626389684534161e+01
-2.721909265326842728e+02 -6.959349233061115569e+01
-2.722231856365639828e+02 -6.951072083580025662e+01
-2.722554448118668802e+02 -6.942794926956607071e+01
-2.722877039157465333e+02 -6.934517777475515743e+01
-2.723193536363181693e+02 -6.926217722552921430e+01
-2.723495893904868694e+02 -6.917864528720200212e+01
-2.723798251446555696e+02 -6.909511334887480416e+01
-2.724100608274009687e+02 -6.901158148197087883e+01
-2.724402965815696689e+02 -6.892804954364369507e+01
-2.724705322643150680e+02 -6.884451760531651132e+01
-2.725007680184837682e+02 -6.876098566698929915e+01
-2.725310037726524683e+02 -6.867745380008537381e+01
-2.725612394553979243e+02 -6.859392186175817585e+01
-2.725914752095665676e+02 -6.851038992343097789e+01
-2.726217108923120236e+02 -6.842685805652703834e+01
-2.726519466464807238e+02 -6.834332611819984038e+01
-2.726821824006493671e+02 -6.825979417987264242e+01
-2.727124180833948230e+02 -6.817626231296870287e+01
-2.727426538375635232e+02 -6.809273037464151912e+01
-2.727728895203089792e+02 -6.800919843631433537e+01
-2.728031252744776225e+02 -6.792566656941041003e+01
-2.728333610286463227e+02 -6.784213463108321207e+01
-2.728635967113917218e+02 -6.775860269275599990e+01
-2.728938324655604220e+02 -6.767507082585207456e+01
-2.729240681483058211e+02 -6.759153888752487660e+01
-2.729543039024746349e+02 -6.750800694919767864e+01
-2.729845396566432782e+02 -6.742447501087048067e+01
-2.730147753393887342e+02 -6.734094314396655534e+01
-2.730450110935573775e+02 -6.725741120563935738e+01
-2.730752467763028335e+02 -6.717387926731217362e+01
-2.731054825304715337e+02 -6.709034740040823408e+01
-2.731357182846402338e+02 -6.700681546208103612e+01
-2.731659539673856898e+02 -6.692328352375383815e+01
-2.731961897215543331e+02 -6.683975165684991282e+01
-2.732264254042997891e+02 -6.675621971852270065e+01
-2.732566611584684324e+02 -6.667268778019550268e+01
-2.732868969126371326e+02 -6.658915591329159156e+01
-2.733171325953825317e+02 -6.650562397496439360e+01
-2.733473683495512887e+02 -6.642209203663719563e+01
-2.733776040322966310e+02 -6.633856016973325609e+01
-2.734078397864653880e+02 -6.625502823140607234e+01
-2.734380755406340313e+02 -6.617149629307887437e+01
-2.734683112233794873e+02 -6.608796442617493483e+01
-2.734985469775481874e+02 -6.600443248784773687e+01
-2.735287826602935866e+02 -6.592090054952053890e+01
-2.735590184144623436e+02 -6.583736861119334094e+01
-2.735892541686309869e+02 -6.575383674428941561e+01
-2.736194898513764429e+02 -6.567030480596221764e+01
-2.736497256055450862e+02 -6.558677286763501968e+01
-2.736799612882905990e+02 -6.550324100073109435e+01
-2.737101970424592423e+02 -6.541970906240391059e+01
-2.737404327966279993e+02 -6.533617712407669842e+01
-2.737706085552529771e+02 -6.525262418730920899e+01
-2.737991715765249410e+02 -6.516850564969590209e+01
-2.738277346692202059e+02 -6.508438711208259519e+01
-2.738562976904921129e+02 -6.500026850304602988e+01
-2.738848607831873778e+02 -6.491614996543270877e+01
-2.739134238044593985e+02 -6.483203142781941608e+01
-2.739419868971546066e+02 -6.474791281878283655e+01
-2.739705499184265705e+02 -6.466379428116954386e+01
-2.739991129396985343e+02 -6.457967574355622276e+01
-2.740276760323937992e+02 -6.449555720594291586e+01
-2.740562390536658768e+02 -6.441143859690635054e+01
-2.740848021463610849e+02 -6.432732005929304364e+01
-2.741133651676330487e+02 -6.424320152167972253e+01
-2.741419282603283136e+02 -6.415908291264315721e+01
-2.741704912816003343e+02 -6.407496437502985032e+01
-2.741990543742955424e+02 -6.399084583741655763e+01
-2.742276173955675063e+02 -6.390672722837997810e+01
-2.742561804168394701e+02 -6.382260869076667831e+01
-2.742847435095347350e+02 -6.373849015315337141e+01
-2.743133065308067557e+02 -6.365437154411678478e+01
-2.743418696235019638e+02 -6.357025300650349209e+01
-2.743704326447739277e+02 -6.348613446889017808e+01
-2.743989957374691926e+02 -6.340201585985361277e+01
-2.744275587587412133e+02 -6.331789732224029876e+01
-2.744561217800132340e+02 -6.323377878462699186e+01
-2.744846848727084421e+02 -6.314966017559042655e+01
-2.745132478939804059e+02 -6.306554163797711254e+01
-2.745418109866756708e+02 -6.298142310036379854e+01
-2.745703740079476347e+02 -6.289730456275050585e+01
-2.745989371006428996e+02 -6.281318595371392632e+01
-2.746275001219148635e+02 -6.272906741610062653e+01
-2.746560631431868273e+02 -6.264494887848731253e+01
-2.746846262358820923e+02 -6.256083026945074721e+01
-2.747131892571540561e+02 -6.247671173183744031e+01
-2.747417523498493210e+02 -6.239259319422412631e+01
-2.747703153711212849e+02 -6.230847458518756099e+01
-2.747988784638164930e+02 -6.222435604757424699e+01
-2.748274414850885137e+02 -6.214023750996094009e+01
-2.748560045063605912e+02 -6.205611890092436767e+01
-2.748845675990557993e+02 -6.197200036331106077e+01
-2.749131306203277632e+02 -6.188788182569776097e+01
-2.749416937130229712e+02 -6.180376321666118145e+01
-2.749702567342949351e+02 -6.171964467904788876e+01
-2.749988198269902000e+02 -6.163552614143457475e+01
-2.750273828482622207e+02 -6.155140760382126075e+01
-2.750557196006265599e+02 -6.146721428604815429e+01
-2.750828790118692382e+02 -6.138263206859002707e+01
-2.751100384231119165e+02 -6.129804985113190696e+01
-2.751371978343545948e+02 -6.121346770509705237e+01
-2.751643572455972730e+02 -6.112888548763895358e+01
-2.751915166568400082e+02 -6.104430334160409899e+01
-2.752186760680826296e+02 -6.095972112414597888e+01
-2.752458354793253648e+02 -6.087513890668787297e+01
-2.752729948905679862e+02 -6.079055676065301839e+01
-2.753001543018107213e+02 -6.070597454319489827e+01
-2.753273136416300986e+02 -6.062139239716005079e+01
-2.753544730528727769e+02 -6.053681017970192357e+01
-2.753816324641155120e+02 -6.045222796224381767e+01
-2.754087918753581334e+02 -6.036764581620896308e+01
-2.754359512866008686e+02 -6.028306359875084297e+01
-2.754631106978435469e+02 -6.019848145271598838e+01
-2.754902701090862251e+02 -6.011389923525788248e+01
-2.755174295203289034e+02 -6.002931701779976947e+01
-2.755445889315715817e+02 -5.994473487176490778e+01
-2.755717483428142600e+02 -5.986015265430679477e+01
-2.755989077540569383e+02 -5.977557050827193308e+01
-2.756260671652996734e+02 -5.969098829081383428e+01
-2.756532265765422949e+02 -5.960640607335570706e+01
-2.756803859877850300e+02 -5.952182392732085958e+01
-2.757075453990277083e+02 -5.943724170986275368e+01
-2.757347048102703866e+02 -5.935265956382789909e+01
-2.757618641500897638e+02 -5.926807734636977898e+01
-2.757890235613324990e+02 -5.918349512891165176e+01
-2.758161829725751204e+02 -5.909891298287680428e+01
-2.758433423838178555e+02 -5.901433076541869838e+01
-2.758705017950605338e+02 -5.892974861938384379e+01
-2.758976612063032121e+02 -5.884516640192572368e+01
-2.759248206175458904e+02 -5.876058418446761777e+01
-2.759519800287885687e+02 -5.867600203843276319e+01
-2.759791394400311901e+02 -5.859141982097465018e+01
-2.760062988512738684e+02 -5.850683767493978849e+01
-2.760334582625166036e+02 -5.842225545748167548e+01
-2.760606176737592250e+02 -5.833767324002356247e+01
-2.760877770850019601e+02 -5.825309109398871499e+01
-2.761149364962446384e+02 -5.816850887653058777e+01
-2.761419339909426185e+02 -5.808387594855339842e+01
-2.761679006336381121e+02 -5.799892004456601313e+01
-2.761938673477569068e+02 -5.791396406915536232e+01
-2.762198340618755878e+02 -5.782900816516796283e+01
-2.762458007045711383e+02 -5.774405218975731202e+01
-2.762717674186899330e+02 -5.765909628576991963e+01
-2.762977341328086709e+02 -5.757414038178253435e+01
-2.763237007755041645e+02 -5.748918440637186933e+01
-2.763496674896229592e+02 -5.740422850238447694e+01
-2.763756341323184529e+02 -5.731927252697383324e+01
-2.764016008464371907e+02 -5.723431662298644085e+01
-2.764275675605559854e+02 -5.714936064757577583e+01
-2.764535342032514791e+02 -5.706440474358838344e+01
-2.764795009173702169e+02 -5.697944876817772553e+01
-2.765054676314890116e+02 -5.689449286419033314e+01
-2.765314342741845053e+02 -5.680953688877968943e+01
-2.765574009883032431e+02 -5.672458098479229704e+01
-2.765833676309987368e+02 -5.663962500938163913e+01
-2.766093343451175315e+02 -5.655466910539424674e+01
-2.766353010592362693e+02 -5.646971312998358172e+01
-2.766612677019317061e+02 -5.638475722599618933e+01
-2.766872344160505577e+02 -5.629980132200880405e+01
-2.767132011301692955e+02 -5.621484534659815324e+01
-2.767391677728647892e+02 -5.612988944261076796e+01
-2.767651344869835839e+02 -5.604493346720010294e+01
-2.767911011296790775e+02 -5.595997756321271055e+01
-2.768170678437978154e+02 -5.587502158780205264e+01
-2.768430345579166101e+02 -5.579006568381466025e+01
-2.768690012006121037e+02 -5.570510970840401654e+01
-2.768949679147308416e+02 -5.562015380441662415e+01
-2.769209346288496363e+02 -5.553519782900595914e+01
-2.769469012715451299e+02 -5.545024192501857385e+01
-2.769728679856638678e+02 -5.536528594960790883e+01
-2.769988346283593614e+02 -5.528033004562051644e+01
-2.770243632321626706e+02 -5.519524307993947332e+01
-2.770493067365683828e+02 -5.510998112725599896e+01
-2.770742502409741519e+02 -5.502471917457252459e+01
-2.770991937453800347e+02 -5.493945722188903602e+01
-2.771241372497857469e+02 -5.485419526920555455e+01
-2.771490807541915160e+02 -5.476893324509880756e+01
-2.771740242585972851e+02 -5.468367129241534030e+01
-2.771989677630030542e+02 -5.459840933973183752e+01
-2.772239112674087664e+02 -5.451314738704837026e+01
-2.772488547718145924e+02 -5.442788543436489590e+01
-2.772737982762203615e+02 -5.434262348168141443e+01
-2.772987417092028295e+02 -5.425736152899792586e+01
-2.773236852136085986e+02 -5.417209957631445150e+01
-2.773486287180143677e+02 -5.408683762363097003e+01
-2.773735722224201936e+02 -5.400157559952423014e+01
-2.773985157268259627e+02 -5.391631364684074157e+01
-2.774234592312317318e+02 -5.383105169415726010e+01
-2.774484027356375009e+02 -5.374578974147378574e+01
-2.774733462400432131e+02 -5.366052778879031138e+01
-2.774982897444490391e+02 -5.357526583610681570e+01
-2.775232332488548082e+02 -5.349000388342334134e+01
-2.775481767532605772e+02 -5.340474193073987408e+01
-2.775731202576662895e+02 -5.331947997805638551e+01
-2.775980637620721154e+02 -5.323421795394963141e+01
-2.776230072664778845e+02 -5.314895600126615705e+01
-2.776479506994603526e+02 -5.306369404858268268e+01
-2.776724414517810828e+02 -5.297830217697779176e+01
-2.776965050929692893e+02 -5.289278774304795405e+01
-2.777205686627343084e+02 -5.280727323769485082e+01
-2.777446323039225717e+02 -5.272175880376500601e+01
-2.777686959451107782e+02 -5.263624436983516119e+01
-2.777927595862989847e+02 -5.255072986448205086e+01
-2.778168231560640038e+02 -5.246521543055219894e+01
-2.778408867972522103e+02 -5.237970099662236123e+01
-2.778649504384404736e+02 -5.229418649126924379e+01
-2.778890140796287369e+02 -5.220867205733939898e+01
-2.779130776493936992e+02 -5.212315762340955416e+01
-2.779371412905819057e+02 -5.203764318947970935e+01
-2.779612049317701690e+02 -5.195212868412659191e+01
-2.779852685729583754e+02 -5.186661425019674709e+01
-2.780093321427233946e+02 -5.178109981626690228e+01
-2.780333957839116010e+02 -5.169558531091379905e+01
-2.780574594250998075e+02 -5.161007087698396134e+01
-2.780809029694900687e+02 -5.152438467009866230e+01
-2.781042593060721515e+02 -5.143867439357261873e+01
-2.781276157140775354e+02 -5.135296404562331674e+01
-2.781509720506596182e+02 -5.126725369767400764e+01
-2.781743283872416441e+02 -5.118154334972471986e+01
