-2.574773918434325424e+02 -8.349751886225894282e+01
-2.573408874826129704e+02 -8.349387363301686094e+01
-2.572043831217934553e+02 -8.349022833235152063e+01
-2.570678787609738265e+02 -8.348658303168618033e+01
-2.569313744001542545e+02 -8.348293780244409845e+01
-2.567948700393347394e+02 -8.347929250177875815e+01
-2.566583656785151106e+02 -8.347564720111341785e+01
-2.565218613176955955e+02 -8.347200197187133597e+01
-2.563853569568760236e+02 -8.346835667120599567e+01
-2.562488526674796958e+02 -8.346471137054064116e+01
-2.561123483066601239e+02 -8.346106614129857348e+01
-2.559758405889470794e+02 -8.345758232863833825e+01
-2.558393013735735337e+02 -8.345564097283705962e+01
-2.557027621581999881e+02 -8.345369968845906783e+01
-2.555662229428264709e+02 -8.345175840408107604e+01
-2.554296837274529537e+02 -8.344981711970308424e+01
-2.552931445120794081e+02 -8.344787576390181982e+01
-2.551566052967059477e+02 -8.344593447952381382e+01
-2.550200660813324021e+02 -8.344399319514582203e+01
-2.548835268659588849e+02 -8.344205183934455761e+01
-2.547469876505853676e+02 -8.344011055496656581e+01
-2.546104484352118220e+02 -8.343816927058857402e+01
-2.544739092198383048e+02 -8.343622791478732381e+01
-2.543373700044647592e+02 -8.343428663040933202e+01
-2.542008307890912420e+02 -8.343234534603132602e+01
-2.540642915737177816e+02 -8.343040399023006159e+01
-2.539277523583442360e+02 -8.342846270585206980e+01
-2.537912131429707188e+02 -8.342652142147407801e+01
-2.536546739275971731e+02 -8.342458013709608622e+01
-2.535181347122236559e+02 -8.342263878129483601e+01
-2.533815954968501387e+02 -8.342069749691684422e+01
-2.532450562814765931e+02 -8.341875621253883821e+01
-2.531085170661030759e+02 -8.341681485673757379e+01
-2.529719778507295302e+02 -8.341487357235958200e+01
-2.528354386353560699e+02 -8.341293228798159021e+01
-2.526988994199825527e+02 -8.341099093218032579e+01
-2.525623602046090070e+02 -8.340904964780233399e+01
-2.524258209892354898e+02 -8.340710836342432799e+01
-2.522892817738619726e+02 -8.340516700762306357e+01
-2.521527425584884270e+02 -8.340322572324507178e+01
-2.520162033431149098e+02 -8.340128443886707998e+01
-2.518796641277413642e+02 -8.339934315448910240e+01
-2.517431248409446312e+02 -8.339740179868783798e+01
-2.516065856255711140e+02 -8.339546051430986040e+01
-2.514700464101975683e+02 -8.339351922993185440e+01
-2.513335021237721492e+02 -8.339236552991131646e+01
-2.511969492665547818e+02 -8.339254723070078512e+01
-2.510603963379141419e+02 -8.339272886006699537e+01
-2.509238434806966893e+02 -8.339291056085644982e+01
-2.507872905520560209e+02 -8.339309219022266007e+01
-2.506507376948386536e+02 -8.339327389101211452e+01
-2.505141847661980137e+02 -8.339345559180158318e+01
-2.503776318375573453e+02 -8.339363722116776501e+01
-2.502410789803399780e+02 -8.339381892195723367e+01
-2.501045260516993096e+02 -8.339400055132342970e+01
-2.499679731944819423e+02 -8.339418225211289837e+01
-2.498314202658413024e+02 -8.339436395290235282e+01
-2.496948674086239066e+02 -8.339454558226854886e+01
-2.495583144799832667e+02 -8.339472728305800331e+01
-2.494217616227658709e+02 -8.339490898384748618e+01
-2.492852086941252310e+02 -8.339509061321366801e+01
-2.491486557654845910e+02 -8.339527231400313667e+01
-2.490121029082671953e+02 -8.339545394336934692e+01
-2.488755499796265553e+02 -8.339563564415881558e+01
-2.487389971224091596e+02 -8.339581734494827003e+01
-2.486024441937685197e+02 -8.339599897431446607e+01
-2.484658913365511239e+02 -8.339618067510393473e+01
-2.483293384079104840e+02 -8.339636230447011656e+01
-2.481927855506931166e+02 -8.339654400525958522e+01
-2.480562326220524483e+02 -8.339672570604903967e+01
-2.479196796934118083e+02 -8.339690733541524992e+01
-2.477831268361944126e+02 -8.339708903620470437e+01
-2.476465739075537726e+02 -8.339727073699417303e+01
-2.475100210503363485e+02 -8.339745236636038328e+01
-2.473734681216956517e+02 -8.339763406714985194e+01
-2.472369152644782844e+02 -8.339781569651603377e+01
-2.471003623358376444e+02 -8.339799739730550243e+01
-2.469638094786202771e+02 -8.339817909809497110e+01
-2.468272565499796372e+02 -8.339836072746115292e+01
-2.466907036213389404e+02 -8.339854242825060737e+01
-2.465541507641215730e+02 -8.339872405761681762e+01
-2.464175978354809331e+02 -8.339890575840628628e+01
-2.462810449782635658e+02 -8.339908745919574073e+01
-2.461444920496229258e+02 -8.339926908856193677e+01
-2.460079391924055017e+02 -8.339945078935140543e+01
-2.458713862637648617e+02 -8.339963249014088831e+01
-2.457348334065474944e+02 -8.339981411950707013e+01
-2.455982804779068545e+02 -8.339999582029653880e+01
-2.454617275492661861e+02 -8.340017744966273483e+01
-2.453251746920487903e+02 -8.340035915045218928e+01
-2.451886217634081504e+02 -8.340054085124164374e+01
-2.450520689061907831e+02 -8.340072248060783977e+01
-2.449155159775501431e+02 -8.340090418139730843e+01
-2.447789631203327474e+02 -8.340108581076350447e+01
-2.446424101916920790e+02 -8.340126751155297313e+01
-2.445058573344747117e+02 -8.340144921234244180e+01
-2.443693044058340718e+02 -8.340163084170865204e+01
-2.442327514771934318e+02 -8.340181254249810650e+01
-2.440962192612999786e+02 -8.340398473829601755e+01
-2.439596920450351831e+02 -8.340663854117865128e+01
-2.438231648287704161e+02 -8.340929241548448658e+01
-2.436866376125055922e+02 -8.341194628979035031e+01
-2.435501103962408820e+02 -8.341460009267292719e+01
-2.434135831799760581e+02 -8.341725396697876249e+01
-2.432770558922880184e+02 -8.341990776986136780e+01
-2.431405286760232229e+02 -8.342256164416723152e+01
-2.430040014597583991e+02 -8.342521544704982261e+01
-2.428674742434936320e+02 -8.342786932135567213e+01
-2.427309470272288365e+02 -8.343052312423823480e+01
-2.425944198109640695e+02 -8.343317699854411273e+01
-2.424578925232759730e+02 -8.343583087284996225e+01
-2.423213653070112628e+02 -8.343848467573256755e+01
-2.421848380907464389e+02 -8.344113855003840285e+01
-2.420483108744816718e+02 -8.344379235292099395e+01
-2.419117836582168763e+02 -8.344644622722684346e+01
-2.417752564419521093e+02 -8.344910003010943456e+01
-2.416387292256873138e+02 -8.345175390441531249e+01
-2.415022019379993026e+02 -8.345440770729787516e+01
-2.413656747217344787e+02 -8.345706158160373889e+01
-2.412291475054697401e+02 -8.345971538448632998e+01
-2.410926202892049162e+02 -8.346236925879219370e+01
-2.409560930729401491e+02 -8.346502313309802901e+01
-2.408195658566753536e+02 -8.346767693598062010e+01
-2.406830386404105866e+02 -8.347033081028648382e+01
-2.405465113527224901e+02 -8.347298461316906071e+01
-2.404099841364577799e+02 -8.347563848747491022e+01
-2.402734569201929560e+02 -8.347829229035751553e+01
-2.401369297039281889e+02 -8.348094616466337925e+01
-2.400004024876633935e+02 -8.348359996754595613e+01
-2.398638752713985696e+02 -8.348625384185180565e+01
-2.397273479837105299e+02 -8.348890764473439674e+01
-2.395908207674457913e+02 -8.349156151904024625e+01
-2.394542935511809674e+02 -8.349421539334612419e+01
-2.393177663349161435e+02 -8.349686919622870107e+01
-2.391812391186514333e+02 -8.349952307053455058e+01
-2.390447119023866094e+02 -8.350217687341712747e+01
-2.389081846861218708e+02 -8.350483074772300540e+01
-2.387716573984337742e+02 -8.350748455060559650e+01
-2.386351301821690072e+02 -8.351013842491144601e+01
-2.384986029659042117e+02 -8.351279222779402289e+01
-2.383620757496394447e+02 -8.351544610209987241e+01
-2.382255485333746492e+02 -8.351809997640573613e+01
-2.380890213171099106e+02 -8.352075377928832722e+01
-2.379524940294218140e+02 -8.352340765359419095e+01
-2.378159668131570470e+02 -8.352606145647676783e+01
-2.376794395968922515e+02 -8.352871533078261734e+01
-2.375429123806274845e+02 -8.353136913366522265e+01
-2.374063851643626606e+02 -8.353402300797105795e+01
-2.372698579480979504e+02 -8.353667681085366326e+01
-2.371333307318331265e+02 -8.353933068515951277e+01
-2.369968034441450868e+02 -8.354198448804208965e+01
-2.368602762278802913e+02 -8.354463836234793916e+01
-2.367237490116155243e+02 -8.354729223665380289e+01
-2.365872217953507004e+02 -8.354994603953640819e+01
-2.364506945790859618e+02 -8.355259991384225771e+01
-2.363141673628211379e+02 -8.355525371672484880e+01
-2.361776400751331266e+02 -8.355790759103068410e+01
-2.360411128588683312e+02 -8.356056139391328941e+01
-2.359045856426035073e+02 -8.356321526821913892e+01
-2.357680584263387686e+02 -8.356586907110173001e+01
-2.356315312100739447e+02 -8.356852294540757953e+01
-2.354950039938091777e+02 -8.357117681971342904e+01
-2.353584767775443822e+02 -8.357383062259602013e+01
-2.352219494898563710e+02 -8.357648449690188386e+01
-2.350854222735915471e+02 -8.357913829978448916e+01
-2.349488950573268085e+02 -8.358179217409032447e+01
-2.348123985530664868e+02 -8.358547004376509904e+01
-2.346759579018005013e+02 -8.359100863237350154e+01
-2.345395172505344306e+02 -8.359654714955860300e+01
-2.344030765992684167e+02 -8.360208573816699129e+01
-2.342666359480023743e+02 -8.360762432677536538e+01
-2.341301952967363604e+02 -8.361316291538376788e+01
-2.339937546454703465e+02 -8.361870150399215618e+01
-2.338573139942042758e+02 -8.362424009260053026e+01
-2.337208733429382903e+02 -8.362977868120891856e+01
-2.335844326916722196e+02 -8.363531726981730685e+01
-2.334479921118294783e+02 -8.364085585842569515e+01
-2.333115514605634360e+02 -8.364639444703408344e+01
-2.331751108092974221e+02 -8.365193296421919911e+01
-2.330386701580313513e+02 -8.365747155282760161e+01
-2.329022295067653374e+02 -8.366301014143598991e+01
-2.327657888554993519e+02 -8.366854873004437820e+01
-2.326293482042332812e+02 -8.367408731865275229e+01
-2.324929075529672673e+02 -8.367962590726115479e+01
-2.323564669017012250e+02 -8.368516449586954309e+01
-2.322200262504352111e+02 -8.369070308447791717e+01
-2.320835855991691403e+02 -8.369624167308630547e+01
-2.319471449479031264e+02 -8.370178019027142113e+01
-2.318107042966370841e+02 -8.370731877887980943e+01
-2.316742636453710702e+02 -8.371285736748818351e+01
-2.315378229941050563e+02 -8.371839595609657181e+01
-2.314013823428390140e+02 -8.372393454470496010e+01
-2.312649416915730001e+02 -8.372947313331334840e+01
-2.311285010403069293e+02 -8.373501172192173669e+01
-2.309920603890409154e+02 -8.374055031053011078e+01
-2.308556197377748731e+02 -8.374608889913849907e+01
-2.307191790865088592e+02 -8.375162741632362895e+01
-2.305827384352428737e+02 -8.375716600493201724e+01
-2.304462977839768030e+02 -8.376270459354040554e+01
-2.303098571327108175e+02 -8.376824318214880805e+01
-2.301734164814447468e+02 -8.377378177075719634e+01
-2.300369758301787328e+02 -8.377932035936557043e+01
-2.299005351789126905e+02 -8.378485894797395872e+01
-2.297640945276466766e+02 -8.379039753658233280e+01
-2.296276538763806059e+02 -8.379593612519073531e+01
-2.294912132251146204e+02 -8.380147471379912361e+01
-2.293547725738486065e+02 -8.380701323098422506e+01
-2.292183319225825358e+02 -8.381255181959261336e+01
-2.290818912713165219e+02 -8.381809040820100165e+01
-2.289454506200504795e+02 -8.382362899680938995e+01
-2.288090100402077383e+02 -8.382916758541776403e+01
-2.286725693889416675e+02 -8.383470617402615233e+01
-2.285361287376756820e+02 -8.384024476263455483e+01
-2.283996880864096113e+02 -8.384578335124294313e+01
-2.282632474351435974e+02 -8.385132193985133142e+01
-2.281268067838776119e+02 -8.385686045703646130e+01
-2.279903661326115412e+02 -8.386239904564484959e+01
-2.278539254813455273e+02 -8.386793763425322368e+01
-2.277174848300794565e+02 -8.387347622286161197e+01
-2.275810441788134710e+02 -8.387901481146998606e+01
-2.274446035275474003e+02 -8.388455340007838856e+01
-2.273081628762813864e+02 -8.389009198868677686e+01
-2.271717222250153441e+02 -8.389563057729515094e+01
-2.270352815737493302e+02 -8.390116916590353924e+01
-2.268988409224833163e+02 -8.390670768308865490e+01
-2.267624002712172455e+02 -8.391224627169704320e+01
-2.266259596199512600e+02 -8.391778486030541728e+01
-2.264895189686851893e+02 -8.392332344891380558e+01
-2.263530783174191754e+02 -8.392886203752219387e+01
-2.262166376661531331e+02 -8.393440062613058217e+01
-2.260801970148871192e+02 -8.393993921473897046e+01
-2.259437563636210484e+02 -8.394547780334735876e+01
-2.258073157123550345e+02 -8.395101639195574705e+01
-2.256708750610890490e+02 -8.395655490914087693e+01
-2.255344344098229783e+02 -8.396209349774926523e+01
-2.253979937585569644e+02 -8.396763208635765352e+01
-2.252615531072909221e+02 -8.397317067496604182e+01
-2.251251124560249082e+02 -8.397870926357443011e+01
-2.249886718047588374e+02 -8.398424785218280419e+01
-2.248522311534928235e+02 -8.398978644079119249e+01
-2.247157905022268665e+02 -8.399532502939956657e+01
-2.245793498509607673e+02 -8.400086361800796908e+01
-2.244429091996947818e+02 -8.400640220661635738e+01
-2.243064685484287395e+02 -8.401194072380145883e+01
-2.241700278971627256e+02 -8.401747931240984713e+01
-2.240335873173198991e+02 -8.402301790101823542e+01
-2.238971466660539420e+02 -8.402855648962662372e+01
-2.237607060147878428e+02 -8.403409507823499780e+01
-2.236244371364772974e+02 -8.404287092638838885e+01
-2.234881767575353706e+02 -8.405180583415580031e+01
-2.233519163785935291e+02 -8.406074067049995335e+01
-2.232156559996516023e+02 -8.406967557826736481e+01
-2.230793955492864598e+02 -8.407861041461151785e+01
-2.229431351703445614e+02 -8.408754532237892931e+01
-2.228068747914026915e+02 -8.409648015872306814e+01
-2.226706144124607931e+02 -8.410541506649049381e+01
-2.225343540335188663e+02 -8.411434990283464685e+01
-2.223980935831537238e+02 -8.412328473917877147e+01
-2.222618332042118254e+02 -8.413221964694619714e+01
-2.221255728252699555e+02 -8.414115448329033597e+01
-2.219893124463280287e+02 -8.415008939105776165e+01
-2.218530520673861588e+02 -8.415902422740190048e+01
-2.217167916170209878e+02 -8.416795913516932615e+01
-2.215805312380791463e+02 -8.417689397151346498e+01
-2.214442708591372195e+02 -8.418582887928089065e+01
-2.213080104801952928e+02 -8.419476371562504369e+01
-2.211717501012534228e+02 -8.420369862339245515e+01
-2.210354896508882518e+02 -8.421263345973660819e+01
-2.208992292719463819e+02 -8.422156829608076123e+01
-2.207629688930044551e+02 -8.423050320384817269e+01
-2.206267085140626136e+02 -8.423943804019232573e+01
-2.204904481351206869e+02 -8.424837294795972298e+01
-2.203541876847555727e+02 -8.425730778430389023e+01
-2.202179273058136459e+02 -8.426624269207128748e+01
-2.200816669268717760e+02 -8.427517752841544052e+01
-2.199454065479298492e+02 -8.428411243618285198e+01
-2.198091461689879509e+02 -8.429304727252700502e+01
-2.196728857186228367e+02 -8.430198218029441648e+01
-2.195366253396808816e+02 -8.431091701663856952e+01
-2.194003649607390400e+02 -8.431985192440598098e+01
-2.192641045817971133e+02 -8.432878676075013402e+01
-2.191278442028552718e+02 -8.433772159709428706e+01
-2.189915837524900439e+02 -8.434665650486169852e+01
-2.188553233735482024e+02 -8.435559134120583735e+01
-2.187190629946063041e+02 -8.436452624897324881e+01
-2.185828026156643773e+02 -8.437346108531740185e+01
-2.184465422367225358e+02 -8.438239599308481331e+01
-2.183102817863573080e+02 -8.439133082942896635e+01
-2.181740214074154665e+02 -8.440026573719637781e+01
-2.180377610284735397e+02 -8.440920057354053085e+01
-2.179015006495316982e+02 -8.441813548130794231e+01
-2.177652402705897714e+02 -8.442707031765209535e+01
-2.176289798202246288e+02 -8.443600522541950681e+01
-2.174927194412827305e+02 -8.444494006176365986e+01
-2.173564590623408606e+02 -8.445387489810781290e+01
-2.172201986833989622e+02 -8.446280980587522436e+01
-2.170839383044570354e+02 -8.447174464221936319e+01
-2.169476778540918929e+02 -8.448067954998677465e+01
-2.168114174751499945e+02 -8.448961438633092769e+01
-2.166751570962081246e+02 -8.449854929409833915e+01
-2.165388967172661978e+02 -8.450748413044249219e+01
-2.164026363383243279e+02 -8.451641903820990365e+01
-2.162663758879591569e+02 -8.452535387455405669e+01
-2.161301155090173154e+02 -8.453428878232148236e+01
-2.159938551300753886e+02 -8.454322361866562119e+01
-2.158575947511334618e+02 -8.455215845500977423e+01
-2.157213343721915919e+02 -8.456109336277718569e+01
-2.155850739218264209e+02 -8.457002819912133873e+01
-2.154488135428845510e+02 -8.457896310688875019e+01
-2.153125531639426242e+02 -8.458789794323288902e+01
-2.151762927850007827e+02 -8.459683285100030048e+01
-2.150400324060588559e+02 -8.460576768734445352e+01
-2.149037719556937418e+02 -8.461470259511187919e+01
-2.147675115767518150e+02 -8.462363743145601802e+01
-2.146312511978099451e+02 -8.463257233922344369e+01
-2.144949908188680183e+02 -8.464150717556758252e+01
-2.143587304399261200e+02 -8.465044208333500819e+01
-2.142224699895610058e+02 -8.465937691967914702e+01
-2.140862096106190506e+02 -8.466831175602330006e+01
-2.139499492316772091e+02 -8.467724666379072573e+01
-2.138136888527352824e+02 -8.468618150013486456e+01
-2.136774284737934408e+02 -8.469511640790229023e+01
-2.135411680234282414e+02 -8.470405124424641485e+01
-2.134049076444863715e+02 -8.471298615201384052e+01
-2.132686472655444732e+02 -8.472192098835797935e+01
-2.131323868866025464e+02 -8.473085589612540502e+01
-2.129961265076607049e+02 -8.473979073246954385e+01
-2.128598660572954770e+02 -8.474872564023696953e+01
-2.127236056783536355e+02 -8.475766047658112257e+01
-2.125873452994117088e+02 -8.476659538434853403e+01
-2.124510849204698673e+02 -8.477553022069268707e+01
-2.123148245415279405e+02 -8.478446505703682590e+01
-2.121785640911627979e+02 -8.479339996480425157e+01
-2.120423037122208996e+02 -8.480233480114839040e+01
-2.119060433332789728e+02 -8.481126970891580186e+01
-2.117697829543371313e+02 -8.482020454525994069e+01
-2.116335225753952045e+02 -8.482913945302736636e+01
-2.114972621250300620e+02 -8.483807428937151940e+01
-2.113610017460881636e+02 -8.484700919713891665e+01
-2.112249037836538434e+02 -8.485796152648620705e+01
-2.110889690233830436e+02 -8.487094113382410399e+01
-2.109530343345354026e+02 -8.488392081258528776e+01
-2.108170995742646028e+02 -8.489690049134644312e+01
-2.106811648139937745e+02 -8.490988009868434006e+01
-2.105452300537228894e+02 -8.492285977744552383e+01
-2.104092952934520611e+02 -8.493583938478342077e+01
-2.102733606046045338e+02 -8.494881906354459034e+01
-2.101374258443337055e+02 -8.496179867088248727e+01
-2.100014910840628204e+02 -8.497477834964367105e+01
-2.098655563237919921e+02 -8.498775795698155378e+01
-2.097296215635211638e+02 -8.500073763574270913e+01
-2.095936868032503071e+02 -8.501371724308063449e+01
-2.094577521144027514e+02 -8.502669692184178984e+01
-2.093218173541319231e+02 -8.503967660060294520e+01
-2.091858825938611233e+02 -8.505265620794085635e+01
-2.090499478335902097e+02 -8.506563588670202591e+01
-2.089140130733194098e+02 -8.507861549403992285e+01
-2.087780783844718542e+02 -8.509159517280109242e+01
-2.086421436242009690e+02 -8.510457478013901778e+01
-2.085062088639301692e+02 -8.511755445890017313e+01
-2.083702741036593125e+02 -8.513053406623805586e+01
-2.082343393433885126e+02 -8.514351374499923963e+01
-2.080984046545409001e+02 -8.515649335233713657e+01
-2.079624698942700718e+02 -8.516947303109829193e+01
-2.078265351339992719e+02 -8.518245270985946149e+01
-2.076906003737283584e+02 -8.519543231719737264e+01
-2.075546656134575585e+02 -8.520841199595852800e+01
-2.074187308531867586e+02 -8.522139160329642493e+01
-2.072827961643391177e+02 -8.523437128205759450e+01
-2.071468614040683178e+02 -8.524735088939550565e+01
-2.070109266437974895e+02 -8.526033056815667521e+01
-2.068749918835266612e+02 -8.527331017549458636e+01
-2.067390571232557761e+02 -8.528628985425575593e+01
-2.066031224344082204e+02 -8.529926946159363865e+01
-2.064671876741374206e+02 -8.531224914035480822e+01
-2.063312529138665354e+02 -8.532522881911597779e+01
-2.061953181535957071e+02 -8.533820842645387472e+01
-2.060593833933248789e+02 -8.535118810521504429e+01
-2.059234487044772663e+02 -8.536416771255294123e+01
-2.057875139442064665e+02 -8.537714739131412500e+01
-2.056515791839356382e+02 -8.539012699865200773e+01
-2.055156444236648099e+02 -8.540310667741316308e+01
-2.053797096633939248e+02 -8.541608628475108844e+01
-2.052437749031231249e+02 -8.542906596351225801e+01
-2.051078402142755692e+02 -8.544204557085015495e+01
-2.049719054540046841e+02 -8.545502524961132451e+01
-2.048359706937338558e+02 -8.546800492837249408e+01
-2.047000359334630275e+02 -8.548098453571039101e+01
-2.045641011731922276e+02 -8.549396421447154637e+01
-2.044281664843446151e+02 -8.550694382180947173e+01
-2.042922317240737868e+02 -8.551992350057062708e+01
-2.041562969638029870e+02 -8.553290310790850981e+01
-2.040203622035320734e+02 -8.554588278666969359e+01
-2.038844274432612735e+02 -8.555886239400759052e+01
-2.037484927544137179e+02 -8.557184207276874588e+01
-2.036125579941428896e+02 -8.558482168010665703e+01
-2.034766232338720329e+02 -8.559780135886782659e+01
-2.033406884736011762e+02 -8.561078103762901037e+01
-2.032047537133303763e+02 -8.562376064496689310e+01
-2.030688189530594912e+02 -8.563674032372806266e+01
-2.029328842642119355e+02 -8.564971993106597381e+01
-2.027969495039411356e+02 -8.566269960982712917e+01
-2.026610147436703073e+02 -8.567567921716504031e+01
-2.025250799833994222e+02 -8.568865889592620988e+01
-2.023891452231285939e+02 -8.570163850326409261e+01
-2.022532105342810382e+02 -8.571461818202526217e+01
-2.021172757740101815e+02 -8.572759778936317332e+01
-2.019813410137393532e+02 -8.574057746812432868e+01
-2.018454062534685249e+02 -8.575355714688549824e+01
-2.017094714931976966e+02 -8.576653675422339518e+01
-2.015735368043500841e+02 -8.577951643298459317e+01
-2.014376020440792843e+02 -8.579249604032247589e+01
-2.013016672838084560e+02 -8.580547571908363125e+01
-2.011657325235375708e+02 -8.581845532642155661e+01
-2.010297977632667425e+02 -8.583143500518271196e+01
-2.008938630029959427e+02 -8.584441461252060890e+01
-2.007579283141483302e+02 -8.585739429128177846e+01
-2.006219935538775019e+02 -8.587037397004294803e+01
-2.004860587936066736e+02 -8.588335357738084497e+01
-2.003501240333358453e+02 -8.589633325614200032e+01
-2.002141892730649886e+02 -8.590931286347992568e+01
-2.000782545842174329e+02 -8.592229254224108104e+01
-1.999423198239466046e+02 -8.593527214957896376e+01
-1.998063850636757195e+02 -8.594825182834016175e+01
-1.996704503034048912e+02 -8.596123143567805869e+01
-1.995345155431340913e+02 -8.597421111443921404e+01
-1.993985808542865357e+02 -8.598719072177712519e+01
-1.992626460940156505e+02 -8.600017040053829476e+01
-1.991267113337448507e+02 -8.601315007929946432e+01
-1.989907765734739939e+02 -8.602612968663734705e+01
-1.988548418132031372e+02 -8.603910936539851662e+01
-1.987189070529323089e+02 -8.605208897273642776e+01
-1.985829723640847533e+02 -8.606506865149758312e+01
-1.984470376038139534e+02 -8.607804825883549427e+01
-1.983111028435430399e+02 -8.609102793759666383e+01
-1.981751680832722400e+02 -8.610400754493454656e+01
-1.980392333230014117e+02 -8.611698722369573034e+01
-1.979032986341537992e+02 -8.612996683103364148e+01
-1.977678321962400787e+02 -8.614706677518103106e+01
-1.976324523947484124e+02 -8.616492823419370950e+01
-1.974970725932567177e+02 -8.618278962178310110e+01
-1.973616927203417504e+02 -8.620065100937250691e+01
-1.972263129188500557e+02 -8.621851239696192692e+01
-1.970909331173583894e+02 -8.623637385597459115e+01
-1.969555532444434220e+02 -8.625423524356399696e+01
-1.968201734429517273e+02 -8.627209663115340277e+01
-1.966847936414600042e+02 -8.628995801874282279e+01
-1.965494137685450369e+02 -8.630781947775547280e+01
-1.964140339670533137e+02 -8.632568086534487861e+01
-1.962786541655616190e+02 -8.634354225293429863e+01
-1.961432742926466517e+02 -8.636140364052370444e+01
-1.960078944911549570e+02 -8.637926502811311025e+01
-1.958725146896632907e+02 -8.639712648712578869e+01
-1.957371348881715676e+02 -8.641498787471519449e+01
-1.956017550152566002e+02 -8.643284926230458609e+01
-1.954663752137649055e+02 -8.645071064989399190e+01
-1.953309954122732393e+02 -8.646857210890668455e+01
-1.951956155393582719e+02 -8.648643349649609036e+01
-1.950602357378665772e+02 -8.650429488408548195e+01
-1.949248559363748825e+02 -8.652215627167488776e+01
-1.947894760634599152e+02 -8.654001773068756620e+01
-1.946540962619681636e+02 -8.655787911827695780e+01
-1.945187164604764689e+02 -8.657574050586637782e+01
-1.943833365875615016e+02 -8.659360189345578362e+01
-1.942479567860698069e+02 -8.661146335246846206e+01
-1.941125769845781406e+02 -8.662932474005786787e+01
-1.939771971116631732e+02 -8.664718612764725947e+01
-1.938418173101714785e+02 -8.666504751523666528e+01
-1.937064375086797838e+02 -8.668290890282608530e+01
-1.935710576357648449e+02 -8.670077036183874952e+01
-1.934356778342731502e+02 -8.671863174942815533e+01
-1.933002980327814271e+02 -8.673649313701756114e+01
-1.931649181598664597e+02 -8.675435452460698116e+01
-1.930295383583747650e+02 -8.677221598361964539e+01
-1.928941585568830419e+02 -8.679007737120903698e+01
-1.927587786839680746e+02 -8.680793875879845700e+01
-1.926233988824763799e+02 -8.682580014638786281e+01
-1.924880190809846852e+02 -8.684366160540052704e+01
-1.923526392080697462e+02 -8.686152299298993285e+01
-1.922172594065780231e+02 -8.687938438057935286e+01
-1.920818796050863284e+02 -8.689724576816875867e+01
-1.919464998035946337e+02 -8.691510722718140869e+01
-1.918111199306796948e+02 -8.693296861477082871e+01
-1.916757401291880001e+02 -8.695083000236024873e+01
-1.915403603276963054e+02 -8.696869138994964032e+01
-1.914049804547813380e+02 -8.698655277753906034e+01
-1.912696006532896718e+02 -8.700441423655172457e+01
-1.911342208517978918e+02 -8.702227562414113038e+01
-1.909988409788829244e+02 -8.704013701173053619e+01
-1.908634611773912297e+02 -8.705799839931992778e+01
-1.907280813758995350e+02 -8.707585985833262043e+01
-1.905927015029845961e+02 -8.709372124592204045e+01
-1.904573217014929014e+02 -8.711158263351143205e+01
-1.903219419000012067e+02 -8.712944402110082365e+01
-1.901865620270862394e+02 -8.714730548011350209e+01
-1.900511822255945731e+02 -8.716516686770292210e+01
-1.899158024241028784e+02 -8.718302825529231370e+01
-1.897804225511878826e+02 -8.720088964288171951e+01
-1.896450427496961879e+02 -8.721875110189441216e+01
-1.895096629482044648e+02 -8.723661248948380376e+01
-1.893742830752894974e+02 -8.725447387707319535e+01
-1.892389032737978027e+02 -8.727233526466261537e+01
-1.891035234723061080e+02 -8.729019665225202118e+01
-1.889681435993911407e+02 -8.730805811126469962e+01
-1.888327637978994744e+02 -8.732591949885409122e+01
-1.886973839964077513e+02 -8.734378088644351124e+01
-1.885620041234927839e+02 -8.736164227403291704e+01
-1.884266243220010892e+02 -8.737950373304558127e+01
-1.882912445205094230e+02 -8.739736512063498708e+01
-1.881558647190177282e+02 -8.741522650822439289e+01
-1.880204848461027609e+02 -8.743308789581381291e+01
-1.878851050446110662e+02 -8.745094935482647713e+01
-1.877497252431193147e+02 -8.746881074241588294e+01
-1.876143453702043473e+02 -8.748667213000528875e+01
-1.874789655687126526e+02 -8.750453351759470877e+01
-1.873435857672209579e+02 -8.752239497660735879e+01
-1.872082058943059906e+02 -8.754025636419676459e+01
-1.870728260928143243e+02 -8.755811775178619882e+01
-1.869374462913226296e+02 -8.757597913937560463e+01
-1.868020664184076622e+02 -8.759384052696499623e+01
-1.866666866169159675e+02 -8.761170198597766046e+01
-1.865313068154243012e+02 -8.762956337356708048e+01
-1.863959269425093055e+02 -8.764742476115647207e+01
-1.862605471410176108e+02 -8.766528614874586367e+01
-1.861251673395259161e+02 -8.768314760775857053e+01
-1.859897874666109772e+02 -8.770100899534797634e+01
-1.858544076651192256e+02 -8.771887038293736794e+01
-1.857190278636275309e+02 -8.773673177052677374e+01
-1.855836479907125636e+02 -8.775459322953945218e+01
-1.854482681892208689e+02 -8.777245461712885799e+01
-1.853128883877291742e+02 -8.779031600471827801e+01
-1.851775085148142068e+02 -8.780817739230766961e+01
-1.850421287133225121e+02 -8.782603885132034804e+01
-1.849067489118308174e+02 -8.784390023890973964e+01
-1.847713690389158785e+02 -8.786176162649914545e+01
-1.846359892374241838e+02 -8.787962301408855126e+01
-1.845006094359324891e+02 -8.789748440167795707e+01
-1.843652296344407944e+02 -8.791534586069064972e+01
-1.842298497615258555e+02 -8.793320724828004131e+01
-1.840944699600340755e+02 -8.795106863586944712e+01
-1.839590901585423808e+02 -8.796893002345886714e+01
-1.838244263038720590e+02 -8.799142435263998152e+01
-1.836899707908695802e+02 -8.801526622458635529e+01
-1.835555152064437436e+02 -8.803910802510948486e+01
-1.834210596934412649e+02 -8.806294982563260021e+01
-1.832866041090154283e+02 -8.808679169757897398e+01
-1.831521485960128643e+02 -8.811063349810208933e+01
-1.830176930115871414e+02 -8.813447529862521890e+01
-1.828832374985845775e+02 -8.815831709914833425e+01
-1.827487819141588261e+02 -8.818215897109470802e+01
-1.826143264011562621e+02 -8.820600077161782337e+01
-1.824798708881536982e+02 -8.822984257214093873e+01
-1.823454153037279752e+02 -8.825368444408731250e+01
-1.822109597907254113e+02 -8.827752624461044206e+01
-1.820765042062996031e+02 -8.830136804513355742e+01
-1.819420486932970960e+02 -8.832520991707994540e+01
-1.818075931088712878e+02 -8.834905171760303233e+01
-1.816731375958687806e+02 -8.837289351812616189e+01
-1.815386820114429725e+02 -8.839673539007256409e+01
-1.814042264984404369e+02 -8.842057719059566523e+01
-1.812697709140146571e+02 -8.844441899111876637e+01
-1.811353154010121216e+02 -8.846826086306515435e+01
-1.810008598165863418e+02 -8.849210266358828392e+01
-1.808664043035838063e+02 -8.851594446411139927e+01
-1.807319487191579981e+02 -8.853978626463450041e+01
-1.805974932061554910e+02 -8.856362813658088839e+01
-1.804630376217296828e+02 -8.858746993710400375e+01
-1.803285821087271188e+02 -8.861131173762711910e+01
-1.801941265243013390e+02 -8.863515360957350708e+01
-1.800596710112988319e+02 -8.865899541009660823e+01
-1.799252154268730521e+02 -8.868283721061972358e+01
-1.797907599138705166e+02 -8.870667908256612577e+01
-1.796563044008679526e+02 -8.873052088308924112e+01
-1.795218488164421728e+02 -8.875436268361234227e+01
-1.793873933034396657e+02 -8.877820455555873025e+01
-1.792529377190138860e+02 -8.880204635608183139e+01
-1.791184822060113504e+02 -8.882588815660494674e+01
-1.789840266215855138e+02 -8.884973002855134894e+01
-1.788495711085830067e+02 -8.887357182907446429e+01
-1.787151155241571985e+02 -8.889741362959756543e+01
-1.785806600111547198e+02 -8.892125543012068078e+01
-1.784462044267289116e+02 -8.894509730206706877e+01
-1.783117489137263476e+02 -8.896893910259019833e+01
-1.781772933293005963e+02 -8.899278090311328526e+01
-1.780428378162980323e+02 -8.901662277505967324e+01
-1.779083822318722525e+02 -8.904046457558280281e+01
-1.777739267188697454e+02 -8.906430637610593237e+01
-1.776394711344439088e+02 -8.908814824805229193e+01
-1.775050156214414301e+02 -8.911199004857540729e+01
-1.773705600370155935e+02 -8.913583184909853685e+01
-1.772361045240130295e+02 -8.915967372104491062e+01
-1.771016489395873066e+02 -8.918351552156802597e+01
-1.769671934265847426e+02 -8.920735732209114133e+01
-1.768327379135822355e+02 -8.923119919403751510e+01
-1.766982823291564273e+02 -8.925504099456064466e+01
-1.765638268161538633e+02 -8.927888279508376002e+01
-1.764293712317281120e+02 -8.930272459560687537e+01
-1.762949157187255764e+02 -8.932656646755324914e+01
-1.761604601342998251e+02 -8.935040826807636449e+01
-1.760260046212972611e+02 -8.937425006859947985e+01
-1.758915490368714245e+02 -8.939809194054586783e+01
-1.757570935238689458e+02 -8.942193374106898318e+01
-1.756226379394431376e+02 -8.944577554159208432e+01
-1.754881824264405736e+02 -8.946961741353845809e+01
-1.753537268420148223e+02 -8.949345921406158766e+01
-1.752192713290122583e+02 -8.951730101458471722e+01
-1.750848157445865070e+02 -8.954114288653110520e+01
-1.749503602315839430e+02 -8.956498468705419214e+01
-1.748159046471581348e+02 -8.958882648757732170e+01
-1.746814491341556561e+02 -8.961266835952370968e+01
-1.745469935497298195e+02 -8.963651016004681082e+01
-1.744125380367273408e+02 -8.966035196056992618e+01
-1.742780824523015042e+02 -8.968419383251631416e+01
-1.741436269392989402e+02 -8.970803563303944372e+01
-1.740091714262964899e+02 -8.973187743356254487e+01
-1.738747158418706533e+02 -8.975571923408566022e+01
-1.737402603288681178e+02 -8.977956110603204820e+01
-1.736058047444423380e+02 -8.980340290655516355e+01
-1.734713492314397740e+02 -8.982724470707827891e+01
-1.733368936470140511e+02 -8.985108657902466689e+01
-1.732024381340114871e+02 -8.987492837954778224e+01
-1.730679825495856790e+02 -8.989877018007088338e+01
-1.729335270365831718e+02 -8.992261205201725716e+01
-1.727990714521573352e+02 -8.994645385254040093e+01
-1.726646159391548565e+02 -8.997029565306350207e+01
-1.725301603547290483e+02 -8.999413752500989006e+01
-1.723957048417265128e+02 -9.001797932553299120e+01
-1.722612492573007330e+02 -9.004182112605612076e+01
-1.721267937442981690e+02 -9.006566299800250874e+01
-1.719923381598724177e+02 -9.008950479852562410e+01
-1.718578826468698821e+02 -9.011334659904872524e+01
-1.717234270624440740e+02 -9.013718839957184059e+01
-1.715889715494415668e+02 -9.016103027151822857e+01
-1.714545159650157586e+02 -9.018487207204135814e+01
-1.713200604520132515e+02 -9.020871387256444507e+01
-1.711856049390106875e+02 -9.023255574451083305e+01
-1.710511493545849078e+02 -9.025639754503396261e+01
-1.709166938415824006e+02 -9.028023934555709218e+01
-1.707822382571565925e+02 -9.030408121750345174e+01
-1.706477827441540285e+02 -9.032792301802656709e+01
-1.705133271597282487e+02 -9.035176481854968245e+01
-1.703788716467257416e+02 -9.037560669049607043e+01
-1.702444160622999618e+02 -9.039944849101918578e+01
-1.701099605492973978e+02 -9.042329029154230113e+01
-1.699755049648715897e+02 -9.044713216348867491e+01
-1.698410494518690825e+02 -9.047097396401177605e+01
-1.697080972557755842e+02 -9.050210708009826988e+01
-1.695751766287658597e+02 -9.053339347051421271e+01
-1.694422560017560500e+02 -9.056467993235342817e+01
-1.693093354461695412e+02 -9.059596639419262942e+01
-1.691764148191597883e+02 -9.062725285603183067e+01
-1.690434942635732796e+02 -9.065853931787104614e+01
-1.689105736365635551e+02 -9.068982570828700318e+01
-1.687776530809770179e+02 -9.072111217012621864e+01
-1.686447324539672081e+02 -9.075239863196541990e+01
-1.685118118269574552e+02 -9.078368509380463536e+01
-1.683788912713709749e+02 -9.081497155564383661e+01
-1.682459706443611651e+02 -9.084625794605979365e+01
-1.681130500887746848e+02 -9.087754440789900912e+01
-1.679801294617648750e+02 -9.090883086973821037e+01
-1.678472089061783947e+02 -9.094011733157742583e+01
-1.677142882791686418e+02 -9.097140379341664129e+01
-1.675813676521588320e+02 -9.100269018383256991e+01
-1.674484470965722949e+02 -9.103397664567179959e+01
-1.673155264695625704e+02 -9.106526310751100084e+01
-1.671826059139760616e+02 -9.109654956935021630e+01
-1.670496852869662519e+02 -9.112783603118943176e+01
-1.669167647313798000e+02 -9.115912242160537460e+01
-1.667838441043699902e+02 -9.119040888344457585e+01
-1.666509235487834815e+02 -9.122169534528377710e+01
-1.665180029217737285e+02 -9.125298180712300677e+01
-1.663850822947639472e+02 -9.128426826896220803e+01
-1.662521617391774669e+02 -9.131555465937816507e+01
-1.661192411121676571e+02 -9.134684112121738053e+01
-1.659863205565811484e+02 -9.137812758305656757e+01
-1.658533999295714239e+02 -9.140941404489578304e+01
-1.657204793739848867e+02 -9.144070050673501271e+01
-1.655875587469750769e+02 -9.147198689715095554e+01
-1.654546381199653808e+02 -9.150327335899017100e+01
-1.653217175643788437e+02 -9.153455982082937226e+01
-1.651887969373690339e+02 -9.156584628266857351e+01
-1.650558763817825820e+02 -9.159713274450778897e+01
-1.649229557547727723e+02 -9.162841913492374601e+01
-1.647900351991862635e+02 -9.165970559676296148e+01
-1.646571145721765106e+02 -9.169099205860216273e+01
-1.645241939451667292e+02 -9.172227852044137819e+01
-1.643912733895801921e+02 -9.175356498228057944e+01
-1.642583527625704676e+02 -9.178485137269652228e+01
-1.641254322069839304e+02 -9.181613783453575195e+01
-1.639925115799742059e+02 -9.184742429637493899e+01
-1.638595910243876688e+02 -9.187871075821416866e+01
-1.637266703973778874e+02 -9.190999722005338413e+01
-1.635937497703681629e+02 -9.194128361046931275e+01
-1.634608292147816258e+02 -9.197257007230852821e+01
-1.633279085877718160e+02 -9.200385653414774367e+01
-1.631949880321853357e+02 -9.203514299598694492e+01
-1.630620674051755827e+02 -9.206642945782617460e+01
-1.629291468495890456e+02 -9.209771584824211743e+01
-1.627962262225792927e+02 -9.212900231008131868e+01
-1.626633056669927555e+02 -9.216028877192051993e+01
-1.625303850399830026e+02 -9.219157523375974961e+01
-1.623974644129732496e+02 -9.222286162417569244e+01
-1.622645438573867125e+02 -9.225414808601490790e+01
-1.621316232303769027e+02 -9.228543454785412337e+01
-1.619987026747904508e+02 -9.231672100969331041e+01
-1.618657820477806695e+02 -9.234800747153252587e+01
-1.617328614921941323e+02 -9.237929386194848291e+01
-1.615999408651844078e+02 -9.241058032378769838e+01
-1.614670202381745980e+02 -9.244186678562691384e+01
-1.613340996825881462e+02 -9.247315324746611509e+01
-1.612011790555783364e+02 -9.250443970930531634e+01
-1.610682584999918276e+02 -9.253572609972125917e+01
-1.609353378729820747e+02 -9.256701256156048885e+01
-1.608024173173955660e+02 -9.259829902339969010e+01
-1.606694966903857562e+02 -9.262958548523890556e+01
-1.605365760633760317e+02 -9.266087194707812102e+01
-1.604036555077894945e+02 -9.269215833749404965e+01
-1.602707348807796848e+02 -9.272344479933326511e+01
-1.601378143251932613e+02 -9.275473126117249478e+01
-1.600048936981834515e+02 -9.278601772301168182e+01
-1.598719731425969144e+02 -9.281730418485091150e+01
-1.597390525155871899e+02 -9.284859057526685433e+01
-1.596061319600006811e+02 -9.287987703710605558e+01
-1.594732113329908714e+02 -9.291116349894527104e+01
-1.593402907059811184e+02 -9.294244996078448651e+01
-1.592073701503946097e+02 -9.297373642262368776e+01
-1.590744495233848568e+02 -9.300502281303964480e+01
-1.589415289677983480e+02 -9.303630927487886026e+01
-1.588086083407885383e+02 -9.306759573671806152e+01
-1.586756877852020864e+02 -9.309888219855726277e+01
-1.585427671581922766e+02 -9.313016866039647823e+01
-1.584098465311824953e+02 -9.316145505081243527e+01
-1.582769259755960434e+02 -9.319274151265165074e+01
-1.581440053485862336e+02 -9.322402797449086620e+01
-1.580110847929996964e+02 -9.325531443633005324e+01
-1.578781641659899435e+02 -9.328660089816926870e+01
-1.577452436104034632e+02 -9.331788728858522575e+01
-1.576123229833936534e+02 -9.334917375042442700e+01
-1.574794023563839005e+02 -9.338046021226365667e+01
-1.573464818007973633e+02 -9.341174667410285792e+01
-1.572135611737876104e+02 -9.344303313594207339e+01
-1.570806406182011301e+02 -9.347431952635800201e+01
-1.569477199911913203e+02 -9.350560598819723168e+01
-1.568147994356047832e+02 -9.353689245003643293e+01
-1.566818788085950587e+02 -9.356817891187564840e+01
-1.565489581815852773e+02 -9.359946537371486386e+01
-1.564160376259987970e+02 -9.363075176413079248e+01
-1.562831169989890157e+02 -9.366203822597000794e+01
-1.561501964434024785e+02 -9.369332468780920919e+01
-1.560172758163927540e+02 -9.372461114964843887e+01
-1.561537649640565917e+02 -9.372878748229871348e+01
-1.562902541117204294e+02 -9.373296381494900231e+01
-1.564267432593842670e+02 -9.373714014759924851e+01
-1.565632324070480763e+02 -9.374131648024953734e+01
-1.566997215547119993e+02 -9.374549281289979774e+01
-1.568362106309525359e+02 -9.374966914555008657e+01
-1.569726997786163736e+02 -9.375384547820036119e+01
-1.571091889262802397e+02 -9.375802181085063580e+01
-1.572456780739440489e+02 -9.376219814350089621e+01
-1.573821672216079435e+02 -9.376637447615119925e+01
-1.575186563692718096e+02 -9.377055080880144544e+01
-1.576551455169356188e+02 -9.377472714145173427e+01
-1.577916346645994565e+02 -9.377890347410200889e+01
-1.579281237408400216e+02 -9.378307980675226929e+01
-1.580646128885039161e+02 -9.378725613940257233e+01
-1.582011020361677538e+02 -9.379143247205281853e+01
-1.583375911838315915e+02 -9.379560880470310735e+01
-1.584740803314954292e+02 -9.379978513735336776e+01
-1.586105694791592668e+02 -9.380396147000364238e+01
-1.587470586268231330e+02 -9.380813773123065857e+01
-1.588835477030637264e+02 -9.381231406388094740e+01
-1.590200368507275641e+02 -9.381649039653119360e+01
-1.591565259983913734e+02 -9.382066672918148242e+01
-1.592930151460552395e+02 -9.382484306183175704e+01
-1.594295042937191340e+02 -9.382901939448203166e+01
-1.595659934413829433e+02 -9.383319572713232048e+01
-1.597024825890468094e+02 -9.383737205978256668e+01
-1.598389717367106471e+02 -9.384154839243286972e+01
-1.599754608129511837e+02 -9.384572472508313012e+01
-1.601119499606151066e+02 -9.384990105773340474e+01
-1.602484391082789443e+02 -9.385407739038367936e+01
-1.603849282559427536e+02 -9.385825372303395397e+01
-1.605214174036065913e+02 -9.386243005568422859e+01
-1.606579065512704290e+02 -9.386660638833451742e+01
-1.607943956989342666e+02 -9.387078272098476361e+01
-1.609308848465981612e+02 -9.387495905363505244e+01
-1.610673739228387262e+02 -9.387913538628532706e+01
-1.612038630705025639e+02 -9.388331171893560168e+01
-1.613403522181664016e+02 -9.388748805158589050e+01
-1.614768413658302961e+02 -9.389166438423613670e+01
-1.616133305134941338e+02 -9.389584071688642553e+01
-1.617498196611579715e+02 -9.390001704953668593e+01
-1.618863088088217808e+02 -9.390419338218697476e+01
-1.620227978850623742e+02 -9.390836971483724938e+01
-1.621592870327262403e+02 -9.391254604748752399e+01
-1.622957761803901064e+02 -9.391672238013778440e+01
-1.624322653280539441e+02 -9.392089871278808744e+01
-1.625687544757177534e+02 -9.392507504543834784e+01
-1.627052436233815911e+02 -9.392925137808862246e+01
-1.628417327710454572e+02 -9.393342771073889708e+01
-1.629782219187093233e+02 -9.393760404338915748e+01
-1.631147109949498883e+02 -9.394178037603946052e+01
-1.632512001426137545e+02 -9.394595670868972093e+01
-1.633876892902775637e+02 -9.395013304133999554e+01
-1.635241784379414014e+02 -9.395430937399027016e+01
-1.636606675856053243e+02 -9.395848570664053057e+01
-1.637971567332691336e+02 -9.396266203929081939e+01
-1.639336458809329713e+02 -9.396683837194109401e+01
-1.640701350285968090e+02 -9.397101470459135442e+01
-1.642066241048374309e+02 -9.397519103724164324e+01
-1.643431132525012686e+02 -9.397936736989191786e+01
-1.644796024001650778e+02 -9.398354370254219248e+01
-1.646160915478289439e+02 -9.398772003519246709e+01
-1.647525806954927816e+02 -9.399189636784272750e+01
-1.648890698431565909e+02 -9.399607270049301633e+01
-1.650255589908205138e+02 -9.400024903314329094e+01
-1.651620480670610789e+02 -9.400442536579356556e+01
-1.652985372147248881e+02 -9.400860169844384018e+01
-1.654350263623887543e+02 -9.401277803109410058e+01
-1.655715155100525919e+02 -9.401695436374438941e+01
-1.657080046577164580e+02 -9.402113069639466403e+01
-1.658444938053803241e+02 -9.402530702904493864e+01
-1.659809829530441334e+02 -9.402948336169521326e+01
-1.661174721007079711e+02 -9.403365969434547367e+01
-1.662539611769485361e+02 -9.403783602699576250e+01
-1.663904503246124307e+02 -9.404201235964603711e+01
-1.665269394722762684e+02 -9.404618869229629752e+01
-1.666634286199401060e+02 -9.405036502494658635e+01
-1.667999177676039437e+02 -9.405454135759684675e+01
-1.669364069152677814e+02 -9.405871769024713558e+01
-1.670728960629316759e+02 -9.406289402289741020e+01
-1.672093852105955136e+02 -9.406707035554767060e+01
-1.673458742868360787e+02 -9.407124668819795943e+01
-1.674823634344999164e+02 -9.407542302084823405e+01
-1.676188525821637256e+02 -9.407959935349850866e+01
-1.677553417298276486e+02 -9.408377568614878328e+01
-1.678918308774914578e+02 -9.408795201879905790e+01
-1.680283200251552955e+02 -9.409212835144931830e+01
-1.681648091728191616e+02 -9.409630468409962134e+01
-1.683012982490596983e+02 -9.410048101674986754e+01
-1.684377873967235928e+02 -9.410465734940015636e+01
-1.685742765443874589e+02 -9.410883361062715835e+01
-1.687107656920512682e+02 -9.411300994327743297e+01
-1.688472548397151058e+02 -9.411718627592770758e+01
-1.689837439873789720e+02 -9.412136260857798220e+01
-1.691202331350428381e+02 -9.412553894122824261e+01
-1.692567222827066757e+02 -9.412971527387854564e+01
-1.693932113589472408e+02 -9.413389160652880605e+01
-1.695297005066110785e+02 -9.413806793917908067e+01
-1.696661896542749162e+02 -9.414224427182935528e+01
-1.698026788019388107e+02 -9.414642060447961569e+01
-1.699391679496026484e+02 -9.415059693712991873e+01
-1.700756570972664861e+02 -9.415477326978017913e+01
-1.702121466734699595e+02 -9.415879304263071958e+01
-1.703486567481508303e+02 -9.415536822558844676e+01
-1.704851667514083715e+02 -9.415194333712290131e+01
-1.706216768260892422e+02 -9.414851844865735586e+01
-1.707581869007701414e+02 -9.414509363161508304e+01
-1.708946969754510121e+02 -9.414166874314952338e+01
-1.710312070501318829e+02 -9.413824392610723635e+01
-1.711677170533895094e+02 -9.413481903764169090e+01
-1.713042271280703517e+02 -9.413139422059940387e+01
-1.714407372027512508e+02 -9.412796933213385842e+01
-1.715772472774321216e+02 -9.412454451509158559e+01
-1.717137573521130207e+02 -9.412111962662602593e+01
-1.718502674267938346e+02 -9.411769473816049469e+01
-1.719867774300514327e+02 -9.411426992111820766e+01
-1.721232875047323319e+02 -9.411084503265266221e+01
-1.722597975794131742e+02 -9.410742021561038939e+01
-1.723963076540940733e+02 -9.410399532714482973e+01
-1.725328177287749725e+02 -9.410057051010255691e+01
-1.726693277320325421e+02 -9.409714562163701146e+01
-1.728058378067134413e+02 -9.409372080459472443e+01
-1.729423478813943120e+02 -9.409029591612916477e+01
-1.730788579560752112e+02 -9.408687102766361932e+01
-1.732153680307560535e+02 -9.408344621062133228e+01
-1.733518781054368958e+02 -9.408002132215578683e+01
-1.734883881086945223e+02 -9.407659650511352822e+01
-1.736248981833753646e+02 -9.407317161664796856e+01
-1.737614082580562638e+02 -9.406974679960568153e+01
-1.738979183327371345e+02 -9.406632191114015029e+01
-1.740344284074180052e+02 -9.406289702267459063e+01
-1.741709384820988760e+02 -9.405947220563231781e+01
-1.743074484853565025e+02 -9.405604731716675815e+01
-1.744439585600374016e+02 -9.405262250012447112e+01
-1.745804686347182439e+02 -9.404919761165893988e+01
-1.747169787093991431e+02 -9.404577279461665285e+01
-1.748534887840799570e+02 -9.404234790615109318e+01
-1.749899987873375551e+02 -9.403892308910882036e+01
-1.751265088620184258e+02 -9.403549820064327491e+01
-1.752630189366993250e+02 -9.403207331217771525e+01
-1.753995290113801957e+02 -9.402864849513544243e+01
-1.755360390860610664e+02 -9.402522360666989698e+01
-1.756725491607419656e+02 -9.402179878962762416e+01
-1.758090591639995637e+02 -9.401837390116207871e+01
-1.759455692386804344e+02 -9.401494908411979168e+01
-1.760820793133613336e+02 -9.401152419565424623e+01
-1.762185893880422043e+02 -9.400809930718868657e+01
-1.763550994627230182e+02 -9.400467449014639953e+01
-1.764916094659806163e+02 -9.400124960168085408e+01
-1.766281195406615154e+02 -9.399782478463858126e+01
-1.767646296153423577e+02 -9.399439989617303581e+01
-1.769011396900232569e+02 -9.399097507913076299e+01
-1.770376497647041560e+02 -9.398755019066521754e+01
-1.771741598393850268e+02 -9.398412537362291630e+01
-1.773106698426426249e+02 -9.398070048515738506e+01
-1.774471799173234956e+02 -9.397727559669182540e+01
-1.775836899920043948e+02 -9.397385077964953837e+01
-1.777202000666852371e+02 -9.397042589118400713e+01
-1.778567101413660794e+02 -9.396700107414172010e+01
-1.779932201446237059e+02 -9.396357618567616043e+01
-1.781297302193045482e+02 -9.396015136863388761e+01
-1.782662402939854474e+02 -9.395672648016832795e+01
-1.784027503686663181e+02 -9.395330166312604092e+01
-1.785392604433472172e+02 -9.394987677466050968e+01
-1.786757705180280880e+02 -9.394645188619496423e+01
-1.788122805212856861e+02 -9.394302706915270562e+01
-1.789487905959665852e+02 -9.393960218068714596e+01
-1.790853006706474275e+02 -9.393617736364485893e+01
-1.792218107453283267e+02 -9.393275247517931348e+01
-1.793583208200091406e+02 -9.392932765813702645e+01
-1.794948308946900113e+02 -9.392590276967146679e+01
-1.796313408979476378e+02 -9.392247788120592134e+01
-1.797678509726285085e+02 -9.391905306416364851e+01
-1.799043610473094077e+02 -9.391562817569811727e+01
-1.800408711219902500e+02 -9.391220335865583024e+01
-1.801773811966711492e+02 -9.390877847019027058e+01
-1.803138911999287473e+02 -9.390535365314798355e+01
-1.804504012746096180e+02 -9.390192876468245231e+01
-1.805869113492905171e+02 -9.389850394764016528e+01
-1.807234214239713879e+02 -9.389507905917463404e+01
-1.808599314986522018e+02 -9.389165417070907438e+01
-1.809964415733330725e+02 -9.388822935366678735e+01
-1.811329515765906990e+02 -9.388480446520124190e+01
-1.812694616512715413e+02 -9.388137964815895486e+01
-1.814059717259524405e+02 -9.387795475969339520e+01
-1.815424818006333396e+02 -9.387452994265112238e+01
-1.816789918753142103e+02 -9.387110505418557693e+01
-1.818155018785718084e+02 -9.386768016572004569e+01
-1.819520119532526792e+02 -9.386425534867775866e+01
-1.820885220279335783e+02 -9.386083046021221321e+01
-1.822250321026144775e+02 -9.385740564316994039e+01
-1.823615421772952629e+02 -9.385398075470438073e+01
-1.824980522519761621e+02 -9.385055593766209370e+01
-1.826345622552337318e+02 -9.384713104919654825e+01
-1.827710723299146309e+02 -9.384370623215427543e+01
-1.829075824045955017e+02 -9.384028134368871576e+01
-1.830440924792764008e+02 -9.383685645522317031e+01
-1.831806025539572715e+02 -9.383343163818088328e+01
-1.833171125572148696e+02 -9.383000674971533783e+01
-1.834536226318957688e+02 -9.382658193267306501e+01
-1.835901327065766395e+02 -9.382315704420751956e+01
-1.837266427812574534e+02 -9.381973222716521832e+01
-1.838631528559383241e+02 -9.381630733869970129e+01
-1.839996629306191949e+02 -9.381288252165741426e+01
-1.841361729338768214e+02 -9.380945763319186881e+01
-1.842726830085576921e+02 -9.380603274472630915e+01
-1.844091930832385913e+02 -9.380260792768402212e+01
-1.845456387341332345e+02 -9.379782106895343929e+01
-1.846818630443256666e+02 -9.378835155803776047e+01
-1.848180872830947692e+02 -9.377888204712212428e+01
-1.849543115932872297e+02 -9.376941246478320124e+01
-1.850905359034796618e+02 -9.375994295386752242e+01
-1.852267601422487644e+02 -9.375047344295187202e+01
-1.853629844524411965e+02 -9.374100393203620740e+01
-1.854992086912103559e+02 -9.373153442112055700e+01
-1.856354330014027312e+02 -9.372206483878163397e+01
-1.857716573115951917e+02 -9.371259532786596935e+01
-1.859078815503642659e+02 -9.370312581695030474e+01
-1.860441058605566980e+02 -9.369365630603464012e+01
-1.861803300993258574e+02 -9.368418679511898972e+01
-1.863165544095182327e+02 -9.367471721278006669e+01
-1.864527787197106647e+02 -9.366524770186440207e+01
-1.865890029584798526e+02 -9.365577819094875167e+01
-1.867252272686722279e+02 -9.364630868003307285e+01
-1.868614515074413873e+02 -9.363683916911742244e+01
-1.869976758176338194e+02 -9.362736958677851362e+01
-1.871339001278261946e+02 -9.361790007586283480e+01
-1.872701243665953541e+02 -9.360843056494717018e+01
-1.874063486767877862e+02 -9.359896105403151978e+01
-1.875425729155568888e+02 -9.358949147169259675e+01
-1.876787972257493209e+02 -9.358002196077694634e+01
-1.878150214645184803e+02 -9.357055244986128173e+01
-1.879512457747108556e+02 -9.356108293894560290e+01
-1.880874700849032877e+02 -9.355161342802996671e+01
-1.882236943236724471e+02 -9.354214384569104368e+01
-1.883599186338648224e+02 -9.353267433477537907e+01
-1.884961428726340102e+02 -9.352320482385971445e+01
-1.886323671828263855e+02 -9.351373531294404984e+01
-1.887685914930188176e+02 -9.350426580202839943e+01
-1.889048157317879770e+02 -9.349479621968947640e+01
-1.890410400419803523e+02 -9.348532670877382600e+01
-1.891772642807495117e+02 -9.347585719785814717e+01
-1.893134885909419722e+02 -9.346638768694248256e+01
-1.894497129011343191e+02 -9.345691810460358795e+01
-1.895859371399034785e+02 -9.344744859368790912e+01
-1.897221614500959106e+02 -9.343797908277224451e+01
-1.898583856888650132e+02 -9.342850957185659411e+01
-1.899946099990574453e+02 -9.341904006094091528e+01
-1.901308343092498774e+02 -9.340957047860202067e+01
-1.902670585480189800e+02 -9.340010096768635606e+01
-1.904032828582114405e+02 -9.339063145677067723e+01
-1.905395070969806000e+02 -9.338116194585502683e+01
-1.906757314071729752e+02 -9.337169243493936222e+01
-1.908119556459421347e+02 -9.336222285260045339e+01
-1.909481799561345667e+02 -9.335275334168478878e+01
-1.910844042663269420e+02 -9.334328383076912417e+01
-1.912206285050961014e+02 -9.333381431985345955e+01
-1.913568528152885335e+02 -9.332434473751453652e+01
-1.914930770540576361e+02 -9.331487522659888612e+01
-1.916293013642500682e+02 -9.330540571568322150e+01
-1.917655256744424435e+02 -9.329593620476755689e+01
-1.919017499132116029e+02 -9.328646669385189227e+01
-1.920379742234040634e+02 -9.327699711151296924e+01
-1.921741984621731660e+02 -9.326752760059731884e+01
-1.923104227723655981e+02 -9.325805808968166843e+01
-1.924466470825580302e+02 -9.324858857876598961e+01
-1.925828713213271328e+02 -9.323911906785032500e+01
-1.927190956315195649e+02 -9.322964948551141617e+01
-1.928553198702887244e+02 -9.322017997459575156e+01
-1.929915441804810712e+02 -9.321071046368010116e+01
-1.931277684192502591e+02 -9.320124095276443654e+01
-1.932639927294426911e+02 -9.319177144184875772e+01
-1.934002170396350664e+02 -9.318230185950986311e+01
-1.935364412784042258e+02 -9.317283234859419849e+01
-1.936726655885966579e+02 -9.316336283767851967e+01
-1.938088898273657605e+02 -9.315389332676286926e+01
-1.939451141375582210e+02 -9.314442374442394623e+01
-1.940813384477506531e+02 -9.313495423350829583e+01
-1.942175626865197557e+02 -9.312548472259263121e+01
-1.943537869967121878e+02 -9.311601521167696660e+01
-1.944900112354813473e+02 -9.310654570076130199e+01
-1.946262355456736941e+02 -9.309707611842237895e+01
-1.947624598558661546e+02 -9.308760660750674276e+01
-1.948986840946352572e+02 -9.307813709659106394e+01
-1.950349084048276893e+02 -9.306866758567539932e+01
-1.951711326435968488e+02 -9.305919807475974892e+01
-1.953073569537892240e+02 -9.304972849242081168e+01
-1.954435812639816561e+02 -9.304025898150517548e+01
-1.955798055027508440e+02 -9.303078947058951087e+01
-1.957160298129431908e+02 -9.302131995967383205e+01
-1.958522540517123787e+02 -9.301185037733492322e+01
-1.959884783619048108e+02 -9.300238086641925861e+01
-1.961247026006739134e+02 -9.299291135550359400e+01
-1.962609269108663455e+02 -9.298344184458794359e+01
-1.963971512210587491e+02 -9.297397233367227898e+01
-1.965333754598278517e+02 -9.296450275133335595e+01
-1.966695997700203122e+02 -9.295503324041770554e+01
-1.968058240087894717e+02 -9.294556372950204093e+01
-1.969420483189818469e+02 -9.293609421858637631e+01
-1.970782726291742790e+02 -9.292662470767071170e+01
-1.972144968679434385e+02 -9.291715512533178867e+01
-1.973507211781358137e+02 -9.290768561441613826e+01
-1.974869454169050016e+02 -9.289821610350047365e+01
-1.976231697270973768e+02 -9.288874659258482325e+01
-1.977593940372898089e+02 -9.287927708166915863e+01
-1.978956182760589684e+02 -9.286980749933022139e+01
-1.980318425862513436e+02 -9.286033798841458520e+01
-1.981680668250204747e+02 -9.285086847749890637e+01
-1.983042911352129352e+02 -9.284139896658324176e+01
-1.984405154454052820e+02 -9.283192938424433294e+01
-1.985766728319972003e+02 -9.282169643003520321e+01
-1.987124682454754918e+02 -9.280733249694991116e+01
-1.988482636589537833e+02 -9.279296849244134648e+01
-1.989840591438553190e+02 -9.277860455935602602e+01
-1.991198545573336105e+02 -9.276424055484747555e+01
-1.992556500422351746e+02 -9.274987662176216929e+01
-1.993914454557134661e+02 -9.273551261725359041e+01
-1.995272409406150302e+02 -9.272114861274502573e+01
-1.996630363540933217e+02 -9.270678467965974789e+01
-1.997988318389948859e+02 -9.269242067515118322e+01
-1.999346272524731489e+02 -9.267805674206586275e+01
-2.000704226659514688e+02 -9.266369273755731228e+01
-2.002062181508530045e+02 -9.264932880447200603e+01
-2.003420135643312960e+02 -9.263496479996344135e+01
-2.004778090492328602e+02 -9.262060086687813509e+01
-2.006136044627111517e+02 -9.260623686236958463e+01
-2.007493999476126874e+02 -9.259187292928429258e+01
-2.008851953610910073e+02 -9.257750892477572791e+01
-2.010209908459925430e+02 -9.256314492026713481e+01
-2.011567862594708345e+02 -9.254878098718184276e+01
-2.012925816729491260e+02 -9.253441698267327808e+01
-2.014283771578506901e+02 -9.252005304958798604e+01
-2.015641725713289816e+02 -9.250568904507940715e+01
-2.016999680562305173e+02 -9.249132511199412932e+01
-2.018357634697088372e+02 -9.247696110748556464e+01
-2.019715589546103729e+02 -9.246259717440024417e+01
-2.021073543680886644e+02 -9.244823316989169371e+01
-2.022431498529902285e+02 -9.243386923680638745e+01
-2.023789452664685200e+02 -9.241950523229782277e+01
-2.025147406799467831e+02 -9.240514122778925810e+01
-2.026505361648483756e+02 -9.239077729470396605e+01
-2.027863315783266671e+02 -9.237641329019540137e+01
-2.029221270632282028e+02 -9.236204935711009512e+01
-2.030579224767065227e+02 -9.234768535260151623e+01
-2.031937179616080584e+02 -9.233332141951622418e+01
-2.033295133750863499e+02 -9.231895741500765951e+01
-2.034653088599879140e+02 -9.230459348192236746e+01
-2.036011042734662055e+02 -9.229022947741380278e+01
-2.037368996869444686e+02 -9.227586554432851074e+01
-2.038726951718460327e+02 -9.226150153981993185e+01
-2.040084905853243242e+02 -9.224713753531136717e+01
-2.041442860702258884e+02 -9.223277360222606092e+01
-2.042800814837041798e+02 -9.221840959771749624e+01
-2.044158769686057440e+02 -9.220404566463220419e+01
-2.045516723820840355e+02 -9.218968166012363952e+01
-2.046874678669855143e+02 -9.217531772703834747e+01
-2.048232632804638058e+02 -9.216095372252978279e+01
-2.049590586939421542e+02 -9.214658978944447654e+01
-2.050948541788436614e+02 -9.213222578493591186e+01
-2.052306495923219529e+02 -9.211786185185060560e+01
-2.053664450772235170e+02 -9.210349784734204093e+01
-2.055022404907017801e+02 -9.208913384283347625e+01
-2.056380359756033442e+02 -9.207476990974818420e+01
-2.057738313890816357e+02 -9.206040590523961953e+01
-2.059096268739831999e+02 -9.204604197215431327e+01
-2.060454222874614629e+02 -9.203167796764574859e+01
-2.061812177009397828e+02 -9.201731403456044234e+01
-2.063170131858413185e+02 -9.200295003005187766e+01
-2.064528085993196100e+02 -9.198858609696658561e+01
-2.065886040842211742e+02 -9.197422209245802094e+01
-2.067243994976994657e+02 -9.195985815937271468e+01
-2.068601949826010298e+02 -9.194549415486415000e+01
-2.069959903960793213e+02 -9.193113015035558533e+01
-2.071317858809808854e+02 -9.191676621727027907e+01
-2.072675812944591485e+02 -9.190240221276171440e+01
-2.074033767079374684e+02 -9.188803827967642235e+01
-2.075391721928390041e+02 -9.187367427516785767e+01
-2.076749676063172956e+02 -9.185931034208256563e+01
-2.078107630912188313e+02 -9.184494633757400095e+01
-2.079465585046971512e+02 -9.183058240448869469e+01
-2.080823539895986869e+02 -9.181621839998011581e+01
-2.082181494030769784e+02 -9.180185446689482376e+01
-2.083539448879785425e+02 -9.178749046238625908e+01
-2.084897403014568340e+02 -9.177312645787769441e+01
-2.086255357149351255e+02 -9.175876252479240236e+01
-2.087613311998366896e+02 -9.174439852028385189e+01
-2.088971266133149811e+02 -9.173003458719853143e+01
-2.090329220982165168e+02 -9.171567058268996675e+01
-2.091687175116948367e+02 -9.170130664960466049e+01
-2.093045129965963724e+02 -9.168694264509609582e+01
-2.094403084100746639e+02 -9.167257871201080377e+01
-2.095761038949762280e+02 -9.165821470750223909e+01
-2.097118993084545195e+02 -9.164385077441693284e+01
-2.098476947219328110e+02 -9.162948676990836816e+01
-2.099834902068343467e+02 -9.161512283682306190e+01
-2.101192856203126667e+02 -9.160075883231449723e+01
-2.102550811052142024e+02 -9.158639482780594676e+01
-2.103908765186924938e+02 -9.157203089472064050e+01
-2.105266720035940580e+02 -9.155766689021207583e+01
-2.106624674170723495e+02 -9.154330295712679799e+01
-2.107982629019738852e+02 -9.152893895261820489e+01
-2.109340583154522051e+02 -9.151457501953289864e+01
-2.110698537289304682e+02 -9.150021101502433396e+01
-2.112056492138320323e+02 -9.148584708193905612e+01
-2.113414446273103238e+02 -9.147148307743047724e+01
-2.114772401122118879e+02 -9.145711914434518519e+01
-2.116130355256901794e+02 -9.144275513983662051e+01
-2.117488310105917435e+02 -9.142839113532807005e+01
-2.118846264240700350e+02 -9.141402720224274958e+01
-2.120201779270938687e+02 -9.139764406199593338e+01
-2.121554865910123624e+02 -9.137925149957504800e+01
-2.122907952549308561e+02 -9.136085900857744946e+01
-2.124261039902725088e+02 -9.134246644615659250e+01
-2.125614126541910025e+02 -9.132407388373573554e+01
-2.126967213181094394e+02 -9.130568139273810857e+01
-2.128320300534512057e+02 -9.128728883031723740e+01
-2.129673387173696426e+02 -9.126889626789638044e+01
-2.131026474527114090e+02 -9.125050377689878189e+01
-2.132379561166298174e+02 -9.123211121447791072e+01
-2.133732647805482827e+02 -9.121371865205703955e+01
-2.135085735158900491e+02 -9.119532616105942679e+01
-2.136438821798084859e+02 -9.117693359863856983e+01
-2.137791908437269797e+02 -9.115854103621771287e+01
-2.139144995790687460e+02 -9.114014854522008591e+01
-2.140498082429871829e+02 -9.112175598279922895e+01
-2.141851169069056766e+02 -9.110336342037835777e+01
-2.143204256422473293e+02 -9.108497092938075923e+01
-2.144557343061658230e+02 -9.106657836695988806e+01
-2.145910429700842883e+02 -9.104818587596227530e+01
-2.147263517054260262e+02 -9.102979331354141834e+01
-2.148616603693445199e+02 -9.101140075112054717e+01
-2.149969690332629568e+02 -9.099300826012294863e+01
-2.151322777686046663e+02 -9.097461569770206324e+01
-2.152675864325231032e+02 -9.095622313528120628e+01
-2.154028950964415969e+02 -9.093783064428362195e+01
-2.155382038317833633e+02 -9.091943808186275078e+01
-2.156735124957018002e+02 -9.090104551944186539e+01
-2.158088211596202939e+02 -9.088265302844425264e+01
-2.159441298949620034e+02 -9.086426046602339568e+01
-2.160794385588804971e+02 -9.084586790360253872e+01
-2.162147472227989056e+02 -9.082747541260494017e+01
-2.163500559581406435e+02 -9.080908285018405479e+01
-2.164853646220591372e+02 -9.079069035918645625e+01
-2.166206733574008467e+02 -9.077229779676559929e+01
-2.167559820213193404e+02 -9.075390523434472811e+01
-2.168912906852378342e+02 -9.073551274334712957e+01
-2.170265994205794868e+02 -9.071712018092624419e+01
-2.171619080844979806e+02 -9.069872761850537302e+01
-2.172972167484164174e+02 -9.068033512750778868e+01
-2.174325254837581838e+02 -9.066194256508691751e+01
-2.175678341476766491e+02 -9.064355000266604634e+01
-2.177031428115951144e+02 -9.062515751166844780e+01
-2.178384515469368807e+02 -9.060676494924757662e+01
-2.179737602108553176e+02 -9.058837238682670545e+01
-2.181090688747737545e+02 -9.056997989582910691e+01
-2.182443776101154640e+02 -9.055158733340823574e+01
-2.183796862740339577e+02 -9.053319484241063719e+01
-2.185149949379524514e+02 -9.051480227998976602e+01
-2.186503036732941609e+02 -9.049640971756889485e+01
-2.187856123372126547e+02 -9.047801722657128209e+01
-2.189209210011310915e+02 -9.045962466415042513e+01
-2.190562297364728011e+02 -9.044123210172956817e+01
-2.191915384003912664e+02 -9.042283961073194121e+01
-2.193268470643097316e+02 -9.040444704831108425e+01
-2.194621557996514980e+02 -9.038605448589021307e+01
-2.195974644635699349e+02 -9.036766199489261453e+01
-2.197327731274884286e+02 -9.034926943247175757e+01
-2.198680818628301665e+02 -9.033087687005088640e+01
-2.200033905267485750e+02 -9.031248437905325943e+01
-2.201386992620903129e+02 -9.029409181663240247e+01
-2.202740079260087782e+02 -9.027569925421154551e+01
-2.204093165899272719e+02 -9.025730676321394697e+01
-2.205446253252690099e+02 -9.023891420079307579e+01
-2.206799339891874752e+02 -9.022052170979544883e+01
-2.208152426531059689e+02 -9.020212914737459187e+01
-2.209505513884476215e+02 -9.018373658495373490e+01
-2.210858600523661153e+02 -9.016534409395612215e+01
-2.212211687162845521e+02 -9.014695153153525098e+01
-2.213564774516263185e+02 -9.012855896911437981e+01
-2.214917861155447838e+02 -9.011016647811679547e+01
-2.216270947794632491e+02 -9.009177391569592430e+01
-2.217624035148050154e+02 -9.007338135327505313e+01
-2.218977121787233955e+02 -9.005498886227744038e+01
-2.220330208426418892e+02 -9.003659629985656920e+01
-2.221683295779836271e+02 -9.001820373743571224e+01
-2.223036382419020924e+02 -8.999981124643809949e+01
-2.224389469058205862e+02 -8.998141868401722832e+01
-2.225742556411622957e+02 -8.996302619301964398e+01
-2.227095643050807894e+02 -8.994463363059878702e+01
-2.228448729689992263e+02 -8.992624106817790164e+01
-2.229801817043409358e+02 -8.990784857718030310e+01
-2.231154903682594011e+02 -8.988945601475941771e+01
-2.232507990321778664e+02 -8.987106345233856075e+01
-2.233861077675196327e+02 -8.985267096134097642e+01
-2.235214164314380696e+02 -8.983427839892009104e+01
-2.236567250953565633e+02 -8.981588583649921986e+01
-2.237920338306982444e+02 -8.979749334550162132e+01
-2.239273424946167097e+02 -8.977910078308076436e+01
-2.240626512299584476e+02 -8.976070822065989319e+01
-2.241979598938769129e+02 -8.974231572966228043e+01
-2.243332451309640021e+02 -8.972376567893921617e+01
-2.244680538320183985e+02 -8.970200900925243559e+01
-2.246028624616495790e+02 -8.968025241098889921e+01
-2.247376711627039185e+02 -8.965849574130210442e+01
-2.248724797923350422e+02 -8.963673907161530963e+01
-2.250072884933894102e+02 -8.961498247335178746e+01
-2.251420971230205339e+02 -8.959322580366497846e+01
-2.252769058240748734e+02 -8.957146913397819787e+01
-2.254117144537059971e+02 -8.954971253571464729e+01
-2.255465230833370924e+02 -8.952795586602786670e+01
-2.256813317843914888e+02 -8.950619919634105770e+01
-2.258161404140225557e+02 -8.948444259807753554e+01
-2.259509491150769520e+02 -8.946268592839074074e+01
-2.260857577447080473e+02 -8.944092925870393174e+01
-2.262205664457624437e+02 -8.941917266044040957e+01
-2.263553750753935390e+02 -8.939741599075361478e+01
-2.264901837050246343e+02 -8.937565932106681998e+01
-2.266249924060790022e+02 -8.935390265138002519e+01
-2.267598010357101259e+02 -8.933214605311648882e+01
-2.268946097367644938e+02 -8.931038938342969402e+01
-2.270294183663955891e+02 -8.928863271374289923e+01
-2.271642270674499571e+02 -8.926687611547936285e+01
-2.272990356970810808e+02 -8.924511944579258227e+01
-2.274338443267122329e+02 -8.922336277610577326e+01
-2.275686530277666009e+02 -8.920160617784225110e+01
-2.277034616573976962e+02 -8.917984950815545631e+01
-2.278382703584520925e+02 -8.915809283846866151e+01
-2.279730789880831878e+02 -8.913633624020513935e+01
-2.281078876891375558e+02 -8.911457957051833034e+01
-2.282426963187686511e+02 -8.909282290083153555e+01
-2.283775049483997748e+02 -8.907106630256801338e+01
-2.285123136494541427e+02 -8.904930963288120438e+01
-2.286471222790852380e+02 -8.902755296319440959e+01
-2.287819309801396059e+02 -8.900579629350761479e+01
-2.289167396097707297e+02 -8.898403969524407842e+01
-2.290515483108250976e+02 -8.896228302555729783e+01
-2.291863569404561929e+02 -8.894052635587048883e+01
-2.293211655700873166e+02 -8.891876975760698087e+01
-2.294559742711416845e+02 -8.889701308792015766e+01
-2.295907829007728083e+02 -8.887525641823337708e+01
-2.297255916018271762e+02 -8.885349981996984070e+01
-2.298604002314582715e+02 -8.883174315028304591e+01
-2.299952089325126394e+02 -8.880998648059626532e+01
-2.301300175621437631e+02 -8.878822988233272895e+01
-2.302648261917749153e+02 -8.876647321264591994e+01
-2.303996348928292264e+02 -8.874471654295913936e+01
-2.305344435224603785e+02 -8.872295994469558877e+01
-2.306692522235147749e+02 -8.870120327500882240e+01
-2.308040608531458702e+02 -8.867944660532199919e+01
-2.309388695542002381e+02 -8.865768993563520439e+01
-2.310736781838313334e+02 -8.863593333737168223e+01
-2.312084868134624571e+02 -8.861417666768487322e+01
-2.313432955145168251e+02 -8.859241999799810685e+01
-2.314781041441479204e+02 -8.857066339973455626e+01
-2.316129128452022883e+02 -8.854890673004777568e+01
-2.317477214748334120e+02 -8.852715006036096668e+01
-2.318825301758877799e+02 -8.850539346209743030e+01
-2.320173388055188752e+02 -8.848363679241064972e+01
-2.321521475065732432e+02 -8.846188012272385492e+01
-2.322869561362043669e+02 -8.844012352446030434e+01
-2.324217647658354622e+02 -8.841836685477353797e+01
-2.325565734668898301e+02 -8.839661018508671475e+01
-2.326913820965209254e+02 -8.837485358682320680e+01
-2.328261907975753218e+02 -8.835309691713639779e+01
-2.329609994272064171e+02 -8.833134024744961721e+01
-2.330958081282607850e+02 -8.830958364918608083e+01
-2.332306167578918803e+02 -8.828782697949928604e+01
-2.333654253875230609e+02 -8.826607030981247703e+01
-2.335002340885774572e+02 -8.824431364012568224e+01
-2.336350427182085241e+02 -8.822255704186214587e+01
-2.337698514192629204e+02 -8.820080037217536528e+01
-2.339046600488940157e+02 -8.817904370248855628e+01
-2.340394687499484121e+02 -8.815728710422503411e+01
-2.341742773795795074e+02 -8.813553043453823932e+01
-2.343090860092106027e+02 -8.811377376485144453e+01
-2.344438947102649706e+02 -8.809201716658792236e+01
-2.345787033398960943e+02 -8.807026049690111336e+01
-2.347135120409504623e+02 -8.804850382721431856e+01
-2.348483206705815576e+02 -8.802674722895079640e+01
-2.349831293716359255e+02 -8.800499055926398739e+01
-2.351179380012670492e+02 -8.798323388957720681e+01
-2.352527466308981445e+02 -8.796147729131367043e+01
-2.353872393554223947e+02 -8.793788604360872796e+01
-2.355215580928699524e+02 -8.791328529945793946e+01
-2.356558768303175384e+02 -8.788868448388386412e+01
-2.357901955677650960e+02 -8.786408366830977457e+01
-2.359245143052127105e+02 -8.783948285273571344e+01
-2.360588331140834839e+02 -8.781488210858491072e+01
-2.361931518515311268e+02 -8.779028129301084959e+01
-2.363274705889786844e+02 -8.776568047743678846e+01
-2.364617893264262420e+02 -8.774107966186268470e+01
-2.365961080638737997e+02 -8.771647884628862357e+01
-2.367304268727446299e+02 -8.769187810213782086e+01
-2.368647456101922160e+02 -8.766727728656374552e+01
-2.369990643476397452e+02 -8.764267647098969860e+01
-2.371333830850873312e+02 -8.761807565541563747e+01
-2.372677018939581899e+02 -8.759347491126480634e+01
-2.374020206314057191e+02 -8.756887409569074521e+01
-2.375363393688533051e+02 -8.754427328011666987e+01
-2.376706581063008628e+02 -8.751967246454259453e+01
-2.378049768437484204e+02 -8.749507164896853340e+01
-2.379392956526192506e+02 -8.747047090481773068e+01
-2.380736143900668083e+02 -8.744587008924365534e+01
-2.382079331275143943e+02 -8.742126927366959421e+01
-2.383422518649619519e+02 -8.739666845809551887e+01
-2.384765706024095095e+02 -8.737206771394470195e+01
-2.386108894112803398e+02 -8.734746689837064082e+01
-2.387452081487279258e+02 -8.732286608279657969e+01
-2.388795268861754550e+02 -8.729826526722250435e+01
-2.390138456236230411e+02 -8.727366445164844322e+01
-2.391481643610705987e+02 -8.724906370749761209e+01
-2.392824831699414290e+02 -8.722446289192355096e+01
-2.394168019073890150e+02 -8.719986207634948983e+01
-2.395511206448365442e+02 -8.717526126077542870e+01
-2.396854393822841303e+02 -8.715066051662462598e+01
-2.398197581911549605e+02 -8.712605970105053643e+01
-2.399540769286025181e+02 -8.710145888547646109e+01
-2.400883956660500758e+02 -8.707685806990239996e+01
-2.402227144034977186e+02 -8.705225725432833883e+01
-2.403570331409452763e+02 -8.702765651017753612e+01
-2.404913519498161065e+02 -8.700305569460347499e+01
-2.406256706872636926e+02 -8.697845487902938544e+01
-2.407599894247112218e+02 -8.695385406345531010e+01
-2.408943081621588078e+02 -8.692925324788124897e+01
-2.410286268996063654e+02 -8.690465250373044626e+01
-2.411629457084771957e+02 -8.688005168815635670e+01
-2.412972644459247817e+02 -8.685545087258230978e+01
-2.414315831833723109e+02 -8.683085005700823444e+01
-2.415659019208198970e+02 -8.680624931285743173e+01
-2.417002206582674546e+02 -8.678164849728337060e+01
-2.418345394671382849e+02 -8.675704768170929526e+01
-2.419688582045858709e+02 -8.673244686613520571e+01
-2.421031769420334001e+02 -8.670784605056114458e+01
-2.422374956794809862e+02 -8.668324530641034187e+01
-2.423718144883518164e+02 -8.665864449083628074e+01
-2.425061332257993740e+02 -8.663404367526221961e+01
-2.426404519632469317e+02 -8.660944285968813006e+01
-2.427747707006945177e+02 -8.658484211553732735e+01
-2.429090894381420753e+02 -8.656024129996326621e+01
-2.430434082470129056e+02 -8.653564048438919087e+01
-2.431777269844604916e+02 -8.651103966881512974e+01
-2.433120457219080208e+02 -8.648643885324106861e+01
-2.434463644593556069e+02 -8.646183810909023748e+01
-2.435806831968031361e+02 -8.643723729351617635e+01
-2.437150020056739947e+02 -8.641263647794210101e+01
-2.438493207431215524e+02 -8.638803566236802567e+01
-2.439836394805691100e+02 -8.636343491821723717e+01
-2.441179582180167529e+02 -8.633883410264316183e+01
-2.442522769554643105e+02 -8.631423328706908649e+01
-2.443865957643351408e+02 -8.628963247149502536e+01
-2.445208234371181391e+02 -8.626455869105151919e+01
-2.446546747807110478e+02 -8.623753019865597480e+01
-2.447885261243039849e+02 -8.621050163483712936e+01
-2.449223775393201379e+02 -8.618347314244157076e+01
-2.450562288829130466e+02 -8.615644465004604058e+01
-2.451900802265059838e+02 -8.612941608622720935e+01
-2.453239315700988641e+02 -8.610238759383165075e+01
-2.454577829136917728e+02 -8.607535910143609215e+01
-2.455916342572847100e+02 -8.604833053761726092e+01
-2.457254856723008629e+02 -8.602130204522171653e+01
-2.458593370158937716e+02 -8.599427348140287108e+01
-2.459931883594867088e+02 -8.596724498900732669e+01
-2.461270397030795607e+02 -8.594021649661176809e+01
-2.462608910466724979e+02 -8.591318793279293686e+01
-2.463947424616887076e+02 -8.588615944039739247e+01
-2.465285938052815595e+02 -8.585913094800181966e+01
-2.466624451488744967e+02 -8.583210238418300264e+01
-2.467962964924674338e+02 -8.580507389178744404e+01
-2.469301478360602857e+02 -8.577804539939188544e+01
-2.470639992510764955e+02 -8.575101683557306842e+01
-2.471978505946693758e+02 -8.572398834317749561e+01
-2.473317019382622846e+02 -8.569695977935867859e+01
-2.474655532818552217e+02 -8.566993128696311999e+01
-2.475994046254481020e+02 -8.564290279456757560e+01
-2.477332560404642834e+02 -8.561587423074875858e+01
-2.478671073840572205e+02 -8.558884573835317155e+01
-2.480009587276501009e+02 -8.556181724595762716e+01
-2.481348100712430096e+02 -8.553478868213879593e+01
-2.482686614148359467e+02 -8.550776018974323733e+01
-2.484025127584288271e+02 -8.548073162592443452e+01
-2.485363641734450084e+02 -8.545370313352887592e+01
-2.486702155170379456e+02 -8.542667464113331732e+01
-2.488040668606308259e+02 -8.539964607731450030e+01
-2.489379182042237346e+02 -8.537261758491891328e+01
-2.490717695478166718e+02 -8.534558909252336889e+01
-2.492056209628328247e+02 -8.531856052870455187e+01
-2.493394723064257334e+02 -8.529153203630899327e+01
-2.494733236500186706e+02 -8.526450354391343467e+01
-2.496071749936115509e+02 -8.523747498009460344e+01
-2.497410263372044597e+02 -8.521044648769905905e+01
-2.498748777522206694e+02 -8.518341792388022782e+01
-2.500087290958135497e+02 -8.515638943148466922e+01
-2.501425804394064585e+02 -8.512936093908911062e+01
-2.502764317829993956e+02 -8.510233237527027939e+01
-2.504102831265922759e+02 -8.507530388287473500e+01
-2.505441345416084573e+02 -8.504827539047916218e+01
-2.506779858852013945e+02 -8.502124682666034516e+01
-2.508118372287942748e+02 -8.499421833426480077e+01
-2.509456885723871835e+02 -8.496718977044595533e+01
-2.510795399159801207e+02 -8.494016127805041094e+01
-2.512133912595730010e+02 -8.491313278565483813e+01
-2.513472426745891823e+02 -8.488610422183602111e+01
-2.514810940181820627e+02 -8.485907572944046251e+01
-2.516146708821625850e+02 -8.483074033411817538e+01
-2.517480858295984376e+02 -8.480163413890601021e+01
-2.518815008484575344e+02 -8.477252794369381661e+01
-2.520149157958933586e+02 -8.474342167705837880e+01
-2.521483307433292111e+02 -8.471431548184617100e+01
-2.522817457621882511e+02 -8.468520928663402003e+01
-2.524151607096240753e+02 -8.465610309142182643e+01
-2.525485757284832005e+02 -8.462699689620963284e+01
-2.526819906759190246e+02 -8.459789062957419503e+01
-2.528154056233548488e+02 -8.456878443436201565e+01
-2.529488206422138887e+02 -8.453967823914982205e+01
-2.530822355896497413e+02 -8.451057204393765687e+01
-2.532156505370855655e+02 -8.448146584872546327e+01
-2.533490655559446623e+02 -8.445235958209001126e+01
-2.534824805033805148e+02 -8.442325338687784608e+01
-2.536158954508163390e+02 -8.439414719166563827e+01
-2.537493104696753790e+02 -8.436504099645347310e+01
-2.538827254171112315e+02 -8.433593480124127950e+01
-2.540161404359703283e+02 -8.430682853460584170e+01
-2.541495553834061525e+02 -8.427772233939364810e+01
-2.542829703308419766e+02 -8.424861614418148292e+01
-2.544163853497011019e+02 -8.421950994896928933e+01
-2.545498002971368692e+02 -8.419040375375710994e+01
-2.546832152445726933e+02 -8.416129748712165792e+01
-2.548166302634318185e+02 -8.413219129190947854e+01
-2.549500452108676427e+02 -8.410308509669729915e+01
-2.550834601583034669e+02 -8.407397890148511976e+01
-2.552168751771625921e+02 -8.404487270627294038e+01
-2.553502901245983594e+02 -8.401576643963748836e+01
-2.554837051434574562e+02 -8.398666024442530897e+01
-2.556171200908933088e+02 -8.395755404921310117e+01
-2.557505350383291329e+02 -8.392844785400095020e+01
-2.558839500571882297e+02 -8.389934165878875660e+01
-2.560173650046240823e+02 -8.387023539215330459e+01
-2.561504417628939905e+02 -8.383962395160389747e+01
-2.562834830238004997e+02 -8.380885487990573779e+01
-2.564165243561303100e+02 -8.377808580820759232e+01
-2.565495656884601203e+02 -8.374731673650944686e+01
-2.566826069493666296e+02 -8.371654766481132981e+01
-2.568156482816964967e+02 -8.368577859311317013e+01
-2.569486896140263070e+02 -8.365500952141501045e+01
-2.570817309463561173e+02 -8.362424044971686499e+01
-2.572147722072626266e+02 -8.359347137801871952e+01
-2.573478135395924369e+02 -8.356270230632060247e+01
-2.574808548719223609e+02 -8.353193323462244280e+01
-2.576138962042521143e+02 -8.350116416292428312e+01
