-1.748506622083162085e+02 -6.587951369275994729e-02
-1.748357462448056765e+02 3.047415289916405867e-01
-1.748201218339167440e+02 6.753325024809789801e-01
-1.748035308519650073e+02 1.045882407592159558e+00
-1.747869398700132137e+02 1.416432312703372220e+00
-1.747703489594848065e+02 1.786982217814553131e+00
-1.747537579775330130e+02 2.157532122925734264e+00
-1.747371669955812763e+02 2.528082028036946483e+00
-1.747205760136295396e+02 2.898631933148127615e+00
-1.747036178446657004e+02 3.269164339559075927e+00
-1.746849076629796116e+02 3.639613252171728153e+00
-1.746661974812935512e+02 4.010062164784380379e+00
-1.746474873710306781e+02 4.380511148820304790e+00
-1.746287771893445893e+02 4.750960061432957460e+00
-1.746100670076585288e+02 5.121408974045578155e+00
-1.745913568259723831e+02 5.491857958081501678e+00
-1.745726466442862943e+02 5.862306870694153460e+00
-1.745539364626002339e+02 6.232755783306806130e+00
-1.745352263523373608e+02 6.603204767342699455e+00
-1.745165161706512720e+02 6.973653679955351237e+00
-1.744978059889651831e+02 7.344102592568003018e+00
-1.744766477034033869e+02 7.714419586407797347e+00
-1.744554217085851917e+02 8.084732866237754223e+00
-1.744341956423437807e+02 8.455046146067711987e+00
-1.744129696475255855e+02 8.825359497320908631e+00
-1.743917435812841177e+02 9.195672777150866395e+00
-1.743705175864659225e+02 9.565986056980793961e+00
-1.743492915202244262e+02 9.936299408234022579e+00
-1.743280655254062026e+02 1.030661268806398034e+01
-1.743068394591647348e+02 1.067692596789390436e+01
-1.742856134643465396e+02 1.104723924772386212e+01
-1.742643873981050717e+02 1.141755259897706054e+01
-1.742431614032869334e+02 1.178786587880701653e+01
-1.742219353370454655e+02 1.215817915863697429e+01
-1.742007093422272703e+02 1.252849250989017094e+01
-1.741778486831132682e+02 1.289870544003098729e+01
-1.741536166258631226e+02 1.326883416214081457e+01
-1.741293844971896760e+02 1.363896295567391448e+01
-1.741051524399395305e+02 1.400909167778374353e+01
-1.740809203112660839e+02 1.437922039989357081e+01
-1.740566882540159099e+02 1.474934919342667072e+01
-1.740324561253424349e+02 1.511947791553649978e+01
-1.740082240680922609e+02 1.548960670906959791e+01
-1.739839919394188428e+02 1.585973543117942697e+01
-1.739597598821686688e+02 1.622986415328925602e+01
-1.739355277534952222e+02 1.659999294682235416e+01
-1.739112956962450767e+02 1.697012166893218321e+01
-1.738870635675716301e+02 1.734025039104201227e+01
-1.738628315103214845e+02 1.771037918457511040e+01
-1.738385993816480379e+02 1.808050790668493946e+01
-1.738143673243978640e+02 1.845063670021803759e+01
-1.737901351957244458e+02 1.882076542232786664e+01
-1.737636941596941824e+02 1.919073865598697637e+01
-1.737358173731647355e+02 1.956061075430100971e+01
-1.737079405152121012e+02 1.993048285261501462e+01
-1.736800637286827396e+02 2.030035487950577533e+01
-1.736521868707301053e+02 2.067022697781978380e+01
-1.736243100842006584e+02 2.104009907613381714e+01
-1.735964332262480525e+02 2.140997117444785047e+01
-1.735685564397186624e+02 2.177984327276185539e+01
-1.735406795817660282e+02 2.214971537107589228e+01
-1.735128027952365812e+02 2.251958746938989719e+01
-1.734849259372839754e+02 2.288945956770393053e+01
-1.734570490793313127e+02 2.325933166601793189e+01
-1.734291722928019510e+02 2.362920376433196878e+01
-1.734012954348492599e+02 2.399907586264597370e+01
-1.733734186483198982e+02 2.436894796096000704e+01
-1.733455417903672355e+02 2.473882005927401195e+01
-1.733176650038379023e+02 2.510869215758804529e+01
-1.732897881458851828e+02 2.547856425590208573e+01
-1.732619113593558211e+02 2.584843635421608710e+01
-1.732300718671656341e+02 2.621798547651990319e+01
-1.731976899152679437e+02 2.658749045924514220e+01
-1.731653079633702816e+02 2.695699537054714057e+01
-1.731329260114725912e+02 2.732650028184911051e+01
-1.731005440595749008e+02 2.769600526457434952e+01
-1.730681621076771535e+02 2.806551017587635144e+01
-1.730357801557794630e+02 2.843501508717831783e+01
-1.730033982038817726e+02 2.880451999848028777e+01
-1.729710162519841106e+02 2.917402498120555521e+01
-1.729386343715096359e+02 2.954352989250752515e+01
-1.729062524196119170e+02 2.991303480380949154e+01
-1.728738704677142550e+02 3.028253978653476253e+01
-1.728414885158165646e+02 3.065204469783673247e+01
-1.728091065639188173e+02 3.102154960913869886e+01
-1.727767246120211269e+02 3.139105459186397340e+01
-1.727443426601234648e+02 3.176055950316593979e+01
-1.727119607082257744e+02 3.213006441446790973e+01
-1.726795787563280555e+02 3.249956932576990454e+01
-1.726471968044303367e+02 3.286907430849514355e+01
-1.726143451017102279e+02 3.323853436598587763e+01
-1.725762578593005685e+02 3.360749488915215011e+01
-1.725381706168909375e+02 3.397645541231837996e+01
-1.725000834459045791e+02 3.434541586406138691e+01
-1.724619962034950049e+02 3.471437638722761676e+01
-1.724239089610853739e+02 3.508333691039388924e+01
-1.723858217186757429e+02 3.545229736213688199e+01
-1.723477344762661119e+02 3.582125788530312605e+01
-1.723096473052797251e+02 3.619021833704611879e+01
-1.722715600628700940e+02 3.655917886021235574e+01
-1.722334728204605199e+02 3.692813938337862822e+01
-1.721953855780508889e+02 3.729709983512159255e+01
-1.721572984070645020e+02 3.766606035828786503e+01
-1.721192111646548710e+02 3.803502088145409488e+01
-1.720811239222452400e+02 3.840398133319710183e+01
-1.720430366798356374e+02 3.877294185636336721e+01
-1.720049494374260064e+02 3.914190237952960416e+01
-1.719668622664396480e+02 3.951086283127259691e+01
-1.719287750240300170e+02 3.987982335443883386e+01
-1.718906877816203860e+02 4.024878380618183371e+01
-1.718526005392107550e+02 4.061774432934807066e+01
-1.718075854542400123e+02 4.098591883946870951e+01
-1.717620477652296529e+02 4.135403406827833805e+01
-1.717165101476426798e+02 4.172214922566465845e+01
-1.716709724586323773e+02 4.209026445447427989e+01
-1.716254347696221032e+02 4.245837968328387291e+01
-1.715798971520350449e+02 4.282649484067022883e+01
-1.715343594630247424e+02 4.319461006947985737e+01
-1.714888218454377409e+02 4.356272529828944329e+01
-1.714432841564274668e+02 4.393084052709907183e+01
-1.713977464674171642e+02 4.429895568448539223e+01
-1.713522088498301059e+02 4.466707091329501367e+01
-1.713066711608198318e+02 4.503518614210460669e+01
-1.712611334718095293e+02 4.540330129949096261e+01
-1.712155958542225278e+02 4.577141652830059115e+01
-1.711700581652122821e+02 4.613953175711017707e+01
-1.711245204762018943e+02 4.650764691449653299e+01
-1.710789828586148928e+02 4.687576214330612601e+01
-1.710334451696046472e+02 4.724387737211574745e+01
-1.709879074805943446e+02 4.761199260092534757e+01
-1.709410161778411350e+02 4.797992134358665339e+01
-1.708853545265261289e+02 4.834664231881486529e+01
-1.708296928752110375e+02 4.871336329404303456e+01
-1.707740312238960314e+02 4.908008426927124646e+01
-1.707183695725809685e+02 4.944680524449945835e+01
-1.706627079212659339e+02 4.981352614830436210e+01
-1.706070462699508994e+02 5.018024712353256689e+01
-1.705513846186358933e+02 5.054696809876075037e+01
-1.704957229673208019e+02 5.091368907398895516e+01
-1.704400613160057958e+02 5.128041004921716706e+01
-1.703843996646907044e+02 5.164713102444535053e+01
-1.703287380133756983e+02 5.201385199967355533e+01
-1.702730763620606069e+02 5.238057290347845907e+01
-1.702174146393223282e+02 5.274729387870667097e+01
-1.701617529880072652e+02 5.311401485393487576e+01
-1.701060913366922307e+02 5.348073582916305213e+01
-1.700504296853771677e+02 5.384745680439126403e+01
-1.699947680340621616e+02 5.421417777961944751e+01
-1.699391063827470703e+02 5.458089868342437967e+01
-1.698695604055799606e+02 5.494482615186111474e+01
-1.697790622703976169e+02 5.530453793342780955e+01
-1.696885642066384889e+02 5.566424971499454699e+01
-1.695980660714561452e+02 5.602396149656127022e+01
-1.695075680076970741e+02 5.638367334955128030e+01
-1.694170699439379462e+02 5.674338513111797511e+01
-1.693265718087556024e+02 5.710309691268470544e+01
-1.692360737449965313e+02 5.746280876567470841e+01
-1.691455756812374034e+02 5.782252054724140322e+01
-1.690550775460550597e+02 5.818223232880814066e+01
-1.689645794822959886e+02 5.854194411037486390e+01
-1.688740813471135880e+02 5.890165596336483844e+01
-1.687835832833545169e+02 5.926136774493156878e+01
-1.686930852195954458e+02 5.962107952649829912e+01
-1.685865723453737530e+02 5.997636813660641764e+01
-1.684796227893020557e+02 6.033153604139449300e+01
-1.683726731618070005e+02 6.068670401760584809e+01
-1.682657236057351895e+02 6.104187199381716766e+01
-1.681587739782401911e+02 6.139703989860524302e+01
-1.680518244221684085e+02 6.175220787481659102e+01
-1.679448747946734386e+02 6.210737577960467348e+01
-1.678379252386016276e+02 6.246254375581602147e+01
-1.677309756111065724e+02 6.281771166060406841e+01
-1.676240260550348466e+02 6.317287963681541640e+01
-1.675170764275398199e+02 6.352804761302676440e+01
-1.674101268714680089e+02 6.388321551781484686e+01
-1.673031772439730105e+02 6.423838349402616643e+01
-1.671885424016009836e+02 6.459105294153587806e+01
-1.670661870612584323e+02 6.494121236119802631e+01
-1.669438317209158527e+02 6.529137185228346141e+01
-1.668214763805733014e+02 6.564153134336888229e+01
-1.666991210402307217e+02 6.599169083445427475e+01
-1.665767657713114431e+02 6.634185032553970984e+01
-1.664544104309689203e+02 6.669200974520185810e+01
-1.663320550906263406e+02 6.704216923628729319e+01
-1.662096997502837610e+02 6.739232872737271407e+01
-1.660873444099412097e+02 6.774248821845813495e+01
-1.659649891410219027e+02 6.809264770954357004e+01
-1.658426338006793515e+02 6.844280712920573251e+01
-1.657202784603368002e+02 6.879296662029115339e+01
-1.655959544805052701e+02 6.914239038031043094e+01
-1.654586757486324586e+02 6.948697278564691260e+01
-1.653213970167597040e+02 6.983155519098342268e+01
-1.651841182134636767e+02 7.017613759631994697e+01
-1.650468394815908368e+02 7.052072000165642862e+01
-1.649095607497180822e+02 7.086530240699293870e+01
-1.647722820178453276e+02 7.120988481232942036e+01
-1.646350032859725161e+02 7.155446721766591622e+01
-1.644977245540997615e+02 7.189904962300244051e+01
-1.643604457508037342e+02 7.224363202833893638e+01
-1.642231670189309511e+02 7.258821443367543225e+01
-1.640858882870581397e+02 7.293279683901192811e+01
-1.639486095551853850e+02 7.327737924434845240e+01
-1.638108345030350961e+02 7.362175116531915364e+01
-1.636585622419846118e+02 7.395997540006649729e+01
-1.635062899809340706e+02 7.429819963481382672e+01
-1.633540177198835863e+02 7.463642386956118457e+01
-1.632017454588331020e+02 7.497464817573180085e+01
-1.630494731977826461e+02 7.531287241047913028e+01
-1.628972009367320766e+02 7.565109664522645971e+01
-1.627449286756816207e+02 7.598932087997380336e+01
-1.625926564146311364e+02 7.632754518614440542e+01
-1.624403841535806237e+02 7.666576942089173485e+01
-1.622881118925301109e+02 7.700399365563906429e+01
-1.621358396314796266e+02 7.734221789038640793e+01
-1.619835673704291423e+02 7.768044212513376578e+01
-1.618255900331365353e+02 7.801593556271743068e+01
-1.616576540069773671e+02 7.834666199723854163e+01
-1.614897179808181704e+02 7.867738843175966679e+01
-1.613217819546590306e+02 7.900811486628079194e+01
-1.611538459284998623e+02 7.933884130080190289e+01
-1.609859099023406372e+02 7.966956773532302805e+01
-1.608179738761814974e+02 8.000029416984413899e+01
-1.606500378500223007e+02 8.033102060436524994e+01
-1.604821018238631325e+02 8.066174703888637509e+01
-1.603141657262807769e+02 8.099247347340750025e+01
-1.601462297001215518e+02 8.132319990792862541e+01
-1.599782936739623835e+02 8.165392634244973635e+01
-1.598054741533933623e+02 8.198201025896433691e+01
-1.596204839654004957e+02 8.230350845036336693e+01
-1.594354937774076006e+02 8.262500671318562695e+01
-1.592505035894147341e+02 8.294650497600791539e+01
-1.590655134014219243e+02 8.326800316740691699e+01
-1.588805232134290577e+02 8.358950143022920543e+01
-1.586955329540128901e+02 8.391099962162822123e+01
-1.585105427660200235e+02 8.423249788445048125e+01
-1.583255525780271853e+02 8.455399614727278390e+01
-1.581405623900343471e+02 8.487549433867177129e+01
-1.579555722020414237e+02 8.519699260149405973e+01
-1.577705820140485855e+02 8.551849079289308975e+01
-1.575670369185505422e+02 8.582854033466729504e+01
-1.573626650273218388e+02 8.613807970005036907e+01
-1.571582931360931639e+02 8.644761906543342889e+01
-1.569539212448644605e+02 8.675715843081646028e+01
-1.567495493536357287e+02 8.706669779619953431e+01
-1.565451774624069969e+02 8.737623716158256570e+01
-1.563408055711783504e+02 8.768577652696563973e+01
-1.561364336799496186e+02 8.799531589234865692e+01
-1.559320618601441879e+02 8.830485525773173094e+01
-1.557276899689154845e+02 8.861439462311477655e+01
-1.555111792650397433e+02 8.891523720590024027e+01
-1.552838177957013954e+02 8.920830586611198498e+01
-1.550564563263631044e+02 8.950137459774701654e+01
-1.548290948570247281e+02 8.979444325795874704e+01
-1.546017333876863802e+02 9.008751191817049175e+01
-1.543743719183480323e+02 9.038058057838223647e+01
-1.541470104490097128e+02 9.067364931001726802e+01
-1.539196490510945807e+02 9.096671797022901274e+01
-1.536922875817562897e+02 9.125978663044074324e+01
-1.534610797552579413e+02 9.154954810772980522e+01
-1.532053961039016201e+02 9.181826421964112228e+01
-1.529497124525452421e+02 9.208698040297572618e+01
-1.526940288726121366e+02 9.235569651488705745e+01
-1.524383452212557586e+02 9.262441269822164713e+01
-1.521826616413226532e+02 9.289312881013296419e+01
-1.519269779899663035e+02 9.316184499346756809e+01
-1.516712943386099539e+02 9.343056110537889936e+01
-1.514156107586768485e+02 9.369927728871350325e+01
-1.510570694615981893e+02 9.372620021752146613e+01
-1.506861546550195214e+02 9.372403602112933640e+01
-1.503152398484407968e+02 9.372187175331396247e+01
-1.499443249704387711e+02 9.371970755692184696e+01
-1.495734101638600748e+02 9.371754328910647303e+01
-1.492024953572813786e+02 9.371537909271437172e+01
-1.488315805507026823e+02 9.371321489632224200e+01
-1.484606657441239292e+02 9.371105062850686807e+01
-1.480897509375452330e+02 9.370888643211475255e+01
-1.477188361309665368e+02 9.370672216429937862e+01
-1.473479212529645395e+02 9.370455796790727732e+01
-1.469770064463858148e+02 9.370239377151516180e+01
-1.466060916398070901e+02 9.370022950369978787e+01
-1.462351768332284223e+02 9.369806530730764393e+01
-1.458642620266496976e+02 9.369590103949228421e+01
-1.454933472200709730e+02 9.369373684310018291e+01
-1.451224324134922483e+02 9.369157264670806740e+01
-1.447515175354903079e+02 9.368940837889269346e+01
-1.443806027289115832e+02 9.368724418250056374e+01
-1.440096879223328585e+02 9.368507991468520402e+01
-1.436387731157541339e+02 9.368291571829310271e+01
-1.432678583091754376e+02 9.368075152190095878e+01
-1.428969435025967414e+02 9.367858725408559906e+01
-1.425260286245947157e+02 9.367642305769346933e+01
-1.421551138180160194e+02 9.367425878987809540e+01
-1.417841990114373232e+02 9.367209459348600831e+01
-1.414132842048586269e+02 9.366993039709386437e+01
-1.410423693982798738e+02 9.366776612927851886e+01
-1.406714545917011776e+02 9.366560193288637493e+01
-1.403005397851224814e+02 9.366343766507100099e+01
-1.399296249071204841e+02 9.366127346867891390e+01
-1.395587101005417594e+02 9.365910927228678418e+01
-1.391877952939630347e+02 9.365694500447141024e+01
-1.388168804873843669e+02 9.365478080807928052e+01
-1.384464968556370934e+02 9.363664758353837669e+01
-1.380762579988506502e+02 9.361415982529771895e+01
-1.377060192134874228e+02 9.359167199563383122e+01
-1.373357803567010080e+02 9.356918423739321611e+01
-1.369655415713377522e+02 9.354669647915257258e+01
-1.365953027145513090e+02 9.352420864948869905e+01
-1.362250639291880816e+02 9.350172089124806973e+01
-1.358548250724016668e+02 9.347923313300742620e+01
-1.354845862870384110e+02 9.345674530334353847e+01
-1.351143474302519678e+02 9.343425754510289494e+01
-1.347441086448887688e+02 9.341176978686229404e+01
-1.343738697881023256e+02 9.338928195719839209e+01
-1.340036310027391551e+02 9.336679419895774856e+01
-1.336333921459526550e+02 9.334430644071713346e+01
-1.332631533605894845e+02 9.332181861105325993e+01
-1.328929145038029844e+02 9.329933085281260219e+01
-1.325226757184398139e+02 9.327684309457198708e+01
-1.321524368616533138e+02 9.325435526490809934e+01
-1.317821980048668706e+02 9.323186750666745581e+01
-1.314119592195036432e+02 9.320937974842684071e+01
-1.310417203627172285e+02 9.318689199018618297e+01
-1.306714815773540579e+02 9.316440416052230944e+01
-1.303012427205675294e+02 9.314191640228169433e+01
-1.299310039352043589e+02 9.311942864404105080e+01
-1.295607650784178873e+02 9.309694081437714885e+01
-1.291905262930547167e+02 9.307445305613654796e+01
-1.288202874362682167e+02 9.305196529789590443e+01
-1.284500486509050461e+02 9.302947746823201669e+01
-1.280798097941185461e+02 9.300698970999137316e+01
-1.277095710087553755e+02 9.298450195175074384e+01
-1.273393321519688755e+02 9.296201412208687032e+01
-1.269690933666057191e+02 9.293952636384622679e+01
-1.265988545098192617e+02 9.291703860560561168e+01
-1.262286157244560485e+02 9.289455077594170973e+01
-1.258583768676696053e+02 9.287206301770106620e+01
-1.254887100398228910e+02 9.284261013395429529e+01
-1.251197621585747868e+02 9.280440047206623433e+01
-1.247508143487499552e+02 9.276619088160141757e+01
-1.243818664675017942e+02 9.272798129113664345e+01
-1.240129186576769484e+02 9.268977162924858249e+01
-1.236439707764288585e+02 9.265156203878376573e+01
-1.232750229666039701e+02 9.261335244831899161e+01
-1.229060750853558659e+02 9.257514278643090222e+01
-1.225371272755310343e+02 9.253693319596612810e+01
-1.221681793942829302e+02 9.249872360550135397e+01
-1.217992315844580418e+02 9.246051401503653722e+01
-1.214302837032099376e+02 9.242230435314847625e+01
-1.210613358933851060e+02 9.238409476268367371e+01
-1.206923880121370019e+02 9.234588517221888537e+01
-1.203234402023120992e+02 9.230767551033082441e+01
-1.199544923924872677e+02 9.226946591986602186e+01
-1.195855445112391635e+02 9.223125632940124774e+01
-1.192165967014142751e+02 9.219304666751315835e+01
-1.188476488201661709e+02 9.215483707704837002e+01
-1.184787010103413252e+02 9.211662748658359590e+01
-1.181097531290932352e+02 9.207841782469552072e+01
-1.177408053192683326e+02 9.204020823423071818e+01
-1.173718574380202284e+02 9.200199864376591563e+01
-1.170029096281953969e+02 9.196378898187786888e+01
-1.166339617469472927e+02 9.192557939141309475e+01
-1.162650139371224185e+02 9.188736980094826379e+01
-1.158960660558743143e+02 9.184916013906021703e+01
-1.155271182460494828e+02 9.181095054859544291e+01
-1.151581704362245802e+02 9.177274095813062615e+01
-1.147892225549764760e+02 9.173453136766583782e+01
-1.144202747451516444e+02 9.169632170577776265e+01
-1.140513268639035402e+02 9.165811211531298852e+01
-1.136823790540786518e+02 9.161990252484815755e+01
-1.133134311728305477e+02 9.158169286296011080e+01
-1.129444833630057161e+02 9.154348327249533668e+01
-1.125755354817575409e+02 9.150527368203051992e+01
-1.122079340005024477e+02 9.145593341832248768e+01
-1.118405164341580473e+02 9.140507276754476607e+01
-1.114730988678136612e+02 9.135421204534380024e+01
-1.111056813014692040e+02 9.130335139456607862e+01
-1.107382637351248178e+02 9.125249067236507017e+01
-1.103708460973571448e+02 9.120163002158734855e+01
-1.100034285310127586e+02 9.115076929938638273e+01
-1.096360109646683583e+02 9.109990864860864690e+01
-1.092685933983239153e+02 9.104904792640766686e+01
-1.089011758319795149e+02 9.099818727562993104e+01
-1.085337582656351287e+02 9.094732655342893679e+01
-1.081663406992907284e+02 9.089646590265120096e+01
-1.077989230615230696e+02 9.084560518045023514e+01
-1.074315054951786124e+02 9.079474452967251352e+01
-1.070640879288342262e+02 9.074388380747150507e+01
-1.066966703624898258e+02 9.069302315669378345e+01
-1.063292527961454397e+02 9.064216243449283184e+01
-1.059618352298010535e+02 9.059130178371509601e+01
-1.055944175920333237e+02 9.054044106151410176e+01
-1.052270000256889375e+02 9.048958041073636593e+01
-1.048595824593445371e+02 9.043871968853537169e+01
-1.044921648930001510e+02 9.038785903775765007e+01
-1.041247473266557506e+02 9.033699831555667004e+01
-1.037573297603112934e+02 9.028613766477896263e+01
-1.033899121939669072e+02 9.023527694257796838e+01
-1.030224945561992484e+02 9.018441629180023256e+01
-1.026550769898548481e+02 9.013355556959926673e+01
-1.022876594235104619e+02 9.008269491882153091e+01
-1.019202418571660047e+02 9.003183419662053666e+01
-1.015528242908216185e+02 8.998097354584280083e+01
-1.011854067244772182e+02 8.993011282364180659e+01
-1.008179891581328320e+02 8.987925217286409918e+01
-1.004505715203651732e+02 8.982839145066311914e+01
-1.000831539540207160e+02 8.977753079988539753e+01
-9.971599129731377786e+01 8.972500655838905459e+01
-9.935020132436179097e+01 8.966352319663799619e+01
-9.898441142283300564e+01 8.960203983488698043e+01
-9.861862144988101875e+01 8.954055647313592203e+01
-9.825283154835230448e+01 8.947907311138489206e+01
-9.788704157540031758e+01 8.941758974963383366e+01
-9.752125167387158911e+01 8.935610638788283211e+01
-9.715546170091961642e+01 8.929462295470850108e+01
-9.678967172796762952e+01 8.923313959295747111e+01
-9.642388182643890104e+01 8.917165623120641271e+01
-9.605809185348684309e+01 8.911017286945539695e+01
-9.569230195195814304e+01 8.904868950770433855e+01
-9.532651197900614193e+01 8.898720614595330858e+01
-9.496072207747742766e+01 8.892572278420225018e+01
-9.459493210452545497e+01 8.886423942245123442e+01
-9.422914220299672650e+01 8.880275606070017602e+01
-9.386335223004473960e+01 8.874127269894916026e+01
-9.349756225709273849e+01 8.867978933719814449e+01
-9.313177235556396738e+01 8.861830597544708610e+01
-9.276598238261198048e+01 8.855682254227278349e+01
-9.240019248108326622e+01 8.849533918052172510e+01
-9.203440250813127932e+01 8.843385581877070933e+01
-9.166861260660256505e+01 8.837237245701965094e+01
-9.130282263365056394e+01 8.831088909526863517e+01
-9.093703273212186389e+01 8.824940573351757678e+01
-9.057124275916980594e+01 8.818792237176656101e+01
-9.020545285764109167e+01 8.812643901001550262e+01
-8.983966288468909056e+01 8.806495564826447264e+01
-8.947387291173711787e+01 8.800347228651342846e+01
-8.910808301020838940e+01 8.794198892476239848e+01
-8.874229303725640250e+01 8.788050549158811009e+01
-8.837650313572770244e+01 8.781902212983705169e+01
-8.801071316277570133e+01 8.775753876808603593e+01
-8.764554007257471824e+01 8.769265415897058347e+01
-8.728145625860801715e+01 8.762176392450841433e+01
-8.691737237321811449e+01 8.755087361862298678e+01
-8.655328855925148446e+01 8.747998331273758765e+01
-8.618920467386152495e+01 8.740909307827541852e+01
-8.582512085989489492e+01 8.733820277239001939e+01
-8.546103697450499226e+01 8.726731246650457763e+01
-8.509695308911503275e+01 8.719642223204242271e+01
-8.473286927514840272e+01 8.712553192615700937e+01
-8.436878538975844322e+01 8.705464162027158181e+01
-8.400470157579181318e+01 8.698375138580944110e+01
-8.364061769040191052e+01 8.691286107992401355e+01
-8.327653387643523786e+01 8.684197084546185863e+01
-8.291244999104533520e+01 8.677108053957644529e+01
-8.254836610565543253e+01 8.670019023369100353e+01
-8.218428229168874566e+01 8.662929999922889124e+01
-8.182019840629884300e+01 8.655840969334344948e+01
-8.145611459233215612e+01 8.648751938745803614e+01
-8.109203070694225346e+01 8.641662915299588121e+01
-8.072794689297562343e+01 8.634573884711043945e+01
-8.036386300758566392e+01 8.627484854122504032e+01
-7.999977912219576126e+01 8.620395830676288540e+01
-7.963569530822913123e+01 8.613306800087744364e+01
-7.927161142283917172e+01 8.606217769499204451e+01
-7.890752760887254169e+01 8.599128746052987537e+01
-7.854344372348258219e+01 8.592039715464447625e+01
-7.817935990951595215e+01 8.584950684875903448e+01
-7.781527602412604949e+01 8.577861661429686535e+01
-7.745119213873608999e+01 8.570772630841148043e+01
-7.708710832476947417e+01 8.563683600252603867e+01
-7.672414828447475088e+01 8.556053274155765109e+01
-7.636193576008514583e+01 8.548062939085149026e+01
-7.599972316427216867e+01 8.540072604014534363e+01
-7.563751063988256362e+01 8.532082268943916858e+01
-7.527529804406965752e+01 8.524091933873300775e+01
-7.491308551968003826e+01 8.516101605945007691e+01
-7.455087292386713216e+01 8.508111270874393028e+01
-7.418866032805425448e+01 8.500120935803775524e+01
-7.382644780366462101e+01 8.492130600733159440e+01
-7.346423520785172911e+01 8.484140272804870619e+01
-7.310202268346210985e+01 8.476149937734254536e+01
-7.273981008764921796e+01 8.468159602663638452e+01
-7.237759756325952765e+01 8.460169267593022369e+01
-7.201538496744663576e+01 8.452178932522403443e+01
-7.165317237163372965e+01 8.444188604594113201e+01
-7.129095984724411039e+01 8.436198269523497117e+01
-7.092874725143121850e+01 8.428207934452881034e+01
-7.056653472704159924e+01 8.420217599382264950e+01
-7.020432213122869314e+01 8.412227271453974708e+01
-6.984210960683908809e+01 8.404236936383360046e+01
-6.947989701102618199e+01 8.396246601312739699e+01
-6.911768441521327588e+01 8.388256266242123615e+01
-6.875547189082359978e+01 8.380265938313836216e+01
-6.839325929501069368e+01 8.372275603243218711e+01
-6.803104677062107442e+01 8.364285268172602628e+01
-6.766883417480818252e+01 8.356294933101985123e+01
-6.730892569356610977e+01 8.347324192281870125e+01
-6.694903813934099901e+01 8.338344509268813454e+01
-6.658915065653916088e+01 8.329364826255755361e+01
-6.622926317373737959e+01 8.320385143242697268e+01
-6.586937561951228304e+01 8.311405460229640596e+01
-6.550948813671044491e+01 8.302425777216583924e+01
-6.514960065390866362e+01 8.293446094203525831e+01
-6.478971317110682548e+01 8.284466411190469159e+01
-6.442982561688171472e+01 8.275486728177411067e+01
-6.406993813407993343e+01 8.266507052306680237e+01
-6.371005065127810241e+01 8.257527369293622144e+01
-6.335016309705306270e+01 8.248547686280566893e+01
-6.299027561425116062e+01 8.239568003267508800e+01
-6.263038813144939354e+01 8.230588320254450707e+01
-6.227050064864761936e+01 8.221608637241394035e+01
-6.191061309442245175e+01 8.212628954228335942e+01
-6.155072561162067757e+01 8.203649271215277849e+01
-6.119083812881890339e+01 8.194669588202222599e+01
-6.083095057459373578e+01 8.185689905189164506e+01
-6.047106309179196870e+01 8.176710222176106413e+01
-6.011369563609493127e+01 8.166799429751948480e+01
-5.975764443977256946e+01 8.156402302022908657e+01
-5.940159324345020053e+01 8.146005174293871676e+01
-5.904554204712783161e+01 8.135608039422507431e+01
-5.868949085080534189e+01 8.125210911693467608e+01
-5.833343965448297297e+01 8.114813783964432048e+01
-5.797738845816061826e+01 8.104416656235392225e+01
-5.762133726183824933e+01 8.094019528506355243e+01
-5.726528606551588041e+01 8.083622400777315420e+01
-5.690923479777024596e+01 8.073225273048278439e+01
-5.655318360144774914e+01 8.062828145319238615e+01
-5.619713240512538022e+01 8.052431017590201634e+01
-5.584108120880301840e+01 8.042033889861161811e+01
-5.548503001248065658e+01 8.031636762132126250e+01
-5.513868852351841099e+01 8.018482574904410853e+01
-5.479606061586419230e+01 8.004273923142372382e+01
-5.445343263678670098e+01 7.990065264238003806e+01
-5.411080472913248229e+01 7.975856605333638072e+01
-5.376817682147826361e+01 7.961647953571598180e+01
-5.342554891382404492e+01 7.947439294667232446e+01
-5.321194377984452473e+01 7.927124282183693538e+01
-5.331928909223487523e+01 7.891619426532682269e+01
-5.342663433320196731e+01 7.856114570881673842e+01
-5.353397957416892439e+01 7.820609715230665415e+01
-5.364132481513600936e+01 7.785104859579656988e+01
-5.374867005610309434e+01 7.749599996786322720e+01
-5.385601529707017932e+01 7.714095141135311451e+01
-5.396336053803726429e+01 7.678590285484303024e+01
-5.407070577900422848e+01 7.643085429833294597e+01
-5.417805101997130635e+01 7.607580574182284749e+01
-5.428539626093839843e+01 7.572075718531273480e+01
-5.439274150190547630e+01 7.536570862880265054e+01
-5.450008674287256127e+01 7.501066007229256627e+01
-5.460743205526279098e+01 7.465561151578248200e+01
-5.471477729622988306e+01 7.430056288784913932e+01
-5.482212253719696093e+01 7.394551433133901241e+01
-5.492946777816404591e+01 7.359046577482894236e+01
-5.503681301913113799e+01 7.323541721831885809e+01
-5.514415826009808796e+01 7.288036866180877382e+01
-5.525150350106518005e+01 7.252532010529866113e+01
-5.535884874203226502e+01 7.217027154878857687e+01
-5.546619398299935000e+01 7.181522299227849260e+01
-5.555414859282223006e+01 7.145529136989812002e+01
-5.562776298208422787e+01 7.109174851575041032e+01
-5.570137737134636069e+01 7.072820566160268640e+01
-5.577499176060835850e+01 7.036466280745497670e+01
-5.584860614987048422e+01 7.000111995330726700e+01
-5.592222053913248914e+01 6.963757709915955729e+01
-5.599583499981775248e+01 6.927403424501186180e+01
-5.606944938907987819e+01 6.891049139086415209e+01
-5.614306377834188311e+01 6.854694853671644239e+01
-5.621667816760388092e+01 6.818340568256873269e+01
-5.629029255686600663e+01 6.781986282842102298e+01
-5.636390694612801155e+01 6.745631997427331328e+01
-5.643752133539013016e+01 6.709277712012556094e+01
-5.651113572465212798e+01 6.672923426597785124e+01
-5.658475011391412579e+01 6.636569141183015574e+01
-5.665836450317625861e+01 6.600214855768244604e+01
-5.673197889243825642e+01 6.563860570353473634e+01
-5.680559328170025424e+01 6.527506284938702663e+01
-5.687920767096238706e+01 6.491151999523931693e+01
-5.695282206022438487e+01 6.454797714109160722e+01
-5.702643644948638268e+01 6.418443428694389752e+01
-5.710005083874850840e+01 6.382089143279618781e+01
-5.717366522801050621e+01 6.345734857864847811e+01
-5.724727961727263192e+01 6.309380572450077551e+01
-5.732089400653462974e+01 6.273026287035305870e+01
-5.738973675022177900e+01 6.236589693448452465e+01
-5.744217085555604996e+01 6.199870056599586121e+01
-5.749460488946704118e+01 6.163150419750719777e+01
-5.754703899480131213e+01 6.126430790044177144e+01
-5.759947310013570387e+01 6.089711153195307958e+01
-5.765190720546997483e+01 6.052991523488768877e+01
-5.770434123938096604e+01 6.016271886639898980e+01
-5.775677534471524410e+01 5.979552256933359899e+01
-5.780920945004950795e+01 5.942832620084490003e+01
-5.786164355538377180e+01 5.906112983235623659e+01
-5.791407766071804275e+01 5.869393353529081025e+01
-5.796651169462904107e+01 5.832673716680214682e+01
-5.801894579996330492e+01 5.795954086973672759e+01
-5.807137990529769667e+01 5.759234450124805704e+01
-5.812381401063196762e+01 5.722514813275936518e+01
-5.817624811596623147e+01 5.685795183569397437e+01
-5.822868214987722979e+01 5.649075546720527541e+01
-5.828111625521149364e+01 5.612355917013984907e+01
-5.833355036054576459e+01 5.575636280165118563e+01
-5.838598446588003554e+01 5.538916643316252220e+01
-5.843841857121430650e+01 5.502197013609709586e+01
-5.849085260512529771e+01 5.465477376760840400e+01
-5.854328671045956867e+01 5.428757747054301319e+01
-5.859572081579396041e+01 5.392038110205431423e+01
-5.864815492112822426e+01 5.355318480498892342e+01
-5.870058895503922258e+01 5.318598843650022445e+01
-5.875302306037348643e+01 5.281879206801156101e+01
-5.880545716570775738e+01 5.245159577094613468e+01
-5.885053067491033119e+01 5.208349482678978148e+01
-5.888856770676373031e+01 5.171452916114835574e+01
-5.892660481004052997e+01 5.134556349550693710e+01
-5.896464184189392910e+01 5.097659782986551136e+01
-5.900267894517060085e+01 5.060763216422408561e+01
-5.904071597702399998e+01 5.023866649858265987e+01
-5.907875308030067174e+01 4.986970083294123413e+01
-5.911679011215407797e+01 4.950073509587654286e+01
-5.915482721543074263e+01 4.913176943023511711e+01
-5.919286424728414175e+01 4.876280376459369137e+01
-5.923090135056094141e+01 4.839383809895226563e+01
-5.926893838241434054e+01 4.802487243331084699e+01
-5.930697548569100519e+01 4.765590676766942124e+01
-5.934501251754441142e+01 4.728694110202799550e+01
-5.938304962082108318e+01 4.691797543638657686e+01
-5.942108665267448231e+01 4.654900977074514401e+01
-5.945912375595115407e+01 4.618004410510372537e+01
-5.949716078780455319e+01 4.581107843946227121e+01
-5.953519789108135285e+01 4.544211277382084546e+01
-5.957323499435801750e+01 4.507314703675617551e+01
-5.961127202621142374e+01 4.470418137111472134e+01
-5.964930912948809549e+01 4.433521570547330271e+01
-5.968734616134149462e+01 4.396625003983187696e+01
-5.972538326461816638e+01 4.359728437419045122e+01
-5.976342029647155840e+01 4.322831870854902547e+01
-5.980145739974823726e+01 4.285935304290759973e+01
-5.983949443160175719e+01 4.249038737726618109e+01
-5.987753153487842894e+01 4.212142171162475535e+01
-5.991556856673182807e+01 4.175245604598333671e+01
-5.994524264833435012e+01 4.138274672129320919e+01
-5.997290330805989811e+01 4.101285840989774556e+01
-6.000056396778544610e+01 4.064297009850225351e+01
-6.002822462751100829e+01 4.027308178710678987e+01
-6.005588528723655628e+01 3.990319340428805361e+01
-6.008354594696211137e+01 3.953330509289259709e+01
-6.011120660668766646e+01 3.916341678149713346e+01
-6.013886719499007683e+01 3.879352847010163430e+01
-6.016652785471562481e+01 3.842364015870617067e+01
-6.019418851444117990e+01 3.805375177588743441e+01
-6.022184917416673500e+01 3.768386346449197077e+01
-6.024950983389229009e+01 3.731397515309647872e+01
-6.027717049361783808e+01 3.694408684170101509e+01
-6.030483115334339317e+01 3.657419853030555146e+01
-6.033249181306894826e+01 3.620431014748681520e+01
-6.036015247279449625e+01 3.583442183609135157e+01
-6.038781313252005845e+01 3.546453352469585951e+01
-6.041547379224573433e+01 3.509464521330039588e+01
-6.044313445197128942e+01 3.472475690190493225e+01
-6.047079511169683741e+01 3.435486851908620309e+01
-6.049845577142239961e+01 3.398498020769073946e+01
-6.052611643114794759e+01 3.361509189629524741e+01
-6.055377709087350269e+01 3.324520358489978378e+01
-6.058143767917578515e+01 3.287531527350432015e+01
-6.060909833890133314e+01 3.250542689068558388e+01
-6.063675899862688823e+01 3.213553857929012025e+01
-6.066441965835244332e+01 3.176565026789462820e+01
-6.069208031807812631e+01 3.139576195649916457e+01
-6.071562178376639451e+01 3.102560923617183875e+01
-6.073546873815892866e+01 3.065521946202369108e+01
-6.075531562112819017e+01 3.028482968787554697e+01
-6.077516257552058931e+01 2.991443991372739575e+01
-6.079500945848985083e+01 2.954405013957924808e+01
-6.081485641288237787e+01 2.917366036543110042e+01
-6.083470336727490491e+01 2.880327059128294920e+01
-6.085455025024416642e+01 2.843288081713480153e+01
-6.087439720463669346e+01 2.806249104298662189e+01
-6.089424415902909971e+01 2.769210126883847423e+01
-6.091409104199836122e+01 2.732171149469032656e+01
-6.093393799639088826e+01 2.695132172054217534e+01
-6.095378495078341530e+01 2.658093194639402768e+01
-6.097363183375267681e+01 2.621054217224587646e+01
-6.099347878814520385e+01 2.584015239809773234e+01
-6.101332574253761010e+01 2.546976262394955270e+01
-6.103317262550687161e+01 2.509937284980140149e+01
-6.105301957989939865e+01 2.472898307565325382e+01
-6.107286646286865306e+01 2.435859330150510260e+01
-6.109271341726118720e+01 2.398820352735695849e+01
-6.111256037165358634e+01 2.361781375320881082e+01
-6.113240725462284075e+01 2.324742397906065960e+01
-6.115225420901537490e+01 2.287703420491251194e+01
-6.117210116340790904e+01 2.250664443076432875e+01
-6.119194804637716345e+01 2.213625465661618108e+01
-6.121179500076969759e+01 2.176586488246803697e+01
-6.123094000730094422e+01 2.139544332496638646e+01
-6.124470327071663434e+01 2.102477757131726221e+01
-6.125846653413245946e+01 2.065411188909137863e+01
-6.127222972612487695e+01 2.028344620686553057e+01
-6.128599298954056707e+01 1.991278052463967541e+01
-6.129975625295639219e+01 1.954211484241379537e+01
-6.131351944494880968e+01 1.917144908876467113e+01
-6.132728270836449980e+01 1.880078340653881952e+01
-6.134104597178031781e+01 1.843011772431293593e+01
-6.135480916377274241e+01 1.805945204208708432e+01
-6.136857242718842542e+01 1.768878635986120074e+01
-6.138233569060412265e+01 1.731812060621208005e+01
-6.139609888259666803e+01 1.694745492398622844e+01
-6.140986214601235815e+01 1.657678924176034485e+01
-6.142362540942805538e+01 1.620612355953449324e+01
-6.143738860142060076e+01 1.583545787730860965e+01
-6.145115186483629088e+01 1.546479212365948541e+01
-6.146491512825198811e+01 1.509412644143363558e+01
-6.147867832024453350e+01 1.472346075920775199e+01
-6.149244158366022361e+01 1.435279507698190038e+01
-6.150620477565264821e+01 1.398212939475604877e+01
-6.151996803906846623e+01 1.361146364110689433e+01
-6.153373130248414924e+01 1.324079795888104449e+01
-6.154737921732474604e+01 1.287012877691513957e+01
-6.155628541293913258e+01 1.249931453429537065e+01
-6.156519153713024650e+01 1.212850036309887258e+01
-6.157409766132135331e+01 1.175768619190237629e+01
-6.158300385693573986e+01 1.138687194928260560e+01
-6.159190998112685378e+01 1.101605777808610931e+01
-6.160081617674111953e+01 1.064524360688961302e+01
-6.160972230093222635e+01 1.027442943569311495e+01
-6.161862842512334026e+01 9.903615193073347811e+00
-6.162753462073772681e+01 9.532801021876849745e+00
-6.163644074492884073e+01 9.161986850680353456e+00
-6.164534694054322728e+01 8.791172608060584537e+00
-6.165425306473433409e+01 8.420358436864086471e+00
-6.166315926034859274e+01 8.049544265667590182e+00
-6.167206538453971376e+01 7.678730023047820374e+00
-6.168097150873082057e+01 7.307915851851323197e+00
-6.168987770434520002e+01 6.937101680654826907e+00
-6.169878382853632104e+01 6.566287438035057100e+00
-6.170769002415070048e+01 6.195473266838560811e+00
-6.171379042817171978e+01 5.824606599541335861e+00
-6.171876205889225986e+01 5.453718790957282181e+00
-6.172373376103606546e+01 5.082830982373228501e+00
-6.172870546317975027e+01 4.711943173789175709e+00
-6.173367709390029745e+01 4.341055365205121142e+00
-6.173864879604410305e+01 3.970167556621067462e+00
-6.174362049818791576e+01 3.599279748037014226e+00
-6.174859212890832794e+01 3.228391939452960546e+00
-6.175356383105214064e+01 2.857504130868906422e+00
-6.175853553319596045e+01 2.486616322284852743e+00
-6.176350716391636553e+01 2.115728513700799063e+00
-6.176847886606018534e+01 1.744840705116745605e+00
-6.177149442778665644e+01 1.373934612176529013e+00
-6.177345328228808796e+01 1.003018662825540863e+00
-6.177541206536638185e+01 6.321026420513122801e-01
-6.177737091986781337e+01 2.611866927003557715e-01
-6.177815007627988564e+01 -1.097292566506324341e-01
-6.177619122177843991e+01 -4.806452060016206951e-01
-6.177423243870015312e+01 -8.515611553525771482e-01
-6.177227358419858660e+01 -1.222477104703565409e+00
-6.177031480112042772e+01 -1.593393054054521807e+00
-6.176548473131372674e+01 -1.964282219680652197e+00
-6.176051302916992114e+01 -2.335170028264705877e+00
-6.175554132702610843e+01 -2.706057836848759557e+00
-6.175056962488242362e+01 -3.076945645432813237e+00
-6.174559792273860381e+01 -3.447833454016835386e+00
-6.174062629201807084e+01 -3.818721262600889066e+00
-6.173565458987437893e+01 -4.189609071184942302e+00
-6.173068288773056622e+01 -4.560496879768996870e+00
-6.172571118558675352e+01 -4.931384688353049661e+00
-6.172073948344294081e+01 -5.302272496937103341e+00
-6.171576778129925600e+01 -5.673160305521157021e+00
-6.171079607915545040e+01 -6.044048114105210701e+00
-6.170232599400512896e+01 -6.414870498977345292e+00
-6.169341979839074241e+01 -6.785684670173842470e+00
-6.168451360277636297e+01 -7.156498841370339647e+00
-6.167560740716197643e+01 -7.527313012566836825e+00
-6.166670121154758988e+01 -7.898127255186605744e+00
-6.165779501593333123e+01 -8.268941426383102922e+00
-6.164888882031895179e+01 -8.639755597579599211e+00
-6.163998262470455813e+01 -9.010569840199368130e+00
-6.163107642909017869e+01 -9.381384011395866196e+00
-6.162217023347579214e+01 -9.752198182592362485e+00
-6.161326396643826087e+01 -1.012301242521213318e+01
-6.160435777082387432e+01 -1.049382659640862947e+01
-6.159545157520949488e+01 -1.086464076760512576e+01
-6.158654537959510833e+01 -1.123545493880162383e+01
-6.157763918398072178e+01 -1.160626918142139274e+01
-6.156873298836633523e+01 -1.197708335261789081e+01
-6.155982679275207659e+01 -1.234789752381438532e+01
-6.155092059713769004e+01 -1.271871176643415424e+01
-6.153920382457120297e+01 -1.308944001544129065e+01
-6.152544048973224022e+01 -1.346010569766715825e+01
-6.151167715489314958e+01 -1.383077137989302585e+01
-6.149791382005417972e+01 -1.420143706211887746e+01
-6.148415041379195145e+01 -1.457210274434474506e+01
-6.147038707895298160e+01 -1.494276842657061088e+01
-6.145662374411401885e+01 -1.531343418021973335e+01
-6.144286033785165557e+01 -1.568409986244560095e+01
-6.142909700301269282e+01 -1.605476554467146855e+01
-6.141533366817372297e+01 -1.642543122689733792e+01
-6.140157026191148759e+01 -1.679609690912320374e+01
-6.138780692707240405e+01 -1.716676259134905536e+01
-6.137404359223343420e+01 -1.753742827357492118e+01
-6.136028018597119882e+01 -1.790809402722405963e+01
-6.134651685113223607e+01 -1.827875970944991479e+01
-6.133275351629314542e+01 -1.864942539167577706e+01
-6.131899018145417557e+01 -1.902009107390164644e+01
-6.130522677519194019e+01 -1.939075675612751226e+01
-6.129146344035297744e+01 -1.976142243835338164e+01
-6.127770010551400759e+01 -2.013208812057923325e+01
-6.126393669925164431e+01 -2.050275387422837170e+01
-6.125017336441268867e+01 -2.087341955645423752e+01
-6.123641002957371882e+01 -2.124408523868008913e+01
-6.121968262918336023e+01 -2.161461650231877840e+01
-6.119983546052102241e+01 -2.198500627646694383e+01
-6.117998829185867038e+01 -2.235539597919181887e+01
-6.116014112319645335e+01 -2.272578575333998074e+01
-6.114029395453410132e+01 -2.309617552748812841e+01
-6.112044678587175639e+01 -2.346656530163627963e+01
-6.110059961720953225e+01 -2.383695507578442729e+01
-6.108075244854718733e+01 -2.420734477850932009e+01
-6.106090520846156977e+01 -2.457773455265747131e+01
-6.104105803979934564e+01 -2.494812432680563319e+01
-6.102121087113700071e+01 -2.531851410095378085e+01
-6.100136370247465578e+01 -2.568890387510193207e+01
-6.098151653381243875e+01 -2.605929364925007619e+01
-6.096166936515009382e+01 -2.642968335197496899e+01
-6.094182219648774179e+01 -2.680007312612312020e+01
-6.092197502782552476e+01 -2.717046290027128208e+01
-6.090212785916317273e+01 -2.754085267441942975e+01
-6.088228069050082780e+01 -2.791124244856758096e+01
-6.086243352183861077e+01 -2.828163215129247376e+01
-6.084258635317626585e+01 -2.865202192544062143e+01
-6.082273918451392092e+01 -2.902241169958876910e+01
-6.080289201585169678e+01 -2.939280147373693453e+01
-6.078304477576607923e+01 -2.976319124788508219e+01
-6.076319760710373430e+01 -3.013358095060997499e+01
-6.074335043844151016e+01 -3.050397072475812266e+01
-6.072350326977916524e+01 -3.087436049890627032e+01
-6.070306443077882363e+01 -3.124471227587676125e+01
-6.067540334251363277e+01 -3.161460058727222489e+01
-6.064774218282530427e+01 -3.198448889866770273e+01
-6.062008102313684077e+01 -3.235437713863989728e+01
-6.059241993487165701e+01 -3.272426545003537512e+01
-6.056475877518319351e+01 -3.309415376143083876e+01
-6.053709768691813053e+01 -3.346404207282631660e+01
-6.050943652722967414e+01 -3.383393031279852181e+01
-6.048177536754121775e+01 -3.420381862419398544e+01
-6.045411427927603398e+01 -3.457370693558946328e+01
-6.042645311958757759e+01 -3.494359517556166139e+01
-6.039879203132251462e+01 -3.531348348695712502e+01
-6.037113087163405822e+01 -3.568337179835260287e+01
-6.034346978336886735e+01 -3.605326003832481518e+01
-6.031580862368041096e+01 -3.642314834972027882e+01
-6.028814746399194746e+01 -3.679303666111575666e+01
-6.026048637572689159e+01 -3.716292497251122029e+01
-6.023282521603842810e+01 -3.753281321248342550e+01
-6.020516412777324433e+01 -3.790270152387888913e+01
-6.017750296808478083e+01 -3.827258983527436698e+01
-6.014984180839632444e+01 -3.864247807524657219e+01
-6.012218072013126857e+01 -3.901236638664203582e+01
-6.009451956044281218e+01 -3.938225469803751366e+01
-6.006685847217762131e+01 -3.975214293800971888e+01
-6.003919731248916491e+01 -4.012203124940518251e+01
-6.001153622422397405e+01 -4.049191956080066035e+01
-5.998387506453564555e+01 -4.086180787219612398e+01
-5.995621390484718205e+01 -4.123169611216832919e+01
-5.992855281658199829e+01 -4.160158442356380704e+01
-5.989261698579987581e+01 -4.197073693246986892e+01
-5.985457902544393249e+01 -4.233970252668802203e+01
-5.981654106508813129e+01 -4.270866804948290962e+01
-5.977850310473218798e+01 -4.307763364370107695e+01
-5.974046514437625177e+01 -4.344659923791923006e+01
-5.970242718402044346e+01 -4.381556483213739739e+01
-5.966438922366450015e+01 -4.418453042635555050e+01
-5.962635126330868474e+01 -4.455349594915045230e+01
-5.958831330295275563e+01 -4.492246154336861963e+01
-5.955027534259694022e+01 -4.529142713758676564e+01
-5.951223731081773138e+01 -4.566039273180494007e+01
-5.947419935046192307e+01 -4.602935832602308608e+01
-5.943616139010598687e+01 -4.639832384881798788e+01
-5.939812342975017145e+01 -4.676728944303614099e+01
-5.936008546939423525e+01 -4.713625503725430832e+01
-5.932204750903841983e+01 -4.750522063147246143e+01
-5.928400954868248363e+01 -4.787418622569062876e+01
-5.924597158832654742e+01 -4.824315174848551635e+01
-5.920793362797073911e+01 -4.861211734270366946e+01
-5.916989566761479580e+01 -4.898108293692183679e+01
-5.913185770725898749e+01 -4.935004853113998990e+01
-5.909381974690305128e+01 -4.971901405393488460e+01
-5.905578178654723587e+01 -5.008797964815305193e+01
-5.901774382619129966e+01 -5.045694524237120504e+01
-5.897970586583549135e+01 -5.082591083658937237e+01
-5.894166790547954804e+01 -5.119487643080752548e+01
-5.890362994512373973e+01 -5.156384195360242018e+01
-5.886559198476780352e+01 -5.193280754782059461e+01
-5.882621790936929784e+01 -5.230160893994952431e+01
-5.877378208987662589e+01 -5.266880502274512565e+01
-5.872134634180722657e+01 -5.303600110554075542e+01
-5.866891052231454751e+01 -5.340319725975963649e+01
-5.861647477424514818e+01 -5.377039334255523784e+01
-5.856403895475247623e+01 -5.413758942535084628e+01
-5.851160320668307691e+01 -5.450478550814647605e+01
-5.845916738719039785e+01 -5.487198159094207739e+01
-5.840673163912099852e+01 -5.523917774516095847e+01
-5.835429581962832657e+01 -5.560637382795658823e+01
-5.830186007155892725e+01 -5.597356991075218957e+01
-5.824942425206624819e+01 -5.634076599354779802e+01
-5.819698850399684886e+01 -5.670796207634342068e+01
-5.814455268450417691e+01 -5.707515823056230175e+01
-5.809211693643477759e+01 -5.744235431335791020e+01
-5.803968111694210563e+01 -5.780955039615353286e+01
-5.798724536887269210e+01 -5.817674647894913420e+01
-5.793480954938002725e+01 -5.854394256174474265e+01
-5.788237380131062082e+01 -5.891113871596362372e+01
-5.782993798181794887e+01 -5.927833479875924638e+01
-5.777750223374854244e+01 -5.964553088155485483e+01
-5.772506641425587048e+01 -6.001272696435047038e+01
-5.767263066618647116e+01 -6.037992304714608593e+01
-5.762019484669379921e+01 -6.074711920136495991e+01
-5.756775909862439988e+01 -6.111431528416056835e+01
-5.751532327913172082e+01 -6.148151136695619101e+01
-5.746288753106232150e+01 -6.184870744975180656e+01
-5.741045171156964955e+01 -6.221590353254742212e+01
-5.734997391798475519e+01 -6.258171243266497896e+01
-5.727635624325247932e+01 -6.294525457258003343e+01
-5.720273856852021765e+01 -6.330879678391833210e+01
-5.712912089378794889e+01 -6.367233892383338656e+01
-5.705550314763240749e+01 -6.403588113517169234e+01
-5.698188547290001793e+01 -6.439942334651001943e+01
-5.690826779816774916e+01 -6.476296548642505968e+01
-5.683465005201220777e+01 -6.512650769776337256e+01
-5.676103237727993900e+01 -6.549004990910168544e+01
-5.668741470254767734e+01 -6.585359204901673991e+01
-5.661379695639200804e+01 -6.621713426035502437e+01
-5.654017928165973927e+01 -6.658067647169335146e+01
-5.646656160692747051e+01 -6.694421861160840592e+01
-5.639294393219520174e+01 -6.730776082294671880e+01
-5.631932618603953955e+01 -6.767130296286177327e+01
-5.624570851130727078e+01 -6.803484517420007194e+01
-5.617209083657500202e+01 -6.839838738553838482e+01
-5.609847309041946062e+01 -6.876192952545342507e+01
-5.602485541568719896e+01 -6.912547173679175216e+01
-5.595123774095480940e+01 -6.948901394813006505e+01
-5.587762006622253352e+01 -6.985255608804510530e+01
-5.580400232006699923e+01 -7.021609829938341818e+01
-5.573038464533473046e+01 -7.057964043929847264e+01
-5.565676697060246170e+01 -7.094318265063677131e+01
-5.558314922444679951e+01 -7.130672486197509841e+01
-5.550847812795989000e+01 -7.167000173587909728e+01
-5.540112603035930761e+01 -7.202504822111447425e+01
-5.529377393275859731e+01 -7.238009470634985121e+01
-5.518642183515801491e+01 -7.273514119158521396e+01
-5.507906973755743252e+01 -7.309018767682057671e+01
-5.497171763995672222e+01 -7.344523416205593946e+01
-5.486436547093286720e+01 -7.380028064729130222e+01
-5.475701337333229191e+01 -7.415532713252666497e+01
-5.464966127573170240e+01 -7.451037368918530035e+01
-5.454230917813099211e+01 -7.486542017442067731e+01
-5.443495708053041682e+01 -7.522046665965605428e+01
-5.432760498292982732e+01 -7.557551314489141703e+01
-5.422025288532911702e+01 -7.593055963012677978e+01
-5.411290071630526199e+01 -7.628560611536215674e+01
-5.400554861870467960e+01 -7.664065260059753371e+01
-5.389819652110397641e+01 -7.699569908583288225e+01
-5.379084442350338691e+01 -7.735074557106824500e+01
-5.368349232590280451e+01 -7.770579205630362196e+01
-5.357614022830210132e+01 -7.806083854153898471e+01
-5.346878813070151182e+01 -7.841588502677437589e+01
-5.336143596167765679e+01 -7.877093151200972443e+01
-5.325408386407694650e+01 -7.912597799724510139e+01
-5.329105876053726121e+01 -7.941272148441670709e+01
-5.363368366841429946e+01 -7.955481535863354736e+01
-5.397630850486820009e+01 -7.969690930427360342e+01
-5.431893341274523834e+01 -7.983900324991371633e+01
-5.466155824919900397e+01 -7.998109719555381503e+01
-5.500418308565276959e+01 -8.012319114119391372e+01
-5.534680799352980785e+01 -8.026528501541071137e+01
-5.570130016279544094e+01 -8.037368453521160916e+01
-5.605734843076390206e+01 -8.047766581175928025e+01
-5.641339669873236318e+01 -8.058164708830695133e+01
-5.676944503812409693e+01 -8.068562829343136400e+01
-5.712549330609267884e+01 -8.078960956997900666e+01
-5.748154157406113995e+01 -8.089359084652667775e+01
-5.783758991345286660e+01 -8.099757205165106200e+01
-5.819363818142132772e+01 -8.110155332819873308e+01
-5.854968644938978173e+01 -8.120553460474640417e+01
-5.890573478878151548e+01 -8.130951580987078842e+01
-5.926178305674997659e+01 -8.141349708641845950e+01
-5.961783132471843771e+01 -8.151747836296613059e+01
-5.997387959268689173e+01 -8.162145956809051484e+01
-6.032992793207862547e+01 -8.172544084463818592e+01
-6.068962257206141686e+01 -8.181595083608273455e+01
-6.104950755504891191e+01 -8.190575795116366464e+01
-6.140939246661314144e+01 -8.199556506624456631e+01
-6.176927737817737096e+01 -8.208537218132551061e+01
-6.212916236116486601e+01 -8.217517929640642649e+01
-6.248904727272908843e+01 -8.226498641148735658e+01
-6.284893218429331796e+01 -8.235479352656827245e+01
-6.320881716728081301e+01 -8.244460064164918833e+01
-6.356870207884504254e+01 -8.253440775673010421e+01
-6.392858706183260153e+01 -8.262421487181102009e+01
-6.428847197339683817e+01 -8.271402198689196439e+01
-6.464835688496107480e+01 -8.280382910197286606e+01
-6.500824186794856985e+01 -8.289363621705381036e+01
-6.536812677951279227e+01 -8.298344333213471202e+01
-6.572801169107701469e+01 -8.307325037579235527e+01
-6.608789667406452395e+01 -8.316305749087327115e+01
-6.644778158562874637e+01 -8.325286460595420124e+01
-6.680766649719296879e+01 -8.334267172103511712e+01
-6.716755148018046384e+01 -8.343247883611604720e+01
-6.752743639174470047e+01 -8.352228595119696308e+01
-6.788875426830067283e+01 -8.360599659053643506e+01
-6.825096457856905374e+01 -8.368591001192315559e+01
-6.861317496026069307e+01 -8.376582336188658928e+01
-6.897538527052905977e+01 -8.384573671185003718e+01
-6.933759565222071330e+01 -8.392565013323675771e+01
-6.969980596248908000e+01 -8.400556348320020561e+01
-7.006201634418074775e+01 -8.408547690458692614e+01
-7.042422665444911445e+01 -8.416539025455037404e+01
-7.078643703614075378e+01 -8.424530367593708036e+01
-7.114864741783240731e+01 -8.432521702590052826e+01
-7.151085772810077401e+01 -8.440513044728724878e+01
-7.187306810979242755e+01 -8.448504379725069668e+01
-7.223527842006079425e+01 -8.456495714721414458e+01
-7.259748880175244778e+01 -8.464487056860083669e+01
-7.295969911202082869e+01 -8.472478391856428459e+01
-7.332190949371246802e+01 -8.480469733995100512e+01
-7.368411980398084893e+01 -8.488461068991445302e+01
-7.404633018567248826e+01 -8.496452411130117355e+01
-7.440854049594086916e+01 -8.504443746126462145e+01
-7.477075087763252270e+01 -8.512435081122806935e+01
-7.513296118790088940e+01 -8.520426423261478988e+01
-7.549517156959254294e+01 -8.528417758257823778e+01
-7.585738195128418226e+01 -8.536409100396492988e+01
-7.621959226155256317e+01 -8.544400435392839199e+01
-7.658180264324420250e+01 -8.552391777531509831e+01
-7.694402502404457778e+01 -8.560377320100957377e+01
-7.730810698100631839e+01 -8.567467300618940840e+01
-7.767218900939131743e+01 -8.574557281136924303e+01
-7.803627103777633067e+01 -8.581647254512581924e+01
-7.840035299473807129e+01 -8.588737235030568229e+01
-7.876443502312301348e+01 -8.595827215548550271e+01
-7.912851705150802673e+01 -8.602917196066533734e+01
-7.949259900846978155e+01 -8.610007169442189934e+01
-7.985668103685479480e+01 -8.617097149960174818e+01
-8.022076299381653541e+01 -8.624187130478161123e+01
-8.058484502220147760e+01 -8.631277110996143165e+01
-8.094892705058649085e+01 -8.638367084371799365e+01
-8.131300900754823147e+01 -8.645457064889782828e+01
-8.167709103593324471e+01 -8.652547045407767712e+01
-8.204117306431824375e+01 -8.659637025925749754e+01
-8.240525502127992752e+01 -8.666726999301407375e+01
-8.276933704966495498e+01 -8.673816979819392259e+01
-8.313341907804995401e+01 -8.680906960337375722e+01
-8.349750103501169463e+01 -8.687996940855360606e+01
-8.386158306339670787e+01 -8.695086914231018227e+01
-8.422566509178165006e+01 -8.702176894749000269e+01
-8.458974704874339068e+01 -8.709266875266985153e+01
-8.495382907712840392e+01 -8.716356855784968616e+01
-8.531791110551343138e+01 -8.723446829160626237e+01
-8.568199306247517200e+01 -8.730536809678609700e+01
-8.604607509086011419e+01 -8.737626790196593163e+01
-8.641015711924512743e+01 -8.744716770714575205e+01
-8.677423907620686805e+01 -8.751806744090234247e+01
-8.713832110459186708e+01 -8.758896724608219131e+01
-8.750240313297682349e+01 -8.765986705126201173e+01
-8.786690370170234132e+01 -8.772845924213100943e+01
-8.823269217476573090e+01 -8.778995131752054704e+01
-8.859848064782913468e+01 -8.785144339291007043e+01
-8.896426912089253847e+01 -8.791293546829959382e+01
-8.933005759395594225e+01 -8.797442754368911721e+01
-8.969584606701938867e+01 -8.803591961907865482e+01
-9.006163454008280667e+01 -8.809741169446817821e+01
-9.042742301314619624e+01 -8.815890376985768739e+01
-9.079321148620960003e+01 -8.822039584524722500e+01
-9.115899995927298960e+01 -8.828188792063676260e+01
-9.152478843233639338e+01 -8.834337999602628599e+01
-9.189057690539978296e+01 -8.840487207141579518e+01
-9.225636537846320095e+01 -8.846636414680533278e+01
-9.262215385152659053e+01 -8.852785622219487038e+01
-9.298794239601326694e+01 -8.858934829758439378e+01
-9.335373086907665652e+01 -8.865084037297390296e+01
-9.371951934214006030e+01 -8.871233244836344056e+01
-9.408530781520344988e+01 -8.877382452375297817e+01
-9.445109628826686787e+01 -8.883531659914250156e+01
-9.481688476133025745e+01 -8.889680867453201074e+01
-9.518267323439366123e+01 -8.895830074992154834e+01
-9.554846170745705081e+01 -8.901979282531108595e+01
-9.591425018052045459e+01 -8.908128490070060934e+01
-9.628003865358385838e+01 -8.914277697609011852e+01
-9.664582712664724795e+01 -8.920426905147965613e+01
-9.701161559971065174e+01 -8.926576112686919373e+01
-9.737740407277404131e+01 -8.932725320225873133e+01
-9.774319254583744510e+01 -8.938874527764824052e+01
-9.810898101890084888e+01 -8.945023735303776391e+01
-9.847476949196425267e+01 -8.951172942842730151e+01
-9.884055796502769908e+01 -8.957322150381683912e+01
-9.920634643809111708e+01 -8.963471357920634830e+01
-9.957213498257777928e+01 -8.969620565459587169e+01
-9.993865625835339017e+01 -8.975291579946018317e+01
-1.003060727533487579e+02 -8.980378409252739402e+01
-1.006734892483441968e+02 -8.985465238559461909e+01
-1.010409058147628940e+02 -8.990552067866182995e+01
-1.014083223097582760e+02 -8.995638904315232764e+01
-1.017757388761769874e+02 -9.000725733621953850e+01
-1.021431553711723552e+02 -9.005812562928674936e+01
-1.025105718661677940e+02 -9.010899392235396022e+01
-1.028779884325864344e+02 -9.015986228684444370e+01
-1.032454049275818733e+02 -9.021073057991165456e+01
-1.036128214225773121e+02 -9.026159887297887963e+01
-1.039802379889959383e+02 -9.031246716604609048e+01
-1.043476544839913913e+02 -9.036333553053658818e+01
-1.047150710504100317e+02 -9.041420382360379904e+01
-1.050824875454054563e+02 -9.046507211667102411e+01
-1.054499040404008952e+02 -9.051594040973823496e+01
-1.058173206068195356e+02 -9.056680877422871845e+01
-1.061847371018149886e+02 -9.061767706729592931e+01
-1.065521535968103564e+02 -9.066854536036315437e+01
-1.069195701632290536e+02 -9.071941365343036523e+01
-1.072869866582244356e+02 -9.077028201792084872e+01
-1.076544032246431328e+02 -9.082115031098805957e+01
-1.080218197196385574e+02 -9.087201860405527043e+01
-1.083892362146339394e+02 -9.092288689712249550e+01
-1.087566527810526509e+02 -9.097375526161297898e+01
-1.091240692760480329e+02 -9.102462355468020405e+01
-1.094914857710434575e+02 -9.107549184774741491e+01
-1.098589023374620979e+02 -9.112636014081463998e+01
-1.102263188324575367e+02 -9.117722850530510925e+01
-1.105937353988762339e+02 -9.122809679837233432e+01
-1.109611518938716159e+02 -9.127896509143954518e+01
-1.113285683888670548e+02 -9.132983338450677024e+01
-1.116959849552856952e+02 -9.138070174899723952e+01
-1.120634014502811340e+02 -9.143157004206446459e+01
-1.124308179452765586e+02 -9.148243833513167544e+01
-1.127993470004910819e+02 -9.152411073981642176e+01
-1.131682942389297892e+02 -9.156232647268213043e+01
-1.135372414059452382e+02 -9.160054227697109752e+01
-1.139061886443839597e+02 -9.163875808126003619e+01
-1.142751358113994655e+02 -9.167697388554901750e+01
-1.146440830498381729e+02 -9.171518968983798459e+01
-1.150130302168536218e+02 -9.175340549412693747e+01
-1.153819774552923434e+02 -9.179162129841589035e+01
-1.157509246223077923e+02 -9.182983703128161324e+01
-1.161198718607464997e+02 -9.186805283557055191e+01
-1.164888190277619486e+02 -9.190626863985951900e+01
-1.168577662662006702e+02 -9.194448444414848609e+01
-1.172267134332161191e+02 -9.198270024843746739e+01
-1.175956606716548976e+02 -9.202091605272640606e+01
-1.179646078386703323e+02 -9.205913185701537316e+01
-1.183335550771090539e+02 -9.209734766130434025e+01
-1.187025022441245028e+02 -9.213556339417003471e+01
-1.190714494825632244e+02 -9.217377919845900180e+01
-1.194403966495786449e+02 -9.221199500274796890e+01
-1.198093438880173807e+02 -9.225021080703693599e+01
-1.201782910550328154e+02 -9.228842661132588887e+01
-1.205472382934715228e+02 -9.232664241561485596e+01
-1.209161854604870427e+02 -9.236485821990380884e+01
-1.212851326989257501e+02 -9.240307395276951752e+01
-1.216540798659411990e+02 -9.244128975705847040e+01
-1.220230271043799206e+02 -9.247950556134743749e+01
-1.223919742713953553e+02 -9.251772136563640458e+01
-1.227609215098340769e+02 -9.255593716992537168e+01
-1.231298686768495259e+02 -9.259415297421432456e+01
-1.234988159152882474e+02 -9.263236877850329165e+01
-1.238677630823036822e+02 -9.267058458279224453e+01
-1.242367103207424606e+02 -9.270880031565795321e+01
-1.246056574877579095e+02 -9.274701611994692030e+01
-1.249746047261966311e+02 -9.278523192423587318e+01
-1.253435518932120800e+02 -9.282344772852485448e+01
-1.257127102588259930e+02 -9.285909208095726797e+01
-1.260829488299193457e+02 -9.288158412459387137e+01
-1.264531874010127552e+02 -9.290407616823046055e+01
-1.268234259721061790e+02 -9.292656821186707816e+01
-1.271936645431995885e+02 -9.294906018408042314e+01
-1.275639031142929980e+02 -9.297155222771701233e+01
-1.279341416853863507e+02 -9.299404427135362994e+01
-1.283043802564797602e+02 -9.301653631499024755e+01
-1.286746187561498971e+02 -9.303902835862685095e+01
-1.290448573272433066e+02 -9.306152040226344013e+01
-1.294150958983367161e+02 -9.308401244590005774e+01
-1.297853344694300688e+02 -9.310650441811340272e+01
-1.301555730405234783e+02 -9.312899646174999191e+01
-1.305258116116168878e+02 -9.315148850538659531e+01
-1.308960501827102973e+02 -9.317398054902321292e+01
-1.312662887538036500e+02 -9.319647259265981631e+01
-1.316365273248970595e+02 -9.321896463629640550e+01
-1.320067658959904691e+02 -9.324145660850976469e+01
-1.323770043956606060e+02 -9.326394865214636809e+01
-1.327472429667540439e+02 -9.328644069578297149e+01
-1.331174815378473681e+02 -9.330893273941956068e+01
-1.334877201089408061e+02 -9.333142478305617828e+01
-1.338579586800342156e+02 -9.335391682669279589e+01
-1.342281972511276251e+02 -9.337640879890612666e+01
-1.345984358222210346e+02 -9.339890084254274427e+01
-1.349686743933143873e+02 -9.342139288617934767e+01
-1.353389129644077968e+02 -9.344388492981593686e+01
-1.357091514640779337e+02 -9.346637697345254026e+01
-1.360793900351713717e+02 -9.348886901708914365e+01
-1.364496286062647528e+02 -9.351136098930250284e+01
-1.368198671773581339e+02 -9.353385303293909203e+01
-1.371901057484515150e+02 -9.355634507657569543e+01
-1.375603443195449529e+02 -9.357883712021232725e+01
-1.379305828906383340e+02 -9.360132916384891644e+01
-1.383008214617317151e+02 -9.362382120748551984e+01
-1.386710600328250962e+02 -9.364631317969885060e+01
-1.390418536341209119e+02 -9.365212153398407224e+01
-1.394127684406996650e+02 -9.365428744453456034e+01
-1.397836832472783897e+02 -9.365645328366179001e+01
-1.401545980538570575e+02 -9.365861912278901968e+01
-1.405255128604357822e+02 -9.366078496191627778e+01
-1.408964276670145068e+02 -9.366295080104352166e+01
-1.412673424735932315e+02 -9.366511671159402397e+01
-1.416382572801718993e+02 -9.366728255072125364e+01
-1.420091720867506240e+02 -9.366944838984849753e+01
-1.423800868933293486e+02 -9.367161422897572720e+01
-1.427510016999080733e+02 -9.367378006810297109e+01
-1.431219165064867980e+02 -9.367594597865345918e+01
-1.434928313130654658e+02 -9.367811181778071727e+01
-1.438637461196442189e+02 -9.368027765690794695e+01
-1.442346609262229151e+02 -9.368244349603517662e+01
-1.446055757328016682e+02 -9.368460933516240630e+01
-1.449764905393803076e+02 -9.368677524571289439e+01
-1.453474053459590607e+02 -9.368894108484016670e+01
-1.457183201525377569e+02 -9.369110692396739637e+01
-1.460892349591165100e+02 -9.369327276309464025e+01
-1.464601497656951494e+02 -9.369543860222186993e+01
-1.468310645722739025e+02 -9.369760451277237223e+01
-1.472019793788525988e+02 -9.369977035189960191e+01
-1.475728941854313518e+02 -9.370193619102684579e+01
-1.479438089920100197e+02 -9.370410203015407546e+01
-1.483147237985887443e+02 -9.370626786928131935e+01
-1.486856386051674690e+02 -9.370843377983183586e+01
-1.490565534117461937e+02 -9.371059961895906554e+01
-1.494274682183249467e+02 -9.371276545808629521e+01
-1.497983830249035861e+02 -9.371493129721352489e+01
-1.501692978314823392e+02 -9.371709713634076877e+01
-1.505402126380610355e+02 -9.371926304689127107e+01
-1.509111274446397886e+02 -9.372142888601851496e+01
-1.512820422512184564e+02 -9.372359472514574463e+01
-1.515706685985362583e+02 -9.353235171588150365e+01
-1.518263196808831594e+02 -9.326360467769586649e+01
-1.520819708346533616e+02 -9.299485756808697090e+01
-1.523376219170003196e+02 -9.272611052990133373e+01
-1.525932730707705218e+02 -9.245736342029242394e+01
-1.528489241531174514e+02 -9.218861631068352835e+01
-1.531045753068876252e+02 -9.191986927249790540e+01
-1.533602263892346116e+02 -9.165112216288899560e+01
-1.536025801735550829e+02 -9.137094375950901792e+01
-1.538299197873739388e+02 -9.107785817198315215e+01
-1.540572594011927947e+02 -9.078477258445728637e+01
-1.542845990864349517e+02 -9.049168692550816218e+01
-1.545119387002538076e+02 -9.019860133798231061e+01
-1.547392783140726635e+02 -8.990551567903320063e+01
-1.549666179278915195e+02 -8.961243009150733485e+01
-1.551939575417103754e+02 -8.931934443255821066e+01
-1.554212971555292313e+02 -8.902625884503234488e+01
-1.556468770429130188e+02 -8.873191263685632180e+01
-1.558512350066048100e+02 -8.842236405787191700e+01
-1.560555928988733285e+02 -8.811281547888751220e+01
-1.562599508625650913e+02 -8.780326689990312161e+01
-1.564643088262568256e+02 -8.749371832091870260e+01
-1.566686667185253441e+02 -8.718416974193431201e+01
-1.568730246822171353e+02 -8.687462116294987879e+01
-1.570773825744855969e+02 -8.656507258396550242e+01
-1.572817405381773881e+02 -8.625552400498108341e+01
-1.574860985018691792e+02 -8.594597542599669282e+01
-1.576904563941376978e+02 -8.563642684701227381e+01
-1.578822872168835829e+02 -8.531914941353517179e+01
-1.580672691912008077e+02 -8.499764650820058876e+01
-1.582522511655180608e+02 -8.467614353144271888e+01
-1.584372331398352856e+02 -8.435464055468486322e+01
-1.586222151141525103e+02 -8.403313757792702177e+01
-1.588071970884697635e+02 -8.371163460116916610e+01
-1.589921790627870166e+02 -8.339013169583458307e+01
-1.591771610371042414e+02 -8.306862871907671320e+01
-1.593621430114214945e+02 -8.274712574231885753e+01
-1.595471249857387477e+02 -8.242562276556101608e+01
-1.597321069600559724e+02 -8.210411986022640463e+01
-1.599116839072728453e+02 -8.177969224356016298e+01
-1.600796158623058147e+02 -8.144896380918758894e+01
-1.602475478887620284e+02 -8.111823530339174226e+01
-1.604154799152182704e+02 -8.078750679759592401e+01
-1.605834119416745693e+02 -8.045677836322334997e+01
-1.607513439681308114e+02 -8.012604985742748909e+01
-1.609192759945870250e+02 -7.979532142305491504e+01
-1.610872080210432671e+02 -7.946459291725908258e+01
-1.612551400474995660e+02 -7.913386448288650854e+01
-1.614230720025325638e+02 -7.880313597709069029e+01
-1.615910040289887775e+02 -7.847240754271810204e+01
-1.617589360554450195e+02 -7.814167903692225536e+01
-1.619231273597521863e+02 -7.780916002126357967e+01
-1.620753986923002117e+02 -7.747093535797664288e+01
-1.622276700248482655e+02 -7.713271069468970609e+01
-1.623799414288195351e+02 -7.679448603140276930e+01
-1.625322127613675605e+02 -7.645626136811583251e+01
-1.626844840939156143e+02 -7.611803670482890993e+01
-1.628367554978869123e+02 -7.577981204154195893e+01
-1.629890268304349661e+02 -7.544158737825502214e+01
-1.631412981629829630e+02 -7.510336271496808536e+01
-1.632935694955310453e+02 -7.476513805168114857e+01
-1.634458408995023433e+02 -7.442691345981748441e+01
-1.635981122320503687e+02 -7.408868879653054762e+01
-1.637503835645983941e+02 -7.375046413324361083e+01
-1.638941113888783434e+02 -7.340861645335041885e+01
-1.640313915492164369e+02 -7.306403461940003297e+01
-1.641686716381312863e+02 -7.271945278544967550e+01
-1.643059517984693514e+02 -7.237487088007604541e+01
-1.644432318873842291e+02 -7.203028904612565952e+01
-1.645805120477222943e+02 -7.168570721217528785e+01
-1.647177921366371720e+02 -7.134112537822490197e+01
-1.648550722969752371e+02 -7.099654347285128608e+01
-1.649923523858900865e+02 -7.065196163890091441e+01
-1.651296325462281516e+02 -7.030737980495052852e+01
-1.652669126351430293e+02 -6.996279797100017106e+01
-1.654041927954811513e+02 -6.961821606562654097e+01
-1.655414728843960006e+02 -6.927363423167615508e+01
-1.656717215670135204e+02 -6.892642459291212731e+01
-1.657940799785565673e+02 -6.857626617317569639e+01
-1.659164383186763132e+02 -6.822610775343927969e+01
-1.660387966587960307e+02 -6.787594933370286299e+01
-1.661611549989158050e+02 -6.752579091396640365e+01
-1.662835133390355509e+02 -6.717563249422998695e+01
-1.664058716791552968e+02 -6.682547407449357024e+01
-1.665282300906983153e+02 -6.647531565475713933e+01
-1.666505884308180327e+02 -6.612515723502070841e+01
-1.667729467709378071e+02 -6.577499881528427750e+01
-1.668953051110575529e+02 -6.542484039554784658e+01
-1.670176634511772704e+02 -6.507468197581141567e+01
-1.671400218627202605e+02 -6.472452355607499896e+01
-1.672607687511057861e+02 -6.437384124668027141e+01
-1.673677224497270402e+02 -6.401867455608773128e+01
-1.674746761483482373e+02 -6.366350786549516272e+01
-1.675816298469694345e+02 -6.330834110347935706e+01
-1.676885836170139044e+02 -6.295317441288680982e+01
-1.677955373156351584e+02 -6.259800772229424837e+01
-1.679024910142563272e+02 -6.224284103170170823e+01
-1.680094447128775244e+02 -6.188767434110916099e+01
-1.681163984829219942e+02 -6.153250757909334112e+01
-1.682233521815432482e+02 -6.117734088850079388e+01
-1.683303058801644454e+02 -6.082217419790824664e+01
-1.684372596502089152e+02 -6.046700750731570650e+01
-1.685442133488301124e+02 -6.011184081672315926e+01
-1.686511670474513664e+02 -5.975667412613061202e+01
-1.687477478736847445e+02 -5.939864229121048567e+01
-1.688382506513793828e+02 -5.903893165241603214e+01
-1.689287535004973790e+02 -5.867922108504483703e+01
-1.690192562781920174e+02 -5.831951044625038350e+01
-1.691097590558866841e+02 -5.795979980745590865e+01
-1.692002618335813509e+02 -5.760008916866145512e+01
-1.692907646826992618e+02 -5.724037860129026001e+01
-1.693812674603939286e+02 -5.688066796249579937e+01
-1.694717702380886237e+02 -5.652095732370133163e+01
-1.695622730157832905e+02 -5.616124668490687810e+01
-1.696527757934779572e+02 -5.580153611753568299e+01
-1.697432786425958682e+02 -5.544182547874120814e+01
-1.698337814202905349e+02 -5.508211483994675461e+01
-1.699147380499048268e+02 -5.472063797519999895e+01
-1.699589289103825251e+02 -5.435235868714769936e+01
-1.700031197708601951e+02 -5.398407939909539976e+01
-1.700473106313379219e+02 -5.361580003961983465e+01
-1.700915014203923192e+02 -5.324752075156754216e+01
-1.701356922808700460e+02 -5.287924139209196994e+01
-1.701798831413477444e+02 -5.251096210403967746e+01
-1.702240740018254712e+02 -5.214268281598737786e+01
-1.702682648623031696e+02 -5.177440345651181275e+01
-1.703124556513576238e+02 -5.140612416845951316e+01
-1.703566465118352369e+02 -5.103784480898396225e+01
-1.704008373723129637e+02 -5.066956552093166977e+01
-1.704450282327906905e+02 -5.030128623287936307e+01
-1.704892190218451162e+02 -4.993300687340380506e+01
-1.705334098823228146e+02 -4.956472758535151257e+01
-1.705776007428005130e+02 -4.919644829729921298e+01
-1.706217916032782398e+02 -4.882816893782364787e+01
-1.706659824637559382e+02 -4.845988964977135538e+01
-1.707089064897593005e+02 -4.809146258698108056e+01
-1.707506394613738223e+02 -4.772289667736112762e+01
-1.707923724329884010e+02 -4.735433069631790914e+01
-1.708341053331797355e+02 -4.698576478669795620e+01
-1.708758383047943141e+02 -4.661719887707800325e+01
-1.709175712764088360e+02 -4.624863296745804320e+01
-1.709593042480234431e+02 -4.588006698641483183e+01
-1.710010372196380217e+02 -4.551150107679486467e+01
-1.710427701198292709e+02 -4.514293516717491173e+01
-1.710845030914438496e+02 -4.477436918613170036e+01
-1.711262360630584567e+02 -4.440580327651174031e+01
-1.711679690346729785e+02 -4.403723736689180157e+01
-1.712097020062875572e+02 -4.366867138584856889e+01
-1.712514349064788917e+02 -4.330010547622863015e+01
-1.712931678780934703e+02 -4.293153956660867721e+01
-1.713349008497079922e+02 -4.256297365698871005e+01
-1.713766338213225993e+02 -4.219440767594550579e+01
-1.714183667929371779e+02 -4.182584176632553863e+01
-1.714588634992353491e+02 -4.145713972396001878e+01
-1.714983247824420118e+02 -4.108832361863822769e+01
-1.715377861370719756e+02 -4.071950758473968790e+01
-1.715772474202786952e+02 -4.035069147941790391e+01
-1.716167087749085738e+02 -3.998187544551937123e+01
-1.716561700581152934e+02 -3.961305941162083144e+01
-1.716956313413219277e+02 -3.924424330629904745e+01
-1.717350926959518915e+02 -3.887542727240050766e+01
-1.717745539791585827e+02 -3.850661116707872367e+01
-1.718140153337884897e+02 -3.813779513318018388e+01
-1.718534766169952093e+02 -3.776897902785837857e+01
-1.718929379716250878e+02 -3.740016299395986721e+01
-1.719323992548318074e+02 -3.703134696006132742e+01
-1.719718606094617144e+02 -3.666253085473952211e+01
-1.720113218926684340e+02 -3.629371482084100364e+01
-1.720507832472983694e+02 -3.592489871551919833e+01
-1.720902445305050321e+02 -3.555608268162067276e+01
-1.721297058137117233e+02 -3.518726657629887455e+01
-1.721677344176196982e+02 -3.481830162489011116e+01
-1.722049752943237024e+02 -3.444925475099490342e+01
-1.722422162424509793e+02 -3.408020780567643016e+01
-1.722794571905781993e+02 -3.371116093178121531e+01
-1.723166980672822035e+02 -3.334211405788601468e+01
-1.723539390154094804e+02 -3.297306718399079983e+01
-1.723911798921134277e+02 -3.260402031009559920e+01
-1.724284208402407046e+02 -3.223497343620037725e+01
-1.724656617883679814e+02 -3.186592656230518372e+01
-1.725029026650719288e+02 -3.149687968840998309e+01
-1.725401436131992057e+02 -3.112783281451476469e+01
-1.725773844899032099e+02 -3.075878594061956406e+01
-1.726146254380304299e+02 -3.038973906672434921e+01
-1.726518663861577068e+02 -3.002069219282914858e+01
-1.726891072628617110e+02 -2.965164531893393374e+01
-1.727263482109889310e+02 -2.928259837361546047e+01
-1.727635890876929068e+02 -2.891355149972025984e+01
-1.728004347794644957e+02 -2.854446598583798078e+01
-1.728353697560160072e+02 -2.817519370011434532e+01
-1.728703047325675755e+02 -2.780592141439068854e+01
-1.729052397091190869e+02 -2.743664912866704952e+01
-1.729401746856706268e+02 -2.706737677152014143e+01
-1.729751096622221951e+02 -2.669810448579648465e+01
-1.730100447101969792e+02 -2.632883220007284208e+01
-1.730449796867485190e+02 -2.595955991434919241e+01
-1.730799146633000589e+02 -2.559028762862554984e+01
-1.731148496398516272e+02 -2.522101527147863820e+01
-1.731497846164031387e+02 -2.485174298575498852e+01
-1.731847195929546501e+02 -2.448247070003134596e+01
-1.732196545695062468e+02 -2.411319841430770694e+01
-1.732545896174810309e+02 -2.374392612858405371e+01
-1.732895245940325424e+02 -2.337465377143714207e+01
-1.733244595705840823e+02 -2.300538148571350305e+01
-1.733593945471356790e+02 -2.263610919998984983e+01
-1.733931116141502855e+02 -2.226672592251038196e+01
-1.734254853523723625e+02 -2.189722029697573547e+01
-1.734578591620176553e+02 -2.152771467144109607e+01
-1.734902329002397323e+02 -2.115820897448318050e+01
-1.735226066384618093e+02 -2.078870334894853755e+01
-1.735549804481071590e+02 -2.041919765199062198e+01
-1.735873541863292360e+02 -2.004969202645598259e+01
-1.736197279245513130e+02 -1.968018640092133964e+01
-1.736521016627733900e+02 -1.931068070396344183e+01
-1.736844754724187396e+02 -1.894117507842879888e+01
-1.737168492106408451e+02 -1.857166945289413817e+01
-1.737492229488628936e+02 -1.820216375593624036e+01
-1.737815966870849422e+02 -1.783265813040159742e+01
-1.738139704967302634e+02 -1.746315250486695803e+01
-1.738463442349523689e+02 -1.709364680790904245e+01
-1.738787179731744175e+02 -1.672414118237439951e+01
-1.739082960619070093e+02 -1.635440228845202526e+01
-1.739375989567946590e+02 -1.598464046766117796e+01
-1.739669017802589224e+02 -1.561487857544704028e+01
-1.739962046751464868e+02 -1.524511675465618943e+01
-1.740255074986108355e+02 -1.487535486244206950e+01
-1.740548103220750988e+02 -1.450559304165122043e+01
-1.740841132169626633e+02 -1.413583114943709873e+01
-1.741134160404269267e+02 -1.376606932864623367e+01
-1.741427189353145479e+02 -1.339630750785538460e+01
-1.741720217587788397e+02 -1.302654561564126290e+01
-1.742013246536663758e+02 -1.265678379485039962e+01
-1.742306274771307528e+02 -1.228702190263627614e+01
-1.742599303720182888e+02 -1.191726008184542884e+01
-1.742892331954825806e+02 -1.154749818963130714e+01
-1.743151950528192344e+02 -1.117748988714844671e+01
-1.743404659614777188e+02 -1.080743065987672047e+01
-1.743657369415594474e+02 -1.043737136118173581e+01
-1.743910078502179033e+02 -1.006731206248675470e+01
-1.744162788302996603e+02 -9.697252835215028455e+00
-1.744415497389582015e+02 -9.327193536520029582e+00
-1.744668207190399585e+02 -8.957134237825048473e+00
-1.744920916276984428e+02 -8.587075010553320453e+00
-1.745173625363568988e+02 -8.217015711858337568e+00
-1.745426335164386273e+02 -7.846956484586612213e+00
-1.745679044250971117e+02 -7.476897185891613340e+00
-1.745931754051788687e+02 -7.106837887196630454e+00
-1.746149833567708640e+02 -6.736570103987311597e+00
-1.746343097783986309e+02 -6.366152760458374082e+00
-1.746536362000263125e+02 -5.995735488352710085e+00
-1.746729626930773236e+02 -5.625318144823740596e+00
-1.746922891147050336e+02 -5.254900872718076599e+00
-1.747116155363327721e+02 -4.884483600612410825e+00
-1.747309419579604537e+02 -4.514066257083442224e+00
-1.747502684510114932e+02 -4.143648984977778227e+00
-1.747695948726391464e+02 -3.773231712872080923e+00
-1.747889212942669417e+02 -3.402814369343143408e+00
-1.748028242615914962e+02 -3.032190112611747868e+00
-1.748117890957074962e+02 -2.661377298457295648e+00
-1.748207539298235247e+02 -2.290564555726116058e+00
-1.748297188353627973e+02 -1.919751741571695813e+00
-1.748386836694787974e+02 -1.548938998840516224e+00
-1.748476485035947405e+02 -1.178126184686064226e+00
-1.748566133377107406e+02 -8.073134419549162777e-01
