2.807220393241393595e+02 3.076176331606467329e+01
2.806580200771393265e+02 3.076175532106466903e+01
2.805940008341393650e+02 3.076173143606466454e+01
2.805299815931393823e+02 3.076169180206467502e+01
2.804659623591393256e+02 3.076163655506466910e+01
2.804019431311393191e+02 3.076156582006467488e+01
2.803379239121393312e+02 3.076147971606467024e+01
2.802739047031393511e+02 3.076137835606466808e+01
2.802098856351393579e+02 3.076126184306467337e+01
2.801458665061393276e+02 3.076113027806466960e+01
2.800818474041393529e+02 3.076098375506467164e+01
2.800178283341393808e+02 3.076082236106466894e+01
2.799538092961394113e+02 3.076064618006466844e+01
2.798897902951393917e+02 3.076045529006466950e+01
2.798257713331394143e+02 3.076024976606467476e+01
2.797617524121393444e+02 3.076002967806466870e+01
2.796977335331393988e+02 3.075979509206466389e+01
2.796337147021394003e+02 3.075954607006467256e+01
2.795696959201393383e+02 3.075928267106466762e+01
2.795056771901394086e+02 3.075900495106466792e+01
2.794416585131393731e+02 3.075871296006467048e+01
2.793776398931393032e+02 3.075840674906467598e+01
2.793136213311394158e+02 3.075808636406466690e+01
2.792496028311393275e+02 3.075775184806467166e+01
2.791855843941393687e+02 3.075740324206466880e+01
2.791215660241393834e+02 3.075704058306466493e+01
2.790575477211393718e+02 3.075666390806466666e+01
2.789935294901393945e+02 3.075627325106466969e+01
2.789295113321393274e+02 3.075586864206466942e+01
2.788654932491393765e+02 3.075545011006467178e+01
2.788014752441393966e+02 3.075501768306466488e+01
2.787374573201393559e+02 3.075457138506466492e+01
2.786734394781393576e+02 3.075411124006467389e+01
2.786094217211393698e+02 3.075363726806466502e+01
2.785454040521393608e+02 3.075314949006467202e+01
2.784813864721393202e+02 3.075264792306467143e+01
2.784173689841393298e+02 3.075213258306466457e+01
2.783533515911393579e+02 3.075160348506467756e+01
2.782893342951393834e+02 3.075106064206467238e+01
2.782253170981393851e+02 3.075050406506467482e+01
2.781613000031393312e+02 3.074993376506466802e+01
2.780972830121393145e+02 3.074934974906467744e+01
2.780332661271393135e+02 3.074875202606466473e+01
2.779692493521393999e+02 3.074814060106467650e+01
2.779052326871393461e+02 3.074751547906467408e+01
2.778412161371393267e+02 3.074687666306466838e+01
2.777771997031393312e+02 3.074622415506466666e+01
2.777131833871393383e+02 3.074555795706467620e+01
2.776491671931393057e+02 3.074487806706467552e+01
2.775851509921393472e+02 3.074418448506466461e+01
2.775211350341393199e+02 3.074347720906466463e+01
2.774571192041393033e+02 3.074275623506467525e+01
2.773931035051393792e+02 3.074202155806466408e+01
2.773290879381393097e+02 3.074127317306466978e+01
2.772650725061394041e+02 3.074051107406467054e+01
2.772010572121394034e+02 3.073973525206467627e+01
2.771370420591393895e+02 3.073894569806466848e+01
2.770730270491393412e+02 3.073814240506466433e+01
2.770090121841393511e+02 3.073732536006467342e+01
2.769449974671393875e+02 3.073649455406467723e+01
2.768809829011393049e+02 3.073564997206466387e+01
2.768169684891394127e+02 3.073479160306466440e+01
2.767529542321393592e+02 3.073391943206466692e+01
2.766889401351393190e+02 3.073303344406467374e+01
2.766249261991393951e+02 3.073213362406467297e+01
2.765609124281393179e+02 3.073121995506467385e+01
2.764968988231393041e+02 3.073029241906466780e+01
2.764328853891394147e+02 3.072935099906466405e+01
2.763688721271394115e+02 3.072839567506467517e+01
2.763048590411393661e+02 3.072742642706467109e+01
2.762408461331393710e+02 3.072644323606466799e+01
2.761768334071393838e+02 3.072544607906466752e+01
2.761128208641393940e+02 3.072443493506466439e+01
2.760488085091393486e+02 3.072340978006467083e+01
2.759847963441393404e+02 3.072237059206466370e+01
2.759207843721393374e+02 3.072131734506467637e+01
2.758567725971394111e+02 3.072025001506466424e+01
2.757927610201393236e+02 3.071916857506467124e+01
2.757287496461393630e+02 3.071807300006467756e+01
2.756647384781393839e+02 3.071696326106467723e+01
2.756007275181393652e+02 3.071583933206467520e+01
2.755367167691393888e+02 3.071470118206467248e+01
2.754727062361394019e+02 3.071354878406467037e+01
2.754086959211393832e+02 3.071238210706466987e+01
2.753446858281394043e+02 3.071120111906466832e+01
2.752806759591393302e+02 3.071000579006467035e+01
2.752166663191393354e+02 3.070879608806467331e+01
2.751526569111393883e+02 3.070757197906466729e+01
2.750886477371393539e+02 3.070633343106466384e+01
2.750246835691393699e+02 3.070508128906466538e+01
2.749606764001393913e+02 3.070381379806467237e+01
2.748966695111394074e+02 3.070253176406467333e+01
2.748326629061393760e+02 3.070123515106466527e+01
2.747686565881393790e+02 3.069992392106466639e+01
2.747046505621393635e+02 3.069859803806467369e+01
2.746406448321394009e+02 3.069725746306467329e+01
2.745766394011393459e+02 3.069590215706466552e+01
2.745126342751393622e+02 3.069453208106466491e+01
2.744486294561393152e+02 3.069314719506468236e+01
2.743846249511393580e+02 3.069174745806466831e+01
2.743206207621393560e+02 3.069033282706467958e+01
2.742566168941393698e+02 3.068890326206468444e+01
2.741926133511393573e+02 3.068745871906466505e+01
2.741286101391393686e+02 3.068599915406466039e+01
2.740646072611393720e+02 3.068452452406467046e+01
2.740006047211393252e+02 3.068303478406465956e+01
2.739366025251393921e+02 3.068152988706466999e+01
2.738726006771393031e+02 3.068000978806466605e+01
2.738085991821393463e+02 3.067847444006466162e+01
2.737445980441393658e+02 3.067692379606467057e+01
2.736805972691394118e+02 3.067535780606468165e+01
2.736165968601393388e+02 3.067377642306468033e+01
2.735525968231393108e+02 3.067217959606466593e+01
2.734885971631393886e+02 3.067056727606467348e+01
2.734245978851394057e+02 3.066893941106468446e+01
2.733605989941393091e+02 3.066729594906468037e+01
2.732966004951393870e+02 3.066563683806467111e+01
2.732326023921393698e+02 3.066396202606466659e+01
2.731686046921394109e+02 3.066227145806468002e+01
2.731046074001393436e+02 3.066056508006465720e+01
2.730406105201393530e+02 3.065884283706466817e+01
2.729766140591393651e+02 3.065710467206466205e+01
2.729126180221393270e+02 3.065535053006468047e+01
2.728486224141394132e+02 3.065358035306468309e+01
2.727846272401393435e+02 3.065179408206466860e+01
2.727206325071393849e+02 3.064999166006467135e+01
2.726566382211393602e+02 3.064817302606468274e+01
2.725926443861393409e+02 3.064633812006468361e+01
2.725286510101393560e+02 3.064448688206468319e+01
2.724646580971393632e+02 3.064261924906466561e+01
2.724006656541394022e+02 3.064073515906466127e+01
2.723366736871394096e+02 3.063883454906468273e+01
2.722726822021393218e+02 3.063691735506466784e+01
2.722086912051393028e+02 3.063498351206467873e+01
2.721447007021394029e+02 3.063303295406467441e+01
2.720807107011393100e+02 3.063106561506467074e+01
2.720167212071393124e+02 3.062908142806466572e+01
2.719527322271393359e+02 3.062708032506466793e+01
2.718887437671393172e+02 3.062506223706466812e+01
2.718247558341394097e+02 3.062302709506465703e+01
2.717607684361394149e+02 3.062097482806467497e+01
2.716967815781393938e+02 3.061890536506467697e+01
2.716327952691393648e+02 3.061681863506467494e+01
2.715688095141393887e+02 3.061471456306466621e+01
2.715048243211393810e+02 3.061259307706467325e+01
2.714408396971393813e+02 3.061045410206466499e+01
2.713768556501393050e+02 3.060829756206467778e+01
2.713128721861393160e+02 3.060612338206468053e+01
2.712488893141393191e+02 3.060393148306468447e+01
2.711849070421393435e+02 3.060172178906466911e+01
2.711209253751393362e+02 3.059949421906466682e+01
2.710569443241394083e+02 3.059724869506467826e+01
2.709929638951393827e+02 3.059498513506466111e+01
2.709289840961394020e+02 3.059270345806467617e+01
2.708650049361393712e+02 3.059040358006467386e+01
2.708010264231393194e+02 3.058808541906466871e+01
2.707370485651393892e+02 3.058574889006467856e+01
2.706730713701393825e+02 3.058339390706467498e+01
2.706090948481393070e+02 3.058102038406465795e+01
2.705451190061393163e+02 3.057862823406466646e+01
2.704811438541393045e+02 3.057621736706465754e+01
2.704171694011394038e+02 3.057378769506468075e+01
2.703531956551394160e+02 3.057133912706467527e+01
2.702892226261393489e+02 3.056887157106467612e+01
2.702252503241393242e+02 3.056638493506466148e+01
2.701612787571393710e+02 3.056387912606467694e+01
2.700973079341393941e+02 3.056135404706466829e+01
2.700333378671393803e+02 3.055880960506468114e+01
2.699693685641393586e+02 3.055624570106468241e+01
2.699054000351393370e+02 3.055366223906466416e+01
2.698414322911393128e+02 3.055105911706468191e+01
2.697774653421394078e+02 3.054843623806468145e+01
2.697134991981394023e+02 3.054579349906467201e+01
2.696495338701394076e+02 3.054313079706466283e+01
2.695855693691393071e+02 3.054044802906466316e+01
2.695216057041393469e+02 3.053774508906465712e+01
2.694576428881393895e+02 3.053502187306466453e+01
2.693936809321393184e+02 3.053227827206467282e+01
2.693297198461393691e+02 3.052951417806465884e+01
2.692657596431394040e+02 3.052672948006465958e+01
2.692018003341393069e+02 3.052392406906466249e+01
2.691378419301394160e+02 3.052109783006466159e+01
2.690738844451393561e+02 3.051825065206466547e+01
2.690099278891393624e+02 3.051538241806466090e+01
2.689459722761394005e+02 3.051249301206468090e+01
2.688820176181393435e+02 3.050958231606466597e+01
2.688180639281393951e+02 3.050665021206467031e+01
2.687541112181393146e+02 3.050369657806467671e+01
2.686901595021394087e+02 3.050072129306465740e+01
2.686262087941394157e+02 3.049772423306467317e+01
2.685622591061393223e+02 3.049470527306468171e+01
2.684983104531393110e+02 3.049166428806466911e+01
2.684343628481393580e+02 3.048860114906466379e+01
2.683704163061393047e+02 3.048551572706466573e+01
2.683064708411393440e+02 3.048240789006467821e+01
2.682425264681393173e+02 3.047927750706466554e+01
2.681785832021394071e+02 3.047612444306466273e+01
2.681146410571393517e+02 3.047294856306467636e+01
2.680507000491393228e+02 3.046974972906465950e+01
2.679867601951393681e+02 3.046652780306467889e+01
2.679228215091393395e+02 3.046328264306467304e+01
2.678588840071394088e+02 3.046001410706466572e+01
2.677949477071393858e+02 3.045672205206466288e+01
2.677310126241393391e+02 3.045340633006466646e+01
2.676670787771394089e+02 3.045006679506465730e+01
2.676031461811393228e+02 3.044670329706465850e+01
2.675392148541393453e+02 3.044331568406465749e+01
2.674752848151393891e+02 3.043990380406467011e+01
2.674113560801393987e+02 3.043646750006467983e+01
2.673474286701393794e+02 3.043300661706467736e+01
2.672835027351393364e+02 3.042952100206466071e+01
2.672195780411393571e+02 3.042601048006466158e+01
2.671556547291393144e+02 3.042247489506468128e+01
2.670917328181393486e+02 3.041891408206467418e+01
2.670278123281393619e+02 3.041532787306468322e+01
2.669638932811393488e+02 3.041171609906467665e+01
2.668999756971393253e+02 3.040807858806468289e+01
2.668360595971394105e+02 3.040441516706468406e+01
2.667721450021393821e+02 3.040072566006466559e+01
2.667082319351393380e+02 3.039700988806467308e+01
2.666443204181393867e+02 3.039326767006465957e+01
2.665804104741393985e+02 3.038949882406467395e+01
2.665165021251393682e+02 3.038570316406466532e+01
2.664525953961393725e+02 3.038188050306467858e+01
2.663886903111393849e+02 3.037803065006465886e+01
2.663247868931393896e+02 3.037415341206465769e+01
2.662608851691393284e+02 3.037024859406466248e+01
2.661969413711393599e+02 3.036631329306467819e+01
2.661330419711393915e+02 3.036235262806468427e+01
2.660691443101393361e+02 3.035836377706468170e+01
2.660052484131393840e+02 3.035434653506467839e+01
2.659413543071393633e+02 3.035030069206467829e+01
2.658774620191393296e+02 3.034622603706466748e+01
2.658135715761393385e+02 3.034212235406465652e+01
2.657496830061393212e+02 3.033798942506467711e+01
2.656857963371393225e+02 3.033382703006466841e+01
2.656219115971393876e+02 3.032963494606465815e+01
2.655580288171394159e+02 3.032541294406468069e+01
2.654941480261393281e+02 3.032116079406466724e+01
2.654302692551393648e+02 3.031687826406468389e+01
2.653663925351393118e+02 3.031256511506467177e+01
2.653025178971394098e+02 3.030822110906467515e+01
2.652386453731393203e+02 3.030384600106467019e+01
2.651747749981393554e+02 3.029943954406468265e+01
2.651109068041394039e+02 3.029500148706466689e+01
2.650470408251393337e+02 3.029053157606466584e+01
2.649831770971393325e+02 3.028602955306467948e+01
2.649193156561393607e+02 3.028149515606466480e+01
2.648554565361393998e+02 3.027692811806466011e+01
2.647915997771393677e+02 3.027232817106465745e+01
2.647277454151393385e+02 3.026769504006466605e+01
2.646638934891393546e+02 3.026302844806465941e+01
2.646000440381393446e+02 3.025832811306466397e+01
2.645361971041393190e+02 3.025359374706468429e+01
2.644723527261393201e+02 3.024882506006466087e+01
2.644085109471393480e+02 3.024402175806466175e+01
2.643446718091394132e+02 3.023918354006465847e+01
2.642808353571393809e+02 3.023431010206468272e+01
2.642170016351393542e+02 3.022940113406465912e+01
2.641531706881393120e+02 3.022445632306465768e+01
2.640893425621393362e+02 3.021947535006466978e+01
2.640255173071393529e+02 3.021445789106468283e+01
2.639616949691393302e+02 3.020940361506467298e+01
2.638978756001394004e+02 3.020431219006468382e+01
2.638340592481393969e+02 3.019918327506468358e+01
2.637702459671393171e+02 3.019401652406466496e+01
2.637064358081393038e+02 3.018881158606467352e+01
2.636426288271393332e+02 3.018356810606468343e+01
2.635788250771394132e+02 3.017828571906466095e+01
2.635150246171393746e+02 3.017296405706466089e+01
2.634512275031393074e+02 3.016760274506466999e+01
2.633874337931393939e+02 3.016220140106466374e+01
2.633236435501393089e+02 3.015675963906465995e+01
2.632598568331393381e+02 3.015127706306466848e+01
2.631960737051393835e+02 3.014575327306468466e+01
2.631322942311393263e+02 3.014018786006465689e+01
2.630685184761393884e+02 3.013458040806466443e+01
2.630047465091394088e+02 3.012893049706465831e+01
2.629409783941393925e+02 3.012323769406467022e+01
2.628772142021393847e+02 3.011750156306467829e+01
2.628134540041393166e+02 3.011172165906467058e+01
2.627496978731393256e+02 3.010589752706468403e+01
2.626859458821393218e+02 3.010002870606467695e+01
2.626221981051393186e+02 3.009411472606467441e+01
2.625584546181393080e+02 3.008815510706466512e+01
2.624947154991393745e+02 3.008214936206468337e+01
2.624309808261393755e+02 3.007609699306468087e+01
2.623672506781393849e+02 3.006999749506468333e+01
2.623035251351393526e+02 3.006385035006468343e+01
2.622398042781393315e+02 3.005765503306466258e+01
2.621760881881393743e+02 3.005141100706467228e+01
2.621123769481393992e+02 3.004511772606466025e+01
2.620486706381393560e+02 3.003877463106468326e+01
2.619849693431393689e+02 3.003238115306467648e+01
2.619212731421393983e+02 3.002593671206466297e+01
2.618575821181393621e+02 3.001944071606467901e+01
2.617938963501393346e+02 3.001289255906468156e+01
2.617302620131393951e+02 3.000629642206467906e+01
2.616665913131394063e+02 2.999964257206465845e+01
2.616029265201393628e+02 2.999293472206466049e+01
2.615392677461393305e+02 2.998617221906468444e+01
2.614756151011393968e+02 2.997935439706466809e+01
2.614119686991393792e+02 2.997248057506467944e+01
2.613483286511393544e+02 2.996555005806467875e+01
2.612846950651393172e+02 2.995856213406466395e+01
2.612210680531393336e+02 2.995151607706466734e+01
2.611574405151393421e+02 2.994441033506467420e+01
2.610938177131394013e+02 2.993724470906465740e+01
2.610302019021393107e+02 2.993001866306465786e+01
2.609665932481393611e+02 2.992273140606468473e+01
2.609029919121393277e+02 2.991538213206467844e+01
2.608393980601393878e+02 2.990797001506467723e+01
2.607758118571393879e+02 2.990049421006466446e+01
2.607121915541393946e+02 2.989294885906465993e+01
2.606486252671393231e+02 2.988534351406465817e+01
2.605850667291393847e+02 2.987767178306467031e+01
2.605215161681393283e+02 2.986993274306468038e+01
2.604579738101393787e+02 2.986212544906467770e+01
2.603944398781393375e+02 2.985424893006467073e+01
2.603309146021393872e+02 2.984630219406466267e+01
2.602673982091394009e+02 2.983828422306467587e+01
2.602038909341393946e+02 2.983019397106465931e+01
2.601403930121393842e+02 2.982203037006468094e+01
2.600769046861394145e+02 2.981379232006466395e+01
2.600134262021393852e+02 2.980547869606468225e+01
2.599499578141393386e+02 2.979708834206468282e+01
2.598864997841393460e+02 2.978862007306466353e+01
2.598230523771393337e+02 2.978007267206467645e+01
2.597596158711393173e+02 2.977144488906466790e+01
2.596961905481393842e+02 2.976273544106467739e+01
2.596327767041393599e+02 2.975394301006465980e+01
2.595693746411393477e+02 2.974506624206466654e+01
2.595059846721393342e+02 2.973610374406467827e+01
2.594426071231393962e+02 2.972705408706465846e+01
2.593792423281394122e+02 2.971791579806466643e+01
2.593158906361393292e+02 2.970868736406467292e+01
2.592525524081393087e+02 2.969936722806465923e+01
2.591892280171393850e+02 2.968995378606467739e+01
2.591259178541394022e+02 2.968044538906465846e+01
2.590626223211393153e+02 2.967084033606465709e+01
2.589993418371393545e+02 2.966113687506467045e+01
2.589360768401393216e+02 2.965133320206467715e+01
2.588728277811393355e+02 2.964142745606466178e+01
2.588095951341393857e+02 2.963141771706466443e+01
2.587463793911393850e+02 2.962130200506467759e+01
2.586831810621393970e+02 2.961107827606466003e+01
2.586200006831393239e+02 2.960074442006467166e+01
2.585568388101393111e+02 2.959029825606467057e+01
2.584936960241393535e+02 2.957973753106466575e+01
2.584305729321393983e+02 2.956905991806468137e+01
2.583674886331393736e+02 2.955826618306466003e+01
2.583044050211393596e+02 2.954734719806467069e+01
2.582413432241393139e+02 2.953630385806468439e+01
2.581783039581393950e+02 2.952513349206466842e+01
2.581152879781393494e+02 2.951383333006467069e+01
2.580522960721393702e+02 2.950240050206465980e+01
2.579893290691393304e+02 2.949083203006466647e+01
2.579263878391393519e+02 2.947912482706468040e+01
2.578634732971393078e+02 2.946727568406467412e+01
2.578005864031393912e+02 2.945528127006465979e+01
2.577377281671393803e+02 2.944313812206468128e+01
2.576748996551393702e+02 2.943084263906467868e+01
2.576121018901393427e+02 2.941839105506466012e+01
2.575493362811394036e+02 2.940577951406467605e+01
2.574866039361393177e+02 2.939300392206467905e+01
2.574239061741393471e+02 2.938006004306467389e+01
2.573612443881393119e+02 2.936694345606466072e+01
2.572986200511393236e+02 2.935364954606467336e+01
2.572360347241393583e+02 2.934017349306466826e+01
2.571734900581393504e+02 2.932651025506467590e+01
2.571109878061394056e+02 2.931265456006465797e+01
2.570485298301393868e+02 2.929860088606466206e+01
2.569861181081394079e+02 2.928434344806467493e+01
2.569237547411393052e+02 2.926987617706467404e+01
2.568614419741393249e+02 2.925519270606466193e+01
2.567991821971393165e+02 2.924028634306466756e+01
2.567369779631393385e+02 2.922515005106467356e+01
2.566748320011394071e+02 2.920977642606467839e+01
2.566127472321393270e+02 2.919415766206466856e+01
2.565507267881394000e+02 2.917828553306466688e+01
2.564887740311393145e+02 2.916215134806466835e+01
2.564268925771393697e+02 2.914574592406466991e+01
2.563650863181393333e+02 2.912905954506467765e+01
2.563033594511393858e+02 2.911208191406467449e+01
2.562417163831393054e+02 2.909480207606466706e+01
2.561801622621393335e+02 2.907720850006467117e+01
2.561187023021393543e+02 2.905928882006466552e+01
2.560573422851393843e+02 2.904102990306466836e+01
2.559960885061393583e+02 2.902241774006466812e+01
2.559349478311393113e+02 2.900343736706466302e+01
2.558739277681393105e+02 2.898407277906466106e+01
2.558130365431393329e+02 2.896430682506468202e+01
2.557522831941394088e+02 2.894412109706468073e+01
2.556916776721393489e+02 2.892349580206467863e+01
2.556312309691393239e+02 2.890240962006467385e+01
2.555709552561393139e+02 2.888083954206467752e+01
2.555108640521393681e+02 2.885876068506468073e+01
2.554509724751393378e+02 2.883614610606466044e+01
2.553912971891393227e+02 2.881296645706467530e+01
2.553318572031394069e+02 2.878918991206467126e+01
2.552726740191393446e+02 2.876478180006466800e+01
2.552137713841393634e+02 2.873970398506466495e+01
2.551551767291393844e+02 2.871391485206467564e+01
2.550969211391393401e+02 2.868736859706467612e+01
2.550390405041393933e+02 2.866001489006467295e+01
2.549815757911393348e+02 2.863179800306465950e+01
2.549245745801393923e+02 2.860265632306467865e+01
2.548680920871393027e+02 2.857252142306467135e+01
2.548121921801393910e+02 2.854131677806466882e+01
2.547569523211393516e+02 2.850895839506466700e+01
2.547024629741393937e+02 2.847535201506465796e+01
2.546488320351393213e+02 2.844039258506467149e+01
2.545961890201393771e+02 2.840396317206466392e+01
2.545446903351393075e+02 2.836593403806466540e+01
2.544945261881393890e+02 2.832616234206466288e+01
2.544459284691394032e+02 2.828449222006466357e+01
2.543990388961393592e+02 2.824090675006468132e+01
2.543525885271393463e+02 2.819684926106467060e+01
2.543062014011393330e+02 2.815272534406466320e+01
2.542598737391393797e+02 2.810853876406466156e+01
2.542136344291393470e+02 2.806432386806466184e+01
2.541674172351393963e+02 2.802002340006467307e+01
2.541212506901393908e+02 2.797567015606466612e+01
2.540751323081393593e+02 2.793126683706466906e+01
2.540290598011393968e+02 2.788681592206467030e+01
2.539830310621393892e+02 2.784231968906468069e+01
2.539370441411393813e+02 2.779778024006466808e+01
2.538910972311393834e+02 2.775319951706467236e+01
2.538451886541394060e+02 2.770857932006467195e+01
2.537993168471393801e+02 2.766392132106466306e+01
2.537534803551393452e+02 2.761922707506465713e+01
2.537076778161393804e+02 2.757449803406467481e+01
2.536619079551393270e+02 2.752973555206466472e+01
2.536161695781393064e+02 2.748494089906466797e+01
2.535704615621393714e+02 2.744011526206466556e+01
2.535247828521393103e+02 2.739525976006467545e+01
2.534791324541394033e+02 2.735037544106467067e+01
2.534335094281393594e+02 2.730546329506466918e+01
2.533879128891393293e+02 2.726052425406467705e+01
2.533423420001394106e+02 2.721555920006466067e+01
2.532967959651393812e+02 2.717056896406467104e+01
2.532512740351393177e+02 2.712555433606468114e+01
2.532057754921393098e+02 2.708051606106465670e+01
2.531602996601393443e+02 2.703545485006466720e+01
2.531148458941393073e+02 2.699037137506468298e+01
2.530694135791393364e+02 2.694526627606467173e+01
2.530240021301393654e+02 2.690014016306466260e+01
2.529786109891393835e+02 2.685499361606466096e+01
2.529332396241393326e+02 2.680982718806467346e+01
2.528878875241393871e+02 2.676464140706465855e+01
2.528425542051393222e+02 2.671943677806467576e+01
2.527972391991393124e+02 2.667421378206466898e+01
2.527519420611394025e+02 2.662897288006467988e+01
2.527066623661393123e+02 2.658371451506468475e+01
2.526613997011393167e+02 2.653843910806466511e+01
2.526161536751393442e+02 2.649314706406465803e+01
2.525709239091393101e+02 2.644783877306466024e+01
2.525257100411394049e+02 2.640251460806467776e+01
2.524805117231393297e+02 2.635717492606465839e+01
2.524353286201393303e+02 2.631182007406468415e+01
2.523901604081393089e+02 2.626645038106465790e+01
2.523450067761393711e+02 2.622106616606467355e+01
2.522998674261393717e+02 2.617566773806467495e+01
2.522547420691394109e+02 2.613025539006466147e+01
2.522096304261393698e+02 2.608482940806467809e+01
2.521645322281393646e+02 2.603939006606466933e+01
2.521194472171393954e+02 2.599393763006466429e+01
2.520743751421393881e+02 2.594847235506466632e+01
2.520293157611394008e+02 2.590299448806467808e+01
2.519842688391393040e+02 2.585750426706468375e+01
2.519392341521393064e+02 2.581200192306468466e+01
2.518942114791393578e+02 2.576648767806466367e+01
2.518492006091394160e+02 2.572096174906465649e+01
2.518042013381393645e+02 2.567542434306466248e+01
2.517592134661393857e+02 2.562987566306466647e+01
2.517142368011393501e+02 2.558431590306466319e+01
2.516692711571394057e+02 2.553874525306466126e+01
2.516243163531393066e+02 2.549316389706467589e+01
2.515793722141393118e+02 2.544757201106466482e+01
2.515344385691394109e+02 2.540196976906466375e+01
2.514895152541394054e+02 2.535635733706467931e+01
2.514446021091393959e+02 2.531073487806466460e+01
2.513996989771393373e+02 2.526510254806467515e+01
2.513548057091393275e+02 2.521946050006468454e+01
2.513099221561393506e+02 2.517380888406466966e+01
2.512650481781394092e+02 2.512814784106467414e+01
2.512201836351393922e+02 2.508247751406466364e+01
2.511753283921393631e+02 2.503679803606468113e+01
2.511304823191393325e+02 2.499110954106467375e+01
2.510856452881394034e+02 2.494541215706468051e+01
2.510408171751394093e+02 2.489970600906465847e+01
2.509959978601393686e+02 2.485399121706467440e+01
2.509511872261393819e+02 2.480826790106468138e+01
2.509063851581394147e+02 2.476253617506466753e+01
2.508615915461393797e+02 2.471679615006468111e+01
2.508168062801393035e+02 2.467104793606466728e+01
2.507720292571393657e+02 2.462529163806468091e+01
2.507272603731394156e+02 2.457952736006467376e+01
2.506824995281393740e+02 2.453375520106467889e+01
2.506377466251393571e+02 2.448797526106466194e+01
2.505930015691393464e+02 2.444218763206467315e+01
2.505482642681394054e+02 2.439639240906467421e+01
2.505035346321393490e+02 2.435058968206467966e+01
2.504588125731393120e+02 2.430477953806467895e+01
2.504140980061393975e+02 2.425896206406466149e+01
2.503693908471393570e+02 2.421313734206466961e+01
2.503246911041393332e+02 2.416730554706467160e+01
2.502799985241393870e+02 2.412146657506465885e+01
2.502353131141393305e+02 2.407562059506466312e+01
2.501906348001393781e+02 2.402976768006467978e+01
2.501459635091393920e+02 2.398390790406466522e+01
2.501012991691393381e+02 2.393804133906468223e+01
2.500566417111393775e+02 2.389216805306466540e+01
2.500119910661393305e+02 2.384628811606467025e+01
2.499673471691393161e+02 2.380040159206467365e+01
2.499227099561393288e+02 2.375450854606467033e+01
2.498780793631393635e+02 2.370860904206466557e+01
2.498334553301393726e+02 2.366270313906466072e+01
2.497888377981394115e+02 2.361679089706467494e+01
2.497442267071393189e+02 2.357087237506468114e+01
2.496996220031393250e+02 2.352494762806466611e+01
2.496550236301393397e+02 2.347901671106467347e+01
2.496104315341393658e+02 2.343307967806467218e+01
2.495658456651393635e+02 2.338713658006466289e+01
2.495212659701393250e+02 2.334118746706465686e+01
2.494766924031393955e+02 2.329523238906466531e+01
2.494321249141393082e+02 2.324927139406466381e+01
2.493875634571393221e+02 2.320330452606467020e+01
2.493430079891393234e+02 2.315733183206467061e+01
2.492984584651393334e+02 2.311135335506466504e+01
2.492539148421393520e+02 2.306536913606467465e+01
2.492093770821393264e+02 2.301937921706468160e+01
2.491648451431393596e+02 2.297338363706467135e+01
2.491203189881393882e+02 2.292738243406466836e+01
2.490757985801393488e+02 2.288137564406466140e+01
2.490312838841393841e+02 2.283536330506467493e+01
2.489867748651394095e+02 2.278934544906468318e+01
2.489422714911393086e+02 2.274332210906467822e+01
2.488977737301393063e+02 2.269729331806468053e+01
2.488532815521393786e+02 2.265125910506466766e+01
2.488087949291393670e+02 2.260521950006466341e+01
2.487643138321393508e+02 2.255917453006466644e+01
2.487198382371393564e+02 2.251312422106465760e+01
2.486753681191393071e+02 2.246706859806465673e+01
2.486309034541393430e+02 2.242100768506466579e+01
2.485864442201393558e+02 2.237494150406467952e+01
2.485419903991393085e+02 2.232887007506465693e+01
2.484975419701393093e+02 2.228279341806467073e+01
2.484530989181394034e+02 2.223671155106467268e+01
2.484086612261393157e+02 2.219062448806465682e+01
2.483642288811394110e+02 2.214453224606467074e+01
2.483198018711393615e+02 2.209843483706467282e+01
2.482753801871393762e+02 2.205233227206466040e+01
2.482309638181393439e+02 2.200622456006468042e+01
2.481865527611394100e+02 2.196011170906467669e+01
2.481421470091393076e+02 2.191399372406468160e+01
2.480977465621393776e+02 2.186787060806466343e+01
2.480533514201393928e+02 2.182174236406467571e+01
2.480089615861393213e+02 2.177560899006468276e+01
2.479645770651393377e+02 2.172947048206467002e+01
2.479201978661393468e+02 2.168332683406467254e+01
2.478758240001393460e+02 2.163717803706467180e+01
2.478314554831393934e+02 2.159102407806466317e+01
2.477870923321393093e+02 2.154486494406467045e+01
2.477427344881393765e+02 2.149870052606468107e+01
2.476983821511394126e+02 2.145253098506466927e+01
2.476540352621393595e+02 2.140635619606467799e+01
2.476096938571394048e+02 2.136017612906468344e+01
2.475653579811394138e+02 2.131399074306466446e+01
2.475210276821393336e+02 2.126779999506467789e+01
2.474767030191393360e+02 2.122160383306467679e+01
2.474323840571394157e+02 2.117540219706467042e+01
2.473880708731393270e+02 2.112919501706466008e+01
2.473437635571393685e+02 2.108298221106466031e+01
2.472994622101393816e+02 2.103676368606465985e+01
2.472551669531393372e+02 2.099053933106466729e+01
2.472108779271393360e+02 2.094430901406465750e+01
2.471665953001393063e+02 2.089807257906466020e+01
2.471223192701393145e+02 2.085182983906466347e+01
2.470780500831393738e+02 2.080558056406468381e+01
2.470337880401393704e+02 2.075932446506467954e+01
2.469895335721394076e+02 2.071306122006467376e+01
2.469452870671393612e+02 2.066679020706467895e+01
2.469010493521393528e+02 2.062051084506467191e+01
2.468568215021393826e+02 2.057422203906466507e+01
2.468126055011393873e+02 2.052792178606466678e+01
2.467862248571393593e+02 2.048744258306467714e+01
2.468492546371393246e+02 2.047621273106466333e+01
2.469122719771393122e+02 2.046492065206467714e+01
2.469752790231393647e+02 2.045356855706467059e+01
2.470382759281393419e+02 2.044215886006466576e+01
2.471012630721393180e+02 2.043069378806467284e+01
2.471642410931393670e+02 2.041917538706468349e+01
2.472272107091393991e+02 2.040760557006467479e+01
2.472901728241394039e+02 2.039598609906465754e+01
2.473531286161393155e+02 2.038431857906468281e+01
2.474160797871393243e+02 2.037260442106466485e+01
2.474789734931393923e+02 2.036085515206465857e+01
2.475419295761394096e+02 2.034904992106467603e+01
2.476048540851393227e+02 2.033720778206466662e+01
2.476677694031393457e+02 2.032532596006467429e+01
2.477306556481393045e+02 2.031340957906468248e+01
2.477935401611393900e+02 2.030145475506466823e+01
2.478563823861393303e+02 2.028947044806466238e+01
2.479193098141394103e+02 2.027743346706466809e+01
2.479821691401393764e+02 2.026537422706468305e+01
2.480452946031393822e+02 2.025322950706467395e+01
2.481081917091393052e+02 2.024109543106467868e+01
2.481710641031393152e+02 2.022893388806465964e+01
2.482339159951393412e+02 2.021674503206466511e+01
2.482967622011393587e+02 2.020452690506468230e+01
2.483593091431393987e+02 2.019233765806467318e+01
2.484221408731393694e+02 2.018006430306468246e+01
2.484849673551393607e+02 2.016776409906466938e+01
2.485477887241393091e+02 2.015543779306466377e+01
2.486106051121394103e+02 2.014308610406467892e+01
2.486734166471393337e+02 2.013070972506466205e+01
2.487362234521393702e+02 2.011830932306466480e+01
2.487990256471393877e+02 2.010588554406467665e+01
2.488618233461393174e+02 2.009343900806467786e+01
2.489246165021393153e+02 2.008097034806468173e+01
2.489874054901393947e+02 2.006848009306466452e+01
2.490501902981393414e+02 2.005596882506466727e+01
2.491129710281393272e+02 2.004343708906466759e+01
2.491757477781393391e+02 2.003088540906466619e+01
2.492385206451393742e+02 2.001831429406468033e+01
2.493012897201393798e+02 2.000572423706466907e+01
2.493640550961393956e+02 1.999311571706468271e+01
2.494268168581393184e+02 1.998048919506467769e+01
2.494895750941393544e+02 1.996784512206465934e+01
2.495523298861393187e+02 1.995518393306466010e+01
2.496150813161393671e+02 1.994250605206465821e+01
2.496778294621393570e+02 1.992981189006468412e+01
2.497405744011393836e+02 1.991710184706465725e+01
2.498033162091393251e+02 1.990437631206467017e+01
2.498660549581393298e+02 1.989163566206465816e+01
2.499287907211393076e+02 1.987888026506468009e+01
2.499915235661393353e+02 1.986611047906467320e+01
2.500542535611393760e+02 1.985332665206468050e+01
2.501169807741393925e+02 1.984052912506467692e+01
2.501797052661393082e+02 1.982771822706467901e+01
2.502424271061393029e+02 1.981489428006466369e+01
2.503051463521393316e+02 1.980205760006467131e+01
2.503678630661393072e+02 1.978920849306467744e+01
2.504305773071394015e+02 1.977634725806467486e+01
2.504932891331393421e+02 1.976347418806466294e+01
2.505559985991393432e+02 1.975058956706467939e+01
2.506187057631393600e+02 1.973769367506466210e+01
2.506814106781394003e+02 1.972478678306467259e+01
2.507441133971393583e+02 1.971186915806467255e+01
2.508068139721393663e+02 1.969894106006466927e+01
2.508695124561393186e+02 1.968600274306467668e+01
2.509322088961394002e+02 1.967305445606467629e+01
2.509949033441394022e+02 1.966009644406466350e+01
2.510575958461394066e+02 1.964712894406466148e+01
2.511202864511393500e+02 1.963415219106465770e+01
2.511829752041393249e+02 1.962116641206466738e+01
2.512456621511394133e+02 1.960817183306465949e+01
2.513083473371393666e+02 1.959516867306467702e+01
2.513710308051394122e+02 1.958215714806468100e+01
2.514337125991393123e+02 1.956913746906465690e+01
2.514963927621394078e+02 1.955610984306466094e+01
2.515590713341393894e+02 1.954307447406466736e+01
2.516217483561393919e+02 1.953003156206466429e+01
2.516844238701393124e+02 1.951698130206466431e+01
2.517470979141393173e+02 1.950392388706467273e+01
2.518097705281393246e+02 1.949085950606468032e+01
2.518724417501393873e+02 1.947778834506468115e+01
2.519351116171393414e+02 1.946471058806466203e+01
2.519977801671393536e+02 1.945162641206468379e+01
2.520604474361393841e+02 1.943853599606467242e+01
2.521231134611393827e+02 1.942543951206468478e+01
2.521857782761393310e+02 1.941233713306468189e+01
2.522484419181394060e+02 1.939922902506467040e+01
2.523111044201393725e+02 1.938611535506467476e+01
2.523737658161393256e+02 1.937299628606467650e+01
2.524364261401393605e+02 1.935987197806466042e+01
2.524990854261393451e+02 1.934674259106466820e+01
2.525617437051394063e+02 1.933360827906466284e+01
2.526244010101393087e+02 1.932046919606466417e+01
2.526870573721394067e+02 1.930732549406468479e+01
2.527497128241393511e+02 1.929417732406466257e+01
2.528123673961393933e+02 1.928102483106468412e+01
2.528750211191393191e+02 1.926786816206467279e+01
2.529376740231393796e+02 1.925470746006467948e+01
2.530003261371393819e+02 1.924154286706468042e+01
2.530629774921393391e+02 1.922837452306467299e+01
2.531256281171393994e+02 1.921520256606467569e+01
2.531882780401393802e+02 1.920202713406467865e+01
2.532509272911393055e+02 1.918884836006466799e+01
2.533135758961393549e+02 1.917566637806467611e+01
2.533762238851393249e+02 1.916248132006467131e+01
2.534388714061393557e+02 1.914929329206466946e+01
2.535015182331393362e+02 1.913610247506466067e+01
2.535641645261393933e+02 1.912290896906466742e+01
2.536268103121393551e+02 1.910971290006466461e+01
2.536894556181393909e+02 1.909651439306466614e+01
2.537521004701393394e+02 1.908331357306465748e+01
2.538147448941393804e+02 1.907011056106466640e+01
2.538773889161393527e+02 1.905690547906468169e+01
2.539400325621393222e+02 1.904369844706468484e+01
2.540026758561393763e+02 1.903048958506465738e+01
2.540653188251393431e+02 1.901727901006466936e+01
2.541279614931393098e+02 1.900406684006466662e+01
2.541906038851393532e+02 1.899085319006468353e+01
2.542532460251393331e+02 1.897763817606465864e+01
2.543158879391393157e+02 1.896442191306468317e+01
2.543785296501393987e+02 1.895120451306468112e+01
2.544411711821393283e+02 1.893798608906467962e+01
2.545037689241393082e+02 1.892477596206467183e+01
2.545664088281394015e+02 1.891155610906466222e+01
2.546290485971393309e+02 1.889833557106467765e+01
2.546916882551394110e+02 1.888511445606468442e+01
2.547543278241394091e+02 1.887189287506467394e+01
2.548169673281394125e+02 1.885867093606466938e+01
2.548796067891394159e+02 1.884544874506465817e+01
2.549422462301394035e+02 1.883222641006466347e+01
2.550048856731393698e+02 1.881900403706467273e+01
2.550675251421394023e+02 1.880578173206467341e+01
2.551301646561394136e+02 1.879255960006466353e+01
2.551928042391393774e+02 1.877933774706465897e+01
2.552554439141393914e+02 1.876611627606467891e+01
2.553180837031393366e+02 1.875289529106467512e+01
2.553807236261393427e+02 1.873967489506466677e+01
2.554433637061393938e+02 1.872645519306468032e+01
2.555060039641393814e+02 1.871323628606467082e+01
2.555686444241393929e+02 1.870001827606466804e+01
2.556312851051393409e+02 1.868680126606466274e+01
2.556939260291393339e+02 1.867358535706466682e+01
2.557565672171393771e+02 1.866037065106468162e+01
2.558192086921393411e+02 1.864715724906466221e+01
2.558818504741393554e+02 1.863394525106465949e+01
2.559444925841393115e+02 1.862073475906467479e+01
2.560071350441393179e+02 1.860752587206468434e+01
2.560697778751393798e+02 1.859431869206466104e+01
2.561324210981393890e+02 1.858111331706467695e+01
2.561950647341393505e+02 1.856790984906467656e+01
2.562577088041393836e+02 1.855470838706466452e+01
2.563203533301393691e+02 1.854150903206468115e+01
2.563829983311393335e+02 1.852831188106466698e+01
2.564456438301393746e+02 1.851511703706466960e+01
2.565082898461394052e+02 1.850192459706465797e+01
2.565709364021394094e+02 1.848873466206467242e+01
2.566335835171394137e+02 1.847554733206467859e+01
2.566962312141394023e+02 1.846236270606468111e+01
2.567588795121394014e+02 1.844918088406467405e+01
2.568215284321393028e+02 1.843600196506466204e+01
2.568841779971393180e+02 1.842282605106467486e+01
2.569468282251393703e+02 1.840965324006467085e+01
2.570094791401393195e+02 1.839648363306466194e+01
2.570721307601393164e+02 1.838331733106466004e+01
2.571347832471393531e+02 1.837015440506468167e+01
2.571974363581393845e+02 1.835699501106466869e+01
2.572600902401393341e+02 1.834383922306466275e+01
2.573227449131393314e+02 1.833068714306466518e+01
2.573854004001393605e+02 1.831753887206465947e+01
2.574480567201393342e+02 1.830439451306466481e+01
2.575107138951393608e+02 1.829125416606467525e+01
2.575733719471393215e+02 1.827811793506467097e+01
2.576360308971393351e+02 1.826498592206468174e+01
2.576986907661394071e+02 1.825185823006466990e+01
2.577613515761393046e+02 1.823873496306467246e+01
2.578240133471393847e+02 1.822561622506466961e+01
2.578866761031393935e+02 1.821250211906468053e+01
2.579493398631393575e+02 1.819939275206468210e+01
2.580120046511393639e+02 1.818628822706466508e+01
2.580746704881393043e+02 1.817318865206468104e+01
2.581373373951394115e+02 1.816009413106468173e+01
2.582000053951393284e+02 1.814700477206466189e+01
2.582626745101393908e+02 1.813392068206468366e+01
2.583253447621393661e+02 1.812084197006467434e+01
2.583880161731393628e+02 1.810776874306466766e+01
2.584506887651393754e+02 1.809470111106466561e+01
2.585133625611393882e+02 1.808163918406467019e+01
2.585760375841393852e+02 1.806858307306467282e+01
2.586387138561393613e+02 1.805553288806467549e+01
2.587013914011394036e+02 1.804248874206467690e+01
2.587640702401394037e+02 1.802945074706465789e+01
2.588267503971393353e+02 1.801641901706466342e+01
2.588894318951394098e+02 1.800339366606468161e+01
2.589521147571393840e+02 1.799037480906466158e+01
2.590147990081393345e+02 1.797736256306467340e+01
2.590774846701393699e+02 1.796435704506467346e+01
2.591401717681393393e+02 1.795135837206467500e+01
2.592028603251393406e+02 1.793836666206468067e+01
2.592655503651393474e+02 1.792538203706467925e+01
2.593282419121393332e+02 1.791240461606466283e+01
2.593909349921393641e+02 1.789943452106467703e+01
2.594536296281393106e+02 1.788647187506467162e+01
2.595163258461393525e+02 1.787351680306466051e+01
2.595790236701393496e+02 1.786056942906466816e+01
2.596417231251393787e+02 1.784762988006465889e+01
2.597044242371393921e+02 1.783469828206466445e+01
2.597671270311393528e+02 1.782177476506467428e+01
2.598298315341393163e+02 1.780885945906467782e+01
2.598925377701393700e+02 1.779595249406466451e+01
2.599552457671393313e+02 1.778305400406466674e+01
2.600179555501393907e+02 1.777016412106468124e+01
2.600806671471393656e+02 1.775728298306466968e+01
2.601433805841393223e+02 1.774441072406466446e+01
2.602060958881393162e+02 1.773154748506468081e+01
2.602688130861394029e+02 1.771869340306466256e+01
2.603315322071393894e+02 1.770584862106466062e+01
2.603942532781393311e+02 1.769301328206466906e+01
2.604569763281393762e+02 1.768018753006467136e+01
2.605197013841393527e+02 1.766737151106465831e+01
2.605824284751394089e+02 1.765456537406467419e+01
2.606451576311393410e+02 1.764176926806467804e+01
2.607078888811394108e+02 1.762898334406466461e+01
2.607706222541393117e+02 1.761620775706467157e+01
2.608333577811393980e+02 1.760344266206467978e+01
2.608960954911393628e+02 1.759068821606467736e+01
2.609588354151393332e+02 1.757794457906467755e+01
2.610215775841393224e+02 1.756521191106466517e+01
2.610843220301393330e+02 1.755249037806467527e+01
2.611470687831393889e+02 1.753978014306466093e+01
2.612098178771393577e+02 1.752708137706466118e+01
2.612725693421393771e+02 1.751439424906467934e+01
2.613353232111393254e+02 1.750171893206467644e+01
2.613980795201393903e+02 1.748905560206466703e+01
2.614608383001393577e+02 1.747640443506466568e+01
2.615235995851393227e+02 1.746376561206466249e+01
2.615863634111393594e+02 1.745113931706467270e+01
2.616491298111393462e+02 1.743852573506467252e+01
2.617118988211393571e+02 1.742592505506468115e+01
2.617746704771393524e+02 1.741333746806466820e+01
2.618374448141393032e+02 1.740076316706466741e+01
2.619002218701393758e+02 1.738820235206466691e+01
2.619630016811393034e+02 1.737565522106467597e+01
2.620257842861393556e+02 1.736312197906465826e+01
2.620885697211393790e+02 1.735060283306466999e+01
2.621513580271393948e+02 1.733809799306467880e+01
2.622141492411393529e+02 1.732560767206467744e+01
2.622769434051393773e+02 1.731313208806466264e+01
2.623397405571394074e+02 1.730067146206468465e+01
2.624025407401393295e+02 1.728822602006468401e+01
2.624653439941394026e+02 1.727579598806465810e+01
2.625281503621393995e+02 1.726338160106467967e+01
2.625909598861393306e+02 1.725098309506466876e+01
2.626537726101394128e+02 1.723860071006467365e+01
2.627165885781394081e+02 1.722623469306466859e+01
2.627794078351394091e+02 1.721388529206467410e+01
2.628422304261393947e+02 1.720155276406467237e+01
2.629050563971393331e+02 1.718923736606467401e+01
2.629678857951394093e+02 1.717693936206467242e+01
2.630307186681393432e+02 1.716465902206468286e+01
2.630935550641393093e+02 1.715239662106466767e+01
2.631563950321393577e+02 1.714015243706467118e+01
2.632192386231394039e+02 1.712792675606468151e+01
2.632820858871393739e+02 1.711571986806467294e+01
2.633449368771393893e+02 1.710353207106467721e+01
2.634077916441393654e+02 1.709136366706468380e+01
2.634706502421394134e+02 1.707921496606468281e+01
2.635335127261394064e+02 1.706708628106466108e+01
2.635963791511393310e+02 1.705497793606465962e+01
2.636592495751393699e+02 1.704289026006466656e+01
2.637221240531393960e+02 1.703082358806466345e+01
2.637850026451393433e+02 1.701877826306466091e+01
2.638478854101393836e+02 1.700675463706465962e+01
2.639107724091393266e+02 1.699475306806468211e+01
2.639736637041393124e+02 1.698277392306468414e+01
2.640365593581393568e+02 1.697081757606466113e+01
2.640994594351393516e+02 1.695888441206466268e+01
2.641623640011393945e+02 1.694697482306466441e+01
2.642252731231393454e+02 1.693508921206466766e+01
2.642881868681394053e+02 1.692322798806466722e+01
2.643511053061394023e+02 1.691139157406468030e+01
2.644140285081393813e+02 1.689958040106466797e+01
2.644769565461393768e+02 1.688779491206466332e+01
2.645398894951393913e+02 1.687603555906466113e+01
2.646028274291393245e+02 1.686430280706466078e+01
2.646657704261393746e+02 1.685259713306467688e+01
2.647287185641393989e+02 1.684091902506466454e+01
2.647916719241393366e+02 1.682926898606467603e+01
2.648546305871393542e+02 1.681764752906465787e+01
2.649175946381393487e+02 1.680605518306467161e+01
2.649805641621393306e+02 1.679449249206467698e+01
2.650435392471393925e+02 1.678296001206467736e+01
2.651065199831393784e+02 1.677145831806467413e+01
2.651695064611393491e+02 1.675998799806467332e+01
2.652324987751393337e+02 1.674854965806466112e+01
2.652954970221393296e+02 1.673714392206466073e+01
2.653585012991393342e+02 1.672577143206467554e+01
2.654215117081394055e+02 1.671443284906467852e+01
2.654845283511393745e+02 1.670312885206467968e+01
2.655475512031393919e+02 1.669186016606465728e+01
2.656105806261393809e+02 1.668062746806467089e+01
2.656736166081393549e+02 1.666943152606467038e+01
2.657366592621393693e+02 1.665827310806466244e+01
2.657997087061393131e+02 1.664715300606468418e+01
2.658627650581393027e+02 1.663607204106466497e+01
2.659258284431393804e+02 1.662503105606467102e+01
2.659888989861393611e+02 1.661403092706467532e+01
2.660519768161393586e+02 1.660307255706467799e+01
2.661150620671393199e+02 1.659215688006466394e+01
2.661781548751393984e+02 1.658128486206467755e+01
2.662412553801393642e+02 1.657045750506466675e+01
2.663043637271393891e+02 1.655967584606466403e+01
2.663674800651393753e+02 1.654894095806466225e+01
2.664306045441393280e+02 1.653825395706468271e+01
2.664937373241393743e+02 1.652761599706465745e+01
2.665568785641393106e+02 1.651702827806465734e+01
2.666200284331393959e+02 1.650649204706468254e+01
2.666831871001393210e+02 1.649600859906468031e+01
2.667463547421393741e+02 1.648557928006468387e+01
2.668095315421393252e+02 1.647520549206467422e+01
2.668727176871393567e+02 1.646488869506467267e+01
2.669359133691393708e+02 1.645463040806467347e+01
2.669991187891394020e+02 1.644443221706467284e+01
2.670623341531393180e+02 1.643429577706467626e+01
2.671255596711393991e+02 1.642422281406467732e+01
2.671887955651393440e+02 1.641421513506466567e+01
2.672520420611393774e+02 1.640427462706466599e+01
2.673152993911393196e+02 1.639440326606467124e+01
2.673785678001393080e+02 1.638460312306466449e+01
2.674418475351393454e+02 1.637487636906467969e+01
2.675051379031393708e+02 1.636522542606468278e+01
2.675684387321393842e+02 1.635565275106466743e+01
2.676317516181393330e+02 1.634616065806466167e+01
2.676950768511393335e+02 1.633675179506465724e+01
2.677584147321393857e+02 1.632742895206467892e+01
2.678217655751393522e+02 1.631819507306465766e+01
2.678851297021393520e+02 1.630905326706468372e+01
2.679485074491393561e+02 1.630000682306467752e+01
2.680118991631393328e+02 1.629105922106467119e+01
2.680753052041393403e+02 1.628221415206468237e+01
2.681387259451394129e+02 1.627347553506467648e+01
2.682021617741393129e+02 1.626484753506466063e+01
2.682656130911393575e+02 1.625633459106467171e+01
2.683290804171393802e+02 1.624794141906465939e+01
2.683925639531394154e+02 1.623967310606465730e+01
2.684560642741394076e+02 1.623153504506467470e+01
2.685195818411393702e+02 1.622353303806465874e+01
2.685831171331393534e+02 1.621567331806465972e+01
2.686466706401394049e+02 1.620796259706466458e+01
2.687102428731393502e+02 1.620040811606466491e+01
2.687738343531393639e+02 1.619301770706468346e+01
2.688374456181393271e+02 1.618579986306465912e+01
2.689010772161393561e+02 1.617876381506468420e+01
2.689647297071393268e+02 1.617191962906466074e+01
2.690284036571393926e+02 1.616527831106466806e+01
2.690920996321393659e+02 1.615885193806465736e+01
2.691558181961393075e+02 1.615265380306468046e+01
2.692195599011394052e+02 1.614669859906467764e+01
2.692833252681393787e+02 1.614100262606467595e+01
2.693471147861394002e+02 1.613558405306466170e+01
2.694109288741393584e+02 1.613046322406466970e+01
2.694747677521393143e+02 1.612566305006467360e+01
2.695386318851393526e+02 1.612120943906467119e+01
2.696025210911393515e+02 1.611713194606466004e+01
2.696664351031394062e+02 1.611346446206468386e+01
2.697303732681393740e+02 1.611024616806466270e+01
2.697943343861393259e+02 1.610752275706465753e+01
2.698583135461393567e+02 1.610525930006465956e+01
2.699222933371393083e+02 1.610301238006468338e+01
2.699862711051393944e+02 1.610070860206465682e+01
2.700502466051393640e+02 1.609834271506466052e+01
2.701142195791393306e+02 1.609590951806467274e+01
2.701781897551393286e+02 1.609340386806468359e+01
2.702421568451393341e+02 1.609082067406467331e+01
2.703061205461393683e+02 1.608815490006466575e+01
2.703700805361393122e+02 1.608540156006466759e+01
2.704340364761393403e+02 1.608255572706465841e+01
2.704979880081393731e+02 1.607961252406465746e+01
2.705619347531393259e+02 1.607656712806468136e+01
2.706258763121393258e+02 1.607341476906466937e+01
2.706898122671393594e+02 1.607015073106467185e+01
2.707537423011393685e+02 1.606677034506466839e+01
2.708176656891394032e+02 1.606326901606468027e+01
2.708815820771393419e+02 1.605964218006465671e+01
2.709454909541393590e+02 1.605588533706466592e+01
2.710093917831393355e+02 1.605199403806466307e+01
2.710732840031394062e+02 1.604796388806465757e+01
2.711371670281394017e+02 1.604379055006467070e+01
2.712010402461393141e+02 1.603946973606466031e+01
2.712649030191394104e+02 1.603499721706467085e+01
2.713287546821393335e+02 1.603036881706466943e+01
2.713925945421393635e+02 1.602558041506466679e+01
2.714564218831393418e+02 1.602062794806465718e+01
2.715202359571393345e+02 1.601550740606467116e+01
2.715840359921393201e+02 1.601021483706466597e+01
2.716478211871393569e+02 1.600474634606467816e+01
2.717115907131393442e+02 1.599909809506468150e+01
2.717753437131393639e+02 1.599326630206468280e+01
2.718390793031393287e+02 1.598724724606466907e+01
2.719027965721393230e+02 1.598103726106467093e+01
2.719664945781393044e+02 1.597463274306466019e+01
2.720301723541393812e+02 1.596803014706466683e+01
2.720938289051393895e+02 1.596122598606467591e+01
2.721574632091393369e+02 1.595421683606465990e+01
2.722210742141393212e+02 1.594699933306466733e+01
2.722846608451393422e+02 1.593957017406467003e+01
2.723482219971393761e+02 1.593192611906468414e+01
2.724117565391393327e+02 1.592406399106468484e+01
2.724752633171393654e+02 1.591598067406468431e+01
2.725387411461393867e+02 1.590767312006465772e+01
2.726021888211394071e+02 1.589913834006466686e+01
2.726656051081394025e+02 1.589037341406466908e+01
2.727289887521393439e+02 1.588137548606468386e+01
2.727923384711393737e+02 1.587214176606465799e+01
2.728556529621394020e+02 1.586266952906467509e+01
2.729189308971393757e+02 1.585295611906465751e+01
2.729821709291393290e+02 1.584299894706467171e+01
2.730453716871393226e+02 1.583279549106467243e+01
2.731085317811393907e+02 1.582234329806468054e+01
2.731716498001393347e+02 1.581163998306467988e+01
2.732347243141393847e+02 1.580068323206467085e+01
2.732977538731394134e+02 1.578947079906467366e+01
2.733607370121393387e+02 1.577800050906466822e+01
2.734236722501393615e+02 1.576627025606467214e+01
2.734865580841393466e+02 1.575427800606468054e+01
2.735493930011393786e+02 1.574202179506465882e+01
2.736121754731393594e+02 1.572949973306467086e+01
2.736749039581393390e+02 1.571670999706466887e+01
2.737375769011393913e+02 1.570365084006468237e+01
2.738001927371393549e+02 1.569032058406466490e+01
2.738627498901394119e+02 1.567671762406467906e+01
2.739252467741393957e+02 1.566284042806466914e+01
2.739876817951393377e+02 1.564868753406466340e+01
2.740500533531393330e+02 1.563425755506466430e+01
2.741123598391393443e+02 1.561954917406467302e+01
2.741745996411393662e+02 1.560456114806467554e+01
2.742367711401393535e+02 1.558929230306466707e+01
2.742988727171393748e+02 1.557374154206468120e+01
2.743609027491393135e+02 1.555790783406467881e+01
2.744228596121394048e+02 1.554179022406466970e+01
2.744847416821393153e+02 1.552538782606467294e+01
2.745465473361393833e+02 1.550869982506466727e+01
2.746082749551393363e+02 1.549172547906468367e+01
2.746699229191393670e+02 1.547446411306466985e+01
2.747314896161393563e+02 1.545691512306467530e+01
2.747929734391393595e+02 1.543907797606468080e+01
2.748543729131394002e+02 1.542095216706468364e+01
2.749156862011393514e+02 1.540253737106468179e+01
2.749769118331394111e+02 1.538383322406465936e+01
2.750380482311393280e+02 1.536483946506467646e+01
2.750990938301393953e+02 1.534555589606466697e+01
2.751600470731393671e+02 1.532598238806465929e+01
2.752209064181394069e+02 1.530611887406467986e+01
2.752816703361393138e+02 1.528596535406467183e+01
2.753423373091393387e+02 1.526552188806468280e+01
2.754029058391394074e+02 1.524478860206465924e+01
2.754633744391393293e+02 1.522376568006467323e+01
2.755237416411393951e+02 1.520245336906467060e+01
2.755840059951393641e+02 1.518085197506468376e+01
2.756441660691393736e+02 1.515896186206467178e+01
2.757042204481393810e+02 1.513678345306468032e+01
2.757641677401393281e+02 1.511431722606465655e+01
2.758240065711393072e+02 1.509156371406467656e+01
2.758837355901393948e+02 1.506852350706466837e+01
2.759433534661393423e+02 1.504519724706466377e+01
2.760028588921393293e+02 1.502158562706466682e+01
2.760622505841394059e+02 1.499768939206467167e+01
2.761215272801393894e+02 1.497350933606466583e+01
2.761806877451393802e+02 1.494904630306467652e+01
2.762397307661393597e+02 1.492430118406466022e+01
2.762986551561393753e+02 1.489927491406467652e+01
2.763574597551393026e+02 1.487396847706466474e+01
2.764161434271393318e+02 1.484838289606466333e+01
2.764747050631393677e+02 1.482251923906466118e+01
2.765331435811393703e+02 1.479637861606465776e+01
2.765914579261393555e+02 1.476996217506467701e+01
2.766496470701393946e+02 1.474327110306467148e+01
2.767077100121393869e+02 1.471630662606466444e+01
2.767656457801393799e+02 1.468907000306467125e+01
2.768234534301393523e+02 1.466156253106467489e+01
2.768811320461393279e+02 1.463378553806467153e+01
2.769386807371394070e+02 1.460574038706465672e+01
2.769960986461393304e+02 1.457742846906467094e+01
2.770533849411393703e+02 1.454885120606468263e+01
2.771105388171393997e+02 1.452001005106467346e+01
2.771675595021393974e+02 1.449090647906467666e+01
2.772244462491393051e+02 1.446154199706467125e+01
2.772811983401393263e+02 1.443191813306466997e+01
2.773378150861393578e+02 1.440203643906465913e+01
2.773942958271393309e+02 1.437189849206467329e+01
2.774506399291393564e+02 1.434150588706467033e+01
2.775068467891393311e+02 1.431086024106465970e+01
2.775629158291393423e+02 1.427996319106466672e+01
2.776188465011393873e+02 1.424881638906467174e+01
2.776746382831394158e+02 1.421742150806466043e+01
2.777302906821394117e+02 1.418578023206467265e+01
2.777858032311393117e+02 1.415389426306467158e+01
2.778411754901393351e+02 1.412176531506466404e+01
2.778964070471394052e+02 1.408939511606467931e+01
2.779514975131393157e+02 1.405678540406466936e+01
2.780064465301393284e+02 1.402393792906465819e+01
2.780612537611393691e+02 1.399085445006465989e+01
2.781159188961393056e+02 1.395753673506467862e+01
2.781704416541393812e+02 1.392398655906467297e+01
2.782248217741394001e+02 1.389020570406466959e+01
2.782790590211393464e+02 1.385619595806466009e+01
2.783331531851393947e+02 1.382195911606467575e+01
2.783871040771393837e+02 1.378749697606465929e+01
2.784409115351393211e+02 1.375281133806467437e+01
2.784945754171393446e+02 1.371790400806466437e+01
2.785480956071393166e+02 1.368277679006467906e+01
2.786014720071393640e+02 1.364743149306465853e+01
2.786547045431393599e+02 1.361186992506466709e+01
2.787077931631393994e+02 1.357609389306466596e+01
2.787607378351393663e+02 1.354010520406467322e+01
2.788135385481393769e+02 1.350390566406466064e+01
2.788661953111393359e+02 1.346749707606466018e+01
2.789187081511394126e+02 1.343088124106466807e+01
2.789710771181393056e+02 1.339405995606466604e+01
2.790233022781393402e+02 1.335703501406467808e+01
2.790753837161394131e+02 1.331980820606466409e+01
2.791273215361393341e+02 1.328238131406467915e+01
2.791791158581393120e+02 1.324475611706466793e+01
2.792307668201393653e+02 1.320693439006467429e+01
2.792822745781393223e+02 1.316891789706465943e+01
2.793336393021393178e+02 1.313070839906467313e+01
2.793848611791393068e+02 1.309230764806466141e+01
2.794359404131394058e+02 1.305371739006466214e+01
2.794869143631393626e+02 1.301491097506468009e+01
2.795377096361393114e+02 1.297594618106467124e+01
2.795883629691393253e+02 1.293679705106467281e+01
2.796388746211393936e+02 1.289746529606466652e+01
2.796892448681393262e+02 1.285795261706468295e+01
2.797394739961393952e+02 1.281826070706466680e+01
2.797895623051393841e+02 1.277839124706466123e+01
2.798395101061394143e+02 1.273834590906466246e+01
2.798893177251393354e+02 1.269812635306467996e+01
2.799389854951393772e+02 1.265773423106466566e+01
2.799885137641393840e+02 1.261717118106466273e+01
2.800379028891393318e+02 1.257643883206466739e+01
2.800871532391394112e+02 1.253553880006467125e+01
2.801362651901393974e+02 1.249447269306466524e+01
2.801852391301393936e+02 1.245324210306466739e+01
2.802340754571393973e+02 1.241184861306467724e+01
2.802827745771393211e+02 1.237029379206467183e+01
2.803313369031393449e+02 1.232857919906467714e+01
2.803797628601394081e+02 1.228670638006465765e+01
2.804280528781393969e+02 1.224467686806465849e+01
2.804762073971393193e+02 1.220249218506467059e+01
2.805242268621393578e+02 1.216015383806467298e+01
2.805721117271393723e+02 1.211766332406466518e+01
2.806198624531393762e+02 1.207502212706467049e+01
2.806674795051393403e+02 1.203223171606467190e+01
2.807149633581393573e+02 1.198929355006467290e+01
2.807623144901393744e+02 1.194620907306466506e+01
2.808095333861393783e+02 1.190297971806467103e+01
2.808566205361393031e+02 1.185960690406466256e+01
2.809035764361393603e+02 1.181609203806468145e+01
2.809504015851393888e+02 1.177243651206467234e+01
2.809970964891393805e+02 1.172864170706466780e+01
2.810436616561393066e+02 1.168470899106466732e+01
2.810900976011394050e+02 1.164063971806467634e+01
2.811364048411393242e+02 1.159643523106467455e+01
2.811825838961393629e+02 1.155209685706466871e+01
2.812286352921394155e+02 1.150762591306465765e+01
2.812745595571393551e+02 1.146302370106465673e+01
2.813203572211393748e+02 1.141829151306467338e+01
2.813660288181393980e+02 1.137343062406466743e+01
2.814115748861393058e+02 1.132844230106468331e+01
2.814569959621393309e+02 1.128332779506467887e+01
2.815022925891394152e+02 1.123808834506468202e+01
2.815474653101393869e+02 1.119272517906466646e+01
2.815925146701393942e+02 1.114723950906466143e+01
2.816374412161393366e+02 1.110163253906466707e+01
2.816822454981393093e+02 1.105590545706468220e+01
2.817269280651393046e+02 1.101005944106466927e+01
2.817714894681394071e+02 1.096409565506468198e+01
2.818159302611393286e+02 1.091801525106467352e+01
2.818602509961393707e+02 1.087181937006465660e+01
2.819044522291393378e+02 1.082550914006466769e+01
2.819485345141393964e+02 1.077908567806466067e+01
2.819924984061393616e+02 1.073255008806467004e+01
2.820363444621393683e+02 1.068590346306467609e+01
2.820800732381393345e+02 1.063914688306468292e+01
2.821236852901394059e+02 1.059228141906467613e+01
2.821671811771393550e+02 1.054530812506467896e+01
2.822105615341394014e+02 1.049822796106465717e+01
2.822538268331393283e+02 1.045104205406465780e+01
2.822969776301393949e+02 1.040375142706466249e+01
2.823400144801394163e+02 1.035635709406466276e+01
2.823567422311393784e+02 1.039166095406466184e+01
2.823645126681393549e+02 1.045520631606467532e+01
2.823722774381393492e+02 1.051875236006466707e+01
2.823800356211393137e+02 1.058229919806467478e+01
2.823877863051393433e+02 1.064584694206467930e+01
2.823955285861393349e+02 1.070939570006467534e+01
2.824032615691393175e+02 1.077294558106467548e+01
2.824109843671393492e+02 1.083649669106466717e+01
2.824186961011394033e+02 1.090004913506467688e+01
2.824263959001393687e+02 1.096360301806467419e+01
2.824340828991394119e+02 1.102715844106467102e+01
2.824417562421393768e+02 1.109071550706465814e+01
2.824494150791393849e+02 1.115427431406467917e+01
2.824570585691393489e+02 1.121783496106468192e+01
2.824646858571393295e+02 1.128139740206466968e+01
2.824722961481393213e+02 1.134496199506466496e+01
2.824798886031393295e+02 1.140852871006467240e+01
2.824874624071393328e+02 1.147209764206468208e+01
2.824950167491393813e+02 1.153566887906467286e+01
2.825025508251393376e+02 1.159924251206467716e+01
2.825100638381393310e+02 1.166281862906467381e+01
2.825175549941393456e+02 1.172639731606466285e+01
2.825250235071393945e+02 1.178997865806468326e+01
2.825324685951393349e+02 1.185356273906467095e+01
2.825398894821394151e+02 1.191714964006467881e+01
2.825472853971393761e+02 1.198073944206467445e+01
2.825546555731393710e+02 1.204433222406467507e+01
2.825619992511393548e+02 1.210792806306466218e+01
2.825693156731393856e+02 1.217152703606467412e+01
2.825766040881393337e+02 1.223512921606467785e+01
2.825838637491393683e+02 1.229873467706465817e+01
2.825910939131393889e+02 1.236234348906467062e+01
2.825982938281393899e+02 1.242595560706467950e+01
2.826054627891393238e+02 1.248957135706467625e+01
2.826126000501393492e+02 1.255319066006467210e+01
2.826197048841393098e+02 1.261681358006467235e+01
2.826267765701393273e+02 1.268044018406467899e+01
2.826338143881393989e+02 1.274407053206468277e+01
2.826408176251393343e+02 1.280770468706467113e+01
2.826477855671394082e+02 1.287134270606466657e+01
2.826547175091393456e+02 1.293498464806467041e+01
2.826616127451393368e+02 1.299863056906465886e+01
2.826684705741394055e+02 1.306228052406467555e+01
2.826752902981393163e+02 1.312593456406466430e+01
2.826820712231393600e+02 1.318959274406466875e+01
2.826888127161394095e+02 1.325325568006468302e+01
2.826955140671393565e+02 1.331692321706466942e+01
2.827021745511393647e+02 1.338059504406467681e+01
2.827087934841393917e+02 1.344427120106468010e+01
2.827153701861393529e+02 1.350795173606468325e+01
2.827219039791393698e+02 1.357163668806467172e+01
2.827283941881393048e+02 1.363532609906468451e+01
2.827348401391393509e+02 1.369902000506468198e+01
2.827412411611393281e+02 1.376271844306467074e+01
2.827475965871393555e+02 1.382642144906466797e+01
2.827539057491393351e+02 1.389012905506467632e+01
2.827601679851393328e+02 1.395384129406465945e+01
2.827663826321393117e+02 1.401755819406466230e+01
2.827725490301393165e+02 1.408127978506468025e+01
2.827786665221393605e+02 1.414500609306466572e+01
2.827847344521393325e+02 1.420873714206467753e+01
2.827907521641393487e+02 1.427247295606466082e+01
2.827967189941393826e+02 1.433621340606467243e+01
2.828026343161393470e+02 1.439995878406466545e+01
2.828084974681393078e+02 1.446370898306466302e+01
2.828143078051393786e+02 1.452746401806467702e+01
2.828200646791393638e+02 1.459122390306467310e+01
2.828257674471393557e+02 1.465498865306466314e+01
2.828314154651393437e+02 1.471875827606467624e+01
2.828370080921393992e+02 1.478253278206466348e+01
2.828425446881393555e+02 1.484631217806466452e+01
2.828480246141393764e+02 1.491009646906468333e+01
2.828534472311393984e+02 1.497388566006466704e+01
2.828588119041393156e+02 1.503767975106467247e+01
2.828641179971393740e+02 1.510147874306466065e+01
2.828693648761393433e+02 1.516528263406468113e+01
2.828745519061393452e+02 1.522909141906467312e+01
2.828796784571393346e+02 1.529290509406467891e+01
2.828847438961394118e+02 1.535672365106466941e+01
2.828897475931393046e+02 1.542054708006466512e+01
2.828946889171393195e+02 1.548437537006466869e+01
2.828995672421393692e+02 1.554820850806467547e+01
2.829043819371393056e+02 1.561204647806468415e+01
2.829091323751393929e+02 1.567588926506468283e+01
2.829138179311393060e+02 1.573973684806466622e+01
2.829184379781393091e+02 1.580358920706467529e+01
2.829229918901393148e+02 1.586744631906466907e+01
2.829274790421393391e+02 1.593130815906468456e+01
2.829318988101393870e+02 1.599517470006466624e+01
2.829362505711393396e+02 1.605904591306466500e+01
2.829405337001393264e+02 1.612292176806465704e+01
2.829447475751393313e+02 1.618680223206467872e+01
2.829488915731393490e+02 1.625068726806466657e+01
2.829529650721393637e+02 1.631457684206466752e+01
2.829569674501393592e+02 1.637847091206467098e+01
2.829608980851393198e+02 1.644236943906466308e+01
2.829647563561393326e+02 1.650627237906468281e+01
2.829685416421393711e+02 1.657017968606467662e+01
2.829722533221394087e+02 1.663409131406467623e+01
2.829758907741393159e+02 1.669800721106466312e+01
2.829794533791393860e+02 1.676192732706468291e+01
2.829829405161393652e+02 1.682585160706466354e+01
2.829863515651393300e+02 1.688977999606467506e+01
2.829896859051393676e+02 1.695371243506465930e+01
2.829929429161393273e+02 1.701764886206467509e+01
2.829961219771394099e+02 1.708158921606465697e+01
2.829992224691393403e+02 1.714553343106467764e+01
2.830022437711393195e+02 1.720948144006467828e+01
2.830051852631393103e+02 1.727343317206467077e+01
2.830080463231394106e+02 1.733738855706468485e+01
2.830108263331393346e+02 1.740134751906467159e+01
2.830135246711394075e+02 1.746530998206466734e+01
2.830161407161393754e+02 1.752927586806467275e+01
2.830186738471393255e+02 1.759324509306466666e+01
2.830211234441393344e+02 1.765721757606468145e+01
2.830234888851393862e+02 1.772119322906468142e+01
2.830257695481393512e+02 1.778517196306466985e+01
2.830279648121393166e+02 1.784915368906467847e+01
2.830300740551393801e+02 1.791313831106467092e+01
2.830320966541393091e+02 1.797712573506467493e+01
2.830340319871393149e+02 1.804111586006467860e+01
2.830358794321393816e+02 1.810510858806466672e+01
2.830376383641394114e+02 1.816910381306468025e+01
2.830393081611393882e+02 1.823310142906467490e+01
2.830408882001393067e+02 1.829710132906467379e+01
2.830423778551393070e+02 1.836110339906466038e+01
2.830437765031393837e+02 1.842510752706468224e+01
2.830450835181393359e+02 1.848911359506467988e+01
2.830462982771393854e+02 1.855312148506467906e+01
2.830474201521393525e+02 1.861713107406467316e+01
2.830484485181393666e+02 1.868114223706467669e+01
2.830493827501393298e+02 1.874515484806465793e+01
2.830502222191394139e+02 1.880916877506467699e+01
2.830509663001394074e+02 1.887318388606468034e+01
2.830516143641393683e+02 1.893720004506465671e+01
2.830521657841393335e+02 1.900121711306468342e+01
2.830526199321393506e+02 1.906523495006467783e+01
2.830529761781393745e+02 1.912925341006467761e+01
2.830532338931393497e+02 1.919327234606467414e+01
2.830533924481393342e+02 1.925729160906467996e+01
2.830534512121394073e+02 1.932131104606466465e+01
2.830534095561393997e+02 1.938533050006466851e+01
2.830532668481394012e+02 1.944934981306465716e+01
2.830530224571393774e+02 1.951336882206467749e+01
2.830526757511393043e+02 1.957738736406466273e+01
2.830522260981393856e+02 1.964140526906467699e+01
2.830516728651393805e+02 1.970542236706467065e+01
2.830510154191393895e+02 1.976943848406466486e+01
2.830502531261394097e+02 1.983345344206466621e+01
2.830493853541393037e+02 1.989746706206466342e+01
2.830484114661393278e+02 1.996147915906468029e+01
2.830473308291393550e+02 2.002548954806468373e+01
2.830461428081393933e+02 2.008949803706465786e+01
2.830448467661393579e+02 2.015350443506466149e+01
2.830434420691393598e+02 2.021750854506467476e+01
2.830419280791393248e+02 2.028151016706468113e+01
2.830403041601393852e+02 2.034550909806466734e+01
2.830385696761393319e+02 2.040950513206468031e+01
2.830367239871393394e+02 2.047349806006465656e+01
2.830347664581394156e+02 2.053748766906466017e+01
2.830326964501393832e+02 2.060147374206468385e+01
2.830305133241394060e+02 2.066545606006468461e+01
2.830282164431393994e+02 2.072943439906467233e+01
2.830258051661393210e+02 2.079340853306467807e+01
2.830232788561393136e+02 2.085737823206466146e+01
2.830206368721393346e+02 2.092134326306467074e+01
2.830178785751393207e+02 2.098530338706467546e+01
2.830150033251393324e+02 2.104925836506467363e+01
2.830120104831393064e+02 2.111320795206466983e+01
2.830088994071393245e+02 2.117715190006467196e+01
2.830056694571393336e+02 2.124108995806466282e+01
2.830023199941393841e+02 2.130502187006467807e+01
2.829988503761393304e+02 2.136894737906467867e+01
2.829952599631393468e+02 2.143286622106467121e+01
2.829915481141393911e+02 2.149677812906466556e+01
2.829877141881393072e+02 2.156068283506468219e+01
2.829837575451393832e+02 2.162458006506466290e+01
2.829796775431393598e+02 2.168846954006465921e+01
2.829754735431394010e+02 2.175235098006467638e+01
2.829711449031393613e+02 2.181622409906466942e+01
2.829666909821393119e+02 2.188008860806468192e+01
2.829621111411393031e+02 2.194394421506467552e+01
2.829574047391394060e+02 2.200779062206467529e+01
2.829525711371393299e+02 2.207162752906467063e+01
2.829476096931393840e+02 2.213545463106467537e+01
2.829425197691393805e+02 2.219927162006467825e+01
2.829373007251393801e+02 2.226307818206467459e+01
2.829319519231393087e+02 2.232687400206467032e+01
2.829264727231393408e+02 2.239065875906467795e+01
2.829208624881393916e+02 2.245443212706467762e+01
2.829151205801393871e+02 2.251819377806467060e+01
2.829092463611393669e+02 2.258194337906468263e+01
2.829032391951393492e+02 2.264568059406465750e+01
2.828970984461393527e+02 2.270940508006466985e+01
2.828908234771394064e+02 2.277311649306466279e+01
2.828844136551393831e+02 2.283681448406466075e+01
2.828778683441394151e+02 2.290049869806466631e+01
2.828711869111393753e+02 2.296416877806467483e+01
2.828643687231393642e+02 2.302782436206467764e+01
2.828574131491393473e+02 2.309146508306466217e+01
2.828503195581394039e+02 2.315509057206466537e+01
2.828430873181393963e+02 2.321870045206466671e+01
2.828357158021393616e+02 2.328229434506468465e+01
2.828282043801393684e+02 2.334587186806467685e+01
2.828205524261393293e+02 2.340943263306468225e+01
2.828127593131393951e+02 2.347297624806466843e+01
2.828048244181393329e+02 2.353650231606468424e+01
2.827967471151393966e+02 2.360001043706466817e+01
2.827885267841393215e+02 2.366350020506467899e+01
2.827801628031393193e+02 2.372697121106466511e+01
2.827716545521393527e+02 2.379042304206467406e+01
2.827630014141393531e+02 2.385385527806465689e+01
2.827542027711393757e+02 2.391726749706467103e+01
2.827452580091393202e+02 2.398065927206468473e+01
2.827361665151393026e+02 2.404403017206468007e+01
2.827269276751393363e+02 2.410737975906468478e+01
2.827175408821393603e+02 2.417070759406468028e+01
2.827080055101394009e+02 2.423401334106466720e+01
2.826983209871393683e+02 2.429729631806466728e+01
2.826884866911393601e+02 2.436055619506467451e+01
2.826785020201393763e+02 2.442379251306468291e+01
2.826683663741393957e+02 2.448700480906467192e+01
2.826580791541393864e+02 2.455019261606466330e+01
2.826476397641393987e+02 2.461335546306466426e+01
2.826370476121393267e+02 2.467649287206467079e+01
2.826263021081393845e+02 2.473960434906467754e+01
2.826154026561393948e+02 2.480268945306465866e+01
2.826043486781393312e+02 2.486574764806468352e+01
2.825931395861393867e+02 2.492877845706468065e+01
2.825817748011393178e+02 2.499178138006467975e+01
2.825702537441393360e+02 2.505475591406465696e+01
2.825585758391393938e+02 2.511770155106466973e+01
2.825467405141394011e+02 2.518061778006466511e+01
2.825347471991393604e+02 2.524350408306466420e+01
2.825225953271393564e+02 2.530635994006468081e+01
2.825102843091393652e+02 2.536918495806466467e+01
2.824978136341393338e+02 2.543197835306466459e+01
2.824851827221393705e+02 2.549473971306466069e+01
2.824723910181393194e+02 2.555746849706466151e+01
2.824594379721393125e+02 2.562016416306465771e+01
2.824463230381393259e+02 2.568282616406466445e+01
2.824330456731393042e+02 2.574545394706467505e+01
2.824196133701393592e+02 2.580800977806467245e+01
2.824060097071393329e+02 2.587056709506467200e+01
2.823922420071393162e+02 2.593308851606465737e+01
2.823783097431393116e+02 2.599557347006467012e+01
2.823642123901394143e+02 2.605802138506467713e+01
2.823499494291393148e+02 2.612043168306468033e+01
2.823355203441393542e+02 2.618280378306465650e+01
2.823209246231393763e+02 2.624513709706465647e+01
2.823061617601393891e+02 2.630743103706467423e+01
2.822912312521393687e+02 2.636968500906468194e+01
2.822761326011393521e+02 2.643189841306465837e+01
2.822608653141393233e+02 2.649407064706466031e+01
2.822454289011393485e+02 2.655620110506467313e+01
2.822298228801394089e+02 2.661828917706466768e+01
2.822140467711393512e+02 2.668033424806466769e+01
2.821981001001394134e+02 2.674233570006467176e+01
2.821819823991393150e+02 2.680429291006467452e+01
2.821656932031393126e+02 2.686620525206467391e+01
2.821492320551393505e+02 2.692807209706467120e+01
2.821325985001393519e+02 2.698989281006467422e+01
2.821157920931393619e+02 2.705166675506467300e+01
2.820988123901394147e+02 2.711339329006466414e+01
2.820816589551393463e+02 2.717507177006467600e+01
2.820643313571393946e+02 2.723670154706468338e+01
2.820468291721393825e+02 2.729828196906467497e+01
2.820291519801393179e+02 2.735981238106467117e+01
2.820112993691393513e+02 2.742129212406467786e+01
2.819932709311393637e+02 2.748272053506465795e+01
2.819750662661393790e+02 2.754409694906468076e+01
2.819566849791393679e+02 2.760542069806467680e+01
2.819381266821393410e+02 2.766669110906465789e+01
2.819193909931393591e+02 2.772790750706465701e+01
2.819004775381393983e+02 2.778906921406468200e+01
2.818813859471393926e+02 2.785017554806466933e+01
2.818621158591394078e+02 2.791122582506466188e+01
2.818426669181393436e+02 2.797221935906466683e+01
2.818230387781393347e+02 2.803315545906465900e+01
2.818032310951393811e+02 2.809403343206466275e+01
2.817832435381393452e+02 2.815485258306466676e+01
2.817630757771393064e+02 2.821561221406466302e+01
2.817427274951393201e+02 2.827631162406467524e+01
2.817221983771393070e+02 2.833695011106468087e+01
2.817014881201394019e+02 2.839752696806468180e+01
2.816805964261393456e+02 2.845804148906466935e+01
2.816595230051393628e+02 2.851849296206466988e+01
2.816382675741393768e+02 2.857888067706466018e+01
2.816168298591393295e+02 2.863920391906466989e+01
2.815952095941393054e+02 2.869946197106466457e+01
2.815734065191393256e+02 2.875965411606466660e+01
2.815514203831393161e+02 2.881977963306468382e+01
2.815292509441393349e+02 2.887983780206465667e+01
2.815068979661393769e+02 2.893982789806466371e+01
2.814843612241393203e+02 2.899974919706465926e+01
2.814616404991393210e+02 2.905960097406466502e+01
2.814387355811393263e+02 2.911938249906467036e+01
2.814156462681393123e+02 2.917909304506466128e+01
2.813923723671393873e+02 2.923873188106466614e+01
2.813689136941393372e+02 2.929829827606468484e+01
2.813452700721393285e+02 2.935779149906466046e+01
2.813214413351394114e+02 2.941721081606468147e+01
2.812974273241393348e+02 2.947655549306466582e+01
2.812732278881393313e+02 2.953582479606467359e+01
2.812488428881393929e+02 2.959501799006466172e+01
2.812242721901393452e+02 2.965413434106466184e+01
2.811995156731393308e+02 2.971317311106466263e+01
2.811745732211393261e+02 2.977213356506467790e+01
2.811494447301394075e+02 2.983101496606465730e+01
2.811241301031393505e+02 2.988981657906467149e+01
2.810986292551393717e+02 2.994853766806465956e+01
2.810729421081393866e+02 3.000717749506466703e+01
2.810470685931393291e+02 3.006573532606466870e+01
2.810210086511393683e+02 3.012421042606467836e+01
2.809947622331393404e+02 3.018260205906466354e+01
2.809683292981393379e+02 3.024090949106468429e+01
2.809417098161393369e+02 3.029913198906467642e+01
2.809149037651393428e+02 3.035726882006466099e+01
2.808879111341393582e+02 3.041531925306466633e+01
2.808607319191393117e+02 3.047328255706466393e+01
2.808333661281393461e+02 3.053115800206467156e+01
2.808058137781393953e+02 3.058894486106467525e+01
2.807780748951394116e+02 3.064664240706466103e+01
2.807501495151393556e+02 3.070424991406467541e+01
