-1.241251286448606379e+02 -5.581001402793532407e+01
-1.242366580118606407e+02 -5.532732500393532860e+01
-1.243456225758606024e+02 -5.484561523893532353e+01
-1.244530481048606134e+02 -5.436356027193534146e+01
-1.245591715418606782e+02 -5.388121738693533302e+01
-1.246641271048606541e+02 -5.339861913393534110e+01
-1.247680032268606283e+02 -5.291578764593532469e+01
-1.248708632398606824e+02 -5.243273889493534057e+01
-1.249727548658606793e+02 -5.194948515193533467e+01
-1.250737153408606446e+02 -5.146603620293532799e+01
-1.251737744548606770e+02 -5.098240006793531620e+01
-1.252729564688606843e+02 -5.049858346193533976e+01
-1.253712814178605868e+02 -5.001459210393534249e+01
-1.254687659978606007e+02 -4.953043092793532765e+01
-1.255654242268606140e+02 -4.904610424393533208e+01
-1.256612679188606307e+02 -4.856161585093533972e+01
-1.257563070548605992e+02 -4.807696912193532057e+01
-1.258505500628606342e+02 -4.759216707993533646e+01
-1.259440040428606835e+02 -4.710721244593531765e+01
-1.260366749438605893e+02 -4.662210768593533317e+01
-1.261285713658606937e+02 -4.613683564693533867e+01
-1.262196660718606154e+02 -4.565156529093533777e+01
-1.263098827368606862e+02 -4.516673201893533474e+01
-1.263994636178606470e+02 -4.468104766693534202e+01
-1.264882832318606916e+02 -4.419519473593533121e+01
-1.265763225368606300e+02 -4.370928689793532840e+01
-1.266635980598606466e+02 -4.322323980793532883e+01
-1.267501124218606492e+02 -4.273704161393533241e+01
-1.268358652558606536e+02 -4.225069432393533475e+01
-1.269208553978606915e+02 -4.176420203093533701e+01
-1.270050813508606780e+02 -4.127756848893531583e+01
-1.270885413658606922e+02 -4.079079677693533768e+01
-1.271712334198606413e+02 -4.030388950093532685e+01
-1.272531553018606019e+02 -3.981684840293533512e+01
-1.273342984618606124e+02 -3.932971151093533990e+01
-1.274146732698606002e+02 -3.884240112393533195e+01
-1.274942692328606881e+02 -3.835496291393533852e+01
-1.275730830878605957e+02 -3.786739762193533920e+01
-1.276511112868606688e+02 -3.737970598493532748e+01
-1.277283500138606769e+02 -3.689188872193531665e+01
-1.278047951848606090e+02 -3.640394653393533986e+01
-1.278804424588606707e+02 -3.591588010193532909e+01
-1.279552872418606739e+02 -3.542769008393531749e+01
-1.280293246898606867e+02 -3.493937712293532627e+01
-1.281025497128606503e+02 -3.445094184593531850e+01
-1.281749569768605852e+02 -3.396238486493533060e+01
-1.282465409058606838e+02 -3.347370677993532695e+01
-1.283172956848605963e+02 -3.298490818293532811e+01
-1.283872152568605998e+02 -3.249598965993533284e+01
-1.284562933248606669e+02 -3.200695178593534251e+01
-1.285245233538606726e+02 -3.151779513893532680e+01
-1.285918985678606532e+02 -3.102852029293532610e+01
-1.286584119478605999e+02 -3.053912782493532063e+01
-1.287240562308606968e+02 -3.004961831393532634e+01
-1.287888239118606180e+02 -2.955999234193532743e+01
-1.288527072358606347e+02 -2.907025049893533719e+01
-1.289156981978605927e+02 -2.858039338493532000e+01
-1.289777885408606153e+02 -2.809042160893531559e+01
-1.290389697508605877e+02 -2.760033579193532205e+01
-1.290992330518606650e+02 -2.711013656993532095e+01
-1.291585694068606927e+02 -2.661982459593534145e+01
-1.292169695078606537e+02 -2.612940054093533604e+01
-1.292744237728605867e+02 -2.563886509593532992e+01
-1.293309223428606174e+02 -2.514821897393534300e+01
-1.293864550728605991e+02 -2.465746291293532977e+01
-1.294410115308606919e+02 -2.416659767893531807e+01
-1.294945809848605904e+02 -2.367562406593532387e+01
-1.295471524028606609e+02 -2.318454289993533735e+01
-1.295987144418606931e+02 -2.269335503993534076e+01
-1.296492554428606354e+02 -2.220206138293534082e+01
-1.296987634188606080e+02 -2.171066286293532244e+01
-1.297472260538606861e+02 -2.121916045993532407e+01
-1.297946306888605932e+02 -2.072755519393533064e+01
-1.298409643128605921e+02 -2.023584813593532772e+01
-1.298862135568606391e+02 -1.974404040693534057e+01
-1.299303646798606451e+02 -1.925213318293532438e+01
-1.299734035528606455e+02 -1.876012780393531898e+01
-1.300153156838606492e+02 -1.826802533293533770e+01
-1.300560895808606574e+02 -1.777578519893532416e+01
-1.300957027988606569e+02 -1.728349480393532644e+01
-1.301341432758606516e+02 -1.679111165993532495e+01
-1.301713948138606156e+02 -1.629863735393533375e+01
-1.302074407598606740e+02 -1.580607355293531668e+01
-1.302422639928606714e+02 -1.531342201493532684e+01
-1.302758469068606928e+02 -1.482068458893533602e+01
-1.303081713978606331e+02 -1.432786322293532066e+01
-1.303392188428606460e+02 -1.383495997293533719e+01
-1.303689700878605890e+02 -1.334197700193533365e+01
-1.303974054258605975e+02 -1.284891659293532484e+01
-1.304245045788605921e+02 -1.235578115593531834e+01
-1.304502466778606049e+02 -1.186257323093533955e+01
-1.304746102428606491e+02 -1.136929549993533328e+01
-1.304975731598606217e+02 -1.087595079293532763e+01
-1.305191126568606705e+02 -1.038254210093532492e+01
-1.305392052828606211e+02 -9.889072580935334145e+00
-1.305578268808606026e+02 -9.395545567935329245e+00
-1.305749525598606624e+02 -8.901964587935339068e+00
-1.305905566698606890e+02 -8.408333367935341585e+00
-1.306046127708606264e+02 -7.914655844935339246e+00
-1.306170936028606775e+02 -7.420936187935325279e+00
-1.306279710538606196e+02 -6.927178803935333917e+00
-1.306372161268606078e+02 -6.433388354935317466e+00
-1.306447989008606783e+02 -5.939569779935339966e+00
-1.306506884978606422e+02 -5.445728302935322063e+00
-1.306548530418606333e+02 -4.951869458935334478e+00
-1.306572596168606424e+02 -4.457999110935332965e+00
-1.306578742248606204e+02 -3.964123469935316280e+00
-1.306566617398606240e+02 -3.470249121935324865e+00
-1.306535858578606621e+02 -2.976383049935321878e+00
-1.306486090508606139e+02 -2.482532658935326708e+00
-1.306416925078606255e+02 -1.988705805935325088e+00
-1.306327960828606365e+02 -1.494910832935318012e+00
-1.306218782328606949e+02 -1.001156595935327687e+00
-1.306088959578606818e+02 -5.074525009353294536e-01
-1.305938047348606688e+02 -1.380854293532252086e-02
-1.305765584448606660e+02 4.797646500646806089e-01
-1.305571093038606705e+02 9.732557800646759461e-01
-1.305354077828606023e+02 1.466652823064663380e+00
-1.305114025288606854e+02 1.959942983064678401e+00
-1.304850402728606014e+02 2.453112632064659238e+00
-1.304562657468605948e+02 2.946147252064662325e+00
-1.304250215808606299e+02 3.439031369064679211e+00
-1.303912482028606519e+02 3.931748480064669593e+00
-1.303548837328606851e+02 4.424280977064682929e+00
-1.303158638688606743e+02 4.916610064064684593e+00
-1.302741217658606274e+02 5.408715665064676159e+00
-1.302295879058606261e+02 5.900576322064665646e+00
-1.301821899718606801e+02 6.392169095064673456e+00
-1.301318526978606087e+02 6.883469436064672209e+00
-1.300784977218606855e+02 7.374451066064665383e+00
-1.300220434298606733e+02 7.865085833064682674e+00
-1.299624047848606097e+02 8.355343563064678847e+00
-1.298994931528606003e+02 8.845191891064672518e+00
-1.298332161158606368e+02 9.334596079064681362e+00
-1.297634772778606020e+02 9.823518818064684410e+00
-1.296901760558606611e+02 1.031192001206466102e+01
-1.296132093688606801e+02 1.079974476206467671e+01
-1.295324634008605926e+02 1.128697306306466430e+01
-1.294478259658606021e+02 1.177354001806466499e+01
-1.293591774628606572e+02 1.225939176206466641e+01
-1.292663929108606453e+02 1.274447019406466097e+01
-1.291693416788606328e+02 1.322871259906466435e+01
-1.290678872028606747e+02 1.371205123206468102e+01
-1.289618867008606458e+02 1.419441286006465930e+01
-1.288511908718606946e+02 1.467571825606466973e+01
-1.287356435948606759e+02 1.515588165106467500e+01
-1.286150816238606467e+02 1.563481012006465676e+01
-1.284893342768606317e+02 1.611240291906466382e+01
-1.283582231418606625e+02 1.658855074606466928e+01
-1.282215617788606323e+02 1.706313494206466430e+01
-1.280791554488606607e+02 1.753602660106466260e+01
-1.279308008568606283e+02 1.800708560906466005e+01
-1.277762859408605891e+02 1.847615958506466427e+01
-1.276153897008606464e+02 1.894308272706467733e+01
-1.274478820918606061e+02 1.940767456006466318e+01
-1.272735240038606435e+02 1.986973858006467708e+01
-1.270920673388606019e+02 2.032906078506468361e+01
-1.269032552208606148e+02 2.078540810206467881e+01
-1.267068223568605845e+02 2.123852675606465823e+01
-1.265024956958606026e+02 2.168814028206466560e+01
-1.262899950598606438e+02 2.213394809306467437e+01
-1.260690344338606792e+02 2.257562314706467532e+01
-1.258393233208606716e+02 2.301281021506466118e+01
-1.256005686118606945e+02 2.344512391606465940e+01
-1.253524769008606654e+02 2.387214687606467578e+01
-1.250947573278606342e+02 2.429342804206467576e+01
-1.248271250178606806e+02 2.470848125306466159e+01
-1.245493051558606794e+02 2.511678420406465762e+01
-1.242610377588606525e+02 2.551777792406466006e+01
-1.239668322218606136e+02 2.591444513106466729e+01
-1.236699580638606903e+02 2.630912337806466894e+01
-1.233678552978606149e+02 2.669981433506467283e+01
-1.230608003138606819e+02 2.708662571506468453e+01
-1.227490501628606125e+02 2.746966350106467303e+01
-1.224328441788605915e+02 2.784903146306467647e+01
-1.221124051708605975e+02 2.822483113806467259e+01
-1.217879409748605894e+02 2.859716132506466124e+01
-1.214596455138606643e+02 2.896611809206467569e+01
-1.211276999278605899e+02 2.933179466506467747e+01
-1.207922684958606396e+02 2.969428679606465948e+01
-1.204534989098606275e+02 3.005369296006466584e+01
-1.201115545908606919e+02 3.041008135806467294e+01
-1.197665748378606168e+02 3.076353354006467100e+01
-1.194186903938606292e+02 3.111412824506467700e+01
-1.190680240818605853e+02 3.146194145706466827e+01
-1.187146913938606758e+02 3.180704647506466642e+01
-1.183588010318605939e+02 3.214951398706466534e+01
-1.180004554008606874e+02 3.248941215406466654e+01
-1.176397510588606110e+02 3.282680668506466759e+01
-1.172767791328606108e+02 3.316176093006467340e+01
-1.169116256998606787e+02 3.349433595706467770e+01
-1.165443721348606232e+02 3.382459064206467758e+01
-1.161750954368606017e+02 3.415258175106467320e+01
-1.158038685198606572e+02 3.447836401906467074e+01
-1.154307604868606631e+02 3.480199023506466460e+01
-1.150558368828606035e+02 3.512351131606466481e+01
-1.146791599238606523e+02 3.544297638606467160e+01
-1.143007887118606050e+02 3.576043284606467410e+01
-1.139207794328606269e+02 3.607592644606467047e+01
-1.135391855398606822e+02 3.638950135506466665e+01
-1.131560578488606552e+02 3.670120027906466476e+01
-1.127714450078606205e+02 3.701106427906466934e+01
-1.123853931328605995e+02 3.731913323706467622e+01
-1.119979463148606555e+02 3.762544561606466686e+01
-1.116091466428606509e+02 3.793003859706466585e+01
-1.112190343178606327e+02 3.823294813006467052e+01
-1.108276477678606398e+02 3.853420898806467676e+01
-1.104350237398606396e+02 3.883385481306467568e+01
-1.100411974008605966e+02 3.913191816006467150e+01
-1.096462024218606075e+02 3.942843054606467490e+01
-1.092500710608605914e+02 3.972342248706466705e+01
-1.088528342398606128e+02 4.001692354106467064e+01
-1.084545216138606065e+02 4.030896234506467124e+01
-1.080551616408606606e+02 4.059956665206466653e+01
-1.076547816418606089e+02 4.088876336406467260e+01
-1.072534077448606240e+02 4.117657865106467341e+01
-1.068510653498606189e+02 4.146303768806467360e+01
-1.064477786288606467e+02 4.174816507706466950e+01
-1.060435709078606124e+02 4.203198464306467486e+01
-1.056384646358606005e+02 4.231451951006467027e+01
-1.052324814268606588e+02 4.259579213306467693e+01
-1.048256420998606018e+02 4.287582431906467662e+01
-1.044179667198606012e+02 4.315463725306466358e+01
-1.040094746288606302e+02 4.343225152006466772e+01
-1.036001844828606409e+02 4.370868712806466760e+01
-1.031901142808605982e+02 4.398396353006467052e+01
-1.027792813968605969e+02 4.425809963806466385e+01
-1.023677026108606469e+02 4.453111385006467060e+01
-1.019553941258606073e+02 4.480302406506467605e+01
-1.015423716058606942e+02 4.507384769806466807e+01
-1.011286501888606608e+02 4.534360170206467444e+01
-1.007142445148606384e+02 4.561230258006466443e+01
-1.002991687478606764e+02 4.587996640006467430e+01
-9.988343659286067577e+01 4.614660881506466694e+01
-9.946706131686062236e+01 4.641224507106467456e+01
-9.905005576786061283e+01 4.667689002406467580e+01
-9.863243238886059316e+01 4.694055815006467469e+01
-9.821420323986069434e+01 4.720326356306466664e+01
-9.779538000686068244e+01 4.746502002106467444e+01
-9.737597402286064607e+01 4.772584094006467126e+01
-9.695599627586068436e+01 4.798573940606466692e+01
-9.653545742786059236e+01 4.824472818306466593e+01
-9.611436782486066477e+01 4.850281972506466843e+01
-9.569273750786067012e+01 4.876002618406467093e+01
-9.527057622686061222e+01 4.901635942306467086e+01
-9.484789345086062440e+01 4.927183102006466697e+01
-9.442469837686064693e+01 4.952645228106466391e+01
-9.400099994486060950e+01 4.978023424406467257e+01
-9.357680683886064799e+01 5.003318769106466846e+01
-9.315212750486068671e+01 5.028532315306466671e+01
-9.272697015486062355e+01 5.053665092006467319e+01
-9.230134277386059694e+01 5.078718104306467751e+01
-9.187525313186063158e+01 5.103692334806467557e+01
-9.144870879086067816e+01 5.128588743606466949e+01
-9.102171710686059214e+01 5.153408269206467196e+01
-9.059428524286067841e+01 5.178151829306466425e+01
-9.016642017486060467e+01 5.202820321106466395e+01
-8.973812869586060970e+01 5.227414621806467210e+01
-8.930941741986066518e+01 5.251935589506467750e+01
-8.888029279386068993e+01 5.276384063406466396e+01
-8.845076109886065296e+01 5.300760864606466782e+01
-8.802082845686061319e+01 5.325066796206466790e+01
-8.759050083786064533e+01 5.349302644106467142e+01
-8.715978405786063377e+01 5.373469177206466441e+01
-8.672868379386068227e+01 5.397567148006467619e+01
-8.629720557886059851e+01 5.421597293306467691e+01
-8.586535481186058405e+01 5.445560333706467304e+01
-8.543313676086063424e+01 5.469456975106467667e+01
-8.500055656586062014e+01 5.493287908206467307e+01
-8.456761924486067983e+01 5.517053809406466769e+01
-8.413432969386064997e+01 5.540755340906467552e+01
-8.370069269286068447e+01 5.564393151206466825e+01
-8.326671291286061205e+01 5.587967875206467738e+01
-8.283235505486061356e+01 5.611482288506466887e+01
-8.239770079386062207e+01 5.634932819106467150e+01
-8.196271697486065477e+01 5.658322097006467288e+01
-8.152740784186062228e+01 5.681650706606467338e+01
-8.109177753786059384e+01 5.704919220406466707e+01
-8.065583022986061223e+01 5.728128192606466484e+01
-8.021956966286063562e+01 5.751278183906467234e+01
-7.978299980086069354e+01 5.774369727006467201e+01
-7.934612442186062253e+01 5.797403348806467704e+01
-7.890894722186067156e+01 5.820379565706467417e+01
-7.847147180986064541e+01 5.843298883206466598e+01
-7.803370171786059473e+01 5.866161796606466794e+01
-7.759564039786062040e+01 5.888968791106466938e+01
-7.715729122386062500e+01 5.911720342006466922e+01
-7.671865749686060099e+01 5.934416914606467230e+01
-7.627974244486063071e+01 5.957058965006467588e+01
-7.584054922486063788e+01 5.979646939406467254e+01
-7.540108092386060434e+01 6.002181275306466546e+01
-7.496134056186065209e+01 6.024662400706466769e+01
-7.452133109286069157e+01 6.047090734906467446e+01
-7.408105540686062795e+01 6.069466688406467370e+01
-7.364051633186068102e+01 6.091790662906467446e+01
-7.319971663386058935e+01 6.114063051706466467e+01
-7.275865901686063353e+01 6.136284239706466792e+01
-7.231734613086064201e+01 6.158454603506467606e+01
-7.187578056486063360e+01 6.180574511706467433e+01
-7.143396485486061920e+01 6.202644324606467308e+01
-7.099190148086063346e+01 6.224664394706466908e+01
-7.054959286986058942e+01 6.246635066706467398e+01
-7.010704139686060898e+01 6.268556677306466440e+01
-6.966424938686066071e+01 6.290429555806467476e+01
-6.922121911486067347e+01 6.312254023506467604e+01
-6.877795280586065019e+01 6.334030394706466893e+01
-6.833445263886062548e+01 6.355758975606467232e+01
-6.789072074786065514e+01 6.377440065406466374e+01
-6.744675921786063100e+01 6.399073955906466438e+01
-6.700257008986068286e+01 6.420660931406466432e+01
-6.655815536286058887e+01 6.442201268906467249e+01
-6.611351698986061365e+01 6.463695238506467433e+01
-6.566865688186067018e+01 6.485143102806466686e+01
-6.522361518786067336e+01 6.506543279006467628e+01
-6.477831313486069575e+01 6.527899890406466454e+01
-6.433279509186058931e+01 6.549211128106466617e+01
-6.388706276586060540e+01 6.570477228306467055e+01
-6.344111779486058822e+01 6.591698421006466901e+01
-6.299500902986062556e+01 6.612872689506467339e+01
-6.254865441686058602e+01 6.634004220306466948e+01
-6.210209456286065688e+01 6.655091365406467219e+01
-6.165533160886059250e+01 6.676134296306467775e+01
-6.120836780186061787e+01 6.697133170406466718e+01
-6.076120551086069099e+01 6.718088131006467734e+01
-6.031384722386064823e+01 6.738999306706466541e+01
-5.986629547286065645e+01 6.759866815606467583e+01
-5.941855256986059430e+01 6.780690777106467237e+01
-5.897061986686060209e+01 6.801471346106467308e+01
-5.852249545386064256e+01 6.822208818606466707e+01
-5.807416829086059806e+01 6.842903900606467005e+01
-5.762560193486069693e+01 6.863558450806466738e+01
-5.717664703686068606e+01 6.884179479906467236e+01
-5.672873230186064575e+01 6.904701708206467003e+01
-5.627839735086058681e+01 6.925283665406466582e+01
-5.582960527786065086e+01 6.945744282306466744e+01
-5.538015638686067632e+01 6.966184191606467380e+01
-5.492918530786062092e+01 6.986642565406467043e+01
-5.448109772086058911e+01 7.006919940906466593e+01
-5.403100311986065662e+01 7.027237936206466884e+01
-5.358072079986061453e+01 7.047514205106466534e+01
-5.313025164686064272e+01 7.067748779406467463e+01
-5.267956632486061608e+01 7.087943029906466563e+01
-5.222867755586059957e+01 7.108096422606466547e+01
-5.177760295086068254e+01 7.128208197006466662e+01
-5.132634295086063503e+01 7.148278347106466413e+01
-5.087489793886061307e+01 7.168306853706467052e+01
-5.042326803386060874e+01 7.188293692206467256e+01
-4.997145376386060889e+01 7.208238802006466983e+01
-4.951745098786068411e+01 7.228230266006467275e+01
-4.906657021986063683e+01 7.248034381206467458e+01
-4.861394203286067750e+01 7.267865219106467123e+01
-4.816163102886059733e+01 7.287632026406467389e+01
-4.770818134186060888e+01 7.307398204706467482e+01
-4.725560591586065584e+01 7.327075852206466777e+01
-4.680238413786059937e+01 7.346730980606467654e+01
-4.634891233286066381e+01 7.366346078906467199e+01
-4.589527863386058470e+01 7.385917057606467040e+01
-4.544149453486068069e+01 7.405443122106467513e+01
-4.498755481986063387e+01 7.424924156806467579e+01
-4.453341878586059011e+01 7.444361513606466474e+01
-4.407916181886059803e+01 7.463751524206466570e+01
-4.362471984586068174e+01 7.483096424506467770e+01
-4.317009117086058723e+01 7.502395709006466973e+01
-4.271527299886065521e+01 7.521648840406467684e+01
-4.226026240886062624e+01 7.540855196506467450e+01
-4.180505627286061099e+01 7.560014058306467177e+01
-4.134967454786067265e+01 7.579123615606467013e+01
-4.089405642286067177e+01 7.598185296306466796e+01
-4.043827758986060417e+01 7.617194635306466921e+01
-3.998225934386061908e+01 7.636153398306467466e+01
-3.952599467086065488e+01 7.655060068706467291e+01
-3.906966436986067492e+01 7.673905030306467268e+01
-3.861467732186065405e+01 7.692627864706467733e+01
-3.815640319886063025e+01 7.711415515606466897e+01
-3.769862282586063884e+01 7.730108244706467246e+01
-3.724110884286062628e+01 7.748710021906467205e+01
-3.678327148886069153e+01 7.767236937706466904e+01
-3.632564930786065815e+01 7.785654663806467113e+01
-3.586651432586063493e+01 7.804007409906466819e+01
-3.540120146886067687e+01 7.820413087906466387e+01
-3.492647916086059467e+01 7.834032472106467537e+01
-3.445079195686059848e+01 7.847311100906466663e+01
-3.397438254086068810e+01 7.860328221506466662e+01
-3.349736882886065814e+01 7.873122146606466742e+01
-3.301982514886060471e+01 7.885716777406467770e+01
-3.254180386286066096e+01 7.898128866506466750e+01
-3.206334456186061743e+01 7.910370988006467030e+01
-3.158447859086061271e+01 7.922453021606466450e+01
-3.110523160086063399e+01 7.934382989306466527e+01
-3.062562511286068911e+01 7.946167567506466867e+01
-3.014567753686060314e+01 7.957812421506467615e+01
-2.966540487686063443e+01 7.969322433706467734e+01
-2.918482121786064454e+01 7.980701865506466675e+01
-2.870393910186066933e+01 7.991954476706466437e+01
-2.822276979286061760e+01 8.003083614006466462e+01
-2.774132349086062277e+01 8.014092280106467570e+01
-2.725960961086059342e+01 8.024983184206466547e+01
-2.677763642386059928e+01 8.035758796306467389e+01
-2.629541194986063601e+01 8.046421363406467719e+01
-2.581294348086066748e+01 8.056972950106467124e+01
-2.533023780186067597e+01 8.067415459006467415e+01
-2.484730125486066754e+01 8.077750649406466721e+01
-2.436413978786060852e+01 8.087980153906467251e+01
-2.388075899486068465e+01 8.098105492006466477e+01
-2.339716415586065068e+01 8.108128082106466650e+01
-2.291336026686064997e+01 8.118049251606467465e+01
-2.242935206686058791e+01 8.127870245206466393e+01
-2.194514406086068448e+01 8.137592233306466483e+01
-2.146074054286066257e+01 8.147216318306466576e+01
-2.097614561286059143e+01 8.156743540406466764e+01
-2.049136319286060370e+01 8.166174882906467758e+01
-2.000639703986064433e+01 8.175511276906466662e+01
-1.952125076186064234e+01 8.184753605406467614e+01
-1.903592782586065368e+01 8.193902706706467143e+01
-1.855043157286058886e+01 8.202959377906466898e+01
-1.806476522286061481e+01 8.211924378106466804e+01
-1.757893188286061559e+01 8.220798430606467377e+01
-1.709293463286064707e+01 8.229582224206467345e+01
-1.660677618886063556e+01 8.238276421806466487e+01
-1.612045950386061577e+01 8.246881651106467359e+01
-1.563398730586061447e+01 8.255398515406467652e+01
-1.514736224086061611e+01 8.263827592606466510e+01
-1.466058687986060249e+01 8.272169436706467138e+01
-1.417366372586059242e+01 8.280424579006466956e+01
-1.368659521386064171e+01 8.288593529706467677e+01
-1.319938371586067660e+01 8.296676779006466518e+01
-1.271203154786064715e+01 8.304674798106466937e+01
-1.222454116786059330e+01 8.312588037006466379e+01
-1.173691450286059990e+01 8.320416936606467573e+01
-1.124915382686060639e+01 8.328161915306466767e+01
-1.076126125486064211e+01 8.335823377906467613e+01
-1.027323885586065444e+01 8.343401714906467248e+01
-9.785088655860590734e+00 8.350897302806467337e+01
-9.296812641860697113e+00 8.358310505006467395e+01
-8.808412757860651254e+00 8.365641672506467330e+01
-8.319890917860675472e+00 8.372891144306467481e+01
-7.831248993860640439e+00 8.380059248006466532e+01
-7.342488828860609829e+00 8.387146300206467231e+01
-6.853612231860665815e+00 8.394152607306466507e+01
-6.364620981860639404e+00 8.401078465606467205e+01
-5.875516827860678859e+00 8.407924161806467112e+01
-5.386301492860638973e+00 8.414689973706467185e+01
-4.896976671860670649e+00 8.421376170106466930e+01
-4.407544032860641892e+00 8.427983011506466937e+01
-3.918005221860653364e+00 8.434510750306466775e+01
-3.428361859860615368e+00 8.440959631206466440e+01
-2.938615546860660288e+00 8.447329891506467447e+01
-2.448767858860605884e+00 8.453621761206467511e+01
-1.958820353860687646e+00 8.459835463406467682e+01
-1.468774567860691604e+00 8.465971214706466696e+01
-9.786320178606047193e-01 8.472029225306467026e+01
-4.883942038605937341e-01 8.478009699106466712e+01
1.937393139314735890e-03 8.483912834106466505e+01
4.923613081393796165e-01 8.489738822706466692e+01
9.828760941393284156e-01 8.495487851706467097e+01
1.473480317139319595e+00 8.501160102606466751e+01
1.964172561139321260e+00 8.506755751506466368e+01
2.454951422139401984e+00 8.512274969906466993e+01
2.945815513139336872e+00 8.517717924106466398e+01
3.436763458139353133e+00 8.523084776206466984e+01
3.927794039139371307e+00 8.528375684906467313e+01
4.418905638139335679e+00 8.533590800406467736e+01
4.910097045139309557e+00 8.538730272706466451e+01
5.401366934139332443e+00 8.543794246506466550e+01
5.892713992139306356e+00 8.548782862506466529e+01
6.384136913139400349e+00 8.553696257706467065e+01
6.875634408139376319e+00 8.558534565106467085e+01
7.367205191139305498e+00 8.563297914206466999e+01
7.858847992139317284e+00 8.567986431206466591e+01
8.350561546139374514e+00 8.572600238706466769e+01
8.842344600139313116e+00 8.577139456006466389e+01
9.334195909139339165e+00 8.581604199206466888e+01
9.826114235139357334e+00 8.585994581406467319e+01
1.031809835113938334e+01 8.590310712706467200e+01
1.081014703513938002e+01 8.594552700006467205e+01
1.130225907613930758e+01 8.598720647706467446e+01
1.179443326713931128e+01 8.602814657206467075e+01
1.228666841213930638e+01 8.606834827206466798e+01
1.277896331813940378e+01 8.610781254006467123e+01
1.327127168913932564e+01 8.614653679606466596e+01
1.376368029413936256e+01 8.618452887506467164e+01
1.425614505513931363e+01 8.622178625606467506e+01
1.474866480713933470e+01 8.625830980406466608e+01
1.524123839013941506e+01 8.629410036006467521e+01
1.573386464813938801e+01 8.632915874206466356e+01
1.622654243413933273e+01 8.636348574706467218e+01
1.671927060213931782e+01 8.639708215106466582e+01
1.721204801513931670e+01 8.642994871006466440e+01
1.770487353813939535e+01 8.646208615806466469e+01
1.819774604413930774e+01 8.649349521106466909e+01
1.869066440813935515e+01 8.652417656706467142e+01
1.918362751013933121e+01 8.655413090206467075e+01
1.967663423613930718e+01 8.658335887806467213e+01
2.016968347413933316e+01 8.661186113606467529e+01
2.066277411813939580e+01 8.663963830106466446e+01
2.115590506513933633e+01 8.666669098206466515e+01
2.164907521513930533e+01 8.669301977006466586e+01
2.214228347413938991e+01 8.671862524206467526e+01
2.263552874913932556e+01 8.674350795806466863e+01
2.312880995213936330e+01 8.676766846406466982e+01
2.362212599913937083e+01 8.679110728806466568e+01
2.411547580613932951e+01 8.681382494706467412e+01
2.460885829013932380e+01 8.683582194306467272e+01
2.510227122413937195e+01 8.685709871406467641e+01
2.559571465913938937e+01 8.687765578606466477e+01
2.608918752713941558e+01 8.689749362006466527e+01
2.658268875913938700e+01 8.691661266406467234e+01
2.707621729113941456e+01 8.693501335506466887e+01
2.756977206213935006e+01 8.695269611506466845e+01
2.806335201213937580e+01 8.696966135806466980e+01
2.855695608413941500e+01 8.698590948106466669e+01
2.905058322213938027e+01 8.700144087506467372e+01
2.954423237413936931e+01 8.701625591506467572e+01
3.003790249013934499e+01 8.703035496906467472e+01
3.053159252013938385e+01 8.704373839306467175e+01
3.102530141613931391e+01 8.705640653106466686e+01
3.151902813713934393e+01 8.706835971906467364e+01
3.201277163713939444e+01 8.707959828106467626e+01
3.250653087513933315e+01 8.709012253506466550e+01
3.300030481313933706e+01 8.709993278506466652e+01
3.349409241013938754e+01 8.710902932806466481e+01
3.398789263213939194e+01 8.711741245206466999e+01
3.448170444313939242e+01 8.712508243606467317e+01
3.497552680913941003e+01 8.713203954906467175e+01
3.546935869713934153e+01 8.713828405506467334e+01
3.596319907713939301e+01 8.714381620606467038e+01
3.645704691913931583e+01 8.714863624706467249e+01
3.695090109013938218e+01 8.715274441606466382e+01
3.744476079713933814e+01 8.715614094506466358e+01
3.793862487713931841e+01 8.715882605306467212e+01
3.843249230613935197e+01 8.716079995706466832e+01
3.892636206013935407e+01 8.716206286506466938e+01
3.942023311613934311e+01 8.716261497606467401e+01
3.991410446913937449e+01 8.716249776806466798e+01
4.040797537313937937e+01 8.716182166506466444e+01
4.090184521113940264e+01 8.716059222306466836e+01
4.139571336313940719e+01 8.715880892106467570e+01
4.188957920613938768e+01 8.715647123506467153e+01
4.238344219913938105e+01 8.715357862706467529e+01
4.287730195513938725e+01 8.715013055406467402e+01
4.337115755313936916e+01 8.714612646406466467e+01
4.386500836313939544e+01 8.714156579706467198e+01
4.435885375213933912e+01 8.713644798406467373e+01
4.485269308713941427e+01 8.713077244606466820e+01
4.534652573113930885e+01 8.712453859406467416e+01
4.584035104613940348e+01 8.711774583306467434e+01
4.633416839213930416e+01 8.711039355406467166e+01
4.682797712613933072e+01 8.710248114006466835e+01
4.732177660213937997e+01 8.709400796606466599e+01
4.781556617413934873e+01 8.708497339406467574e+01
4.830934519213940348e+01 8.707537677506466878e+01
4.880311300313940137e+01 8.706521745306467608e+01
4.929686895213933440e+01 8.705449475706467410e+01
4.979061238213932938e+01 8.704320800706467764e+01
5.028434263413930694e+01 8.703135651206467571e+01
5.077805904313936480e+01 8.701893956806466690e+01
5.127176094513936278e+01 8.700595646006466666e+01
5.176544754113933777e+01 8.699240646506467556e+01
5.225911840813932940e+01 8.697828883506467434e+01
5.275277275213932171e+01 8.696360282206467218e+01
5.324640989513932254e+01 8.694834766006466964e+01
5.374002915813935033e+01 8.693252257106466629e+01
5.423362985613937326e+01 8.691612676306466767e+01
5.472721130213938068e+01 8.689915943006467103e+01
5.522077280513940423e+01 8.688161975206466536e+01
5.571426990613940688e+01 8.686350852606467754e+01
5.620778723713931413e+01 8.684482177606467701e+01
5.670128245813930334e+01 8.682556014106467046e+01
5.719475486113935858e+01 8.680572274306467762e+01
5.768820373713936078e+01 8.678530868506467755e+01
5.818162837113936803e+01 8.676431705706467312e+01
5.867502804413936701e+01 8.674274693106467282e+01
5.916840203513936558e+01 8.672059736106467653e+01
5.966174961613933192e+01 8.669786738606467225e+01
6.015507005613937963e+01 8.667455602506467471e+01
6.064836261913933413e+01 8.665066228106466895e+01
6.114162656513940419e+01 8.662618513606467729e+01
6.163486114813940731e+01 8.660112355406467088e+01
6.212806561913930636e+01 8.657547648006466545e+01
6.262123922313935509e+01 8.654924283706466781e+01
6.311438119913941591e+01 8.652242153106466560e+01
6.360749078213939356e+01 8.649501144306466927e+01
6.410056720013938047e+01 8.646701143306466975e+01
6.459360967713939772e+01 8.643842034206467417e+01
6.508666136413933145e+01 8.640923435706467615e+01
6.557963507213935372e+01 8.637945738206467183e+01
6.607257251813939547e+01 8.634908569506467302e+01
6.656547290513935877e+01 8.631811803906467162e+01
6.705833542613936515e+01 8.628655313306467178e+01
6.755115926913936164e+01 8.625438966706467170e+01
6.804394361613935871e+01 8.622162630706466757e+01
6.853668764213932718e+01 8.618826169106466750e+01
6.902939051213934363e+01 8.615429442706467000e+01
6.952205138713941324e+01 8.611972309606467491e+01
7.001466941913940900e+01 8.608454624806466882e+01
7.050724375113941278e+01 8.604876240206466775e+01
7.099977352113933193e+01 8.601237004406466724e+01
7.149225785713940695e+01 8.597536763106467106e+01
7.198469587713941564e+01 8.593775358206467274e+01
7.247708669213932353e+01 8.589952628506466681e+01
7.296942940413930501e+01 8.586068408806467289e+01
7.346172310313932030e+01 8.582122530606467592e+01
7.395396687313939310e+01 8.578114821406467172e+01
7.444615978413935409e+01 8.574045104906467429e+01
7.493830089913933534e+01 8.569913200406466558e+01
7.543038926913936848e+01 8.565718923506467775e+01
7.592242393213939522e+01 8.561462085206467520e+01
7.641440391713933877e+01 8.557142491906466830e+01
7.690632824113936294e+01 8.552759945606466374e+01
7.739819590713932485e+01 8.548314243606466789e+01
7.789000590613932218e+01 8.543805177906466497e+01
7.838175721613936275e+01 8.539232535706466365e+01
7.887344880013938564e+01 8.534596098706467160e+01
7.936507961013933254e+01 8.529895643306467434e+01
7.985664857913934611e+01 8.525130940006467029e+01
8.034815462813935483e+01 8.520301753406467071e+01
8.083959665913937442e+01 8.515407842206467137e+01
8.133097356013934132e+01 8.510448958506466965e+01
8.182228420113938228e+01 8.505424847906466823e+01
8.231352743313937026e+01 8.500335249106467472e+01
8.280470209013935801e+01 8.495179893606467658e+01
8.329580698413940354e+01 8.489958505606466588e+01
8.378684091013940360e+01 8.484670801406467433e+01
8.427780263913939507e+01 8.479316489306467020e+01
8.476869092113940951e+01 8.473895269406466468e+01
8.525950448313938068e+01 8.468406832706466503e+01
8.575024202613940361e+01 8.462850861106467448e+01
8.624090222813936180e+01 8.457227027306467448e+01
8.673148374013931061e+01 8.451534993606466628e+01
8.722198503813933712e+01 8.445774413606467590e+01
8.771240497513940682e+01 8.439944925506466689e+01
8.820274199213940847e+01 8.434046160206466425e+01
8.869299461613934454e+01 8.428077735306466423e+01
8.918316134113933913e+01 8.422039255806467395e+01
8.967324062413933916e+01 8.415930313306466815e+01
9.016323088013939469e+01 8.409750485706467771e+01
9.065313048713937860e+01 8.403499336106466444e+01
9.114293777413934095e+01 8.397176412106466614e+01
9.163265102513935290e+01 8.390781245206467531e+01
9.212226847313934286e+01 8.384313349606466659e+01
9.261178829213940844e+01 8.377772221406466713e+01
9.310120859813935112e+01 8.371157337406467036e+01
9.359052744313930816e+01 8.364468154306466374e+01
9.407974279913935334e+01 8.357704107006466643e+01
9.456880723213930651e+01 8.350865245306466988e+01
9.505780579013935494e+01 8.343949738206467259e+01
9.554670342913937020e+01 8.336957398706466904e+01
9.603549008513937224e+01 8.329887668706467707e+01
9.652416365213935023e+01 8.322739846706467404e+01
9.701272207213935417e+01 8.315513196706467625e+01
9.750116344413936531e+01 8.308206944406467187e+01
9.798948629513938613e+01 8.300820269606467150e+01
9.847769021913939014e+01 8.293352293206467607e+01
9.896577723613938815e+01 8.285802051306467320e+01
9.945374739613930615e+01 8.278168558506466468e+01
9.994166649413932646e+01 8.270449727906466819e+01
1.004293416811393627e+02 8.262647525706466922e+01
1.009168780251393400e+02 8.254759144306467533e+01
1.014042721761393295e+02 8.246783411306466860e+01
1.018915202051393862e+02 8.238719087106467498e+01
1.023786184091393352e+02 8.230564843006466447e+01
1.028655626911393028e+02 8.222319262406466578e+01
1.033523486971394050e+02 8.213980827506466653e+01
1.038389717861393819e+02 8.205547907106466710e+01
1.043254254901393097e+02 8.197018769006467664e+01
1.048117034921393724e+02 8.188391528606467773e+01
1.052978025421393795e+02 8.179664074406467478e+01
1.057835088231394138e+02 8.170837944206466830e+01
1.062692967981394077e+02 8.161901895606466439e+01
1.067549225831393187e+02 8.152857440506467412e+01
1.072402638201393756e+02 8.143703683306466701e+01
1.077253765141393842e+02 8.134436031306466930e+01
1.082102267801393509e+02 8.125051121606466609e+01
1.086948793641394104e+02 8.115543104806467056e+01
1.091792709571393516e+02 8.105907905606467523e+01
1.096633901491393317e+02 8.096139541106467163e+01
1.101472204411393250e+02 8.086230930506467018e+01
1.106307390821393710e+02 8.076173485706466693e+01
1.111139125991393257e+02 8.065956508406466696e+01
1.115967308981394126e+02 8.055565247406467222e+01
1.120791265101393037e+02 8.044980280406467443e+01
1.125610446391393680e+02 8.034170672906466848e+01
1.130422981761394112e+02 8.023080464806467660e+01
1.135128593951393441e+02 8.008808620606467343e+01
1.139594795901393809e+02 7.987727153206466824e+01
1.144059900081393835e+02 7.966560454406466363e+01
1.148520647381393474e+02 7.945344100806467225e+01
1.152979707191393572e+02 7.924074285506466708e+01
1.157431434931393142e+02 7.902783248206466737e+01
1.161884325881393352e+02 7.881433876106467551e+01
1.166332224571393681e+02 7.860058155406467506e+01
1.170788513291394111e+02 7.838593494906467640e+01
1.175236448431393228e+02 7.817121884806466880e+01
1.179681834291393443e+02 7.795616504506466526e+01
1.184118714541393729e+02 7.774107125206467117e+01
1.188563864111393968e+02 7.752513029906467068e+01
1.193005180291393117e+02 7.730893398806466621e+01
1.197444261061393718e+02 7.709240875106466717e+01
1.201884501001393346e+02 7.687539146606467000e+01
1.206317598321393234e+02 7.665829018106467174e+01
1.210756446031393807e+02 7.644047435906466603e+01
1.215184575671393077e+02 7.622275283406466428e+01
1.219615364401394118e+02 7.600446846106467547e+01
1.224046972701393088e+02 7.578571021806466490e+01
1.228464591801393908e+02 7.556720942006467112e+01
1.232894252111393598e+02 7.534767677206467340e+01
1.237316462171393141e+02 7.512807507606467539e+01
1.241738279811393113e+02 7.490805210006466552e+01
1.246158698181393447e+02 7.468765491406466595e+01
1.250578532951393527e+02 7.446683947606467768e+01
1.254995949601393477e+02 7.424569386906466661e+01
1.259409820851393533e+02 7.402427106306467408e+01
1.263821345081394156e+02 7.380250713906467297e+01
1.268231883461393181e+02 7.358032913806466979e+01
1.272639703391394050e+02 7.335781953406467437e+01
1.277046256801393156e+02 7.313489994006467043e+01
1.281450904681394150e+02 7.291159713006467769e+01
1.285854075201393698e+02 7.268788353906467137e+01
1.290258163951393726e+02 7.246363078606466956e+01
1.294650399601393929e+02 7.223948391806466418e+01
1.299052518981393405e+02 7.201432651206467028e+01
1.303453639301393423e+02 7.178870580706467308e+01
1.307840106911393150e+02 7.156331628706466574e+01
1.312238143721393726e+02 7.133680252506466957e+01
1.316617394141393333e+02 7.111072026606467489e+01
1.321003636441394065e+02 7.088373144806466541e+01
1.325387611111393653e+02 7.065630453506467745e+01
1.329769447191393965e+02 7.042842337606467140e+01
1.334149052071393271e+02 7.020008287706467343e+01
1.338526234201393663e+02 6.997128269806466960e+01
1.342900944621393364e+02 6.974201462906466986e+01
1.347273428951393726e+02 6.951225447906466570e+01
1.351642930611393467e+02 6.928203025306467566e+01
1.356009830921393586e+02 6.905130963106466879e+01
1.360374065771393362e+02 6.882008311206466544e+01
1.364735568411393842e+02 6.858834075206466707e+01
1.369102536381393520e+02 6.835563095306467574e+01
1.373453427661393107e+02 6.812308805306467718e+01
1.377803301131393710e+02 6.788989444606467316e+01
1.382151956711393268e+02 6.765604378306467481e+01
1.386498266431393631e+02 6.742157912406466380e+01
1.390844543741393409e+02 6.718635685406466962e+01
1.395175188641393333e+02 6.695120506006466599e+01
1.399517276071393326e+02 6.671463331206467728e+01
1.403853144321393529e+02 6.647757992706466723e+01
1.408182410911393845e+02 6.624004579206467724e+01
1.412508186761393745e+02 6.600183826906467743e+01
1.416830321831394031e+02 6.576294153406466592e+01
1.421148668691394050e+02 6.552333837106466774e+01
1.425472246931393556e+02 6.528249855606466667e+01
1.429783135851394036e+02 6.504139187006467182e+01
1.434080178271393606e+02 6.480005946906466363e+01
1.438382396301393555e+02 6.455740153506467038e+01
1.442679982601393931e+02 6.431393440006466733e+01
1.446972766521394078e+02 6.406963233506466793e+01
1.451260565491393209e+02 6.382446814706466398e+01
1.455543183541393546e+02 6.357841308106466727e+01
1.459817287311393557e+02 6.333161746706467454e+01
1.464085174871393065e+02 6.308390496606466513e+01
1.468347584511393507e+02 6.283518451506466818e+01
1.472619323151393473e+02 6.258453266106467083e+01
1.476869602561394004e+02 6.233370021606467049e+01
1.481114890871393754e+02 6.208166251806467528e+01
1.485354257111393963e+02 6.182840930506466748e+01
1.489587212261393461e+02 6.157389957306466499e+01
1.493813577481394077e+02 6.131806817606467064e+01
1.498032994011393839e+02 6.106085447506467290e+01
1.502246137131393198e+02 6.080212708706467595e+01
1.506441925281393424e+02 6.054247514106467065e+01
1.510632125131393195e+02 6.028106934406467587e+01
1.514812283521393965e+02 6.001807033506466382e+01
1.518981773601393570e+02 5.975339201206466555e+01
1.523139900891393381e+02 5.948694007006467643e+01
1.527285892761393598e+02 5.921861088106467719e+01
1.531420485801393170e+02 5.894818495406467207e+01
1.535541598411393807e+02 5.867560612606466464e+01
1.539647416681393679e+02 5.840078078506466852e+01
1.543736670251394116e+02 5.812355408306467552e+01
1.547808392931393655e+02 5.784371890206466560e+01
1.551858917711393815e+02 5.756121861806467166e+01
1.555887580601394120e+02 5.727574616006467068e+01
1.559893382221393949e+02 5.698695870906466610e+01
1.563873476561393545e+02 5.669457619906467016e+01
1.567824636441393977e+02 5.639826382206467770e+01
1.571743064761393498e+02 5.609762431806467475e+01
1.575624196521393969e+02 5.579218379306466602e+01
1.579462420551393507e+02 5.548137292806467258e+01
1.583250693601393095e+02 5.516450043406466364e+01
1.586979977761393457e+02 5.484071548006467367e+01
1.590638601771393041e+02 5.450893357306466669e+01
1.594209931101393067e+02 5.416784702406467034e+01
1.597671722471393423e+02 5.381565862006466716e+01
1.600991083841394129e+02 5.344999019306466437e+01
1.604116303401393679e+02 5.306768862206466508e+01
1.606962802421393235e+02 5.266429548206467359e+01
1.609377668711393881e+02 5.223388268306466387e+01
1.611059755881393585e+02 5.177049123106466766e+01
1.611271922221393424e+02 5.128198959606467611e+01
1.610303182451393695e+02 5.079777479806466545e+01
1.609088340191393627e+02 5.031912649406467608e+01
1.607659864551393412e+02 4.984640247806467528e+01
1.606044716401393089e+02 4.937971777306466947e+01
1.604265254791394000e+02 4.891904069406467670e+01
1.602340048841393809e+02 4.846425560706467195e+01
1.600284559331394121e+02 4.801520325006467260e+01
1.598111691411393167e+02 4.757170675506466750e+01
1.595832232941393158e+02 4.713358868506466592e+01
1.593455194491393740e+02 4.670068269706466424e+01
1.590988268651393582e+02 4.627287692206466829e+01
1.588437267021394064e+02 4.584999435706467352e+01
1.585807235161394146e+02 4.543197932806467065e+01
1.583101826871393314e+02 4.501880111906467619e+01
1.580323283231393816e+02 4.461050383406467290e+01
1.577471905961393759e+02 4.420725814306466361e+01
1.574544395201393172e+02 4.380950553806466985e+01
1.571524227571393340e+02 4.341875183706467567e+01
1.575177403081393095e+02 4.311212687606466432e+01
1.578855262971393358e+02 4.278709541106466929e+01
1.582352699521393333e+02 4.243844073006466999e+01
1.585626800341393619e+02 4.206874273406467069e+01
1.588662775231393880e+02 4.167541677506467579e+01
1.591379316701393236e+02 4.126311545506466416e+01
1.593741612351393542e+02 4.082962190006466585e+01
1.595685848721393540e+02 4.037586447406467016e+01
1.597134629141393134e+02 3.990721265406466500e+01
1.598039243331393209e+02 3.942184245206466642e+01
1.596979046571393610e+02 3.894752823406467712e+01
1.594871740531393698e+02 3.850095885106466653e+01
1.592578498371393607e+02 3.806356931006466482e+01
1.590194226031393328e+02 3.763102321706466569e+01
1.587753592821393340e+02 3.720165508306466506e+01
1.585273547521393311e+02 3.677455451506466488e+01
1.582764127821393458e+02 3.634920799306466677e+01
1.580232223541393068e+02 3.592535205606466775e+01
1.577682313341393865e+02 3.550275700806467682e+01
1.575113094981393260e+02 3.508051190806466479e+01
1.572534862751393803e+02 3.465978377006466360e+01
1.569928285511393824e+02 3.423703222006467684e+01
1.567325801511393593e+02 3.381720237906466764e+01
1.564712498701393315e+02 3.339761533406466754e+01
1.562093507421393497e+02 3.297888415106467619e+01
1.559467384351393093e+02 3.256060098606467079e+01
1.556834803731393322e+02 3.214272603606467271e+01
1.554196340791393141e+02 3.172522525706466467e+01
1.551567216301393728e+02 3.131038955206467733e+01
1.548920938281393092e+02 3.089394428206466614e+01
1.546267635771393998e+02 3.047741105306465670e+01
1.543610045891393838e+02 3.006114907206466569e+01
1.540948429351393543e+02 2.964513553006466395e+01
1.538283001941393877e+02 2.922934752706467521e+01
1.535614049111393342e+02 2.881377890606466963e+01
1.532941790131393418e+02 2.839841821006467626e+01
1.530266424341393758e+02 2.798325523606467868e+01
1.527587807711394134e+02 2.756823040406467840e+01
1.524906526771393374e+02 2.715340067106467359e+01
1.522222560461393641e+02 2.673873172206467075e+01
1.519536050951393236e+02 2.632421711606465919e+01
1.516847143881393549e+02 2.590985322406467617e+01
1.514156001091394046e+02 2.549564091306467617e+01
1.511462822971393507e+02 2.508158875806466881e+01
1.508767885461393234e+02 2.466771849406467254e+01
1.506071518971393743e+02 2.425406156306468120e+01
1.503374228461393614e+02 2.384067733206467210e+01
1.500671447191393781e+02 2.342684996906467632e+01
1.497971052901393705e+02 2.301377011206466250e+01
1.495250893621393971e+02 2.259803752306467572e+01
1.492547180091393102e+02 2.218517285606466771e+01
1.489837985621393273e+02 2.177181231806466144e+01
1.487129244991393762e+02 2.135884984906468276e+01
1.484419049051393813e+02 2.094598278606466124e+01
1.481707447481393274e+02 2.053320810006468378e+01
1.478994486481393551e+02 2.012052282106466805e+01
1.476280209731393143e+02 1.970792413806466925e+01
1.473564658581393587e+02 1.929540938806468375e+01
1.470847872211393224e+02 1.888297604406466235e+01
1.468129887791393458e+02 1.847062170906465894e+01
1.465410740641393659e+02 1.805834410206466600e+01
1.462690464311393725e+02 1.764614105406465683e+01
1.459969090751393423e+02 1.723401049806466290e+01
1.457246650391393814e+02 1.682195046606466349e+01
1.454523172251393817e+02 1.640995907706468415e+01
1.451798684001394122e+02 1.599803453706468304e+01
1.449073212091393543e+02 1.558617513006467448e+01
1.446346781801393035e+02 1.517437921706468273e+01
1.443635488331393617e+02 1.476507079106465881e+01
1.440890385471393529e+02 1.435085756806466861e+01
1.438161977251393182e+02 1.393935705306466843e+01
1.435431945151393620e+02 1.352780004706465888e+01
1.432701296041393562e+02 1.311633398806466744e+01
1.429969574181393455e+02 1.270488598006465963e+01
1.427237044111393516e+02 1.229349183406466750e+01
1.424503723891393747e+02 1.188215036806465719e+01
1.421763065971393871e+02 1.146987308006467288e+01
1.419034033001393027e+02 1.105950838706468176e+01
1.416297962881393460e+02 1.064824604506466699e+01
1.413562071151393411e+02 1.023716776806466555e+01
1.410824013691393475e+02 9.825918158064666841e+00
1.408088049371393708e+02 9.415133669064658761e+00
1.405349693701393790e+02 9.004137898064669798e+00
1.402610652321393445e+02 8.593184089064664022e+00
1.399870944761393048e+02 8.182272375064684411e+00
1.397130587801393631e+02 7.771402575064684015e+00
1.394389596121393424e+02 7.360574276064681953e+00
1.391647982341393117e+02 6.949786850064668897e+00
1.388905756661393980e+02 6.539039378064671837e+00
1.386162925501394056e+02 6.128330461064678047e+00
1.383419489041393717e+02 5.717657840064674701e+00
1.380675437871393569e+02 5.307017896064678553e+00
1.377930756261393981e+02 4.896406132064669237e+00
1.375184606181393292e+02 4.485695160064665288e+00
1.372439414261393722e+02 4.075245850064675324e+00
1.369692929001394077e+02 3.664719560064668258e+00
1.366947382451393196e+02 3.254447982064675671e+00
1.364200151551393674e+02 2.844037285064672460e+00
1.361452408921393271e+02 2.433660935064665409e+00
1.358704162611393258e+02 2.023318397064656438e+00
1.355955420451393820e+02 1.613009152064677210e+00
1.353206190031393135e+02 1.202732695064668178e+00
1.350456478731393872e+02 7.924885360646669596e-01
1.347706293731393998e+02 3.822761970646695318e-01
1.344955642001393699e+02 -2.790478593533407548e-02
1.342204530341393820e+02 -4.380548639353207818e-01
1.339452965351393914e+02 -8.481744789353342640e-01
1.336700953451393161e+02 -1.258264056935331610e+00
1.333948500891393678e+02 -1.668324016935315512e+00
1.331195613781393376e+02 -2.078354762935333611e+00
1.328442298031393420e+02 -2.488356692935326464e+00
1.325688559421394075e+02 -2.898330191935315270e+00
1.322934403571393887e+02 -3.308275634935341714e+00
1.320179835971393913e+02 -3.718193389935322557e+00
1.317424862301393205e+02 -4.128083760935339797e+00
1.314669486851394140e+02 -4.537947235935320123e+00
1.311913715401393574e+02 -4.947784046935339575e+00
1.309157552851393120e+02 -5.357594534935316233e+00
1.306401003951393704e+02 -5.767379031935320199e+00
1.303644073351393899e+02 -6.177137863935342921e+00
1.300886765581393547e+02 -6.586871346935339488e+00
1.298129085061393653e+02 -6.996579790935328447e+00
1.295371037181394058e+02 -7.406263338935332285e+00
1.292612624821393865e+02 -7.815922481935331234e+00
1.289853852671393497e+02 -8.225557420935331265e+00
1.287094724791393219e+02 -8.635168429935333734e+00
1.284335245151393110e+02 -9.044755775935328757e+00
1.281575417621393171e+02 -9.454319718935323635e+00
1.278815245981393218e+02 -9.863860514935339552e+00
1.276054733911394123e+02 -1.027337841193534018e+01
1.273293885031393984e+02 -1.068287365293534208e+01
1.270532702851393196e+02 -1.109234647593532941e+01
1.267771190801394141e+02 -1.150179711393533921e+01
1.265009352241393117e+02 -1.191122579193532260e+01
1.262247190461393984e+02 -1.232063273293533712e+01
1.259484708641393809e+02 -1.273001815293531536e+01
1.256721909921393490e+02 -1.313938226393531750e+01
1.253958797351393741e+02 -1.354872527193532505e+01
1.251195373921393639e+02 -1.395804738093534070e+01
1.248431642531393209e+02 -1.436734878793532744e+01
1.245667606031394143e+02 -1.477662968493532958e+01
1.242903267211393086e+02 -1.518589026193532732e+01
1.240138628761393420e+02 -1.559513070193531803e+01
1.237373693351393058e+02 -1.600435118693533809e+01
1.234608463561393137e+02 -1.641355189193532738e+01
1.231842941911393154e+02 -1.682273298793532490e+01
1.229077130871393138e+02 -1.723189464493532341e+01
1.226311032851393747e+02 -1.764103702593533285e+01
1.223544650201394006e+02 -1.805016029093533803e+01
1.220777985201393676e+02 -1.845926459693532706e+01
1.218011040091394079e+02 -1.886835009593534096e+01
1.215243817061393656e+02 -1.927741693693533875e+01
1.212476318221393967e+02 -1.968646526593533963e+01
1.209708545661393373e+02 -2.009549522493531981e+01
1.206940501381393460e+02 -2.050450695193532624e+01
1.204172187361393753e+02 -2.091350058193532391e+01
1.201403605511393380e+02 -2.132247624693533794e+01
1.198634757701393028e+02 -2.173143407393533266e+01
1.195865645741394019e+02 -2.214037418893533982e+01
1.193096271401393551e+02 -2.254929671193534091e+01
1.190326636391394004e+02 -2.295820176193532802e+01
1.187556742381393633e+02 -2.336708945293531769e+01
1.184786590981393601e+02 -2.377595989693531919e+01
1.182016183761393222e+02 -2.418481320293531667e+01
1.179245779681393742e+02 -2.459361148993534130e+01
1.176474882241393516e+02 -2.500242834193534236e+01
1.173703734121393154e+02 -2.541122825393532025e+01
1.170932336711393873e+02 -2.582001131993533249e+01
1.168160691361393901e+02 -2.622877762993533679e+01
1.165388799351393345e+02 -2.663752727093532258e+01
1.162616661931393764e+02 -2.704626032493533216e+01
1.159844280311393732e+02 -2.745497687293533318e+01
1.157071655611393908e+02 -2.786367699293532496e+01
1.154298788951393817e+02 -2.827236075693534190e+01
1.151525681361393936e+02 -2.868102823693533310e+01
1.148752333851393814e+02 -2.908967949793532171e+01
1.145978747351393849e+02 -2.949831460393534144e+01
1.143204922761393618e+02 -2.990693361593531563e+01
1.140430860921393332e+02 -3.031553658893531633e+01
1.137656562611393838e+02 -3.072412357593532306e+01
1.134882028551393205e+02 -3.113269462593532921e+01
1.132107260231393866e+02 -3.154124966393533214e+01
1.129332256771393759e+02 -3.194978895193531798e+01
1.126557019411393412e+02 -3.235831242293534160e+01
1.123781548651393223e+02 -3.276682010993533822e+01
1.121005844901393402e+02 -3.317531204093532438e+01
1.118229908521393554e+02 -3.358378824093531989e+01
1.115453739811393916e+02 -3.399224872693531552e+01
1.112677338961393616e+02 -3.440069351393532315e+01
1.109900706121393341e+02 -3.480912260993534346e+01
1.107123841341393700e+02 -3.521753601893533414e+01
1.104346744581393978e+02 -3.562593373893531634e+01
1.101569415731393065e+02 -3.603431575993533897e+01
1.098791854561393393e+02 -3.644268206693533330e+01
1.096014060761393694e+02 -3.685103263993534028e+01
1.093236033891394072e+02 -3.725936744793531830e+01
1.090457773411393418e+02 -3.766768645393531756e+01
1.087679278631393345e+02 -3.807598961193534137e+01
1.084900548741393322e+02 -3.848427686793533553e+01
1.082121582771393378e+02 -3.889254815593531589e+01
1.079342379601393986e+02 -3.930080339793533994e+01
1.076562937911393192e+02 -3.970904250893534027e+01
1.073783256191393320e+02 -4.011726538593532609e+01
1.071003332701393447e+02 -4.052547191093532319e+01
1.068223165461394046e+02 -4.093366195193533486e+01
1.065442752201394114e+02 -4.134183535593533065e+01
1.062662090331393756e+02 -4.174999194893533172e+01
1.059881176911393368e+02 -4.215813153393531820e+01
1.057100008551393557e+02 -4.256625388493532114e+01
1.054318581391393082e+02 -4.297435874093531538e+01
1.051536890981393526e+02 -4.338244580393532601e+01
1.048754932151393859e+02 -4.379051473093534241e+01
1.045972698911393763e+02 -4.419856511993532422e+01
1.043190184221393793e+02 -4.460659649993533549e+01
1.040407379711393787e+02 -4.501460831493531600e+01
1.037624275311393376e+02 -4.542259989393534170e+01
1.034840859701394038e+02 -4.583057027193532917e+01
1.032057115901393445e+02 -4.623851864293533254e+01
1.029273024691393630e+02 -4.664644357193532187e+01
1.026488559151393929e+02 -4.705434325593532208e+01
1.023703680401393967e+02 -4.746221508993534144e+01
1.020918325471393473e+02 -4.787005486293531931e+01
1.018132363931393911e+02 -4.827785374193533130e+01
1.015193612421393254e+02 -4.867446873293533827e+01
1.011975407621393970e+02 -4.904898021393532304e+01
1.008619439461393767e+02 -4.941137511993534304e+01
1.005152384281393552e+02 -4.976306439593531650e+01
1.001586868401393531e+02 -5.010474585493531663e+01
9.979310612613937792e+01 -5.043676703593533261e+01
9.941909321213938711e+01 -5.075930013493533011e+01
9.903714633613935803e+01 -5.107239506393531769e+01
9.864765177013930497e+01 -5.137606908993532784e+01
9.825094554813938430e+01 -5.167029680393531521e+01
9.784739331713933552e+01 -5.195498064893533297e+01
9.743724524513936558e+01 -5.223007307293534041e+01
9.702076957913936894e+01 -5.249548888293531945e+01
9.659822619513931841e+01 -5.275113460493531647e+01
9.616986821813941333e+01 -5.299691380093531734e+01
9.573594522513940319e+01 -5.323272983293531979e+01
9.529670546113936780e+01 -5.345848830193531853e+01
9.485239627713940536e+01 -5.367409969493533595e+01
9.440324700813937397e+01 -5.387948914193532346e+01
9.394956535413939491e+01 -5.407455557693532455e+01
9.349064935613932903e+01 -5.425960795793531588e+01
9.302855976313935571e+01 -5.443386132293534274e+01
9.256280993813936675e+01 -5.459759208893532900e+01
9.209353303013938330e+01 -5.475081830793533300e+01
9.162090526113934175e+01 -5.489354636793532904e+01
9.114522029413933524e+01 -5.502575719193532677e+01
9.066663328313939019e+01 -5.514748259693533328e+01
9.018590821213933850e+01 -5.525862507193534157e+01
8.970211552713931269e+01 -5.535948090993534265e+01
8.921661535913938224e+01 -5.544985322393532101e+01
8.872929293713934840e+01 -5.552988279893531853e+01
8.824042141913935211e+01 -5.559964026893533173e+01
8.775015106713931345e+01 -5.565922480693532748e+01
8.725880668513934779e+01 -5.570872430693532351e+01
8.676647681813938107e+01 -5.574826208993533783e+01
8.627350498713940397e+01 -5.577794821293534255e+01
8.578003605013941524e+01 -5.579791869393531556e+01
8.528626522613933503e+01 -5.580831299393531708e+01
8.479237909213941293e+01 -5.581001402793532407e+01
8.429848392413930469e+01 -5.581001402793532407e+01
8.380458881313938946e+01 -5.581001402793532407e+01
8.331069853613939813e+01 -5.581001402793532407e+01
8.281679802713938443e+01 -5.581001402793532407e+01
8.232292395413935537e+01 -5.581001402793532407e+01
8.182883089813935840e+01 -5.581001402793532407e+01
8.133427032713939298e+01 -5.581001402793532407e+01
8.084128460813940364e+01 -5.581001402793532407e+01
8.034736195213940846e+01 -5.581001402793532407e+01
7.985346570513934239e+01 -5.581001402793532407e+01
7.935956759413932105e+01 -5.581001402793532407e+01
7.886561353313936706e+01 -5.581001402793532407e+01
7.837169617613938044e+01 -5.581001402793532407e+01
7.787777411313936682e+01 -5.581001402793532407e+01
7.738385040313937679e+01 -5.581001402793532407e+01
7.688993108213935557e+01 -5.581001402793532407e+01
7.639600668213938661e+01 -5.581001402793532407e+01
7.590207709213939324e+01 -5.581001402793532407e+01
7.540814224913935959e+01 -5.581001402793532407e+01
7.491420214513937026e+01 -5.581001402793532407e+01
7.442025684713939881e+01 -5.581001402793532407e+01
7.392630651013939769e+01 -5.581001402793532407e+01
7.343235140313936427e+01 -5.581001402793532407e+01
7.293839194113934354e+01 -5.581001402793532407e+01
7.244442872213937790e+01 -5.581001402793532407e+01
7.195046272213937755e+01 -5.581001402793532407e+01
7.145649483613931352e+01 -5.581001402793532407e+01
7.096252670613932878e+01 -5.581001402793532407e+01
7.046856038213934426e+01 -5.581001402793532407e+01
6.997459859013940786e+01 -5.581001402793532407e+01
6.948064495513938255e+01 -5.581001402793532407e+01
6.898670429213939315e+01 -5.581001402793532407e+01
6.849278301113940870e+01 -5.581001402793532407e+01
6.799888940313940111e+01 -5.581001402793532407e+01
6.750503473913931884e+01 -5.581001402793532407e+01
6.701123159913936433e+01 -5.581001402793532407e+01
6.651748876813940115e+01 -5.581001402793532407e+01
6.602388418013936189e+01 -5.581001402793532407e+01
6.553019222813941269e+01 -5.581001402793532407e+01
6.503010210713932793e+01 -5.581001402793532407e+01
6.454179226313931395e+01 -5.581001402793532407e+01
6.404785129913932451e+01 -5.581001402793532407e+01
6.355402030413938519e+01 -5.581001402793532407e+01
6.305682401613933052e+01 -5.581001402793532407e+01
6.256267331213939542e+01 -5.581001402793532407e+01
6.206851500313939596e+01 -5.581001402793532407e+01
6.157434908813934271e+01 -5.581001402793532407e+01
6.108017556513937052e+01 -5.581001402793532407e+01
6.058599443513935512e+01 -5.581001402793532407e+01
6.009180569713930709e+01 -5.581001402793532407e+01
5.959760935013935068e+01 -5.581001402793532407e+01
5.910359697913941091e+01 -5.581001402793532407e+01
5.860972536513941122e+01 -5.581001402793532407e+01
5.811585375813933751e+01 -5.581001402793532407e+01
5.762198215513933519e+01 -5.581001402793532407e+01
5.712811055713939368e+01 -5.581001402793532407e+01
5.663423896413939929e+01 -5.581001402793532407e+01
5.614036737513936259e+01 -5.581001402793532407e+01
5.564649578813930475e+01 -5.581001402793532407e+01
5.515262420513931829e+01 -5.581001402793532407e+01
5.465875262413931068e+01 -5.581001402793532407e+01
5.416488104613938503e+01 -5.581001402793532407e+01
5.367100946813934570e+01 -5.581001402793532407e+01
5.317713789213939890e+01 -5.581001402793532407e+01
5.268326631713932784e+01 -5.581001402793532407e+01
5.218943738013933853e+01 -5.581001402793532407e+01
5.169556394013932277e+01 -5.581001402793532407e+01
5.120169067313941014e+01 -5.581001402793532407e+01
5.070781732713930978e+01 -5.581001402793532407e+01
5.021394403613930990e+01 -5.581001402793532407e+01
4.972007079613933911e+01 -5.581001402793532407e+01
4.922619760713939741e+01 -5.581001402793532407e+01
4.873232446813938168e+01 -5.581001402793532407e+01
4.823845137713931308e+01 -5.581001402793532407e+01
4.774457833313931587e+01 -5.581001402793532407e+01
4.725070533513940063e+01 -5.581001402793532407e+01
4.675683238213935056e+01 -5.581001402793532407e+01
4.626295947213941417e+01 -5.581001402793532407e+01
4.576908660313938526e+01 -5.581001402793532407e+01
4.527521377613936693e+01 -5.581001402793532407e+01
4.478134098813939090e+01 -5.581001402793532407e+01
4.428746823813935407e+01 -5.581001402793532407e+01
4.379359552513938070e+01 -5.581001402793532407e+01
4.329972284913935709e+01 -5.581001402793532407e+01
4.280585020713931499e+01 -5.581001402793532407e+01
4.231197759813937864e+01 -5.581001402793532407e+01
4.181810502213932068e+01 -5.581001402793532407e+01
4.132423247713938963e+01 -5.581001402793532407e+01
4.083035996313935811e+01 -5.581001402793532407e+01
4.033648747613938212e+01 -5.581001402793532407e+01
3.984261501813932682e+01 -5.581001402793532407e+01
3.934874258613933762e+01 -5.581001402793532407e+01
3.885487017913931140e+01 -5.581001402793532407e+01
3.836099779713936186e+01 -5.581001402793532407e+01
3.786712543713940704e+01 -5.581001402793532407e+01
3.737325309913933324e+01 -5.581001402793532407e+01
3.687938078213937843e+01 -5.581001402793532407e+01
3.638549133813933167e+01 -5.581001402793532407e+01
3.589162026913936643e+01 -5.581001402793532407e+01
3.539774919213937210e+01 -5.581001402793532407e+01
3.490387810913932753e+01 -5.581001402793532407e+01
3.441000701713937815e+01 -5.581001402793532407e+01
3.391613591513930714e+01 -5.581001402793532407e+01
3.342226480413933132e+01 -5.581001402793532407e+01
3.292839368313934756e+01 -5.581001402793532407e+01
3.243452254813939817e+01 -5.581001402793532407e+01
3.194065140013935888e+01 -5.581001402793532407e+01
3.144678023813935397e+01 -5.581001402793532407e+01
3.095290906213938342e+01 -5.581001402793532407e+01
3.045903787013935471e+01 -5.581001402793532407e+01
2.996516666113939209e+01 -5.581001402793532407e+01
2.947129543513938188e+01 -5.581001402793532407e+01
2.897742419113933465e+01 -5.581001402793532407e+01
2.848355292713938525e+01 -5.581001402793532407e+01
2.798968164413940940e+01 -5.581001402793532407e+01
2.749581033913932515e+01 -5.581001402793532407e+01
2.700193901313934930e+01 -5.581001402793532407e+01
2.650806766413938931e+01 -5.581001402793532407e+01
2.601419629213933149e+01 -5.581001402793532407e+01
2.552032489513931068e+01 -5.581001402793532407e+01
2.502645347213933746e+01 -5.581001402793532407e+01
2.453258202413940126e+01 -5.581001402793532407e+01
2.403871054813930641e+01 -5.581001402793532407e+01
2.354483904413939399e+01 -5.581001402793532407e+01
2.305096751213932293e+01 -5.581001402793532407e+01
2.255709595013934177e+01 -5.581001402793532407e+01
2.206322435813933680e+01 -5.581001402793532407e+01
2.156935282913934770e+01 -5.581001402793532407e+01
2.107548113013933744e+01 -5.581001402793532407e+01
2.058160941413939327e+01 -5.581001402793532407e+01
2.008773767513935127e+01 -5.581001402793532407e+01
1.959386591113934628e+01 -5.581001402793532407e+01
1.909999411613932807e+01 -5.581001402793532407e+01
1.860612228613933894e+01 -5.581001402793532407e+01
1.811225041813941061e+01 -5.581001402793532407e+01
1.761837850713936859e+01 -5.581001402793532407e+01
1.712450654913936887e+01 -5.581001402793532407e+01
1.663063453913935064e+01 -5.581001402793532407e+01
1.613676247513933504e+01 -5.581001402793532407e+01
1.564289049913941199e+01 -5.581001402793532407e+01
1.514901839213939638e+01 -5.581001402793532407e+01
1.465518936613932510e+01 -5.581001402793532407e+01
1.416131809613932546e+01 -5.581001402793532407e+01
1.366744679213934432e+01 -5.581001402793532407e+01
1.317357545313939227e+01 -5.581001402793532407e+01
1.267970407913935560e+01 -5.581001402793532407e+01
1.218583266913935859e+01 -5.581001402793532407e+01
1.169196122213941180e+01 -5.581001402793532407e+01
1.119808973713941214e+01 -5.581001402793532407e+01
1.070421821313937016e+01 -5.581001402793532407e+01
1.021034665013939957e+01 -5.581001402793532407e+01
9.716475046139407823e+00 -5.581001402793532407e+01
9.222603401139394919e+00 -5.581001402793532407e+01
8.728731714139371434e+00 -5.581001402793532407e+01
8.234859985139337368e+00 -5.581001402793532407e+01
7.740988211139324449e+00 -5.581001402793532407e+01
7.247116393139322099e+00 -5.581001402793532407e+01
6.753244530139340895e+00 -5.581001402793532407e+01
6.259372621139391413e+00 -5.581001402793532407e+01
5.765500665139370540e+00 -5.581001402793532407e+01
5.271628661139402539e+00 -5.581001402793532407e+01
4.777756609139373722e+00 -5.581001402793532407e+01
4.283884507139305242e+00 -5.581001402793532407e+01
3.790012355139310785e+00 -5.581001402793532407e+01
3.296140152139400925e+00 -5.581001402793532407e+01
2.802267897139358865e+00 -5.581001402793532407e+01
2.308395589139308868e+00 -5.581001402793532407e+01
1.814523228139364619e+00 -5.581001402793532407e+01
1.320650811139330472e+00 -5.581001402793532407e+01
8.267783401394126486e-01 -5.581001402793532407e+01
3.329058141393943515e-01 -5.581001402793532407e+01
-1.609667698606926933e-01 -5.581001402793532407e+01
-6.548394108606316877e-01 -5.581001402793532407e+01
-1.148712109860639430e+00 -5.581001402793532407e+01
-1.642584868860694769e+00 -5.581001402793532407e+01
-2.136457686860694594e+00 -5.581001402793532407e+01
-2.630330566860607178e+00 -5.581001402793532407e+01
-3.124203507860670470e+00 -5.581001402793532407e+01
-3.618076511860635947e+00 -5.581001402793532407e+01
-4.111949578860617294e+00 -5.581001402793532407e+01
-4.605822709860603936e+00 -5.581001402793532407e+01
-5.099695905860585299e+00 -5.581001402793532407e+01
-5.593569167860664493e+00 -5.581001402793532407e+01
-6.087442495860614144e+00 -5.581001402793532407e+01
-6.581315890860651052e+00 -5.581001402793532407e+01
-7.075189354860640378e+00 -5.581001402793532407e+01
-7.569062887860695810e+00 -5.581001402793532407e+01
-8.062936490860693084e+00 -5.581001402793532407e+01
-8.556810163860632201e+00 -5.581001402793532407e+01
-9.050683908860605698e+00 -5.581001402793532407e+01
-9.544557725860613573e+00 -5.581001402793532407e+01
-1.003843161586064525e+01 -5.581001402793532407e+01
-1.053230557986069016e+01 -5.581001402793532407e+01
-1.102617961886062403e+01 -5.581001402793532407e+01
-1.152005373286067424e+01 -5.581001402793532407e+01
-1.201392792286060285e+01 -5.581001402793532407e+01
-1.250780219086061607e+01 -5.581001402793532407e+01
-1.300167653686060021e+01 -5.581001402793532407e+01
-1.349555096086066897e+01 -5.581001402793532407e+01
-1.398942546586067692e+01 -5.581001402793532407e+01
-1.448330004986064523e+01 -5.581001402793532407e+01
-1.497713038686060827e+01 -5.581001402793532407e+01
-1.547100316286059751e+01 -5.581001402793532407e+01
-1.596487596486065286e+01 -5.581001402793532407e+01
-1.645874879186067119e+01 -5.581001402793532407e+01
-1.695262164386065251e+01 -5.581001402793532407e+01
-1.744649452086059682e+01 -5.581001402793532407e+01
-1.794036742386060723e+01 -5.581001402793532407e+01
-1.843424035086059121e+01 -5.581001402793532407e+01
-1.892811330486063071e+01 -5.581001402793532407e+01
-1.942198628286064377e+01 -5.581001402793532407e+01
-1.991585928586061982e+01 -5.581001402793532407e+01
-2.040973231486066197e+01 -5.581001402793532407e+01
-2.090360536886066711e+01 -5.581001402793532407e+01
-2.139747844786063524e+01 -5.581001402793532407e+01
-2.189135155186068005e+01 -5.581001402793532407e+01
-2.238522468186067726e+01 -5.581001402793532407e+01
-2.287909783586064805e+01 -5.581001402793532407e+01
-2.337297101586068493e+01 -5.581001402793532407e+01
-2.386684422186067422e+01 -5.581001402793532407e+01
-2.436071745186063708e+01 -5.581001402793532407e+01
-2.485459070686067662e+01 -5.581001402793532407e+01
-2.534846398786066857e+01 -5.581001402793532407e+01
-2.584233729386062350e+01 -5.581001402793532407e+01
-2.633621062486065512e+01 -5.581001402793532407e+01
-2.683008398186063914e+01 -5.581001402793532407e+01
-2.732395736386058616e+01 -5.581001402793532407e+01
-2.781783077086060985e+01 -5.581001402793532407e+01
-2.831170420286059652e+01 -5.581001402793532407e+01
-2.880557765986065988e+01 -5.581001402793532407e+01
-2.929945114286067565e+01 -5.581001402793532407e+01
-2.979332465186064383e+01 -5.581001402793532407e+01
-3.028719818486058557e+01 -5.581001402793532407e+01
-3.078107174386059341e+01 -5.581001402793532407e+01
-3.127494532786067793e+01 -5.581001402793532407e+01
-3.176881893786060118e+01 -5.581001402793532407e+01
-3.226269257286060110e+01 -5.581001402793532407e+01
-3.275656623386066713e+01 -5.581001402793532407e+01
-3.325043991986069614e+01 -5.581001402793532407e+01
-3.374431363086068814e+01 -5.581001402793532407e+01
-3.423818736886062197e+01 -5.581001402793532407e+01
-3.473206113086064306e+01 -5.581001402793532407e+01
-3.522593491986060599e+01 -5.581001402793532407e+01
-3.571980873386064559e+01 -5.581001402793532407e+01
-3.621368257386063760e+01 -5.581001402793532407e+01
-3.670755643886059261e+01 -5.581001402793532407e+01
-3.720143032986061371e+01 -5.581001402793532407e+01
-3.769530424686058723e+01 -5.581001402793532407e+01
-3.818917818986062684e+01 -5.581001402793532407e+01
-3.868305215886061887e+01 -5.581001402793532407e+01
-3.917692615386067700e+01 -5.581001402793532407e+01
-3.967080017486068755e+01 -5.581001402793532407e+01
-4.016467422286063993e+01 -5.581001402793532407e+01
-4.065854829586066899e+01 -5.581001402793532407e+01
-4.115242239486065046e+01 -5.581001402793532407e+01
-4.164629652086068745e+01 -5.581001402793532407e+01
-4.214017067286067686e+01 -5.581001402793532407e+01
-4.263404485186060811e+01 -5.581001402793532407e+01
-4.312791905686060545e+01 -5.581001402793532407e+01
-4.362179328886065832e+01 -5.581001402793532407e+01
-4.411566754686066361e+01 -5.581001402793532407e+01
-4.460954183186061073e+01 -5.581001402793532407e+01
-4.510341614386061337e+01 -5.581001402793532407e+01
-4.559729061186067156e+01 -5.581001402793532407e+01
-4.609116497986065042e+01 -5.581001402793532407e+01
-4.658503937586067423e+01 -5.581001402793532407e+01
-4.707891379786065045e+01 -5.581001402793532407e+01
-4.757278824686068219e+01 -5.581001402793532407e+01
-4.806666272386064520e+01 -5.581001402793532407e+01
-4.856053722886065316e+01 -5.581001402793532407e+01
-4.905441176086060295e+01 -5.581001402793532407e+01
-4.954828631986060827e+01 -5.581001402793532407e+01
-5.004216090686065854e+01 -5.581001402793532407e+01
-5.053603552186064007e+01 -5.581001402793532407e+01
-5.102991016586065598e+01 -5.581001402793532407e+01
-5.152378483686061372e+01 -5.581001402793532407e+01
-5.201765953586061642e+01 -5.581001402793532407e+01
-5.251153426386065348e+01 -5.581001402793532407e+01
-5.300540901986062181e+01 -5.581001402793532407e+01
-5.349928380486062451e+01 -5.581001402793532407e+01
-5.399315861886066159e+01 -5.581001402793532407e+01
-5.448703346086062993e+01 -5.581001402793532407e+01
-5.498090833286062207e+01 -5.581001402793532407e+01
-5.547478323286065915e+01 -5.581001402793532407e+01
-5.596865816286060635e+01 -5.581001402793532407e+01
-5.646253312286069104e+01 -5.581001402793532407e+01
-5.695640811186069641e+01 -5.581001402793532407e+01
-5.745028313086061189e+01 -5.581001402793532407e+01
-5.794415817886067543e+01 -5.581001402793532407e+01
-5.843803325786063851e+01 -5.581001402793532407e+01
-5.893190836686062539e+01 -5.581001402793532407e+01
-5.942578350686062549e+01 -5.581001402793532407e+01
-5.991965867686064939e+01 -5.581001402793532407e+01
-6.041353387786068652e+01 -5.581001402793532407e+01
-6.090740910986062318e+01 -5.581001402793532407e+01
-6.140128437286068674e+01 -5.581001402793532407e+01
-6.189515966786063927e+01 -5.581001402793532407e+01
-6.238903499386060503e+01 -5.581001402793532407e+01
-6.288291035186068711e+01 -5.581001402793532407e+01
-6.337678574086066874e+01 -5.581001402793532407e+01
-6.387066116286064243e+01 -5.581001402793532407e+01
-6.436453661786060820e+01 -5.581001402793532407e+01
-6.485841210386058719e+01 -5.581001402793532407e+01
-6.535228762386066137e+01 -5.581001402793532407e+01
-6.584616317686061393e+01 -5.581001402793532407e+01
-6.634003876286067225e+01 -5.581001402793532407e+01
-6.683391438186060896e+01 -5.581001402793532407e+01
-6.732779003486064084e+01 -5.581001402793532407e+01
-6.782166572186065423e+01 -5.581001402793532407e+01
-6.831554144286064911e+01 -5.581001402793532407e+01
-6.880941719886061492e+01 -5.581001402793532407e+01
-6.930329286186065474e+01 -5.581001402793532407e+01
-6.979716869086064435e+01 -5.581001402793532407e+01
-7.029104455386061545e+01 -5.581001402793532407e+01
-7.078492045286066059e+01 -5.581001402793532407e+01
-7.127879638786066607e+01 -5.581001402793532407e+01
-7.177267235886063190e+01 -5.581001402793532407e+01
-7.226654836686066119e+01 -5.581001402793532407e+01
-7.276042440986066140e+01 -5.581001402793532407e+01
-7.325430049086060080e+01 -5.581001402793532407e+01
-7.374817650486068032e+01 -5.581001402793532407e+01
-7.424205268586058537e+01 -5.581001402793532407e+01
-7.473592889986059618e+01 -5.581001402793532407e+01
-7.522980514786058848e+01 -5.581001402793532407e+01
-7.572368142986067596e+01 -5.581001402793532407e+01
-7.621755774686062068e+01 -5.581001402793532407e+01
-7.671143410086062886e+01 -5.581001402793532407e+01
-7.720531049086059738e+01 -5.581001402793532407e+01
-7.769918691786062936e+01 -5.581001402793532407e+01
-7.819306338386058997e+01 -5.581001402793532407e+01
-7.868693988786060345e+01 -5.581001402793532407e+01
-7.918079055986061121e+01 -5.581001402793532407e+01
-7.967457580286065877e+01 -5.581001402793532407e+01
-8.016836171586066939e+01 -5.581001402793532407e+01
-8.066214819986066686e+01 -5.581001402793532407e+01
-8.115593538186067235e+01 -5.581001402793532407e+01
-8.164972322386063297e+01 -5.581001402793532407e+01
-8.214351173186059896e+01 -5.581001402793532407e+01
-8.263730091186062054e+01 -5.581001402793532407e+01
-8.313109076986063428e+01 -5.581001402793532407e+01
-8.362488131086058729e+01 -5.581001402793532407e+01
-8.411867254186063292e+01 -5.581001402793532407e+01
-8.461246446686061518e+01 -5.581001402793532407e+01
-8.510625709286068741e+01 -5.581001402793532407e+01
-8.560005042586067248e+01 -5.581001402793532407e+01
-8.609384447086063119e+01 -5.581001402793532407e+01
-8.658763923386061379e+01 -5.581001402793532407e+01
-8.708143472086067050e+01 -5.581001402793532407e+01
-8.757523093686063476e+01 -5.581001402793532407e+01
-8.806902788886065991e+01 -5.581001402793532407e+01
-8.856282558186069309e+01 -5.581001402793532407e+01
-8.905662402186067084e+01 -5.581001402793532407e+01
-8.955042321486064338e+01 -5.581001402793532407e+01
-9.004422316586067154e+01 -5.581001402793532407e+01
-9.053802388186068129e+01 -5.581001402793532407e+01
-9.103182536786061974e+01 -5.581001402793532407e+01
-9.152562762986065081e+01 -5.581001402793532407e+01
-9.201943067386059738e+01 -5.581001402793532407e+01
-9.251323450586062336e+01 -5.581001402793532407e+01
-9.300703913186066529e+01 -5.581001402793532407e+01
-9.350084455486069146e+01 -5.581001402793532407e+01
-9.399465078586058553e+01 -5.581001402793532407e+01
-9.448845782686066741e+01 -5.581001402793532407e+01
-9.498226568586062513e+01 -5.581001402793532407e+01
-9.547607436686064375e+01 -5.581001402793532407e+01
-9.596988387786063868e+01 -5.581001402793532407e+01
-9.646369422386067072e+01 -5.581001402793532407e+01
-9.695746163486069236e+01 -5.581001402793532407e+01
-9.745126994886061311e+01 -5.581001402793532407e+01
-9.794507891086061591e+01 -5.581001402793532407e+01
-9.843888852186069016e+01 -5.581001402793532407e+01
-9.893269878286059793e+01 -5.581001402793532407e+01
-9.942650969386068027e+01 -5.581001402793532407e+01
-9.992032125586058555e+01 -5.581001402793532407e+01
-1.004141334698606443e+02 -5.581001402793532407e+01
-1.009079462038606607e+02 -5.581001402793532407e+01
-1.014017596958606191e+02 -5.581001402793532407e+01
-1.018955738378606384e+02 -5.581001402793532407e+01
-1.023893886298606049e+02 -5.581001402793532407e+01
-1.028832040728606216e+02 -5.581001402793532407e+01
-1.033770201668606887e+02 -5.581001402793532407e+01
-1.038708369128606819e+02 -5.581001402793532407e+01
-1.043646543118605905e+02 -5.581001402793532407e+01
-1.048584723638606420e+02 -5.581001402793532407e+01
-1.053522910698605983e+02 -5.581001402793532407e+01
-1.058461104298606870e+02 -5.581001402793532407e+01
-1.063399304448606699e+02 -5.581001402793532407e+01
-1.068337511158606503e+02 -5.581001402793532407e+01
-1.073275724438606176e+02 -5.581001402793532407e+01
-1.078213944288606854e+02 -5.581001402793532407e+01
-1.083152170728606052e+02 -5.581001402793532407e+01
-1.088090403748606150e+02 -5.581001402793532407e+01
-1.093028643378606830e+02 -5.581001402793532407e+01
-1.097966889608605925e+02 -5.581001402793532407e+01
-1.102905142478606422e+02 -5.581001402793532407e+01
-1.107843401978606153e+02 -5.581001402793532407e+01
-1.112781668128606043e+02 -5.581001402793532407e+01
-1.117719940948605881e+02 -5.581001402793532407e+01
-1.122658220448606698e+02 -5.581001402793532407e+01
-1.127596506638606115e+02 -5.581001402793532407e+01
-1.132534799548606088e+02 -5.581001402793532407e+01
-1.137473099198606405e+02 -5.581001402793532407e+01
-1.142411405598606962e+02 -5.581001402793532407e+01
-1.147349718788606197e+02 -5.581001402793532407e+01
-1.152288038788606173e+02 -5.581001402793532407e+01
-1.157226756408606434e+02 -5.581001402793532407e+01
-1.162164804958606510e+02 -5.581001402793532407e+01
-1.167107776118606353e+02 -5.581001402793532407e+01
-1.172050057258605875e+02 -5.581001402793532407e+01
-1.176989193628606927e+02 -5.581001402793532407e+01
-1.181927593918605908e+02 -5.581001402793532407e+01
-1.186865454738606331e+02 -5.581001402793532407e+01
-1.191802937198606287e+02 -5.581001402793532407e+01
-1.196740966158606625e+02 -5.581001402793532407e+01
-1.201678915748606187e+02 -5.581001402793532407e+01
-1.206616843888606354e+02 -5.581001402793532407e+01
-1.211554778888606734e+02 -5.581001402793532407e+01
-1.216492734178606270e+02 -5.581001402793532407e+01
-1.221430717168606179e+02 -5.581001402793532407e+01
-1.226368731608606595e+02 -5.581001402793532407e+01
-1.231306777738606115e+02 -5.581001402793532407e+01
-1.236244856898606486e+02 -5.581001402793532407e+01
