-9.107320257665999463e+01 4.077476483297333942e+01
-9.100857528065999702e+01 4.104215051297332906e+01
-9.093227916566000602e+01 4.130646558397334189e+01
-9.084834001366000678e+01 4.156846095197332858e+01
-9.075890383365999980e+01 4.182863414697333582e+01
-9.066526946465999970e+01 4.208732754397333764e+01
-9.056829173766000451e+01 4.234478701397333822e+01
-9.046856784866000112e+01 4.260119570397333888e+01
-9.036653407365999158e+01 4.285669423497333952e+01
-9.026252040165999802e+01 4.311139329397332887e+01
-9.015678348865999681e+01 4.336538180097333139e+01
-9.004952745666000169e+01 4.361873266397333992e+01
-8.994091790666000463e+01 4.387150619397333884e+01
-8.983109123165999677e+01 4.412375324297332924e+01
-8.972016136466000091e+01 4.437551706697333742e+01
-8.960822461165999187e+01 4.462683482997334039e+01
-8.949536332966000884e+01 4.487773852597333502e+01
-8.938164833666000675e+01 4.512825647997333789e+01
-8.926714130565999028e+01 4.537841331797333311e+01
-8.915189618766000024e+01 4.562823090197333187e+01
-8.903596052566000196e+01 4.587772867597333715e+01
-8.891937645465999651e+01 4.612692403397333152e+01
-8.880218151965999596e+01 4.637583259897333932e+01
-8.868440933466000331e+01 4.662446846897334041e+01
-8.856609013365999772e+01 4.687284440897332871e+01
-8.844725121365999598e+01 4.712097202497333370e+01
-8.832791731566000237e+01 4.736886190097333582e+01
-8.820811093865999908e+01 4.761652371997333688e+01
-8.808785260565998954e+01 4.786396636597333298e+01
-8.796716109365999614e+01 4.811119801397332907e+01
-8.784605354565999846e+01 4.835822636297333332e+01
-8.772454591966000237e+01 4.860505814297334126e+01
-8.760265274766000232e+01 4.885169993597333615e+01
-8.748038749766000421e+01 4.909815776697333689e+01
-8.735776261965999367e+01 4.934443725597333952e+01
-8.723478964566000116e+01 4.959054366597333541e+01
-8.711147926566000876e+01 4.983648193997333209e+01
-8.698784139466000909e+01 5.008225675097333607e+01
-8.686390811965999603e+01 5.032782725997333984e+01
-8.673964718866000112e+01 5.057327856997333271e+01
-8.661508552465998889e+01 5.081857706197333613e+01
-8.649023072065999429e+01 5.106372619897333465e+01
-8.636508987166000395e+01 5.130872925997334022e+01
-8.623966960965999817e+01 5.155358935297334000e+01
-8.611397613466000678e+01 5.179830943997333037e+01
-8.598801524165999410e+01 5.204289234597333547e+01
-8.586179235266000376e+01 5.228734076997333347e+01
-8.573531256665999933e+01 5.253165724097333822e+01
-8.560858075666000389e+01 5.277584398897334239e+01
-8.548158148865999806e+01 5.301994154097334189e+01
-8.535434767466000494e+01 5.326389681997333270e+01
-8.522686870965999617e+01 5.350773983097334252e+01
-8.509914731066000115e+01 5.375147434597334239e+01
-8.497119451465999873e+01 5.399508777397333148e+01
-8.484310066866000000e+01 5.423841666397333228e+01
-8.471465667165999491e+01 5.448186549897334174e+01
-8.458620816565999689e+01 5.472478677997333563e+01
-8.445741414066000630e+01 5.496783260297333840e+01
-8.432839979866000135e+01 5.521077209797334007e+01
-8.419916659166000272e+01 5.545360829297333538e+01
-8.406971719866000115e+01 5.569634154597333264e+01
-8.394005388466000284e+01 5.593897264997332996e+01
-8.381015373866000573e+01 5.618154903897333696e+01
-8.367999754765999398e+01 5.642411058197333062e+01
-8.354936613866000528e+01 5.666706806597333212e+01
-8.341907347865999611e+01 5.690891296497333229e+01
-8.328842702666000264e+01 5.715093645897334085e+01
-8.315756013466000240e+01 5.739289382897333525e+01
-8.302646266665999519e+01 5.763480655097333027e+01
-8.289516657666000299e+01 5.787661824297332913e+01
-8.276367469465999704e+01 5.811832621797334042e+01
-8.263198929765999878e+01 5.835992858897333946e+01
-8.250011203565999551e+01 5.860142441197333341e+01
-8.236804412665999564e+01 5.884281332397333841e+01
-8.223577105565999545e+01 5.908412343497334263e+01
-8.210332898865999596e+01 5.932529023397334100e+01
-8.197069720365999501e+01 5.956635279397332994e+01
-8.183787658865999504e+01 5.980731053697333977e+01
-8.170486775466000040e+01 6.004816319097333377e+01
-8.157167115465999530e+01 6.028891058897333011e+01
-8.143828711166000289e+01 6.052955260697333273e+01
-8.130471583665999447e+01 6.077008914397332973e+01
-8.117095744766000109e+01 6.101052008497332935e+01
-8.103701196965999998e+01 6.125084529597334182e+01
-8.090287934565999706e+01 6.149106461697333970e+01
-8.076855943965999529e+01 6.173117784997334212e+01
-8.063405203966000556e+01 6.197118475997333320e+01
-8.049935683565999511e+01 6.221108510097334232e+01
-8.036447352365999564e+01 6.245087844997333804e+01
-8.022940161265999848e+01 6.269056453897334080e+01
-8.009414062765999631e+01 6.293014289197333966e+01
-7.995868992865999303e+01 6.316961315097334051e+01
-7.982304892065999979e+01 6.340897470197334229e+01
-7.968721685165999702e+01 6.364822702597333404e+01
-7.955119291766000345e+01 6.388736951897333682e+01
-7.941497623866000310e+01 6.412640152597334975e+01
-7.927856585866000216e+01 6.436532234297334298e+01
-7.914196074266000380e+01 6.460413121497333577e+01
-7.900515977866000128e+01 6.484282733597333959e+01
-7.886816177266000238e+01 6.508140984497333648e+01
-7.873096545065999408e+01 6.531987782897334682e+01
-7.859356945566000263e+01 6.555823031897334374e+01
-7.845597234266000441e+01 6.579646628997333835e+01
-7.831817258466000453e+01 6.603458465597334737e+01
-7.818016855866000014e+01 6.627258427797333695e+01
-7.804195855365999535e+01 6.651046395097334596e+01
-7.790354076465999356e+01 6.674822240897334780e+01
-7.776491328966000083e+01 6.698585831997334594e+01
-7.762607412366000403e+01 6.722337028597334552e+01
-7.748702116265999962e+01 6.746075683997334238e+01
-7.734775219365999988e+01 6.769801644097334758e+01
-7.720828592665999679e+01 6.793511175797334545e+01
-7.706857562665999239e+01 6.817211639797334044e+01
-7.692864220165999711e+01 6.840898865997334610e+01
-7.678848295865999773e+01 6.864572671597333908e+01
-7.664809508166000285e+01 6.888232864897334196e+01
-7.650747561766000615e+01 6.911879244897333763e+01
-7.636662148066000100e+01 6.935511600797333642e+01
-7.622552943965999361e+01 6.959129711897334403e+01
-7.608419618665999451e+01 6.982733334997334396e+01
-7.594261805966000622e+01 7.006322248397334818e+01
-7.580079141765999395e+01 7.029896188497333753e+01
-7.565871238965999623e+01 7.053454889297334773e+01
-7.551637692465999407e+01 7.076998071597334672e+01
-7.537378078666000647e+01 7.100525442797334108e+01
-7.523091953565999290e+01 7.124036696297334004e+01
-7.508778852865999909e+01 7.147531510397334387e+01
-7.494438290066000263e+01 7.171009547597334688e+01
-7.480069755366000095e+01 7.194470453697334733e+01
-7.465670431165999332e+01 7.217917569897333863e+01
-7.451244207966000488e+01 7.241343257597334571e+01
-7.436788329165999301e+01 7.264750643097333693e+01
-7.422302178366000192e+01 7.288139294297334914e+01
-7.407785108566000076e+01 7.311508756397334707e+01
-7.393236440066000625e+01 7.334858550497334306e+01
-7.378655458266000267e+01 7.358188171997333882e+01
-7.364041411766000067e+01 7.381497088597333800e+01
-7.349393509466000296e+01 7.404784738697334490e+01
-7.334710918065999863e+01 7.428050528697333732e+01
-7.319992759465999654e+01 7.451293831297334691e+01
-7.305238106966000089e+01 7.474513982497333586e+01
-7.290445982065999431e+01 7.497710278697334729e+01
-7.275615355665999573e+01 7.520881965997334362e+01
-7.260745120266000185e+01 7.544028272997334739e+01
-7.245834127166000371e+01 7.567148341797334865e+01
-7.230881146865999654e+01 7.590241277497334238e+01
-7.215884898865999730e+01 7.613306087997334259e+01
-7.200843597265999563e+01 7.636342364897333823e+01
-7.185756161765999650e+01 7.659348409597333784e+01
-7.170621019566000598e+01 7.682323056197334665e+01
-7.155438761765999800e+01 7.705261632997334686e+01
-7.140202655765999395e+01 7.728170253297334114e+01
-7.124913501765999513e+01 7.751043350097334894e+01
-7.109569242265999378e+01 7.773879359697333769e+01
-7.094167644766000080e+01 7.796676622997334505e+01
-7.078706330865999519e+01 7.819433305197334505e+01
-7.063182712366000260e+01 7.842147445497334957e+01
-7.047594003966000287e+01 7.864816888597334810e+01
-7.031937187165999603e+01 7.887439279897334643e+01
-7.016208982066000033e+01 7.910012039697333819e+01
-7.000405815166000423e+01 7.932532333197333685e+01
-6.984523781266000242e+01 7.954997034497334596e+01
-6.968558599265999476e+01 7.977402684697334223e+01
-6.952505549065999446e+01 7.999745455097334457e+01
-6.936359447066000428e+01 8.022021035897334684e+01
-6.920114522165999915e+01 8.044224630797334896e+01
-6.903764356466000152e+01 8.066350826697333787e+01
-6.887301770665999356e+01 8.088393491997334195e+01
-6.870718691966000335e+01 8.110345639397334594e+01
-6.854005991466000580e+01 8.132199252697334657e+01
-6.837153288365999515e+01 8.153945059297333842e+01
-6.820148662865999256e+01 8.175572285797333905e+01
-6.802978388766000251e+01 8.197068215597333563e+01
-6.785626449865999632e+01 8.218417775997333763e+01
-6.768074002065999650e+01 8.239602854397334397e+01
-6.750298725065999861e+01 8.260601276197334641e+01
-6.732273698365999337e+01 8.281385659497334473e+01
-6.710203500465999582e+01 8.296279643397333814e+01
-6.684101908066000419e+01 8.304973594697334249e+01
-6.657842199366000102e+01 8.313178001497334435e+01
-6.631452170666000256e+01 8.320953328397334303e+01
-6.604953124665999553e+01 8.328348824297334829e+01
-6.578361711265999645e+01 8.335405180297334482e+01
-6.551691166866000060e+01 8.342156441597333583e+01
-6.524952171466000550e+01 8.348631411097333910e+01
-6.498153456266000205e+01 8.354854697897334859e+01
-6.471302241965999258e+01 8.360847514197334363e+01
-6.444404562766000311e+01 8.366628289297334220e+01
-6.417465507865999541e+01 8.372213149497333973e+01
-6.390489406066000555e+01 8.377616297497334585e+01
-6.363479967066000853e+01 8.382850315797334417e+01
-6.336440392366001362e+01 8.387926411497333845e+01
-6.309373462166001190e+01 8.392854616097334031e+01
-6.282281605266000923e+01 8.397643949897334892e+01
-6.255166954266000090e+01 8.402302557597334953e+01
-6.228031391566000963e+01 8.406837822197334731e+01
-6.200876585766000204e+01 8.411256459997333934e+01
-6.173704022666000668e+01 8.415564601897334285e+01
-6.146515030566001059e+01 8.419767861297334832e+01
-6.119310800966000130e+01 8.423871392997334340e+01
-6.092092406466000654e+01 8.427879944097334430e+01
-6.064860816166000035e+01 8.431797896697334238e+01
-6.037616907966000923e+01 8.435629306397333949e+01
-6.010361479366000736e+01 8.439377934597334274e+01
-5.983095257066000983e+01 8.443047277997334277e+01
-5.955818904866000452e+01 8.446640593297334476e+01
-5.928533030166000373e+01 8.450160919597334441e+01
-5.901238190866001077e+01 8.453611098197333718e+01
-5.873934899666000575e+01 8.456993790297333646e+01
-5.846623629166000313e+01 8.460311491797334327e+01
-5.819304815766000871e+01 8.463566547997334055e+01
-5.791978863166000480e+01 8.466761165497334218e+01
-5.764646145466000604e+01 8.469897423497334898e+01
-5.737307019166001254e+01 8.472977282897333851e+01
-5.709961786066001110e+01 8.476002599397334336e+01
-5.682610759566001235e+01 8.478975124897334581e+01
-5.655254220066000670e+01 8.481896519597334816e+01
-5.627892429666000140e+01 8.484768357797334204e+01
-5.600525633166000006e+01 8.487592133697334873e+01
-5.573154059866001120e+01 8.490369266997333852e+01
-5.545777925066000336e+01 8.493101107897334145e+01
-5.518397430466000486e+01 8.495788942097334484e+01
-5.491012765766000570e+01 8.498433994397333890e+01
-5.463624109966000475e+01 8.501037433097334883e+01
-5.436231630866000586e+01 8.503600373497334886e+01
-5.408835487066000525e+01 8.506123880997334652e+01
-5.381435828366000607e+01 8.508608974397334634e+01
-5.354032796066000088e+01 8.511056628397334123e+01
-5.326626523866000440e+01 8.513467776497334683e+01
-5.299217152266000852e+01 8.515843311997333842e+01
-5.271804779566000576e+01 8.518184094497334513e+01
-5.244389528966001279e+01 8.520490946397333687e+01
-5.216971508366000165e+01 8.522764657997333870e+01
-5.189550820666000419e+01 8.525005988597334294e+01
-5.162127563466000169e+01 8.527215668497333922e+01
-5.134701829565999986e+01 8.529394399897334722e+01
-5.107273707466000445e+01 8.531542858797334361e+01
-5.079843281566000002e+01 8.533661696197334834e+01
-5.052410631965999954e+01 8.535751539697334067e+01
-5.024975835466000973e+01 8.537812993797334116e+01
-4.997538965266000588e+01 8.539846642197333892e+01
-4.970100091265999964e+01 8.541853047697334489e+01
-4.942659280266000366e+01 8.543832753997334351e+01
-4.915216596166001040e+01 8.545786286297334300e+01
-4.887772100166001366e+01 8.547714151897334034e+01
-4.860325850966000161e+01 8.549616841697334735e+01
-4.832877904666001001e+01 8.551494830197334807e+01
-4.805428315166000885e+01 8.553348576597333874e+01
-4.777977134066001241e+01 8.555178525497333908e+01
-4.750524410766001182e+01 8.556985107597334661e+01
-4.723070192966000747e+01 8.558768739897334399e+01
-4.695614526366001229e+01 8.560529826697334954e+01
-4.668157454866000222e+01 8.562268760097333598e+01
-4.640699020466001201e+01 8.563985920197333712e+01
-4.613239263866000073e+01 8.565681675797334549e+01
-4.585778224066000774e+01 8.567356384897334465e+01
-4.558315520866000981e+01 8.569010420197334099e+01
-4.530851307566000941e+01 8.570644111297333723e+01
-4.503385955866000501e+01 8.572257765897333570e+01
-4.475919498466000590e+01 8.573851702797334440e+01
-4.448451966466000584e+01 8.575426231897334617e+01
-4.420983389766001181e+01 8.576981654697334534e+01
-4.393513796866000831e+01 8.578518264397334292e+01
-4.366043215466000760e+01 8.580036346097334388e+01
-4.338571671666000640e+01 8.581536177497333995e+01
-4.311099191166000111e+01 8.583018028697334501e+01
-4.283625798466000134e+01 8.584482162997333887e+01
-4.256151517266000184e+01 8.585928836497333805e+01
-4.228676370366000725e+01 8.587358298897333952e+01
-4.201200379766000736e+01 8.588770793397334558e+01
-4.173723566866001278e+01 8.590166557097333566e+01
-4.146245952166000137e+01 8.591545821097334112e+01
-4.118767555766000754e+01 8.592908810797334240e+01
-4.091288396766000091e+01 8.594255745997334373e+01
-4.063808493966001123e+01 8.595586841097333775e+01
-4.036327865466000020e+01 8.596902305297334124e+01
-4.008846528666000353e+01 8.598202342697334188e+01
-3.981364500766000702e+01 8.599487152797334488e+01
-3.953881789266001334e+01 8.600756930297333724e+01
-3.926398431566000369e+01 8.602011864497333704e+01
-3.898914429366001144e+01 8.603252141297333822e+01
-3.871429797966001018e+01 8.604477942197334528e+01
-3.843944552366000522e+01 8.605689444197334126e+01
-3.816458706966000847e+01 8.606886820297334850e+01
-3.788972275766000308e+01 8.608070239797334011e+01
-3.761485272266001090e+01 8.609239867797334966e+01
-3.733997709666000020e+01 8.610395866097334761e+01
-3.706509600766001000e+01 8.611538392797334041e+01
-3.679020957966000793e+01 8.612667602397334576e+01
-3.651531793366000755e+01 8.613783646097334668e+01
-3.624042118466000062e+01 8.614886671797334827e+01
-3.596551944866001094e+01 8.615976824397334610e+01
-3.569061283566001208e+01 8.617054245297333637e+01
-3.541570145266000935e+01 8.618119073297334864e+01
-3.514078540466000078e+01 8.619171443997333881e+01
-3.486586463665999958e+01 8.620211490697334966e+01
-3.459093952166001174e+01 8.621239342497334235e+01
-3.431601003466000321e+01 8.622255127197334446e+01
-3.404107626966000311e+01 8.623258969397333829e+01
-3.376613831866000481e+01 8.624250991297334679e+01
-3.349119627066000504e+01 8.625231312397333738e+01
-3.321625021366001107e+01 8.626200049997333963e+01
-3.294130023166000143e+01 8.627157318697334176e+01
-3.266634640966000092e+01 8.628103231097334458e+01
-3.239138882566000888e+01 8.629037897497333631e+01
-3.211642756166001078e+01 8.629961425597333857e+01
-3.184146269266000573e+01 8.630873921597334686e+01
-3.156649429565999654e+01 8.631775488897334014e+01
-3.129152244165999619e+01 8.632666229397334234e+01
-3.101654720466000370e+01 8.633546242797334003e+01
-3.074156865466000355e+01 8.634415626697334289e+01
-3.046658685865999772e+01 8.635274476997334148e+01
-3.019160188366000241e+01 8.636122887497334943e+01
-2.991661379666000542e+01 8.636960950497334011e+01
-2.964162265966000476e+01 8.637788756297334203e+01
-2.936662853566000209e+01 8.638606393297334307e+01
-2.909163148566000601e+01 8.639413948497333706e+01
-2.881663156966000727e+01 8.640211507097333765e+01
-2.854162884566000358e+01 8.640999152597333932e+01
-2.826662337066000319e+01 8.641776966997333886e+01
-2.799161520065999653e+01 8.642545030597334232e+01
-2.771660438966000939e+01 8.643303422297334748e+01
-2.744159099165999649e+01 8.644052219397333658e+01
-2.716657505866000477e+01 8.644791497697333682e+01
-2.689155664266001011e+01 8.645521331697334233e+01
-2.661653579266000591e+01 8.646241794297334593e+01
-2.634151255765999977e+01 8.646952957197333944e+01
-2.606648698665999930e+01 8.647654890397333816e+01
-2.579145912566000121e+01 8.648347662997333885e+01
-2.551642902066000218e+01 8.649031342397334754e+01
-2.524139671866000256e+01 8.649705994897334449e+01
-2.496636226266000236e+01 8.650371685497334795e+01
-2.469132569566000157e+01 8.651028477897334312e+01
-2.441628706066000021e+01 8.651676434697334628e+01
-2.414124639866000521e+01 8.652315617097333700e+01
-2.386620375165999874e+01 8.652946085197334014e+01
-2.359115915965999832e+01 8.653567897997334057e+01
-2.331611266065999999e+01 8.654181113297333638e+01
-2.304106429466000705e+01 8.654785787697333888e+01
-2.276601409966000134e+01 8.655381976697334778e+01
-2.249096211065999640e+01 8.655969734797334070e+01
-2.221590836666000612e+01 8.656549115397334049e+01
-2.194085290266000143e+01 8.657120170697334061e+01
-2.166579575266000646e+01 8.657682951897334078e+01
-2.139073695265999575e+01 8.658237509297333645e+01
-2.111571913165998993e+01 8.658783807997333781e+01
-2.084065590866000051e+01 8.659322067697334546e+01
-2.056559118966000099e+01 8.659852247797334712e+01
-2.029052500566000461e+01 8.660374394497334549e+01
-2.001545738565998889e+01 8.660888552997334955e+01
-1.974038835966000605e+01 8.661394767297333885e+01
-1.946531795666000519e+01 8.661893080897334585e+01
-1.919024620466000286e+01 8.662383535997334150e+01
-1.891517313266000500e+01 8.662866173897334932e+01
-1.864009876766001028e+01 8.663341035097334952e+01
-1.836502313665998898e+01 8.663808159097334283e+01
-1.808994626766001446e+01 8.664267584497333985e+01
-1.781486818565999286e+01 8.664719348897334328e+01
-1.753978891766000814e+01 8.665163489097334093e+01
-1.726470858565999222e+01 8.665600040797333747e+01
-1.698962699365999995e+01 8.666029039397334088e+01
-1.671454429666001218e+01 8.666450518697334360e+01
-1.643946051866000246e+01 8.666864511897334467e+01
-1.616437568465999064e+01 8.667271051297333884e+01
-1.588928981666000162e+01 8.667670168397334862e+01
-1.561420293866000542e+01 8.668061893797334960e+01
-1.533911507265999852e+01 8.668446257097333785e+01
-1.506402623966001464e+01 8.668823287097333719e+01
-1.478893646165999165e+01 8.669193011797334236e+01
-1.451384575965999169e+01 8.669555458297334383e+01
-1.423875415266001276e+01 8.669910652697333830e+01
-1.396366166066001391e+01 8.670258620497334334e+01
-1.368856830265999314e+01 8.670599385897334344e+01
-1.341347409466000862e+01 8.670932972697333696e+01
-1.313837905665999095e+01 8.671259403397334609e+01
-1.286328338066001287e+01 8.671578699797333911e+01
-1.258818681666001815e+01 8.671890882997334415e+01
-1.231308949666000352e+01 8.672195972797334207e+01
-1.203799144066001325e+01 8.672493988497333817e+01
-1.176289266766001695e+01 8.672784948197333676e+01
-1.148779319766000206e+01 8.673068869197334152e+01
-1.121269304866000560e+01 8.673345767897333758e+01
-1.093759223965999716e+01 8.673615659597334115e+01
-1.066249078866001376e+01 8.673878558997334665e+01
-1.038738871366000716e+01 8.674134479397334019e+01
-1.011228603266001436e+01 8.674383433497334295e+01
-9.837182762659997692e+00 8.674625432797334668e+01
-9.562078921659994180e+00 8.674860487897333883e+01
-9.286974526659994567e+00 8.675088608397334156e+01
-9.011869592660010753e+00 8.675309802797333703e+01
-8.736764137659994489e+00 8.675524078597334210e+01
-8.461658176660014519e+00 8.675731442097334423e+01
-8.186551727659994171e+00 8.675931898797334441e+01
-7.911444803659994918e+00 8.676125452797334958e+01
-7.636337420660018083e+00 8.676312107097334092e+01
-7.361229594660008146e+00 8.676491863797333792e+01
-7.086121338659998159e+00 8.676664723497334819e+01
-6.811012667660000020e+00 8.676830685597333570e+01
-6.535903594660018356e+00 8.676989748497334176e+01
-6.260794135659997650e+00 8.677141908997334951e+01
-5.985684300660002677e+00 8.677287162897334838e+01
-5.710574104660016914e+00 8.677425504197334760e+01
-5.435418695660009902e+00 8.677556946797334092e+01
-5.160305612660001984e+00 8.677681440097333621e+01
-4.885192000660017797e+00 8.677798994897334239e+01
-4.610077851659999837e+00 8.677909599697333931e+01
-4.334963153660018165e+00 8.678013241097333719e+01
-4.059847889659996767e+00 8.678109904097334493e+01
-3.784732042660001738e+00 8.678199572097334169e+01
-3.509615586659995401e+00 8.678282226497334761e+01
-3.234498495659996919e+00 8.678357846897334582e+01
-2.959380732659999680e+00 8.678426410997333562e+01
-2.684306574660004330e+00 8.678487884997333879e+01
-2.409192829660005586e+00 8.678542261297334903e+01
-2.134078911660017397e+00 8.678589501797334549e+01
-1.858964828660011781e+00 8.678629575397334861e+01
-1.583850590659997115e+00 8.678662448697333787e+01
-1.308736343659992363e+00 8.678688085597333668e+01
-1.033621835659990884e+00 8.678706447297334137e+01
-7.585071886600099900e-01 8.678717492097334230e+01
-4.833924016600031903e-01 8.678721175597334536e+01
-2.082774976600115513e-01 8.678717466597333896e+01
6.683765634000785050e-02 8.678706396697334924e+01
3.419528843399836093e-01 8.678688010397334551e+01
6.170683623399871864e-01 8.678662349297334799e+01
8.921841403400013748e-01 8.678629451997333888e+01
1.167300068339992558e+00 8.678589354797334465e+01
1.442415582339984903e+00 8.678542090997333958e+01
1.717529268339982318e+00 8.678487691997334252e+01
1.992642820340004173e+00 8.678426186397334163e+01
2.267756246339994064e+00 8.678357600497334090e+01
2.542869508339984819e+00 8.678281958697334630e+01
2.817982500339988761e+00 8.678199283297334432e+01
3.093095353339984754e+00 8.678109594697333762e+01
3.368208104340007836e+00 8.678012911397334506e+01
3.643320817340006457e+00 8.677909249797333757e+01
3.918433574339994507e+00 8.677798624997333832e+01
4.193546478339991168e+00 8.677681050197334400e+01
4.468660096339997168e+00 8.677556536697333911e+01
4.743774649340005922e+00 8.677425094397334249e+01
5.018891089339982514e+00 8.677286731297334654e+01
5.294010890339999165e+00 8.677141453697333873e+01
5.569136620339984134e+00 8.676989265497334713e+01
5.844206565339996828e+00 8.676830207097334835e+01
6.119304585339998326e+00 8.676664233997334463e+01
6.394471036339988146e+00 8.676491320097333926e+01
6.669603267340002972e+00 8.676311528897333858e+01
6.944678664339997809e+00 8.676124877997334295e+01
7.219750321339981625e+00 8.675931331497334043e+01
7.494862541339992745e+00 8.675730853997333725e+01
7.770307268339999851e+00 8.675523214197333743e+01
8.045076544340000524e+00 8.675309179497334355e+01
8.320216635339997779e+00 8.675087940097334638e+01
8.595356793339997026e+00 8.674859772397334723e+01
8.870426430339998447e+00 8.674624728997333989e+01
9.145497838340000740e+00 8.674382741297334576e+01
9.420599596340005988e+00 8.674133772097334827e+01
9.695724492340000111e+00 8.673877814297334510e+01
9.970814157339995987e+00 8.673614910197333927e+01
1.024590856133998251e+01 8.673345008997334560e+01
1.052100533534000171e+01 8.673068098197333597e+01
1.079610297033998201e+01 8.672784163697333781e+01
1.107120094133999011e+01 8.672493189697334515e+01
1.134629877633998696e+01 8.672195159097334738e+01
1.162139625033999302e+01 8.671890054097333689e+01
1.189649324633999505e+01 8.671577855497334042e+01
1.217158970533999174e+01 8.671258543397334506e+01
1.244668560533998836e+01 8.670932096797334054e+01
1.272178094333998821e+01 8.670598493997334799e+01
1.299687572634000254e+01 8.670257712097334490e+01
1.327196996633998971e+01 8.669909727497334018e+01
1.354706368133998673e+01 8.669554515597334898e+01
1.382215688634000550e+01 8.669192051197333626e+01
1.409724959933999777e+01 8.668822307897333701e+01
1.437234191533998207e+01 8.668445258397333930e+01
1.464743365234000727e+01 8.668060874897334145e+01
1.492252499134000665e+01 8.667669128397334077e+01
1.519761594233998814e+01 8.667269988997334451e+01
1.547270651634000593e+01 8.666863426097334866e+01
1.574779672233999328e+01 8.666449408097334128e+01
1.602283777533999043e+01 8.666027977997333664e+01
1.629792085333998486e+01 8.665598963097333751e+01
1.657302510733999767e+01 8.665162359097334388e+01
1.684818949834000179e+01 8.664718065597334373e+01
1.712329976034000012e+01 8.664266230897334253e+01
1.739840840134000288e+01 8.663806734097333617e+01
1.767351497633999813e+01 8.663339538297334741e+01
1.794861929933999178e+01 8.662864605297333753e+01
1.822372123833998714e+01 8.662381895697333789e+01
1.849882070133999079e+01 8.661891369397334017e+01
1.877391762833998357e+01 8.661392985197333871e+01
1.904901197733998330e+01 8.660886700797334470e+01
1.932410372333999860e+01 8.660372473097334023e+01
1.959919284934001027e+01 8.659850257897333847e+01
1.987427935134000379e+01 8.659320010097334830e+01
2.014936322533999302e+01 8.658781683597334222e+01
2.042444446933999913e+01 8.658235231297334167e+01
2.069952309034000493e+01 8.657680604897333865e+01
2.097459908733999256e+01 8.657117755397334236e+01
2.124967246533999443e+01 8.656546632497334315e+01
2.152474322533999995e+01 8.655967185097334493e+01
2.179981136933998798e+01 8.655379360797334698e+01
2.207487689733998693e+01 8.654783106197334064e+01
2.234993980534001068e+01 8.654178366897333774e+01
2.262500020233998654e+01 8.653565087097334185e+01
2.290005778733999975e+01 8.652943210797334928e+01
2.317511277934000802e+01 8.652312679697334374e+01
2.345016515033999482e+01 8.651673434897334403e+01
2.372521486634000709e+01 8.651025416197333584e+01
2.400026190833998996e+01 8.650368562397333960e+01
2.427530624433999762e+01 8.649702810897333904e+01
2.455034784934001024e+01 8.649028098197334202e+01
2.482538685833999281e+01 8.648344358697333689e+01
2.510042303833999355e+01 8.647651526697333679e+01
2.537545644533998868e+01 8.646949534397334958e+01
2.565048705333999735e+01 8.646238312997334674e+01
2.592551483434000303e+01 8.645517792197334472e+01
2.620053975634000309e+01 8.644787900397334113e+01
2.647556178833998430e+01 8.644048564697334314e+01
2.675058089433998632e+01 8.643299710497333876e+01
2.702559703934000979e+01 8.642541262097334709e+01
2.730061018333999456e+01 8.641773142197334323e+01
2.757562028633999418e+01 8.640995271697333635e+01
2.785062730633999806e+01 8.640207570497334189e+01
2.812563119734000949e+01 8.639409956397334156e+01
2.840063191433999279e+01 8.638602345997334453e+01
2.867562940833998297e+01 8.637784653997334772e+01
2.895062362834000780e+01 8.636956793597333615e+01
2.922561452233999191e+01 8.636118676197334310e+01
2.950060203433998751e+01 8.635270211497334003e+01
2.977558610833998998e+01 8.634411307297334304e+01
3.005056668533999797e+01 8.633541869597334539e+01
3.032554370333998506e+01 8.632661802797333905e+01
3.060051710034001005e+01 8.631771008997334604e+01
3.087548680833999626e+01 8.630869388497333716e+01
3.115045276133998797e+01 8.629956839797334567e+01
3.142541488933998650e+01 8.629033258897334235e+01
3.170037311733998919e+01 8.628098540197333932e+01
3.197532737234000066e+01 8.627152575497333942e+01
3.225027757534000017e+01 8.626195254697334747e+01
3.252522364633998819e+01 8.625226465397334152e+01
3.280016550334000414e+01 8.624246092697333665e+01
3.307510306033999115e+01 8.623254019397334957e+01
3.335003622833998094e+01 8.622250126097334544e+01
3.362496491733998738e+01 8.621234290597334393e+01
3.389988903233999196e+01 8.620206388197334491e+01
3.417480847633999730e+01 8.619166291597333895e+01
3.444972314933998092e+01 8.618113870897333584e+01
3.472463294833998049e+01 8.617048993097334630e+01
3.499953776633999070e+01 8.615971522797333648e+01
3.527443749333998113e+01 8.614881321197334785e+01
3.554933201633998152e+01 8.613778246897334157e+01
3.582422121633999978e+01 8.612662155097333994e+01
3.609910497534000484e+01 8.611532897897333783e+01
3.637398316634000395e+01 8.610390324197334166e+01
3.664885566133998651e+01 8.609234279297334069e+01
3.692372232833998424e+01 8.608064605397333935e+01
3.719858302934000704e+01 8.606881140797334240e+01
3.747343762434000070e+01 8.605683720097334799e+01
3.774828596633998501e+01 8.604472174397334072e+01
3.802312790533998310e+01 8.603246330597333724e+01
3.829796328633998570e+01 8.602006011697334031e+01
3.857279194833999014e+01 8.600751036397333849e+01
3.884761372634000764e+01 8.599481219397334542e+01
3.912242845033998861e+01 8.598196370797334964e+01
3.939723594233999648e+01 8.596896295897333573e+01
3.967203602033999488e+01 8.595580795797334872e+01
3.994682849833998972e+01 8.594249666197333681e+01
4.022161317933998959e+01 8.592902698097334735e+01
4.049638986533998519e+01 8.591539677197334868e+01
4.077115834633998048e+01 8.590160383897334384e+01
4.104591841034000055e+01 8.588764592897334182e+01
4.132066983534000570e+01 8.587352073297334698e+01
4.159541239234000187e+01 8.585922588097334085e+01
4.187014584533998374e+01 8.584475894197333901e+01
4.214486994933998432e+01 8.583011742197334115e+01
4.241958445134000755e+01 8.581529875997334500e+01
4.269428908933998201e+01 8.580030032597333900e+01
4.296898359433999559e+01 8.578511942197334861e+01
4.324366759233999602e+01 8.576975327597334342e+01
4.351834103733998660e+01 8.575419902697333896e+01
4.379300344734000561e+01 8.573845375397334578e+01
4.406765452034000674e+01 8.572251444397333842e+01
4.434229395233999327e+01 8.570637799897333764e+01
4.461692142433998498e+01 8.569004123197333911e+01
4.489153661233999770e+01 8.567350086197333781e+01
4.516613902133997982e+01 8.565675352197334291e+01
4.544072844233998154e+01 8.563979572597334311e+01
4.571530442934000149e+01 8.562262389897334458e+01
4.598986658433998542e+01 8.560523435197333697e+01
4.626441449033999476e+01 8.558762328197333602e+01
4.653894771633998317e+01 8.556978677097333730e+01
4.681346581533998830e+01 8.555172077497334726e+01
4.708796832133999288e+01 8.553342112197334757e+01
4.736245475234000679e+01 8.551488350697334795e+01
4.763692460433998832e+01 8.549610348297333928e+01
4.791137735833999756e+01 8.547707645597334647e+01
4.818581247333998618e+01 8.545779767897334978e+01
4.846022938633999644e+01 8.543826224397334101e+01
4.873462751433999784e+01 8.541846507497334073e+01
4.900900625134000421e+01 8.539840091697334401e+01
4.928336497234000291e+01 8.537806433197334854e+01
4.955770302533998262e+01 8.535744968497334639e+01
4.983201974133999812e+01 8.533655113797334479e+01
5.010631442733998853e+01 8.531536263497334005e+01
5.038058637133998019e+01 8.529387789597333835e+01
5.065483484533999814e+01 8.527209039997333662e+01
5.092905910533998082e+01 8.524999337297333568e+01
5.120320697134000199e+01 8.522758400997334149e+01
5.147737003434000513e+01 8.520484745997333675e+01
5.175150461933998969e+01 8.518177959397334575e+01
5.202560959733998658e+01 8.515837251497333682e+01
5.229968378733997980e+01 8.513461800197333673e+01
5.257372595733998111e+01 8.511050748197334315e+01
5.284773482833998770e+01 8.508603201697334839e+01
5.312170908533997959e+01 8.506118227497334772e+01
5.339564738933999166e+01 8.503594850697334095e+01
5.366954840833998475e+01 8.501032051497334407e+01
5.394341086134000562e+01 8.498428761897334027e+01
5.421723358533999004e+01 8.495783861997334441e+01
5.449101565534000002e+01 8.493096175097333855e+01
5.476475655233998197e+01 8.490364462197334205e+01
5.503845641933998678e+01 8.487587414497333782e+01
5.531211688533998228e+01 8.484763640197334666e+01
5.558574126133999727e+01 8.481891655897334203e+01
5.585933613333998693e+01 8.478969862297334714e+01
5.613290181133999823e+01 8.475996639397334320e+01
5.640626075333998557e+01 8.472972261497334046e+01
5.667956787333998392e+01 8.469893270297333743e+01
5.695282425334000465e+01 8.466757758297333680e+01
5.722602696733998329e+01 8.463563750297333854e+01
5.749917200733998612e+01 8.460309162097334479e+01
5.777225535334000739e+01 8.456991778597334530e+01
5.804527386234000375e+01 8.453609229997334751e+01
5.831822696133998107e+01 8.450158956597334736e+01
5.859112075834000422e+01 8.446638135797334712e+01
5.886397867334000722e+01 8.443043514897334489e+01
5.913686337233998103e+01 8.439371066297334778e+01
5.940961615533999662e+01 8.435619527897334535e+01
5.968204395833999598e+01 8.431788059097334553e+01
5.995514082634000630e+01 8.427858512297333959e+01
6.022732001934000579e+01 8.423849522397334511e+01
6.049856836833999552e+01 8.419757580297334698e+01
6.077044756234000289e+01 8.415554232297334636e+01
6.104217263033999785e+01 8.411245833197334321e+01
6.131372427233998934e+01 8.406826854997333953e+01
6.158460744133999043e+01 8.402299295797334366e+01
6.185599984534000129e+01 8.397636312897334676e+01
6.212695654733997941e+01 8.392846072697334137e+01
6.239757197533999289e+01 8.387918605497334568e+01
6.266800840233998571e+01 8.382841489097334886e+01
6.293815025533999830e+01 8.377606247297333653e+01
6.320794780033998705e+01 8.372202012097334034e+01
6.347736258734000359e+01 8.366616242797334735e+01
6.374638846533998304e+01 8.360833942197334068e+01
6.401489031033999311e+01 8.354840826197333570e+01
6.428283810233999418e+01 8.348617896697334118e+01
6.455023929633999558e+01 8.342142055397334843e+01
6.481694706233999170e+01 8.335390062097334862e+01
6.508285835433999011e+01 8.328333029397333576e+01
6.534784321234000970e+01 8.320936847897334587e+01
6.561173651233998783e+01 8.313160778597334399e+01
6.587444216934001417e+01 8.304951786797333568e+01
6.613555525633999821e+01 8.296252975897334636e+01
6.635608579034000343e+01 8.281317098897334006e+01
6.653638038033999180e+01 8.260525750397334832e+01
6.671416998234001028e+01 8.239521191797334154e+01
6.688972475134001172e+01 8.218330748497334071e+01
6.706326931933999447e+01 8.196976460797334596e+01
6.723499261333999755e+01 8.175476407897333786e+01
6.740505530133999912e+01 8.153845619197333860e+01
6.757359533233999116e+01 8.132096738497334343e+01
6.774073216833998856e+01 8.110240514697333936e+01
6.790657005533999779e+01 8.088286171497334465e+01
6.807123044033998838e+01 8.066237670297334716e+01
6.823473939834001101e+01 8.044109312297334213e+01
6.839719433233999268e+01 8.021903820697333742e+01
6.855865959233999263e+01 7.999626586297334541e+01
6.871919296534001376e+01 7.977282395597333675e+01
6.887884656633998759e+01 7.954875520097334629e+01
6.903766758434001360e+01 7.932409789797334554e+01
6.919569890434000570e+01 7.909888653297333860e+01
6.935297963533999166e+01 7.887315228397334010e+01
6.950954555234001475e+01 7.864692343697333854e+01
6.966542948134001279e+01 7.842022574897333698e+01
6.982066157533999728e+01 7.819308281197334054e+01
6.997526980534000529e+01 7.796551600297334517e+01
7.012927985433999822e+01 7.773754522497334563e+01
7.028271558934001462e+01 7.750918870597334376e+01
7.043559917733999498e+01 7.728046327297333562e+01
7.058795124734000126e+01 7.705138448897334058e+01
7.073979102933999741e+01 7.682196678897334152e+01
7.089113648434000936e+01 7.659222357597334963e+01
7.104200441434001334e+01 7.636216732797333862e+01
7.119241056534001189e+01 7.613180967597334359e+01
7.134236959033999881e+01 7.590116166697333711e+01
7.149189551633999429e+01 7.567023323897333853e+01
7.164100133734000053e+01 7.543903401597334835e+01
7.178969935133999059e+01 7.520757293997334614e+01
7.193800115533998962e+01 7.497585841297333786e+01
7.208591769933998705e+01 7.474389833997334165e+01
7.223345933433999733e+01 7.451170016497334814e+01
7.238063585333999583e+01 7.427927090197334792e+01
7.252745653033998963e+01 7.404661717697334211e+01
7.267393015733999562e+01 7.381374524797334402e+01
7.282006507533999695e+01 7.358066102897333849e+01
7.296586920433999524e+01 7.334737011897334469e+01
7.311135007034000921e+01 7.311387781997333946e+01
7.325651482933999148e+01 7.288018915797334785e+01
7.340137029233999044e+01 7.264630889697333771e+01
7.354592294533999564e+01 7.241224155697334197e+01
7.369017896634001374e+01 7.217799143097333570e+01
7.383412399634001133e+01 7.194359561797334379e+01
7.397780589733999079e+01 7.170898919097334101e+01
7.412120790633998979e+01 7.147421181197334761e+01
7.426433523434000961e+01 7.123926683697334283e+01
7.440719266634000917e+01 7.100415776897334297e+01
7.454978495133998706e+01 7.076888765497334077e+01
7.469211657734000198e+01 7.053345947297334817e+01
7.483419184334000818e+01 7.029787604697334302e+01
7.497598991234001176e+01 7.006218157997334117e+01
7.511756047734000674e+01 6.982630258797334477e+01
7.525888592334000293e+01 6.959027699897333719e+01
7.539996979934001331e+01 6.935410721697334679e+01
7.554081550133999201e+01 6.911779552697333884e+01
7.568142627933998767e+01 6.888134410797334795e+01
7.582180524133998745e+01 6.864475503097334297e+01
7.596195536134000292e+01 6.840803026897334860e+01
7.610187948433998884e+01 6.817117169197334192e+01
7.624158033234000698e+01 6.793418107797334926e+01
7.638106050834001337e+01 6.769706011497333975e+01
7.652032250134000435e+01 6.745981040297334630e+01
7.665936868833999540e+01 6.722243345897334166e+01
7.679820133433999274e+01 6.698493072697334583e+01
7.693682259733999729e+01 6.674730358397334840e+01
7.707523452234001127e+01 6.650955335097334853e+01
7.721343903233999129e+01 6.627168131797334638e+01
7.735143792434000432e+01 6.603368876197333748e+01
7.748923284033999437e+01 6.579557700397334941e+01
7.762682523133999268e+01 6.555734747297334764e+01
7.776424136734000570e+01 6.531895828897334866e+01
7.790144072034000544e+01 6.508048325397334111e+01
7.803844344433998970e+01 6.484189073697334038e+01
7.817525068133998900e+01 6.460318186997334067e+01
7.831186324534000676e+01 6.436435816097333884e+01
7.844828104834000726e+01 6.412542250497334351e+01
7.858448432734000733e+01 6.388641218997333482e+01
7.872049454833999960e+01 6.364729203197332907e+01
7.885631284133999941e+01 6.340806224797334067e+01
7.899194018234000225e+01 6.316872313897334124e+01
7.912737741734001418e+01 6.292927505197334170e+01
7.926262528334000024e+01 6.268971834997334014e+01
7.939768441933999554e+01 6.245005338897333758e+01
7.953255537534001007e+01 6.221028050297334033e+01
7.966723862433998704e+01 6.197039999197333060e+01
7.980173456333999127e+01 6.173041210897333286e+01
7.993604352333998975e+01 6.149031705297333161e+01
8.007016576834000432e+01 6.125011496097334174e+01
8.020410150534000593e+01 6.100980589997333681e+01
8.033785088533998930e+01 6.076938985497333334e+01
8.047141400933999478e+01 6.052886672097333332e+01
8.060479093133999129e+01 6.028823629697333075e+01
8.073798166234000462e+01 6.004749827197333190e+01
8.087098617034000370e+01 5.980665222697333405e+01
8.100380437133999578e+01 5.956569764697334080e+01
8.113643609433999870e+01 5.932463397897333124e+01
8.126888098734001176e+01 5.908346080197333805e+01
8.140113827733999585e+01 5.884217826597333811e+01
8.153320616833998713e+01 5.860078818997333627e+01
8.166508086634000563e+01 5.835929586197332952e+01
8.179671303234000845e+01 5.811779004197332910e+01
8.192794115933999421e+01 5.787656633997332989e+01
8.205961848834000705e+01 5.763405172797333620e+01
8.219050349734000349e+01 5.739252997297334247e+01
8.232142285133998882e+01 5.715047480097333477e+01
8.245216232034000825e+01 5.690827791397332902e+01
8.258263643034000268e+01 5.666609461797333580e+01
8.271290496033999773e+01 5.642381076797332895e+01
8.284297107534000304e+01 5.618141665797333673e+01
8.297281741234000663e+01 5.593894058297333771e+01
8.310248770733998924e+01 5.569629633597333651e+01
8.323194954334000784e+01 5.545353963397334240e+01
8.336120193733999884e+01 5.521066719997333649e+01
8.349024290033999307e+01 5.496767729997333873e+01
8.361906979833999287e+01 5.472456903997333910e+01
8.374767964533999987e+01 5.448134181797333753e+01
8.387606921533999582e+01 5.423799509297334254e+01
8.400423509534000743e+01 5.399452825997332894e+01
8.413217370834000519e+01 5.375094058597333202e+01
8.425988130334000914e+01 5.350723120097332952e+01
8.438735402833999899e+01 5.326339893797334213e+01
8.451458776834000730e+01 5.301944259797333103e+01
8.464157827134000911e+01 5.277536069197334001e+01
8.476832106234000719e+01 5.253115154897333383e+01
8.489481143833999965e+01 5.228681330597333243e+01
8.502106359133999547e+01 5.204230676197332883e+01
8.514702961833999950e+01 5.179771231497333162e+01
8.527272835134000672e+01 5.155298035297332859e+01
8.539815375133998998e+01 5.130810851997333799e+01
8.552329943534000734e+01 5.106309420897333240e+01
8.564815863834000709e+01 5.081793457097334255e+01
8.577272417833999896e+01 5.057262650497333567e+01
8.589698840634001442e+01 5.032716665997333649e+01
8.602094316333999302e+01 5.008155141897334062e+01
8.614457973234000576e+01 4.983577689397333899e+01
8.626788877733999072e+01 4.958983890697333408e+01
8.639086028734000422e+01 4.934373297397333857e+01
8.651348350933999143e+01 4.909745427797333406e+01
8.663573245234000808e+01 4.885102675597332933e+01
8.675762743334000504e+01 4.860437868797333039e+01
8.687913570534000485e+01 4.835754286097333221e+01
8.700024280434000445e+01 4.811051256697333400e+01
8.712093305533998944e+01 4.786328051797332961e+01
8.724118921634000401e+01 4.761583922397333168e+01
8.736099269034001225e+01 4.736818015797333459e+01
8.748032301734001237e+01 4.712029430797333163e+01
8.759915775334000898e+01 4.687217188597333717e+01
8.771747219934000839e+01 4.662380222897333937e+01
8.783523906634000866e+01 4.637517371797333254e+01
8.795242819633999432e+01 4.612627343197333829e+01
8.806900591433999637e+01 4.587708740597333446e+01
8.818493468233999977e+01 4.562760000697333140e+01
8.830019136433999449e+01 4.537775250397333338e+01
8.841469374433999917e+01 4.512760051597333444e+01
8.852840400634001128e+01 4.487708728897333543e+01
8.864126054533998911e+01 4.462618800297332911e+01
8.875319247233998965e+01 4.437487442097333457e+01
8.886411746433999781e+01 4.412311440297333576e+01
8.897393934634000345e+01 4.387087037397333944e+01
8.908254417534000424e+01 4.361809896297334177e+01
8.918979559533998724e+01 4.336474903297332872e+01
8.929551153633998695e+01 4.311079992997333221e+01
8.939951592934001212e+01 4.285611144597333322e+01
8.950153955634000624e+01 4.260062436097333460e+01
8.960125228133999542e+01 4.234422802597332947e+01
8.969821763934000103e+01 4.208678181297333509e+01
8.979183818034000808e+01 4.182810244997333626e+01
8.988125868134001450e+01 4.156794373397332976e+01
8.996517956934000892e+01 4.130596269697333156e+01
9.004145340334001446e+01 4.104166005997333144e+01
9.010605024633998994e+01 4.077428184597334138e+01
8.995133956234001005e+01 4.070448237097333077e+01
8.967901908134000166e+01 4.074361337997333266e+01
8.940620390034000309e+01 4.077914838897333283e+01
8.913305772234001267e+01 4.081203346497333229e+01
8.885967154934000689e+01 4.084286084797333416e+01
8.858610335434001115e+01 4.087203002997333812e+01
8.831239183033999041e+01 4.089982562697333179e+01
8.803856429334000211e+01 4.092645886697334134e+01
8.776464105533999316e+01 4.095209160197332920e+01
8.749063689533998911e+01 4.097685116497333269e+01
8.721656344634000391e+01 4.100083981297333224e+01
8.694242987133999634e+01 4.102414115997333255e+01
8.666824332433999700e+01 4.104682462597333625e+01
8.639400976733999471e+01 4.106894857397333709e+01
8.611973391034000258e+01 4.109056265497333271e+01
8.584541962434001050e+01 4.111170951597333811e+01
8.557107004333998646e+01 4.113242611597333820e+01
8.529673449633999383e+01 4.115274130497333971e+01
8.502233618934000958e+01 4.117268933797333119e+01
8.474791247334000843e+01 4.119229268697333879e+01
8.447346529834000251e+01 4.121157368797333476e+01
8.419899619434001181e+01 4.123055233497333205e+01
8.392450696234000418e+01 4.124924656897334074e+01
8.364999889834000157e+01 4.126767260797333137e+01
8.337547335733999887e+01 4.128584513897333608e+01
8.310088776633999430e+01 4.130378036797333863e+01
8.282631334733999040e+01 4.132148589397333893e+01
8.255171898734000990e+01 4.133897498897334088e+01
8.227710383834001107e+01 4.135625801697333515e+01
8.200246697734000634e+01 4.137334452797333739e+01
8.172780754834001016e+01 4.139024333697333446e+01
8.145312581634000537e+01 4.140696253597334220e+01
8.117881242034000877e+01 4.142348623797332863e+01
8.090419249233998755e+01 4.143986217797333182e+01
8.062956268533999094e+01 4.145607892497333324e+01
8.035492338133998658e+01 4.147214255597334187e+01
8.008027529133998712e+01 4.148805872997333921e+01
7.980561831134001238e+01 4.150383279797333813e+01
7.953095307234001154e+01 4.151946973597333823e+01
7.925627992734000316e+01 4.153497423697333346e+01
7.898159920633999320e+01 4.155035071797333757e+01
7.870691121534001411e+01 4.156560334197333617e+01
7.843221623833998990e+01 4.158073604197333140e+01
7.815751454233999596e+01 4.159575253097333558e+01
7.788280637233999926e+01 4.161065632597333064e+01
7.760809195533998661e+01 4.162545075697332919e+01
7.733337150533999704e+01 4.164013898397333691e+01
7.705864521734001471e+01 4.165472400697333200e+01
7.678391327333999072e+01 4.166920867697333364e+01
7.650917584334000310e+01 4.168359570697334249e+01
7.623443308234000426e+01 4.169788768097333076e+01
7.595964561033999018e+01 4.171208909697333667e+01
7.568489714833999926e+01 4.172619798797332891e+01
7.541014333234001299e+01 4.174021890297333215e+01
7.513538431234000825e+01 4.175415398297334235e+01
7.486062022733999299e+01 4.176800527597333001e+01
7.458585120034000226e+01 4.178177474297333305e+01
7.431107734134000964e+01 4.179546426097333978e+01
7.403629875133999860e+01 4.180907562997332860e+01
7.376151551433999032e+01 4.182261057597333576e+01
7.348672780633999935e+01 4.183607075097334160e+01
7.321193546534000518e+01 4.184945775797333312e+01
7.293718229633999783e+01 4.186277101197332939e+01
7.266238697533999868e+01 4.187601592697333075e+01
7.238758791333999909e+01 4.188919205497332854e+01
7.211278519034000567e+01 4.190230075397332854e+01
7.183797887633998869e+01 4.191534333497333620e+01
7.156316904134000367e+01 4.192832105797334208e+01
7.128835574733999181e+01 4.194123514097334038e+01
7.101353905233999342e+01 4.195408675497333917e+01
7.073871901034000587e+01 4.196687703197333263e+01
7.046389566833998686e+01 4.197960706497332950e+01
7.018906907134000051e+01 4.199227790797333881e+01
6.991423926034001113e+01 4.200489058097333128e+01
6.963940627134000749e+01 4.201744606797333148e+01
6.936457004934000281e+01 4.202994532697334051e+01
6.908973087234001298e+01 4.204238926597333403e+01
6.881488853334001021e+01 4.205477878897332999e+01
6.854004312834000245e+01 4.206711475397333544e+01
6.826519475734001219e+01 4.207939799297333394e+01
6.799034310733999575e+01 4.209162933097334047e+01
6.771548855133998757e+01 4.210380953497332968e+01
6.744063096934000612e+01 4.211593937197333304e+01
6.716577036733998796e+01 4.212801957797334040e+01
6.689090675033999389e+01 4.214005086897333996e+01
6.661604012133999220e+01 4.215203393597334269e+01
6.634117048134000072e+01 4.216396945397332985e+01
6.606629783934000955e+01 4.217585807497334116e+01
6.579142220434000876e+01 4.218770043097332945e+01
6.551654359134001027e+01 4.219949713897333510e+01
6.524166202834000217e+01 4.221124879397333274e+01
6.496677755533998777e+01 4.222295597597334194e+01
6.469189023733999022e+01 4.223461924597334161e+01
6.441700016933999962e+01 4.224623914897333776e+01
6.414210749234000275e+01 4.225781621097333840e+01
6.386716668333998115e+01 4.226935285797333819e+01
6.359225737434000081e+01 4.228084624997332952e+01
6.331734344033998951e+01 4.229229839497333643e+01
6.304242472733998426e+01 4.230370977597333848e+01
6.276750110233999891e+01 4.231508086097333177e+01
6.249257246634000040e+01 4.232641210597333981e+01
6.221763879433999733e+01 4.233770394897333489e+01
6.194270016733998574e+01 4.234895681497334152e+01
6.166775683533999342e+01 4.236017110897333993e+01
6.139280971833998279e+01 4.237134719797334270e+01
6.111785963033998570e+01 4.238248544497333370e+01
6.084290869633998255e+01 4.239358614797333047e+01
6.056796023933998896e+01 4.240464954897333172e+01
6.029301951533998505e+01 4.241567580497333978e+01
6.001809384133998293e+01 4.242666498397333186e+01
5.974324082933998881e+01 4.243761514697333581e+01
5.946844316833998079e+01 4.244852734897333590e+01
5.919359874633997975e+01 4.245940597397333960e+01
5.891932651633999996e+01 4.247022694597333015e+01
5.864428023133999801e+01 4.248104365297333374e+01
5.836938838734000257e+01 4.249181976797333249e+01
5.809449528933999574e+01 4.250256171997333610e+01
5.781960094433998876e+01 4.251326979997333666e+01
5.754470535233998163e+01 4.252394428897333256e+01
5.726980851733998890e+01 4.253458546297333243e+01
5.699491043933998213e+01 4.254519358897334058e+01
5.672001111533999307e+01 4.255576892897332897e+01
5.644511054033998931e+01 4.256631173897333298e+01
5.617020870533998078e+01 4.257682226697333050e+01
5.589530559634000184e+01 4.258730075497333445e+01
5.562040119433999763e+01 4.259774744097332899e+01
5.534549547434000516e+01 4.260816255497334026e+01
5.507058840133999666e+01 4.261854632297333723e+01
5.479567993133998272e+01 4.262889896597334172e+01
5.452077008533999702e+01 4.263922069397333559e+01
5.424585857033998337e+01 4.264951172597333340e+01
5.397094543733999927e+01 4.265977226197333749e+01
5.369603053533999315e+01 4.267000250497333269e+01
5.342111366833999142e+01 4.268020265397333191e+01
5.314618762734000512e+01 4.269037315997334048e+01
5.287121977534000195e+01 4.270051540697333081e+01
5.259625066133998672e+01 4.271062806697333514e+01
5.232128043533999318e+01 4.272071130797333893e+01
5.204630897133998957e+01 4.273076530197334222e+01
5.177133662434000172e+01 4.274079020097332915e+01
5.149636334433998996e+01 4.275078616297333411e+01
5.122138917833999727e+01 4.276075334197333433e+01
5.094641416233998399e+01 4.277069188797333510e+01
5.067143823533999836e+01 4.278060194697334140e+01
5.039565482734000312e+01 4.279051260497333686e+01
5.012091359233998134e+01 4.280035756797332880e+01
4.984582500533998228e+01 4.281018686697333209e+01
4.957080955033999459e+01 4.281998556597333305e+01
4.929582172334000489e+01 4.282975542897333554e+01
4.902088905033998145e+01 4.283949561097333714e+01
4.874596237033998847e+01 4.284920798297333278e+01
4.847103781333999706e+01 4.285889279597333967e+01
4.819611281334000097e+01 4.286855025297334265e+01
4.792118584634000200e+01 4.287818051397334074e+01
4.764625607733999146e+01 4.288778371097333064e+01
4.737132309933998187e+01 4.289735995797332890e+01
4.709638676434000359e+01 4.290690935597333322e+01
4.682144707434000708e+01 4.291643199697333699e+01
4.654650412133998572e+01 4.292592796697334023e+01
4.627155804233999703e+01 4.293539734697333898e+01
4.599660890133998947e+01 4.294484021797332929e+01
4.572165709833999614e+01 4.295425664397333065e+01
4.544670265433999390e+01 4.296364670097333516e+01
4.517174573634000723e+01 4.297301045597333058e+01
4.489678650034000640e+01 4.298234797297333643e+01
4.462186242933999125e+01 4.299165805097333504e+01
4.434689360333999986e+01 4.300094345897333170e+01
4.407192367533998123e+01 4.301020277697333682e+01
4.379695262133999023e+01 4.301943606397333753e+01
4.352198043433998720e+01 4.302864337397333117e+01
4.324700711833998668e+01 4.303782475797333262e+01
4.297203268133998932e+01 4.304698026497333530e+01
4.269705714033998589e+01 4.305610993697333555e+01
4.242208051333998498e+01 4.306521381797333703e+01
4.214710282233998129e+01 4.307429194597333577e+01
4.187212408733999069e+01 4.308334435597333112e+01
4.159714433533998346e+01 4.309237107997333993e+01
4.132216358634000386e+01 4.310137214697333974e+01
4.104718186533998647e+01 4.311034758597333649e+01
4.077219919234000400e+01 4.311929741697333185e+01
4.049721559033998375e+01 4.312822166297333837e+01
4.022223108033998784e+01 4.313712034097333259e+01
3.994724568133998588e+01 4.314599346597334062e+01
3.967225941234000430e+01 4.315484104897333140e+01
3.939727229233998429e+01 4.316366309897333764e+01
3.912228433834000185e+01 4.317245962197333853e+01
3.884729556634000147e+01 4.318123062197333439e+01
3.857230599034000562e+01 4.318997609697333218e+01
3.829731562734000505e+01 4.319869604497333881e+01
3.802232448833999712e+01 4.320739045897332886e+01
3.774733258734000430e+01 4.321605933197333371e+01
3.747233993633998494e+01 4.322470265097333453e+01
3.719734654534000384e+01 4.323332039997332998e+01
3.692235242633999093e+01 4.324191256197332933e+01
3.664735758833999313e+01 4.325047911597334149e+01
3.637236204034000053e+01 4.325902003697333242e+01
3.609736579134000323e+01 4.326753529897333550e+01
3.582236884833998403e+01 4.327602486997333386e+01
3.554737121934000044e+01 4.328448871597333181e+01
3.527237291033998901e+01 4.329292680197332999e+01
3.499737392934000724e+01 4.330133908597333203e+01
3.472237428033998441e+01 4.330972552597334158e+01
3.444737396933999918e+01 4.331808607497332986e+01
3.417237300133999867e+01 4.332642068297334248e+01
3.389737138133998684e+01 4.333472929697332887e+01
3.362236911233998882e+01 4.334301185897333397e+01
3.334736619933998014e+01 4.335126830997334224e+01
3.307236264433999651e+01 4.335949858497333054e+01
3.279735856433999430e+01 4.336770261497333223e+01
3.252235371133998143e+01 4.337588033597334203e+01
3.224734823033998765e+01 4.338403166797333910e+01
3.197234212133998810e+01 4.339215653397334194e+01
3.169733538533999351e+01 4.340025485197333666e+01
3.142232802534000413e+01 4.340832653597333746e+01
3.114732003933998428e+01 4.341637149597332979e+01
3.087231143033998748e+01 4.342438963897333082e+01
3.059730219833998532e+01 4.343238086697333955e+01
3.032229234233998838e+01 4.344034507697333680e+01
3.004728186333998607e+01 4.344828216497334239e+01
2.977227076033998898e+01 4.345619201997333647e+01
2.949725903433998653e+01 4.346407452697334151e+01
2.922224668433998929e+01 4.347192956697333699e+01
2.894723370934000783e+01 4.347975701697333051e+01
2.867222010933998533e+01 4.348755674897333989e+01
2.839720588233999976e+01 4.349532862997333638e+01
2.812219102633998702e+01 4.350307252297333349e+01
2.784717554233999337e+01 4.351078828397333353e+01
2.757215942634000427e+01 4.351847576597334211e+01
2.729714267833999131e+01 4.352613481697333242e+01
2.702212529634000404e+01 4.353376527897334114e+01
2.674710727733998894e+01 4.354136698897332991e+01
2.647208861933999557e+01 4.354893977697333440e+01
2.619706932134000610e+01 4.355648346897333312e+01
2.592204937833998812e+01 4.356399788497333958e+01
2.564702879133998792e+01 4.357148283797334187e+01
2.537196493433999578e+01 4.357893928997334143e+01
2.509694507833999566e+01 4.358636467697333927e+01
2.482192448333999479e+01 4.359376000697333353e+01
2.454690315134000045e+01 4.360112507097333179e+01
2.427188108133999478e+01 4.360845964797334062e+01
2.399685827133999894e+01 4.361576351397334150e+01
2.372183472133998450e+01 4.362303643597334002e+01
2.344681042934000104e+01 4.363027817397333052e+01
2.317178539434000228e+01 4.363748847897333150e+01
2.289675961434000939e+01 4.364466709797333266e+01
2.262173308733998667e+01 4.365181376497333332e+01
2.234670581133998368e+01 4.365892820797333940e+01
2.207167778233998590e+01 4.366601014797333136e+01
2.179664899934000388e+01 4.367305929397333131e+01
2.152161945933998410e+01 4.368007534797333591e+01
2.124658915734000786e+01 4.368705800197333389e+01
2.097155809134001103e+01 4.369400693697333082e+01
2.069652625633998966e+01 4.370092182497334221e+01
2.042149365033999331e+01 4.370780232697332934e+01
2.014646026734000017e+01 4.371464809397333084e+01
1.987142610333999571e+01 4.372145876497334172e+01
1.959639115533998321e+01 4.372823396697334175e+01
1.932135541634000830e+01 4.373497331497333818e+01
1.904631888233999959e+01 4.374167641297334086e+01
1.877128154733999210e+01 4.374834284997333356e+01
1.849624340733999972e+01 4.375497220297334167e+01
1.822120445433999336e+01 4.376156403197332878e+01
1.794616468534000475e+01 4.376811788597333219e+01
1.767112409133998696e+01 4.377463329697334160e+01
1.739608266733999287e+01 4.378110978197333480e+01
1.712104040633998281e+01 4.378754683997333785e+01
1.684599730233999182e+01 4.379394395397333284e+01
1.657095334733999081e+01 4.380030058897333589e+01
1.629590853334000755e+01 4.380661619097333670e+01
1.602086285433999180e+01 4.381289018697334114e+01
1.574581630233999796e+01 4.381912198297333561e+01
1.547076886733999324e+01 4.382531096397332959e+01
1.519572054333998246e+01 4.383145649297333790e+01
1.492067132033998611e+01 4.383755790897333071e+01
1.464562119133999296e+01 4.384361452697333306e+01
1.437057014433998781e+01 4.384962563797333956e+01
1.409551817233998783e+01 4.385559050297333528e+01
1.382046526533998509e+01 4.386150835697333861e+01
1.354541141233998225e+01 4.386737840597333360e+01
1.327035660433998920e+01 4.387319982297334064e+01
1.299530083133999803e+01 4.387897174997333849e+01
1.272024408133999351e+01 4.388469329297333132e+01
1.244518634433999615e+01 4.389036352297333821e+01
1.217012760833999074e+01 4.389598147397332895e+01
1.189506786234000835e+01 4.390154613697333019e+01
1.162000709434000534e+01 4.390705646197333323e+01
1.134494529233999494e+01 4.391251135297333263e+01
1.106988244334000093e+01 4.391790966897332993e+01
1.079481853534000813e+01 4.392325021497332926e+01
1.051975355433999404e+01 4.392853174397333049e+01
1.024468748733998247e+01 4.393375295397333247e+01
9.969620322339986629e+00 4.393891247997333238e+01
9.694552043340005199e+00 4.394400889397333998e+01
9.419482638339994551e+00 4.394904069897334153e+01
9.144454026339994712e+00 4.395400557497332983e+01
8.869378828339998577e+00 4.395890344997334154e+01
8.594302658339993073e+00 4.396373176397333538e+01
8.319225495340001331e+00 4.396848869897333856e+01
8.044147318339989639e+00 4.397317233897333466e+01
7.769068104340002279e+00 4.397778066797334162e+01
7.493987833339994964e+00 4.398231155697333605e+01
7.218906482339983555e+00 4.398676276197333124e+01
6.943824030339991182e+00 4.399113190697332954e+01
6.668740453339987440e+00 4.399541647997333627e+01
6.393655732340002729e+00 4.399961382097333029e+01
6.118569842339988796e+00 4.400372110297333705e+01
5.843482763339986619e+00 4.400773532797332876e+01
5.568394474339990907e+00 4.401165330197333247e+01
5.293304952339989100e+00 4.401547162297332960e+01
5.018214178339983178e+00 4.401918666197332897e+01
4.743122016339990310e+00 4.402279453697332912e+01
4.468028707339991357e+00 4.402629108797334112e+01
4.192934085340008110e+00 4.402967185497333702e+01
3.917838135340000250e+00 4.403293204097334268e+01
3.642740843340002144e+00 4.403606647797334261e+01
3.367642200339995284e+00 4.403906958397333682e+01
3.092542198340007431e+00 4.404193531297332953e+01
2.817440833339995621e+00 4.404465710897333253e+01
2.542338107339995545e+00 4.404722782997333042e+01
2.267234027339990021e+00 4.404963968397333218e+01
1.992128607340001745e+00 4.405188413797333880e+01
1.717021872339993260e+00 4.405395181297333096e+01
1.441913857339992555e+00 4.405583236897333421e+01
1.166804611339993025e+00 4.405751435597333199e+01
8.916942033400038214e-01 4.405898503797333632e+01
6.165827213400040252e-01 4.406023018897334254e+01
3.414703893399836376e-01 4.406123382797333221e+01
6.635707933998893915e-02 4.406197790997332930e+01
-2.087567816600051918e-01 4.406244191897334161e+01
-4.838709536600073191e-01 4.406260238097333826e+01
-7.589851256600094187e-01 4.406244191897334161e+01
-1.034098986660003439e+00 4.406197790897333988e+01
-1.309212297660016011e+00 4.406123382697332858e+01
-1.584324628660018552e+00 4.406023018597333163e+01
-1.859436110660018349e+00 4.405898503397333599e+01
-2.134546518660007663e+00 4.405751434897333496e+01
-2.409655765659996618e+00 4.405583235897334049e+01
-2.684763780659997323e+00 4.405395179897333691e+01
-2.959870515660005807e+00 4.405188411797333714e+01
-3.234975934660004881e+00 4.404963965897334077e+01
-3.510080014660010406e+00 4.404722779797334198e+01
-3.785182740660010481e+00 4.404465706897332922e+01
-4.060284105659993870e+00 4.404193526497333977e+01
-4.335384107660010145e+00 4.403906952597333913e+01
-4.610482750660017004e+00 4.403606640997333699e+01
-4.885580041659997264e+00 4.403293196197333970e+01
-5.160675992659994549e+00 4.402967176397333304e+01
-5.435770614660006217e+00 4.402629098397333252e+01
-5.710863922660015746e+00 4.402279441897334067e+01
-5.985956085659998038e+00 4.401918652997333226e+01
-6.261046858660014536e+00 4.401547147597333520e+01
-6.536136379659998497e+00 4.401165313797333312e+01
-6.811224669660012054e+00 4.400773514697333866e+01
-7.086311747659996385e+00 4.400372090497334199e+01
-7.361397636659992472e+00 4.399961360397333721e+01
-7.636482358659995029e+00 4.399541624497333459e+01
-7.911565934660009347e+00 4.399113165097333678e+01
-8.186648386660001719e+00 4.398676248497333319e+01
-8.461729736659995282e+00 4.398231125997333635e+01
-8.736810007660002597e+00 4.397778034797332936e+01
-9.011889220660000532e+00 4.397317199697334189e+01
-9.286967397660012224e+00 4.396848833297332959e+01
-9.562044560660003967e+00 4.396373137397333863e+01
-9.837120729659991625e+00 4.395890303497333917e+01
-1.011219592766001618e+01 4.395400513497333606e+01
-1.038722453865999817e+01 4.394904023297333850e+01
-1.066229394465999825e+01 4.394400840097333827e+01
-1.093736222166000083e+01 4.393891195997333199e+01
-1.121242938665999667e+01 4.393375240597332976e+01
-1.148749545366000824e+01 4.392853116797333968e+01
-1.176256043366000448e+01 4.392324960897332886e+01
-1.203762434066000786e+01 4.391790903397333778e+01
-1.231268718866001244e+01 4.391251068797333090e+01
-1.258774899065999442e+01 4.390705576597333248e+01
-1.286280975766000800e+01 4.390154540997333044e+01
-1.313786950366001882e+01 4.389598071497334075e+01
-1.341292823866000639e+01 4.389036273197333315e+01
-1.368798597566000375e+01 4.388469246897333420e+01
-1.396304272466001883e+01 4.387897089197333145e+01
-1.423809849665999216e+01 4.387319893097333789e+01
-1.451315330466001363e+01 4.386737747997333514e+01
-1.478820715566000921e+01 4.386150739597334081e+01
-1.506326006266001194e+01 4.385558950597333450e+01
-1.533831203365999407e+01 4.384962460497333581e+01
-1.561336307966000980e+01 4.384361345797334053e+01
-1.588841320866000295e+01 4.383755680297333157e+01
-1.616346243066000810e+01 4.383145534897332851e+01
-1.643851075366000103e+01 4.382530978197333837e+01
-1.671355818665999848e+01 4.381912076297333414e+01
-1.698860473865999055e+01 4.381288892797334000e+01
-1.726365041666001687e+01 4.380661489297333588e+01
-1.753869522966001071e+01 4.380029925097333177e+01
-1.781373918365999387e+01 4.379394257597333961e+01
-1.808878228665999544e+01 4.378754542097333768e+01
-1.836382454666001607e+01 4.378110832197334190e+01
-1.863886596965999232e+01 4.377463179597334175e+01
-1.891390656265999226e+01 4.376811634297333597e+01
-1.918894633065999145e+01 4.376156244597333256e+01
-1.946398528165999053e+01 4.375497057397333123e+01
-1.973902342166001134e+01 4.374834117797333732e+01
-2.001406075466001155e+01 4.374167469797333041e+01
-2.028909728766000242e+01 4.373497155597333830e+01
-2.056413302566001633e+01 4.372823216197333096e+01
-2.083916797366000040e+01 4.372145691497333786e+01
-2.111420213565999759e+01 4.371464619897333392e+01
-2.138923551766000131e+01 4.370780038597333572e+01
-2.166426812266000823e+01 4.370091983797333768e+01
-2.193929995566000812e+01 4.369400490397332959e+01
-2.221433102066000131e+01 4.368705592197333232e+01
-2.248936132166000235e+01 4.368007322097333400e+01
-2.276439086066000428e+01 4.367305711997332907e+01
-2.303941964265999687e+01 4.366600792497333572e+01
-2.331444766966000159e+01 4.365892593697333979e+01
-2.358947494466000094e+01 4.365181144397333668e+01
-2.386450147066000582e+01 4.364466472797334262e+01
-2.413952724866000565e+01 4.363748605997333385e+01
-2.441455228266000077e+01 4.363027570397333221e+01
-2.468957657266000538e+01 4.362303391597333047e+01
-2.496460012166000197e+01 4.361576094397333492e+01
-2.523962293066000839e+01 4.360845702597332973e+01
-2.551464499965999622e+01 4.360112239797333444e+01
-2.578966633066000114e+01 4.359375728197333189e+01
-2.606468692366000894e+01 4.358636189897332969e+01
-2.633970677866000543e+01 4.357893646097333118e+01
-2.661477063266000087e+01 4.357147995597333789e+01
-2.688979121865999744e+01 4.356399494897333824e+01
-2.716481115966000814e+01 4.355648047897333441e+01
-2.743983045666000820e+01 4.354893673297333834e+01
-2.771484911266000850e+01 4.354136389097333648e+01
-2.798986712966000212e+01 4.353376212597333250e+01
-2.826488451065999996e+01 4.352613160897333699e+01
-2.853990125666000566e+01 4.351847250297333147e+01
-2.881491737066000169e+01 4.351078496497333248e+01
-2.908993285366000592e+01 4.350306914697333838e+01
-2.936494770765999718e+01 4.349532519797333663e+01
-2.963996193266000390e+01 4.348755325997333188e+01
-2.991497553166000856e+01 4.347975347097334264e+01
-3.018998850465999695e+01 4.347192596297333722e+01
-3.046500085366000476e+01 4.346407086497332983e+01
-3.074001257765999995e+01 4.345618829997334132e+01
-3.101502367766000035e+01 4.344827838697333533e+01
-3.129003415565999902e+01 4.344034123997334262e+01
-3.156504400966000290e+01 4.343237696997334041e+01
-3.184005324066000142e+01 4.342438568197334092e+01
-3.211506184766000871e+01 4.341636747897333493e+01
-3.239006983066000345e+01 4.340832245897333763e+01
-3.266507718966000340e+01 4.340025071397334244e+01
-3.294008392366000493e+01 4.339215233497333912e+01
-3.321509003066000076e+01 4.338402740697333826e+01
-3.349009551066000512e+01 4.337587601297332895e+01
-3.376510036066000708e+01 4.336769822997333534e+01
-3.404010443866000202e+01 4.335949413797333563e+01
-3.431510799166000680e+01 4.335126379997333146e+01
-3.459011090366001184e+01 4.334300728597333574e+01
-3.486511316966001317e+01 4.333472465997333956e+01
-3.514011478866000715e+01 4.332641598297333729e+01
-3.541511575466000039e+01 4.331808130997332995e+01
-3.569011606266000314e+01 4.330972069697333637e+01
-3.596511570966000448e+01 4.330133419197333211e+01
-3.624011468966001104e+01 4.329292184197333171e+01
-3.651511299566001156e+01 4.328448368997333517e+01
-3.679011062266000209e+01 4.327601977797333888e+01
-3.706510756365999981e+01 4.326753014097334216e+01
-3.734010381066000406e+01 4.325901481197333709e+01
-3.761509935666000359e+01 4.325047382397332996e+01
-3.789009419266000833e+01 4.324190720297333002e+01
-3.816508830965999977e+01 4.323331497297333925e+01
-3.844008169766001259e+01 4.322469715497333453e+01
-3.871507434666001046e+01 4.321605376797334230e+01
-3.899006624466000659e+01 4.320738482597334240e+01
-3.926505738166000725e+01 4.319869034197333946e+01
-3.954004774366000419e+01 4.318997032397333413e+01
-3.981503731666000334e+01 4.318122477897333766e+01
-4.009002608666001066e+01 4.317245370997333254e+01
-4.036501403866000004e+01 4.316365711597332933e+01
-4.064000115566000915e+01 4.315483499397333134e+01
-4.091498742266001187e+01 4.314598733997333824e+01
-4.118997281866000293e+01 4.313711414297333846e+01
-4.146495732666000578e+01 4.312821539297333828e+01
-4.173994092666000455e+01 4.311929107397333638e+01
-4.201492359666000453e+01 4.311034116897334201e+01
-4.228990531566000044e+01 4.310136565797333930e+01
-4.256488606166001176e+01 4.309236451597333684e+01
-4.283986581166001173e+01 4.308333771797332901e+01
-4.311484454366000563e+01 4.307428523297333101e+01
-4.338982223266000204e+01 4.306520703097333325e+01
-4.366479885766000990e+01 4.305610307397333969e+01
-4.393977439566000243e+01 4.304697332597333315e+01
-4.421474883066000672e+01 4.303781774297333840e+01
-4.448972214465999997e+01 4.302863628197334123e+01
-4.476469432866000631e+01 4.301942889497333766e+01
-4.503966537966000061e+01 4.301019553097334125e+01
-4.531463530566001197e+01 4.300093613497333678e+01
-4.558960412966001030e+01 4.299165064797333713e+01
-4.586452819966000760e+01 4.298234049097333553e+01
-4.613948743366000116e+01 4.297300289497334091e+01
-4.641444434866000535e+01 4.296363906097334251e+01
-4.668939879066000032e+01 4.295424892397333139e+01
-4.696435059166000059e+01 4.294483241697333398e+01
-4.723929973066000088e+01 4.293538946597333705e+01
-4.751424580766001071e+01 4.292592000397333862e+01
-4.778918875866001059e+01 4.291642395197333570e+01
-4.806412844665999984e+01 4.290690122897333225e+01
-4.833906477966001347e+01 4.289735174797333883e+01
-4.861399775566000159e+01 4.288777541797333726e+01
-4.888892752166000122e+01 4.287817213697334040e+01
-4.916385448666000713e+01 4.286854179197333536e+01
-4.943877948366000652e+01 4.285888425097333965e+01
-4.971370403766000123e+01 4.284919935297333637e+01
-4.998863071366000810e+01 4.283948689597333015e+01
-5.026356338066000973e+01 4.282974662797332854e+01
-5.053855118966000504e+01 4.281997667897334026e+01
-5.081356662166000859e+01 4.281017789297333564e+01
-5.108865518666001293e+01 4.280034850697332871e+01
-5.136339673466000733e+01 4.279050344597333577e+01
-5.163917988266000947e+01 4.278059270797333369e+01
-5.191415580566000898e+01 4.277068255997333068e+01
-5.218913081766000772e+01 4.276074392497333321e+01
-5.246410497966000008e+01 4.275077665497332902e+01
-5.273907825566001151e+01 4.274078060197333429e+01
-5.301405059866001324e+01 4.273075561297333280e+01
-5.328902205866000230e+01 4.272070152697333612e+01
-5.356399227966000609e+01 4.271061819297333528e+01
-5.383896138966000677e+01 4.270050544097333756e+01
-5.411392923766000962e+01 4.269036310097333597e+01
-5.438885527366000616e+01 4.268019250097334094e+01
-5.466377213766001120e+01 4.266999225797334105e+01
-5.493868703566000278e+01 4.265976191897333791e+01
-5.521360016466000076e+01 4.264950128697334009e+01
-5.548851167466001044e+01 4.263921015897333433e+01
-5.576342151666001001e+01 4.262888833397332888e+01
-5.603832998266000942e+01 4.261853559397334124e+01
-5.631323705166000337e+01 4.260815172797332906e+01
-5.658814276766000972e+01 4.259773651497334157e+01
-5.686304716466000997e+01 4.258728972897333875e+01
-5.713795026966000279e+01 4.257681113997333711e+01
-5.741285210066001099e+01 4.256630051197333131e+01
-5.768775267066001078e+01 4.255575760097332960e+01
-5.796265199065999951e+01 4.254518215797333625e+01
-5.823755006366000231e+01 4.253457392897333733e+01
-5.851244689466000892e+01 4.252393265197333250e+01
-5.878734248166001208e+01 4.251325805797333857e+01
-5.906223682266000452e+01 4.250254987397332940e+01
-5.933712991566000738e+01 4.249180781497333470e+01
-5.961202175466001307e+01 4.248103159397333428e+01
-5.988706828565999984e+01 4.247021476897334225e+01
-6.016134041266000310e+01 4.245939369297332888e+01
-6.043618461065999981e+01 4.244851496797333112e+01
-6.071098230866000023e+01 4.243760265497333961e+01
-6.098583535466000427e+01 4.242665237897333697e+01
-6.126076103465999978e+01 4.241566308797333562e+01
-6.153570176066001096e+01 4.240463671897332887e+01
-6.181065021566001150e+01 4.239357320497332893e+01
-6.208560114566000010e+01 4.238247238797332983e+01
-6.236055122966001107e+01 4.237133402597333287e+01
-6.263549834065999988e+01 4.236015781997333107e+01
-6.291044166666001303e+01 4.234894340997333728e+01
-6.318538028666001338e+01 4.233769042597334220e+01
-6.346031395166000522e+01 4.232639846397334082e+01
-6.373524257966000306e+01 4.231506709897333707e+01
-6.401016619866000212e+01 4.230369589297333022e+01
-6.428508490365999251e+01 4.229228438997333939e+01
-6.455999883065999256e+01 4.228083212197334007e+01
-6.483490813365999372e+01 4.226933860597333847e+01
-6.510984892966000359e+01 4.225780183397333900e+01
-6.538474160065999286e+01 4.224622464497333141e+01
-6.565963166266000428e+01 4.223460461497334251e+01
-6.593451897366000480e+01 4.222294121597332861e+01
-6.620940344065999739e+01 4.221123390397332997e+01
-6.648428499765999788e+01 4.219948211697333562e+01
-6.675916360365999935e+01 4.218768527697333326e+01
-6.703403923265999254e+01 4.217584278597333736e+01
-6.730891186766000089e+01 4.216395402997333264e+01
-6.758378150165999898e+01 4.215201837497333059e+01
-6.785864812366000365e+01 4.214003516897333412e+01
-6.813351173366000069e+01 4.212800373997333025e+01
-6.840837232865999340e+01 4.211592339197333246e+01
-6.868322990366000624e+01 4.210379341297333866e+01
-6.895808445266000319e+01 4.209161306397333391e+01
-6.923293609565999418e+01 4.207938157997333661e+01
-6.950778445865999799e+01 4.206709819297334008e+01
-6.978262985665999452e+01 4.205476207897333296e+01
-7.005747218866000026e+01 4.204237240597333169e+01
-7.033231135865999306e+01 4.202992831297333254e+01
-7.060714757265999708e+01 4.201742889997333208e+01
-7.088198055366000006e+01 4.200487325597332955e+01
-7.115681035666000298e+01 4.199226042397334169e+01
-7.143163694566000288e+01 4.197958941997332971e+01
-7.170646028065999644e+01 4.196685922397333712e+01
-7.198128031465999754e+01 4.195406878197334066e+01
-7.225609700165999527e+01 4.194121700097333161e+01
-7.253091028666000284e+01 4.192830274897332998e+01
-7.280572011366000140e+01 4.191532485397333829e+01
-7.308052641765999624e+01 4.190228209897333755e+01
-7.335532913266000321e+01 4.188917322197332993e+01
-7.363012818465999487e+01 4.187599691497333509e+01
-7.390492349765999336e+01 4.186275181697333636e+01
-7.417967666266000037e+01 4.184943837797333543e+01
-7.445446899366000082e+01 4.183605118297334258e+01
-7.472925669165999807e+01 4.182259081597333505e+01
-7.500403991765999479e+01 4.180905567597333317e+01
-7.527881849765999789e+01 4.179544410897333506e+01
-7.555359234466000373e+01 4.178175438997333657e+01
-7.582836136065999710e+01 4.176798471897333087e+01
-7.610312543466000079e+01 4.175413321697333657e+01
-7.637788444166000090e+01 4.174019792497333725e+01
-7.665263824666000403e+01 4.172617679297334092e+01
-7.692738669665999396e+01 4.171206768197333048e+01
-7.720217416065999316e+01 4.169786604097333083e+01
-7.747691690966000522e+01 4.168357383697333063e+01
-7.775165432666000243e+01 4.166918657297333795e+01
-7.802638625765999336e+01 4.165470166297333066e+01
-7.830111253265999949e+01 4.164011639597332959e+01
-7.857583296865999500e+01 4.162542791897333672e+01
-7.885054737065999575e+01 4.161063323097334177e+01
-7.912525552665999840e+01 4.159572917397333214e+01
-7.939995720765999465e+01 4.158071241697333420e+01
-7.967465216866000333e+01 4.156557944197333399e+01
-7.994934014365999531e+01 4.155032653397334030e+01
-8.022402084766000030e+01 4.153494976297333352e+01
-8.049869397466000009e+01 4.151944496397333495e+01
-8.077335919566000655e+01 4.150380771997333085e+01
-8.104801615766000111e+01 4.148803333697333784e+01
-8.132266422765999891e+01 4.147211683697333484e+01
-8.159730351166000162e+01 4.145605287197333411e+01
-8.187193329765999295e+01 4.143983577797333595e+01
-8.214655320266000160e+01 4.142345948097334229e+01
-8.242086672665999458e+01 4.140693539997334227e+01
-8.269554841765999242e+01 4.139021581797333482e+01
-8.297020780366000281e+01 4.137331661297333341e+01
-8.324484462066000390e+01 4.135622968997333970e+01
-8.351945972766000637e+01 4.133894623297333482e+01
-8.379405404765999776e+01 4.132145668997333843e+01
-8.406862842665999835e+01 4.130375069797333509e+01
-8.434321395866000159e+01 4.128581498197333843e+01
-8.461773946466000496e+01 4.126764193897333399e+01
-8.489224749166000095e+01 4.124921536397334165e+01
-8.516673668366000527e+01 4.123052056497333950e+01
-8.544120574366000653e+01 4.121154132197333553e+01
-8.571565287366000518e+01 4.119225969197334081e+01
-8.599007654166000236e+01 4.117265567497333478e+01
-8.626447479566000709e+01 4.115270693197333429e+01
-8.653881030565999311e+01 4.113239098397333038e+01
-8.681315981966000095e+01 4.111167357197333416e+01
-8.708747403465999071e+01 4.109052583697333461e+01
-8.736174981365999770e+01 4.106891081097334251e+01
-8.763598328566000362e+01 4.104678583697333494e+01
-8.791016973665999501e+01 4.102410124897333077e+01
-8.818430320566000091e+01 4.100079866597334188e+01
-8.845837653265999734e+01 4.097680864797333555e+01
-8.873238055265998980e+01 4.095204755197332958e+01
-8.900630362665999940e+01 4.092641308097334019e+01
-8.928013096965999296e+01 4.089977785297333668e+01
-8.955384225865999781e+01 4.087197994297333281e+01
-8.982741016165999781e+01 4.084280801897333646e+01
-9.010079595765999727e+01 4.081197730597333617e+01
-9.037394163765999622e+01 4.077908805597333952e+01
-9.064675610365999603e+01 4.074354758597333870e+01
-9.091907548766000957e+01 4.070440896897333261e+01
