-1.066400393936599897e+02 2.082562431097334965e+01
-1.066398345616600096e+02 2.088962833997333846e+01
-1.066393129206600037e+02 2.095363058597333961e+01
-1.066384850426600082e+02 2.101762961797333773e+01
-1.066373612896600065e+02 2.108162415397333334e+01
-1.066359518036600065e+02 2.114561304697334876e+01
-1.066342665126600053e+02 2.120959528397332505e+01
-1.066323151256599999e+02 2.127356997097333746e+01
-1.066301071376600049e+02 2.133753632897332508e+01
-1.066276518236600026e+02 2.140149368197333146e+01
-1.066249582476599898e+02 2.146544145597334463e+01
-1.066220352556600091e+02 2.152937916497333148e+01
-1.066188914876600080e+02 2.159330640997333361e+01
-1.066155353696600088e+02 2.165722286897334570e+01
-1.066119751256600097e+02 2.172112829297332937e+01
-1.066082187726600097e+02 2.178502249997333351e+01
-1.066042741296599985e+02 2.184890536697335151e+01
-1.066001488176599992e+02 2.191277683197332848e+01
-1.065958502646600010e+02 2.197663687997333781e+01
-1.065913857006599983e+02 2.204048567197332531e+01
-1.065867621936599932e+02 2.210432302097333590e+01
-1.065819866046600026e+02 2.216814918297333392e+01
-1.065770656226600011e+02 2.223196430697333525e+01
-1.065720057636600018e+02 2.229576857897333397e+01
-1.065668133716599897e+02 2.235956220997334398e+01
-1.065614946226599926e+02 2.242334543797334945e+01
-1.065560555316599931e+02 2.248711852497333652e+01
-1.065505019526599995e+02 2.255088174997333894e+01
-1.065448395836599929e+02 2.261463541397332833e+01
-1.065390739716600024e+02 2.267837982997334834e+01
-1.065332105146599986e+02 2.274211532697333027e+01
-1.065272544676600006e+02 2.280584224497334489e+01
-1.065212109446599982e+02 2.286956093297333936e+01
-1.065150849216600051e+02 2.293327174697332893e+01
-1.065088812406600027e+02 2.299697505297333677e+01
-1.065026046166600082e+02 2.306067121797334707e+01
-1.064962596346600066e+02 2.312436061597332682e+01
-1.064898507576599940e+02 2.318804362197334612e+01
-1.064833823276600100e+02 2.325172061097333298e+01
-1.064768585726599923e+02 2.331539195997333636e+01
-1.064702836046599970e+02 2.337905804597334836e+01
-1.064636614236599996e+02 2.344271924397332540e+01
-1.064569959246600064e+02 2.350637592497335149e+01
-1.064502908976599969e+02 2.357002845897335064e+01
-1.064435500286599989e+02 2.363367721097332819e+01
-1.064367769066600005e+02 2.369732254397333904e+01
-1.064299750226600025e+02 2.376096481297335217e+01
-1.064231477746599950e+02 2.382460437097332928e+01
-1.064162984706600099e+02 2.388824156197332726e+01
-1.064094303256599972e+02 2.395187672597333162e+01
-1.064025464726600063e+02 2.401551019597334502e+01
-1.063956499576599981e+02 2.407914229897334835e+01
-1.063887437466599977e+02 2.414277335397335023e+01
-1.063818307256600093e+02 2.420640367197333020e+01
-1.063749137026600096e+02 2.427003355897334913e+01
-1.063679954096599971e+02 2.433366331097334623e+01
-1.063610785076599967e+02 2.439729321797335260e+01
-1.063541655846600094e+02 2.446092355897334514e+01
-1.063472591586600089e+02 2.452455460997333248e+01
-1.063403616816599992e+02 2.458818663297332918e+01
-1.063334755396600002e+02 2.465181988697335314e+01
-1.063266030526599906e+02 2.471545461997333959e+01
-1.063197464816600046e+02 2.477909107297332625e+01
-1.063129080246599898e+02 2.484272947697334288e+01
-1.063060898206600058e+02 2.490637005697334061e+01
-1.062992939516600046e+02 2.497001302797334787e+01
-1.062925224446600083e+02 2.503365859897334289e+01
-1.062857772706600059e+02 2.509730696697334551e+01
-1.062790603486599963e+02 2.516095832497333262e+01
-1.062723735446599989e+02 2.522461285697334787e+01
-1.062657186756599970e+02 2.528827073697334171e+01
-1.062590975086599911e+02 2.535193213297332804e+01
-1.062525117636599958e+02 2.541559720497334851e+01
-1.062459631146600003e+02 2.547926610597334829e+01
-1.062394531876600041e+02 2.554293897897334986e+01
-1.062329835676599998e+02 2.560661596197334333e+01
-1.062265557936599976e+02 2.567029718397332871e+01
-1.062201713656599935e+02 2.573398276797334105e+01
-1.062138317406599981e+02 2.579767282897332947e+01
-1.062075383356600042e+02 2.586136747597333496e+01
-1.062012925316600018e+02 2.592506680897335158e+01
-1.061950956676599986e+02 2.598877092297334102e+01
-1.061889490476599889e+02 2.605247990597333896e+01
-1.061828539406599958e+02 2.611619383897334146e+01
-1.061768115796599972e+02 2.617991279697335116e+01
-1.061708231526599917e+02 2.624363695097335025e+01
-1.061648898466599888e+02 2.630736613797332879e+01
-1.061590127826599996e+02 2.637110053897333373e+01
-1.061531930606600014e+02 2.643484020597332673e+01
-1.061474317516599939e+02 2.649858518197333623e+01
-1.061417298936599991e+02 2.656233550597334769e+01
-1.061360884966600082e+02 2.662609121197334261e+01
-1.061305085436599995e+02 2.668985232697334808e+01
-1.061249909866599950e+02 2.675361887397334826e+01
-1.061195367506600036e+02 2.681739086997333388e+01
-1.061141467356600003e+02 2.688116832797333799e+01
-1.061088218136600005e+02 2.694495125397332558e+01
-1.061035628316599997e+02 2.700873965297332902e+01
-1.060983706126599913e+02 2.707253351997334434e+01
-1.060932459536600021e+02 2.713633284997333917e+01
-1.060386147726599972e+02 2.716968020697333586e+01
-1.059840189076600012e+02 2.720308541797333746e+01
-1.059294580326600084e+02 2.723654774997333661e+01
-1.058749317816600097e+02 2.727006646797334710e+01
-1.058204397686599947e+02 2.730364081597334902e+01
-1.057659815926599975e+02 2.733727001897335285e+01
-1.057115568386600017e+02 2.737095327997334593e+01
-1.056571650736599963e+02 2.740468978197332817e+01
-1.056028058476600080e+02 2.743847868397332590e+01
-1.055484786926599980e+02 2.747231912197335291e+01
-1.054941831236599938e+02 2.750621020997334298e+01
-1.054399186366599963e+02 2.754015103697335221e+01
-1.053856847116600051e+02 2.757414066997332824e+01
-1.053314808056600071e+02 2.760817814797334435e+01
-1.052773062496600005e+02 2.764226255297333168e+01
-1.052231606566599993e+02 2.767639275197333504e+01
-1.051690433366599962e+02 2.771056776197334770e+01
-1.051149536676600036e+02 2.774478651497335235e+01
-1.050608910036599895e+02 2.777904791697335085e+01
-1.050068546796600089e+02 2.781335084297333182e+01
-1.049528440056599976e+02 2.784769413997335263e+01
-1.048988582696599963e+02 2.788207662197333647e+01
-1.048448967356600008e+02 2.791649707197333541e+01
-1.047909586436600051e+02 2.795095424197333145e+01
-1.047370432086599976e+02 2.798544684997332510e+01
-1.046831496186599963e+02 2.801997357797332810e+01
-1.046292770396599963e+02 2.805453307597334955e+01
-1.045754246066600075e+02 2.808912395497332781e+01
-1.045215914306599956e+02 2.812374479197333343e+01
-1.044677765916599981e+02 2.815839412297333055e+01
-1.044139791446599901e+02 2.819307044597334411e+01
-1.043601981136599903e+02 2.822777221997332830e+01
-1.043064324916600043e+02 2.826249785997333319e+01
-1.042526812426599889e+02 2.829724574197333808e+01
-1.041989433016600088e+02 2.833201419497333617e+01
-1.041452175686600015e+02 2.836680150297334180e+01
-1.040915029106599974e+02 2.840160590797333029e+01
-1.040377981646600034e+02 2.843642559897332589e+01
-1.039841021306599913e+02 2.847125871897332772e+01
-1.039304135756599976e+02 2.850610336097335207e+01
-1.038767312316600027e+02 2.854095756397333261e+01
-1.038230537906599977e+02 2.857581931497332661e+01
-1.037693799136599893e+02 2.861068654497332986e+01
-1.037157082196600015e+02 2.864555713097334078e+01
-1.036620372896600060e+02 2.868042888797333134e+01
-1.036083656676600100e+02 2.871529957297334690e+01
-1.035546918546599926e+02 2.875016688097334949e+01
-1.035010143136600078e+02 2.878502844197333488e+01
-1.034473314636600065e+02 2.881988182197335036e+01
-1.033936416836599932e+02 2.885472451797334870e+01
-1.033399433066600039e+02 2.888955395797333026e+01
-1.032862346246599969e+02 2.892436749697332843e+01
-1.032325138826600011e+02 2.895916241597333496e+01
-1.031787792806600095e+02 2.899393592097333894e+01
-1.031250289726599902e+02 2.902868513597334399e+01
-1.030712610666600000e+02 2.906340710797334381e+01
-1.030174736216600024e+02 2.909809879497333540e+01
-1.029636646466600070e+02 2.913275707197334086e+01
-1.029098321056600014e+02 2.916737872397333931e+01
-1.028559739076600010e+02 2.920196044297332705e+01
-1.028020879146599924e+02 2.923649882697332814e+01
-1.027481719366600004e+02 2.927099037397334413e+01
-1.026942237306599992e+02 2.930543148297334355e+01
-1.026402410036599946e+02 2.933981844697333585e+01
-1.025862214056599981e+02 2.937414745197332522e+01
-1.025321625376599997e+02 2.940841457297335282e+01
-1.024780619446599985e+02 2.944261576997334018e+01
-1.024239171166600073e+02 2.947674688497334827e+01
-1.023697254916599917e+02 2.951080363597332834e+01
-1.023154844516599979e+02 2.954478161797333868e+01
-1.022611913226599967e+02 2.957867629297333778e+01
-1.022068433776600074e+02 2.961248299297335151e+01
-1.021524378336600023e+02 2.964619690697332643e+01
-1.020979718556599920e+02 2.967981308497334325e+01
-1.020434425506600036e+02 2.971332642797335311e+01
-1.019888469736600030e+02 2.974673168697333026e+01
-1.019341821276600086e+02 2.978002345597334610e+01
-1.018794449616599991e+02 2.981319616897334512e+01
-1.018246323736600090e+02 2.984624409197334316e+01
-1.017697412096599976e+02 2.987916132397333158e+01
-1.017147681506599923e+02 2.991194185797334271e+01
-1.016597101736600024e+02 2.994457929697332688e+01
-1.016045638756599914e+02 2.997706726397333554e+01
-1.015493259186600028e+02 3.000939912297334544e+01
-1.014939929226599986e+02 3.004156804197333130e+01
-1.014385614706599910e+02 3.007356698897333658e+01
-1.013830281066600065e+02 3.010538872397333066e+01
-1.013273893476600023e+02 3.013702579797333314e+01
-1.012716416786600035e+02 3.016847054097334180e+01
-1.012157815606600053e+02 3.019971506597334709e+01
-1.011598054356600045e+02 3.023075125597332757e+01
-1.011037097306600003e+02 3.026157076197332785e+01
-1.010474908636600020e+02 3.029216500197332707e+01
-1.009911452496599935e+02 3.032252515097334467e+01
-1.009346693066599983e+02 3.035264213897334784e+01
-1.008780594626600049e+02 3.038250664797334011e+01
-1.008213121646600001e+02 3.041210910897333619e+01
-1.007644238856600083e+02 3.044143969697332963e+01
-1.007073911346599999e+02 3.047048832797335294e+01
-1.006502104656600096e+02 3.049924466097334275e+01
-1.005928784886599914e+02 3.052769809297333481e+01
-1.005353918776599897e+02 3.055583775997333973e+01
-1.004777473886600063e+02 3.058365253597332512e+01
-1.004199418646600037e+02 3.061113103597332596e+01
-1.003619722556600067e+02 3.063826161697334882e+01
-1.003038356266599891e+02 3.066503238297334732e+01
-1.002455291766599998e+02 3.069143118597332531e+01
-1.001870502536599901e+02 3.071744563497332692e+01
-1.001283963656600093e+02 3.074306310297333411e+01
-1.000695652036599910e+02 3.076827073497335263e+01
-1.000105546556600018e+02 3.079305545697334523e+01
-9.995136282366000557e+01 3.081740399497334337e+01
-9.989198804665998921e+01 3.084130287997333753e+01
-9.983242891166000277e+01 3.086473846897333928e+01
-9.977268427765999093e+01 3.088769696697334766e+01
-9.971275329366000051e+01 3.091016444097334315e+01
-9.965263541465999708e+01 3.093212684697334325e+01
-9.959233042665999847e+01 3.095357005297332975e+01
-9.953183845665999741e+01 3.097447986897332939e+01
-9.947115999865999925e+01 3.099484207397332725e+01
-9.941029592366000145e+01 3.101464245297333022e+01
-9.934924750265999194e+01 3.103386682597334456e+01
-9.928801641565999603e+01 3.105250108997332958e+01
-9.922660476865999613e+01 3.107053125497332857e+01
-9.916501510266000707e+01 3.108794348697332666e+01
-9.910325041066001006e+01 3.110472415097333609e+01
-9.904131413465999856e+01 3.112085985397333943e+01
-9.897921018366000112e+01 3.113633749497332914e+01
-9.891694292565999547e+01 3.115114430897332554e+01
-9.885451719466000498e+01 3.116526791497335225e+01
-9.879193828866000615e+01 3.117869636797334110e+01
-9.872921195765999869e+01 3.119141820097334161e+01
-9.866634440266000183e+01 3.120342247897334786e+01
-9.860334225565999589e+01 3.121469884297334474e+01
-9.854021257265999623e+01 3.122523755597333306e+01
-9.847696280766000143e+01 3.123502954497334017e+01
-9.841360079465999888e+01 3.124406644397333466e+01
-9.835013472165999815e+01 3.125234063197333612e+01
-9.828657310266000025e+01 3.125984526697333976e+01
-9.822292474766000225e+01 3.126657431497335082e+01
-9.815919872765999799e+01 3.127252258097334092e+01
-9.809540434166000011e+01 3.127768572997333862e+01
-9.803155107965999093e+01 3.128206030097333823e+01
-9.796764858166000067e+01 3.128564372297332952e+01
-9.790370660166000505e+01 3.128843432397334468e+01
-9.783973496366000688e+01 3.129043132797334792e+01
-9.777574352466000107e+01 3.129163485497334918e+01
-9.771174213566000333e+01 3.129204591197332874e+01
-9.764774059765998970e+01 3.129166638097333575e+01
-9.758374862766000035e+01 3.129049899797334078e+01
-9.751977581965999775e+01 3.128854733497334095e+01
-9.745583161065999889e+01 3.128581576697333944e+01
-9.739192524866000156e+01 3.128230944697332561e+01
-9.732806575965999230e+01 3.127803426697334643e+01
-9.726426192265999759e+01 3.127299682597333330e+01
-9.720052223865999963e+01 3.126720438597333995e+01
-9.713685491866000632e+01 3.126066483297332965e+01
-9.707326784766000571e+01 3.125338662997333117e+01
-9.700976858765999111e+01 3.124537877797333962e+01
-9.694636434766000832e+01 3.123665076797334095e+01
-9.688306198165999206e+01 3.122721253397332575e+01
-9.681986797765999597e+01 3.121707440997334615e+01
-9.675678844965999303e+01 3.120624708597332742e+01
-9.669382914066000012e+01 3.119474156097333761e+01
-9.663099541565999573e+01 3.118256910397334636e+01
-9.656829226866000226e+01 3.116974120597333453e+01
-9.650572432066000772e+01 3.115626955097334516e+01
-9.644329582966000203e+01 3.114216596597333009e+01
-9.638101069766000251e+01 3.112744239197334295e+01
-9.631881042066000020e+01 3.111209522097334101e+01
-9.625682092366000120e+01 3.109616678197334849e+01
-9.619498440165999398e+01 3.107965449397334723e+01
-9.613330341565999504e+01 3.106257042597334461e+01
-9.607178022066000267e+01 3.104492661097333084e+01
-9.601041677765999793e+01 3.102673501697332981e+01
-9.594921476865999921e+01 3.100800753097334095e+01
-9.588817560665999906e+01 3.098875593997334121e+01
-9.582730044865999730e+01 3.096899190697333992e+01
-9.576659021465999899e+01 3.094872696197333184e+01
-9.570604559566000091e+01 3.092797248497333484e+01
-9.564566706665999618e+01 3.090673969397334631e+01
-9.558545490365999342e+01 3.088503963697334243e+01
-9.552540919365999628e+01 3.086288317597333375e+01
-9.546552914665998912e+01 3.084028071997334663e+01
-9.540581406165999567e+01 3.081724255797334067e+01
-9.534626470765999784e+01 3.079377940697332505e+01
-9.528688053565998928e+01 3.076990134197333404e+01
-9.522766087365999965e+01 3.074561823197333510e+01
-9.516861180665999598e+01 3.072092331797332676e+01
-9.510974524466000446e+01 3.069579682697334633e+01
-9.505105623965999939e+01 3.067025780097332799e+01
-9.499254314265999710e+01 3.064431860997333601e+01
-9.493420382866000296e+01 3.061799092897333807e+01
-9.487603624565998928e+01 3.059128599397334014e+01
-9.481803832266000143e+01 3.056421458397334945e+01
-9.476020796966000148e+01 3.053678703997334409e+01
-9.470254308466000737e+01 3.050901328597333517e+01
-9.464504156866000528e+01 3.048090285297334034e+01
-9.458770131766000588e+01 3.045246489597334616e+01
-9.453052023266000958e+01 3.042370821197334507e+01
-9.447349622565999994e+01 3.039464125597333677e+01
-9.441662721865999686e+01 3.036527215997332618e+01
-9.435991114866000373e+01 3.033560874797333540e+01
-9.430334596966000049e+01 3.030565854897335143e+01
-9.424692965565999714e+01 3.027542881097334870e+01
-9.419066020166000897e+01 3.024492651497333995e+01
-9.413453562465998914e+01 3.021415838797335240e+01
-9.407855396466000286e+01 3.018313091097334322e+01
-9.402271328866000033e+01 3.015185033597333231e+01
-9.396701168666000115e+01 3.012032269097334947e+01
-9.391144727966000971e+01 3.008855379397334318e+01
-9.385601821065999673e+01 3.005654925797332666e+01
-9.380072265366000295e+01 3.002431450597333296e+01
-9.374555880965999677e+01 2.999185477297333691e+01
-9.369052490765999153e+01 2.995917511897334506e+01
-9.363561920365999924e+01 2.992628043397334281e+01
-9.358083998466000253e+01 2.989317544697334128e+01
-9.352618556465999688e+01 2.985986472997333507e+01
-9.347165428466000492e+01 2.982635270797333860e+01
-9.341724451465999834e+01 2.979264366197332592e+01
-9.336295465266000804e+01 2.975874173897335240e+01
-9.330878312565999977e+01 2.972465095197332730e+01
-9.325472838465999814e+01 2.969037519097335220e+01
-9.320078891065999471e+01 2.965591822497333041e+01
-9.314696321065999030e+01 2.962128370497333307e+01
-9.309324981766000917e+01 2.958647517397335136e+01
-9.303964729165998904e+01 2.955149606697335329e+01
-9.298618545765999954e+01 2.951637031197332917e+01
-9.293280235665999101e+01 2.948106135797334204e+01
-9.287952600466000774e+01 2.944559158197332849e+01
-9.282635505865999903e+01 2.940996403197334175e+01
-9.277328820065999082e+01 2.937418166697335309e+01
-9.272032413665999684e+01 2.933824736297333047e+01
-9.266746159666000437e+01 2.930216391197333436e+01
-9.261469933066000237e+01 2.926593403097333734e+01
-9.256203611465998904e+01 2.922956035797335161e+01
-9.250947074366000322e+01 2.919304546297334113e+01
-9.245700203465999323e+01 2.915639183997333461e+01
-9.240462882766000519e+01 2.911960191997334491e+01
-9.235234998165999798e+01 2.908267806697332603e+01
-9.230016437566000320e+01 2.904562258197332980e+01
-9.224807091065999032e+01 2.900843770597333204e+01
-9.219606850366000117e+01 2.897112561997334623e+01
-9.214415609466000490e+01 2.893368844997334222e+01
-9.209233263966000038e+01 2.889612826597334205e+01
-9.204059711365999874e+01 2.885844708597334929e+01
-9.198894851065999489e+01 2.882064687697333838e+01
-9.193738584065999930e+01 2.878272955597332938e+01
-9.188590813265999202e+01 2.874469699197333838e+01
-9.183451442965998979e+01 2.870655100897334577e+01
-9.178320379465999679e+01 2.866829338597335308e+01
-9.173197530465999705e+01 2.862992585897333342e+01
-9.168082805266000435e+01 2.859145011997332730e+01
-9.162976114865999477e+01 2.855286782297335080e+01
-9.157877371566000591e+01 2.851418058197333139e+01
-9.152786489265999137e+01 2.847538997397333205e+01
-9.147703383265999832e+01 2.843649753597332719e+01
-9.142627970465998999e+01 2.839750477397333484e+01
-9.137560168966000163e+01 2.835841315397334128e+01
-9.132499898365999513e+01 2.831922411397334471e+01
-9.127447079465999025e+01 2.827993905597332613e+01
-9.122401634565999018e+01 2.824055935097333858e+01
-9.117363495866000278e+01 2.820108640997335314e+01
-9.112332567866000943e+01 2.816152138397333360e+01
-9.107308788465999783e+01 2.812186564897333696e+01
-9.102292084765998936e+01 2.808212045997333561e+01
-9.097282384966000279e+01 2.804228704197333499e+01
-9.092279618665999408e+01 2.800236659597333855e+01
-9.087280368965998889e+01 2.796233344497334983e+01
-9.082291203365998911e+01 2.792224187397334489e+01
-9.077308766765999337e+01 2.788206672697333133e+01
-9.072332992865999302e+01 2.784180910597333636e+01
-9.067365960066000241e+01 2.780148751797335294e+01
-9.062403298265999751e+01 2.776106806497332613e+01
-9.057447106866000297e+01 2.772056930697334209e+01
-9.052497323666000284e+01 2.767999225697334609e+01
-9.047553887165999242e+01 2.763933790797335277e+01
-9.042616736865998917e+01 2.759860722997333582e+01
-9.037685813366000787e+01 2.755780117597333501e+01
-9.032761057966000351e+01 2.751692068097335309e+01
-9.027842412965999586e+01 2.747596665797334126e+01
-9.022929821366000169e+01 2.743494000597334193e+01
-9.018023227365999617e+01 2.739384160397335322e+01
-9.013122586766000666e+01 2.735267240797332633e+01
-9.008227837066000632e+01 2.731143319797334001e+01
-9.003338912566000829e+01 2.727012469997333355e+01
-8.998455771465999931e+01 2.722874781997333216e+01
-8.993578361765999318e+01 2.718730335997335246e+01
-8.988706632566000110e+01 2.714579210397334563e+01
-8.983840533565999920e+01 2.710421482597334020e+01
-8.978980015166000328e+01 2.706257228097333822e+01
-8.974125028566000140e+01 2.702086521297334443e+01
-8.969275525465999976e+01 2.697909435197334105e+01
-8.964431458666000196e+01 2.693726041597335197e+01
-8.959592781266000827e+01 2.689536410697334290e+01
-8.954759447165999120e+01 2.685340611797334631e+01
-8.949931410966000556e+01 2.681138712697332593e+01
-8.945108627765999643e+01 2.676930780297334067e+01
-8.940291053465999482e+01 2.672716879897333442e+01
-8.935478644466000731e+01 2.668497076097332510e+01
-8.930671357766000540e+01 2.664271432097333658e+01
-8.925869150965999665e+01 2.660040010197334581e+01
-8.921071982365999986e+01 2.655802871497334294e+01
-8.916279810766000935e+01 2.651560076097333862e+01
-8.911492595366000558e+01 2.647311683097333557e+01
-8.906710296165999807e+01 2.643057750597332856e+01
-8.901932873465999307e+01 2.638798335797335071e+01
-8.897160288365999747e+01 2.634533494697333467e+01
-8.892392502266000065e+01 2.630263282797335123e+01
-8.887629477165999958e+01 2.625987754197333501e+01
-8.882871175565999522e+01 2.621706962597334822e+01
-8.878117560366000305e+01 2.617420960297334531e+01
-8.873368595166000716e+01 2.613129799297334088e+01
-8.868624243765999893e+01 2.608833530397333433e+01
-8.863884470666000936e+01 2.604532203697334225e+01
-8.859149240765999878e+01 2.600225868397333429e+01
-8.854418519365999884e+01 2.595914573297335082e+01
-8.849692272066000953e+01 2.591598365897334233e+01
-8.844970465266000303e+01 2.587277293197334060e+01
-8.840253065465999782e+01 2.582951401597332719e+01
-8.835540039865999518e+01 2.578620736697333982e+01
-8.830831355766000001e+01 2.574285343197334086e+01
-8.826126981065999644e+01 2.569945265397333500e+01
-8.821426884166000093e+01 2.565600546797332626e+01
-8.816731033565999098e+01 2.561251230197333584e+01
-8.812039398465999795e+01 2.556897357797333470e+01
-8.807351948265998942e+01 2.552538971197332884e+01
-8.802668652666000071e+01 2.548176111397333088e+01
-8.797989481866000006e+01 2.543808818597335275e+01
-8.793314406465999866e+01 2.539437132697335286e+01
-8.788643397366000443e+01 2.535061092697332796e+01
-8.783976425865999715e+01 2.530680737297333494e+01
-8.779313463366000292e+01 2.526296104597335201e+01
-8.774654481966000219e+01 2.521907231897332835e+01
-8.769999453865999328e+01 2.517514156197333008e+01
-8.765348343166000689e+01 2.513116905997332751e+01
-8.760701142166000466e+01 2.508715535397334051e+01
-8.756057812766000836e+01 2.504310068997332550e+01
-8.751418328365998889e+01 2.499900541897335060e+01
-8.746782663166000304e+01 2.495486988297335174e+01
-8.742150791166000090e+01 2.491069442297333225e+01
-8.737522686965999696e+01 2.486647937497334837e+01
-8.732900981865999768e+01 2.482225051097332980e+01
-8.728280466566000939e+01 2.477795854697333411e+01
-8.723663648765999312e+01 2.473362801797332722e+01
-8.719050503766000304e+01 2.468925923697335278e+01
-8.714441007666000871e+01 2.464485251997333748e+01
-8.709835136866000482e+01 2.460040817497334942e+01
-8.705232867866000390e+01 2.455592650797333576e+01
-8.700634177466000097e+01 2.451140781997332496e+01
-8.696039042766000193e+01 2.446685240797333094e+01
-8.691447440966000215e+01 2.442226056497335307e+01
-8.686859349865999036e+01 2.437763258097333718e+01
-8.682274747166000850e+01 2.433296873997334941e+01
-8.677693610965999937e+01 2.428826932597334221e+01
-8.673115907366000954e+01 2.424353449597333210e+01
-8.668541635565999570e+01 2.419876472697333369e+01
-8.663970765265999319e+01 2.415396020097332652e+01
-8.659403275265999866e+01 2.410912118397333970e+01
-8.654839144966000219e+01 2.406424794097332764e+01
-8.650278353765999384e+01 2.401934073197332609e+01
-8.645720881065999208e+01 2.397439981297332778e+01
-8.641166706965999822e+01 2.392942543797334665e+01
-8.636615811465999570e+01 2.388441785797334305e+01
-8.632068174766000368e+01 2.383937731997334808e+01
-8.627523777465999899e+01 2.379430406897332873e+01
-8.622982600266000475e+01 2.374919834597335111e+01
-8.618444623866000143e+01 2.370406038897334255e+01
-8.613909829666000917e+01 2.365889043397333680e+01
-8.609378198666000515e+01 2.361368871297335303e+01
-8.604849712566000619e+01 2.356845545597334635e+01
-8.600324353066000072e+01 2.352319088997333196e+01
-8.595802101866000555e+01 2.347789523997334626e+01
-8.591282941165999887e+01 2.343256872597333640e+01
-8.586766853065999783e+01 2.338721156797333478e+01
-8.582253820165999514e+01 2.334182398197333086e+01
-8.577743825065999772e+01 2.329640618097334581e+01
-8.573236850365999828e+01 2.325095837697332612e+01
-8.568732879265999713e+01 2.320548077897333528e+01
-8.564231894766000153e+01 2.315997359297332636e+01
-8.559733880065999756e+01 2.311443702297333047e+01
-8.555238818866000372e+01 2.306887126997332516e+01
-8.550746694666000280e+01 2.302327653297333754e+01
-8.546257491266000272e+01 2.297765300997334847e+01
-8.541771192666000445e+01 2.293200089397333485e+01
-8.537287782965999838e+01 2.288632037897334826e+01
-8.532807246465999640e+01 2.284061165497334045e+01
-8.528329567565999980e+01 2.279487490997334120e+01
-8.523854730866000295e+01 2.274911032897332674e+01
-8.519382721066000386e+01 2.270331809597334072e+01
-8.514913523165999720e+01 2.265749839497334150e+01
-8.510447122166000611e+01 2.261165140297333309e+01
-8.505983503166000048e+01 2.256577729897332674e+01
-8.501522651566000377e+01 2.251987625897333700e+01
-8.497064552765999679e+01 2.247394845697334276e+01
-8.492609192566000331e+01 2.242799406497334402e+01
-8.488156556465999358e+01 2.238201325297333355e+01
-8.483706630465999865e+01 2.233600618897332524e+01
-8.479259400565999272e+01 2.228997303897332571e+01
-8.474814853066000353e+01 2.224391396897334161e+01
-8.470372974065999472e+01 2.219782914097333659e+01
-8.465933749965999766e+01 2.215171871697333117e+01
-8.461497167465999780e+01 2.210558285497333131e+01
-8.457063213265999480e+01 2.205942171397333240e+01
-8.452631873965999887e+01 2.201323544997333315e+01
-8.448203136665999580e+01 2.196702421797334281e+01
-8.443776988365999614e+01 2.192078816897332771e+01
-8.439353416165999988e+01 2.187452745597334669e+01
-8.434932407565999313e+01 2.182824222697334093e+01
-8.430513949765999371e+01 2.178193263297333360e+01
-8.426098030366000557e+01 2.173559881797333659e+01
-8.421684637165999732e+01 2.168924092897333011e+01
-8.417273757766000131e+01 2.164285910797334722e+01
-8.412865380066000398e+01 2.159645349897334299e+01
-8.408459492065999541e+01 2.155002424097332536e+01
-8.404056081966000136e+01 2.150357147397334856e+01
-8.399655137866000132e+01 2.145709533697333526e+01
-8.395256648065999627e+01 2.141059596597332515e+01
-8.390860601165999810e+01 2.136407349597334004e+01
-8.386466985666000085e+01 2.131752806097332709e+01
-8.382075790065999854e+01 2.127095979297333983e+01
-8.377687003366000340e+01 2.122436882497333599e+01
-8.373300614165999889e+01 2.117775528697333343e+01
-8.368916611666000449e+01 2.113111930597335331e+01
-8.364534984866000400e+01 2.108446101197332823e+01
-8.360155722865999905e+01 2.103778052997332892e+01
-8.355778814965999857e+01 2.099107798497334088e+01
-8.351404250566000087e+01 2.094435350197334955e+01
-8.347032019165999372e+01 2.089760720397333316e+01
-8.342662110365999695e+01 2.085083921197334789e+01
-8.338294513766000193e+01 2.080404964597334683e+01
-8.333929219165999314e+01 2.075723862797334718e+01
-8.329566216466000128e+01 2.071040627497333375e+01
-8.325205495566000025e+01 2.066355270397334820e+01
-8.320847046465999597e+01 2.061667803297333634e+01
-8.316490859565999472e+01 2.056978237597334314e+01
-8.312136924866000243e+01 2.052286584797334612e+01
-8.307785232866000058e+01 2.047592856297333341e+01
-8.303435773866000602e+01 2.042897063197335328e+01
-8.299085513065999464e+01 2.038195945797334829e+01
-8.294740364166000290e+01 2.033495915597333337e+01
-8.290397424866000620e+01 2.028793858997334709e+01
-8.286056667965999623e+01 2.024089767097333592e+01
-8.281718092465999348e+01 2.019383659697333755e+01
-8.277381689265999398e+01 2.014675547097334274e+01
-8.273047449066000070e+01 2.009965439897333894e+01
-8.268715362966000271e+01 2.005253348097334865e+01
-8.264385421865999604e+01 2.000539281997333418e+01
-8.260057616865999819e+01 1.995823251797332532e+01
-8.255731939266000552e+01 1.991105267397332668e+01
-8.251408380265999654e+01 1.986385338697334291e+01
-8.247086931265999965e+01 1.981663475597335022e+01
-8.242767583565999701e+01 1.976939687797334599e+01
-8.238450328666000644e+01 1.972213985097334543e+01
-8.234135158265999621e+01 1.967486376797333136e+01
-8.229822063966000201e+01 1.962756872697334742e+01
-8.225511037466000630e+01 1.958025482097334802e+01
-8.221202070466000578e+01 1.953292214297334439e+01
-8.216895155065999745e+01 1.948557078597334780e+01
-8.212590282966000643e+01 1.943820084197335163e+01
-8.208287446366000495e+01 1.939081240297334929e+01
-8.203986637366000423e+01 1.934340555797333749e+01
-8.199687848066000129e+01 1.929598039797334863e+01
-8.195391070665999678e+01 1.924853701097333314e+01
-8.191096297565999862e+01 1.920107548497332672e+01
-8.186803521065999689e+01 1.915359590997334394e+01
-8.182512733765999258e+01 1.910609836997334909e+01
-8.178223928165999723e+01 1.905858295397333890e+01
-8.173937096765999399e+01 1.901104974597333452e+01
-8.169652232266000169e+01 1.896349883097334654e+01
-8.165369327566000379e+01 1.891593029397332870e+01
-8.161088375266000128e+01 1.886834421897333058e+01
-8.156809368365999546e+01 1.882074068997334493e+01
-8.152532299866000187e+01 1.877311978697334993e+01
-8.148257162765999340e+01 1.872548159397333833e+01
-8.143983950065999977e+01 1.867782619197333460e+01
-8.139712654966000116e+01 1.863015366197333478e+01
-8.135443270765999557e+01 1.858246408397334548e+01
-8.131175790566000217e+01 1.853475753697332706e+01
-8.126910207865999780e+01 1.848703410097334299e+01
-8.122646515965999470e+01 1.843929385297334633e+01
-8.118384708265999450e+01 1.839153687097333645e+01
-8.114124778366000612e+01 1.834376323197335168e+01
-8.109866719766000642e+01 1.829597301097333784e+01
-8.105610525865999705e+01 1.824816628397334384e+01
-8.101356190366000476e+01 1.820034312397333665e+01
-8.097103706666000278e+01 1.815250360397334006e+01
-8.092853068265999639e+01 1.810464779397335278e+01
-8.088604268865999813e+01 1.805677576397334505e+01
-8.084357301666000239e+01 1.800888758197333672e+01
-8.080112159965999297e+01 1.796098331097334366e+01
-8.075868836866000322e+01 1.791306301297333547e+01
-8.071627325065999514e+01 1.786512674597335248e+01
-8.067387617266000177e+01 1.781717456097333852e+01
-8.063149705365999864e+01 1.776920650497333654e+01
-8.058913580866000359e+01 1.772122261497335316e+01
-8.054679234265999810e+01 1.767322291897334807e+01
-8.050446655065999835e+01 1.762520743097334375e+01
-8.046215831566000531e+01 1.757717614597333622e+01
-8.041989980965999507e+01 1.752916576297334572e+01
-8.037763119166000081e+01 1.748110842897332518e+01
-8.033538052966000009e+01 1.743303615097334713e+01
-8.029314766166000084e+01 1.738494887297335012e+01
-8.025093271865999611e+01 1.733684687097334276e+01
-8.020873555266000210e+01 1.728873010497335017e+01
-8.016655607666000094e+01 1.724059859897334590e+01
-8.012439416965999328e+01 1.719245234197333261e+01
-8.008224966765999397e+01 1.714429126897334399e+01
-8.004012233865999804e+01 1.709611523497335028e+01
-7.999801185465999254e+01 1.704792398797334485e+01
-7.995591776066000023e+01 1.699971712497332632e+01
-7.991383944465999889e+01 1.695149406297334949e+01
-7.987177619265999340e+01 1.690325409497333098e+01
-7.982972753366000518e+01 1.685499679597333156e+01
-7.978769510166000600e+01 1.680672415197335212e+01
-7.974563069165999707e+01 1.675838085797334642e+01
-7.970361355366000566e+01 1.671005808397333325e+01
-7.966163114766000319e+01 1.666174158297334529e+01
-7.961966536666000138e+01 1.661341064697333181e+01
-7.957771615865999593e+01 1.656506533197332587e+01
-7.953578347666000070e+01 1.651670569097333541e+01
-7.949386727066000446e+01 1.646833177697333994e+01
-7.945196749165999961e+01 1.641994364297334741e+01
-7.941008409165999637e+01 1.637154134197333732e+01
-7.936821702365999442e+01 1.632312492597332820e+01
-7.932636623966000400e+01 1.627469444597334913e+01
-7.928453169265999634e+01 1.622624995297334394e+01
-7.924271333565999953e+01 1.617779149897333113e+01
-7.920091112266000266e+01 1.612931913297333253e+01
-7.915912500865999846e+01 1.608083290497333095e+01
-7.911735494766000443e+01 1.603233286497333765e+01
-7.907560089365999545e+01 1.598381906097332639e+01
-7.903386280165999267e+01 1.593529154197335096e+01
-7.899214062865999608e+01 1.588675035597332830e+01
-7.895043432865999478e+01 1.583819554997332979e+01
-7.890874385866000296e+01 1.578962716997332372e+01
-7.886706917365999914e+01 1.574104526397334247e+01
-7.882541023166000116e+01 1.569244987797332591e+01
-7.878376698866000538e+01 1.564384105497333088e+01
-7.874213940065999395e+01 1.559521883997333624e+01
-7.870052742565999893e+01 1.554658327797334927e+01
-7.865893101966000245e+01 1.549793441097332369e+01
-7.861735013866000088e+01 1.544927228097332694e+01
-7.857578474065999785e+01 1.540059692897332333e+01
-7.853423478166000393e+01 1.535190839597333401e+01
-7.849270021866000491e+01 1.530320671897333717e+01
-7.845118100566000408e+01 1.525449193797333614e+01
-7.840967709765999416e+01 1.520576408697334081e+01
-7.836818845065999994e+01 1.515702320097335054e+01
-7.832671501666000324e+01 1.510826931297332898e+01
-7.828525674665999645e+01 1.505950245097334950e+01
-7.824381359166000038e+01 1.501072264297334335e+01
-7.820238549965999653e+01 1.496192991097333369e+01
-7.816100122065999756e+01 1.491315823597335033e+01
-7.811960572466000485e+01 1.486434284797334193e+01
-7.807822540665999611e+01 1.481551492797333403e+01
-7.803686023966000107e+01 1.476667452697332727e+01
-7.799551019566000321e+01 1.471782169197333623e+01
-7.795417524766000383e+01 1.466895647497335098e+01
-7.791285536866000427e+01 1.462007892197333980e+01
-7.787155052965999857e+01 1.457118907997334567e+01
-7.783026070165999499e+01 1.452228699297332959e+01
-7.778898585465999815e+01 1.447337270497333783e+01
-7.774772595666000541e+01 1.442444625397333802e+01
-7.770648097065999593e+01 1.437550767297335064e+01
-7.766525073766000276e+01 1.432655685097332743e+01
-7.762403537966000044e+01 1.427759400897334707e+01
-7.758283475465999857e+01 1.422861904897333751e+01
-7.754164877366000042e+01 1.417963194297333906e+01
-7.750047732666000400e+01 1.413063263197335040e+01
-7.745932026865999376e+01 1.408162101397334176e+01
-7.741817740765999645e+01 1.403259693397333230e+01
-7.737704849265999485e+01 1.398356016297332793e+01
-7.733593319566000446e+01 1.393451037597332665e+01
-7.729483110066000506e+01 1.388544714597332508e+01
-7.725374171965999892e+01 1.383636995697335159e+01
-7.721266461765999622e+01 1.378727835197335061e+01
-7.717160005066000394e+01 1.373817270197334928e+01
-7.713055070465999563e+01 1.368905628397333807e+01
-7.708946699665999347e+01 1.363986978697334429e+01
-7.704842282266000097e+01 1.359070172197334081e+01
-7.700749641065999640e+01 1.354164600097333881e+01
-7.696632886765999615e+01 1.349227234897332472e+01
-7.692535154265999608e+01 1.344309807697333703e+01
-7.688438829166000232e+01 1.339391205197332546e+01
-7.684343908665999834e+01 1.334471430597334951e+01
-7.680250390166000329e+01 1.329550486697334044e+01
-7.676158270966000430e+01 1.324628376197332535e+01
-7.672067548265999903e+01 1.319705101997333863e+01
-7.667978219766000336e+01 1.314780667097334721e+01
-7.663890282766000439e+01 1.309855074097333194e+01
-7.659803734765999650e+01 1.304928325797333777e+01
-7.655718573165999885e+01 1.300000424997332438e+01
-7.651634795766000252e+01 1.295071374197334002e+01
-7.647552399865999462e+01 1.290141176297333381e+01
-7.643471383265999464e+01 1.285209833697333615e+01
-7.639391743465999696e+01 1.280277349197333514e+01
-7.635313478265999265e+01 1.275343725197333278e+01
-7.631236585265999395e+01 1.270408964297333831e+01
-7.627161062166000249e+01 1.265473068997334316e+01
-7.623086906865999879e+01 1.260536041797333873e+01
-7.619014117166000233e+01 1.255597885097332700e+01
-7.614942690866000419e+01 1.250658601297333838e+01
-7.610872625666000602e+01 1.245718192897333587e+01
-7.606803919765999922e+01 1.240776662097334260e+01
-7.602736570865999965e+01 1.235834011197334270e+01
-7.598670577165999873e+01 1.230890242697332759e+01
-7.594605936365999810e+01 1.225945358597334156e+01
-7.590542646765999280e+01 1.220999361297332975e+01
-7.586480706365999538e+01 1.216052252897332586e+01
-7.582420113166000419e+01 1.211104035597332462e+01
-7.578360865466000007e+01 1.206154711597334916e+01
-7.574303148165999744e+01 1.201204510797333036e+01
-7.570246923365999692e+01 1.196253391597334748e+01
-7.566192039466000097e+01 1.191301173397334345e+01
-7.562138494766000463e+01 1.186347858197333416e+01
-7.558086287566000294e+01 1.181393447897334603e+01
-7.554035416265999459e+01 1.176437944397334867e+01
-7.549985879265999245e+01 1.171481349697332952e+01
-7.545937674866000577e+01 1.166523665597332560e+01
-7.541890801766000152e+01 1.161564894097332434e+01
-7.537845258165999951e+01 1.156605036797332708e+01
-7.533801042865999875e+01 1.151644095697334969e+01
-7.529758154265999792e+01 1.146682072297334720e+01
-7.525716591065999239e+01 1.141718968497334608e+01
-7.521676351866000232e+01 1.136754785897334763e+01
-7.517637435365999465e+01 1.131789526197334261e+01
-7.513599840365999682e+01 1.126823190997333235e+01
-7.509563565566000420e+01 1.121855781797332874e+01
-7.505528609766000159e+01 1.116887300197333310e+01
-7.501494971766000219e+01 1.111917747697332892e+01
-7.497462650565999809e+01 1.106947125797332809e+01
-7.493431645066000613e+01 1.101975435897332467e+01
-7.489401954166000053e+01 1.097002679397334113e+01
-7.485373576966000542e+01 1.092028857697334310e+01
-7.481346512465999865e+01 1.087053972197332463e+01
-7.477320759766000435e+01 1.082078023997333993e+01
-7.473296317966000402e+01 1.077101014497332621e+01
-7.469273186366000061e+01 1.072122944897332708e+01
-7.465251364165999348e+01 1.067143816397332934e+01
-7.461230850565999617e+01 1.062163629997334091e+01
-7.457211644966000108e+01 1.057182386997333801e+01
-7.453193746665999697e+01 1.052200088397332856e+01
-7.449177155165999409e+01 1.047216735197334891e+01
-7.445161869865999904e+01 1.042232328397335017e+01
-7.441147890265999365e+01 1.037246868997334026e+01
-7.437135215966000601e+01 1.032260357797334827e+01
-7.433123846665999679e+01 1.027272795697333585e+01
-7.429113781866000465e+01 1.022284183597334994e+01
-7.425105021266000449e+01 1.017294522097332710e+01
-7.421097564865999630e+01 1.012303812197333208e+01
-7.417091412265999395e+01 1.007312054397334045e+01
-7.413086563465999745e+01 1.002319249397333500e+01
-7.409083018265999954e+01 9.973253977973337570e+00
-7.405080776865999326e+01 9.923305000973323686e+00
-7.401079839166000340e+01 9.873345568973343589e+00
-7.397080205266000519e+01 9.823375686973344401e+00
-7.393081875465999531e+01 9.773395356973333392e+00
-7.389084849866000582e+01 9.723404584973332376e+00
-7.385089128766000499e+01 9.673403371973330778e+00
-7.381094712665999680e+01 9.623391722973332563e+00
-7.377101601866000635e+01 9.573369637973337731e+00
-7.373109805065999467e+01 9.523337222973333738e+00
-7.369119306865999874e+01 9.473294277973332456e+00
-7.365130115766000074e+01 9.423240900973349099e+00
-7.361142232465999768e+01 9.373177091973326824e+00
-7.357155657565999718e+01 9.323102849973333051e+00
-7.353170392065999295e+01 9.273018173973349931e+00
-7.349186436965999292e+01 9.222923062973331199e+00
-7.345203793065999776e+01 9.172817512973347576e+00
-7.341222461665999788e+01 9.122701520973345524e+00
-7.337242443866000485e+01 9.072575082973338922e+00
-7.333263740866000546e+01 9.022438195973331077e+00
-7.329286354065999376e+01 8.972290852973339170e+00
-7.325310284965999585e+01 8.922133049973348662e+00
-7.321335534966000580e+01 8.871964777973341043e+00
-7.317362105866000377e+01 8.821786030973351345e+00
-7.313389999266000530e+01 8.771596800973350483e+00
-7.309419217165999783e+01 8.721397078973348371e+00
-7.305449761266000053e+01 8.671186854973337077e+00
-7.301481633765999391e+01 8.620966117973347664e+00
-7.297514836866000110e+01 8.570734855973336508e+00
-7.293549372766000261e+01 8.520493058973324096e+00
-7.289585243966000405e+01 8.470240710973337528e+00
-7.285622452865999321e+01 8.419977799973333177e+00
-7.281661002165999719e+01 8.369704308973348716e+00
-7.277700894666000409e+01 8.319420222973343826e+00
-7.273742133266000565e+01 8.269125522973348907e+00
-7.269784721066000088e+01 8.218820192973334215e+00
-7.265828661265999244e+01 8.168504210973333457e+00
-7.261873957266000446e+01 8.118177557973348613e+00
-7.257920612565999363e+01 8.067840210973338699e+00
-7.253968630865999501e+01 8.017492147973337424e+00
-7.250018016065999404e+01 7.967133342973336418e+00
-7.246071491466000225e+01 7.916798461973338696e+00
-7.242123668566000561e+01 7.866418697973325713e+00
-7.238177225766000333e+01 7.816028116973337880e+00
-7.234232167865999941e+01 7.765626688973351399e+00
-7.230288499565999416e+01 7.715214381973335200e+00
-7.226346226165999553e+01 7.664791163973343480e+00
-7.222405352766000419e+01 7.614356995973333930e+00
-7.218465885065999998e+01 7.563911841973346206e+00
-7.214527828965999845e+01 7.513455662973338001e+00
-7.210591190466000455e+01 7.462988417973345001e+00
-7.206655976166000244e+01 7.412510060973342085e+00
-7.202722192566000103e+01 7.362020548973329248e+00
-7.198789846866000630e+01 7.311519830973334244e+00
-7.194858946466000305e+01 7.261007857973335256e+00
-7.190929498965999755e+01 7.210484573973327649e+00
-7.187001512665999314e+01 7.159949924973342483e+00
-7.183074995965999676e+01 7.109403849973342737e+00
-7.179149957965999818e+01 7.058846285973340962e+00
-7.175226407965999442e+01 7.008277165973335165e+00
-7.171304355965999378e+01 6.957696421973333933e+00
-7.167383812366000484e+01 6.907103978973334613e+00
-7.163464788166000119e+01 6.856499757973348430e+00
-7.159547294965999242e+01 6.805883676973333074e+00
-7.155631345065999938e+01 6.755255648973327531e+00
-7.151716951365999364e+01 6.704615580973348976e+00
-7.147804127566000432e+01 6.653963373973335926e+00
-7.143892888265999375e+01 6.603298922973347196e+00
-7.139983248765999235e+01 6.552622118973341792e+00
-7.136075225566000313e+01 6.501932841973338206e+00
-7.132168835865999768e+01 6.451230965973333120e+00
-7.128264098366000212e+01 6.400516355973333127e+00
-7.124361032966000096e+01 6.349788868973344158e+00
-7.120459660765999388e+01 6.299048347973349671e+00
-7.116560004565999975e+01 6.248294628973350306e+00
-7.112662088865999976e+01 6.197527529973338112e+00
-7.108765940166000519e+01 6.146746859973343469e+00
-7.104871586966000052e+01 6.095952407973352472e+00
-7.100979060365999374e+01 6.045143944973342620e+00
-7.097088394166000569e+01 5.994321221973332392e+00
-7.093199625465999247e+01 5.943483966973327703e+00
-7.089312794766000536e+01 5.892631877973339094e+00
-7.085427947165999285e+01 5.841764622973324883e+00
-7.081545132765999995e+01 5.790881830973343192e+00
-7.077664407566000193e+01 5.739983085973331178e+00
-7.073785843865999823e+01 5.689068036973334408e+00
-7.069909497566000312e+01 5.638135930973329657e+00
-7.066035459665999952e+01 5.587186250973327439e+00
-7.062163827365999680e+01 5.536218269973342210e+00
-7.058294716666000568e+01 5.485231126973327598e+00
-7.054428268165999327e+01 5.434223772973349575e+00
-7.050564657665999846e+01 5.383194896973345855e+00
-7.046704113065999309e+01 5.332142795973335403e+00
-7.042846946065999703e+01 5.281065141973324550e+00
-7.038993620466000323e+01 5.229958459973341967e+00
-7.035144941865999613e+01 5.178816713973328767e+00
-7.031297251665999681e+01 5.127543786973343565e+00
-7.037608787866000171e+01 5.138761251973330779e+00
-7.043909065165999550e+01 5.150046705973347905e+00
-7.050208308765999732e+01 5.161389449973337484e+00
-7.056506694066000307e+01 5.172779569973324776e+00
-7.062804321765999305e+01 5.184211361973349419e+00
-7.069101259465999476e+01 5.195680990973325031e+00
-7.075397556266000265e+01 5.207185655973343152e+00
-7.081693249766000520e+01 5.218723197973328176e+00
-7.087988370166000607e+01 5.230291887973346654e+00
-7.094282942165999373e+01 5.241890301973337607e+00
-7.100576986666000323e+01 5.253517244973347822e+00
-7.106870508865999625e+01 5.265171669973336854e+00
-7.113163550765999332e+01 5.276852741973324434e+00
-7.119456111066000403e+01 5.288559654973336244e+00
-7.125748201566000262e+01 5.300291720973343779e+00
-7.132039832866000495e+01 5.312048326973349610e+00
-7.138331014265999386e+01 5.323828920973336487e+00
-7.144621754365999777e+01 5.335633003973351940e+00
-7.150912060865999820e+01 5.347460122973326513e+00
-7.157201940566000076e+01 5.359309862973328897e+00
-7.163491400066000381e+01 5.371181844973331287e+00
-7.169780445066000141e+01 5.383075717973350827e+00
-7.176069080966000513e+01 5.394991158973335921e+00
-7.182357312765999779e+01 5.406927868973350648e+00
-7.188645144966000089e+01 5.418885569973350691e+00
-7.194932581866000021e+01 5.430864000973339323e+00
-7.201219627365999543e+01 5.442862921973325108e+00
-7.207506285165999316e+01 5.454882104973331813e+00
-7.213792558666000332e+01 5.466921337973327688e+00
-7.220078451066000014e+01 5.478980421973342452e+00
-7.226363965266000378e+01 5.491059169973335763e+00
-7.232649104166000598e+01 5.503157402973324785e+00
-7.238933870265999815e+01 5.515274956973338583e+00
-7.245218266066000012e+01 5.527411672973324919e+00
-7.251502293765999241e+01 5.539567401973324756e+00
-7.257785955666000177e+01 5.551742003973340722e+00
-7.264069253565999418e+01 5.563935345973329838e+00
-7.270352189566000334e+01 5.576147299973338356e+00
-7.276634765366000579e+01 5.588377745973327926e+00
-7.282916982566000286e+01 5.600626570973328278e+00
-7.289198842765999586e+01 5.612893666973344686e+00
-7.295480347566000034e+01 5.625178928973350700e+00
-7.301761498166000308e+01 5.637482259973348953e+00
-7.308042296066000176e+01 5.649803566973328195e+00
-7.314322742266000432e+01 5.662142760973348565e+00
-7.320602838066000118e+01 5.674499755973324788e+00
-7.326882584466000026e+01 5.686874472973324934e+00
-7.333161982565999892e+01 5.699266832973331809e+00
-7.339441033165999784e+01 5.711676764973328879e+00
-7.345719737266000493e+01 5.724104197973328034e+00
-7.351998095566000302e+01 5.736549063973337859e+00
-7.358276108965999640e+01 5.749011300973331906e+00
-7.364553778165999631e+01 5.761490847973329998e+00
-7.370831103865999978e+01 5.773987645973330807e+00
-7.377108086465999293e+01 5.786501640973336968e+00
-7.383380477666000274e+01 5.799024289973341517e+00
-7.389656848865999450e+01 5.811572655973345825e+00
-7.395932877766000502e+01 5.824138065973325062e+00
-7.402208564865999563e+01 5.836720473973339374e+00
-7.408483910665999872e+01 5.849319836973331910e+00
-7.414758915365999314e+01 5.861936113973338358e+00
-7.421033579465999708e+01 5.874569264973326987e+00
-7.427307903166000358e+01 5.887219251973330181e+00
-7.433581886666000571e+01 5.899886040973338019e+00
-7.439855530366000380e+01 5.912569595973333314e+00
-7.446128834265999785e+01 5.925269885973331263e+00
-7.452401798665999877e+01 5.937986880973336490e+00
-7.458674423665999598e+01 5.950720549973335771e+00
-7.464946709365999311e+01 5.963470866973348272e+00
-7.471218655865999381e+01 5.976237805973336314e+00
-7.477490263165999806e+01 5.989021342973326334e+00
-7.483761531266000588e+01 6.001821452973326920e+00
-7.490032460265999248e+01 6.014638115973350629e+00
-7.496303050065999685e+01 6.027471311973324752e+00
-7.502573300566000114e+01 6.040321019973329264e+00
-7.508843211865999479e+01 6.053187222973344994e+00
-7.515112783665999530e+01 6.066069903973324351e+00
-7.521382015865999904e+01 6.078969048973330125e+00
-7.527650908466000601e+01 6.091884640973343146e+00
-7.533919461166000531e+01 6.104816668973337634e+00
-7.540187673766000387e+01 6.117765118973347960e+00
-7.546455546165999806e+01 6.130729980973337767e+00
-7.552723078066000539e+01 6.143711244973327545e+00
-7.558990269266000439e+01 6.156708899973348359e+00
-7.565257119465999835e+01 6.169722939973349973e+00
-7.571523628366000480e+01 6.182753356973331726e+00
-7.577789795565999498e+01 6.195800142973349800e+00
-7.584055608766000489e+01 6.208863269973330823e+00
-7.590321092566000516e+01 6.221942783973328339e+00
-7.596586233665999544e+01 6.235038653973329126e+00
-7.602851031765999323e+01 6.248150877973325912e+00
-7.609115486365999459e+01 6.261279453973339848e+00
-7.615379597166000281e+01 6.274424379973335242e+00
-7.621643363665999971e+01 6.287585656973329939e+00
-7.627906785465999917e+01 6.300763282973345092e+00
-7.634169862065999723e+01 6.313957261973338397e+00
-7.640432592966000414e+01 6.327167593973338278e+00
-7.646694977766000534e+01 6.340394280973352004e+00
-7.652957015865999324e+01 6.353637327973326698e+00
-7.659218706865999593e+01 6.366896737973344322e+00
-7.665480050066000217e+01 6.380172516973341423e+00
-7.671741045065999742e+01 6.393464667973343118e+00
-7.678001691165999887e+01 6.406773198973350070e+00
-7.684261987866000254e+01 6.420098115973327246e+00
-7.690521934566000084e+01 6.433439425973342729e+00
-7.696781530565999674e+01 6.446797137973329761e+00
-7.703040775366000048e+01 6.460171259973345848e+00
-7.709299668266000083e+01 6.473561800973324232e+00
-7.715558208566000076e+01 6.486968770973329690e+00
-7.721816395665999266e+01 6.500392180973331158e+00
-7.728074228865999373e+01 6.513832040973336568e+00
-7.734331707565999636e+01 6.527288363973350549e+00
-7.740588830865999626e+01 6.540761160973342037e+00
-7.746845598166000002e+01 6.554250444973344081e+00
-7.753102008665999278e+01 6.567756229973350734e+00
-7.759358061765999537e+01 6.581278528973338204e+00
-7.765613756465999984e+01 6.594817356973346811e+00
-7.771869092165999859e+01 6.608372728973331611e+00
-7.778124068066000518e+01 6.621944659973332925e+00
-7.784378683366000473e+01 6.635533165973352077e+00
-7.790632937165999294e+01 6.649138263973351393e+00
-7.796886828665999758e+01 6.662759971973339468e+00
-7.803140357165999319e+01 6.676398305973346048e+00
-7.809393521565999663e+01 6.690053284973340730e+00
-7.815646321266000029e+01 6.703724926973332110e+00
-7.821898755165999262e+01 6.717413251973336052e+00
-7.828150822466000136e+01 6.731118278973350577e+00
-7.834402522365999744e+01 6.744840027973334706e+00
-7.840653853765999770e+01 6.758578520973339998e+00
-7.846904815866000149e+01 6.772333776973336050e+00
-7.853155407666000087e+01 6.786105817973345999e+00
-7.859405628266000576e+01 6.799894666973325563e+00
-7.865655476665999402e+01 6.813700346973344146e+00
-7.871904951966000397e+01 6.827522878973350196e+00
-7.878154053065999562e+01 6.841362287973335121e+00
-7.884402778966000369e+01 6.855218596973339906e+00
-7.890651128666000602e+01 6.869091830973327539e+00
-7.896899101165999468e+01 6.882982014973346274e+00
-7.903146695466000438e+01 6.896889173973330678e+00
-7.909393910465999511e+01 6.910813332973329004e+00
-7.915640745166000158e+01 6.924754518973339934e+00
-7.921887198365999438e+01 6.938712758973333727e+00
-7.928133269065999400e+01 6.952688079973337487e+00
-7.934378956166000307e+01 6.966680508973349895e+00
-7.940624258466000640e+01 6.980690073973330634e+00
-7.946869174965999605e+01 6.994716803973342500e+00
-7.953113704465999945e+01 7.008760726973345179e+00
-7.959357845766000139e+01 7.022821872973334045e+00
-7.965601597766000452e+01 7.036900271973332899e+00
-7.971844959365999728e+01 7.050995953973337116e+00
-7.978087929165999981e+01 7.065108948973342073e+00
-7.984330506166000418e+01 7.079239287973332573e+00
-7.990572689066000578e+01 7.093387003973329108e+00
-7.996814476565999996e+01 7.107552126973327056e+00
-8.003055867566000359e+01 7.121734690973336335e+00
-8.009296860765999782e+01 7.135934727973331171e+00
-8.015537454965999586e+01 7.150152270973332058e+00
-8.021777648666000005e+01 7.164387353973348915e+00
-8.028017440866000243e+01 7.178640010973334817e+00
-8.034256830066000532e+01 7.192910275973328105e+00
-8.040495814966000410e+01 7.207198184973345967e+00
-8.046734394265999413e+01 7.221503772973330904e+00
-8.052972566665999921e+01 7.235827074973339101e+00
-8.059210330765999686e+01 7.250168127973348753e+00
-8.065447685165999303e+01 7.264526968973338050e+00
-8.071684628565999731e+01 7.278903633973324183e+00
-8.077921159566000142e+01 7.293298161973349458e+00
-8.084157276665999348e+01 7.307710588973345800e+00
-8.090392978565999726e+01 7.322140954973344940e+00
-8.096628263665999725e+01 7.336589297973342916e+00
-8.102863130765999244e+01 7.351055656973325192e+00
-8.109097578166000631e+01 7.365540071973351921e+00
-8.115331604466000215e+01 7.380042583973330572e+00
-8.121565208165999650e+01 7.394563231973331874e+00
-8.127798387766000587e+01 7.409102056973348560e+00
-8.134031141865999359e+01 7.423659101973352215e+00
-8.140263468665999369e+01 7.438234406973346147e+00
-8.146495366866000154e+01 7.452828014973330362e+00
-8.152726834866000161e+01 7.467439968973333286e+00
-8.158957870966000314e+01 7.482070311973326504e+00
-8.165188473665999425e+01 7.496719086973338442e+00
-8.171418641366000202e+01 7.511386337973330107e+00
-8.177648372465999671e+01 7.526072109973337199e+00
-8.183877665266000179e+01 7.540776446973349145e+00
-8.190106518065999808e+01 7.555499395973352073e+00
-8.196334929366000210e+01 7.570241000973335410e+00
-8.202562897465999470e+01 7.585001308973342127e+00
-8.208790420466000626e+01 7.599780365973340501e+00
-8.215017496966000010e+01 7.614578219973334505e+00
-8.221244124966000300e+01 7.629394917973338686e+00
-8.227470302865999940e+01 7.644230507973328592e+00
-8.233696028865999494e+01 7.659085038973326043e+00
-8.239921301265999887e+01 7.673958558973335009e+00
-8.246146118165999894e+01 7.688851116973348887e+00
-8.252370477866000442e+01 7.703762764973329347e+00
-8.258594378565999250e+01 7.718693550973337203e+00
-8.264817818266000415e+01 7.733643525973344701e+00
-8.271040795266000600e+01 7.748612741973341933e+00
-8.277263307666000003e+01 7.763601250973347412e+00
-8.283485353566000242e+01 7.778609103973333383e+00
-8.289706931066000095e+01 7.793636353973336206e+00
-8.295928038366000123e+01 7.808683053973335397e+00
-8.302148673265999435e+01 7.823749257973328319e+00
-8.308368834066000375e+01 7.838835019973340756e+00
-8.314588518665999572e+01 7.853940393973341649e+00
-8.320807725166000068e+01 7.869065433973328361e+00
-8.327026451465999912e+01 7.884210197973341216e+00
-8.333244695665999302e+01 7.899374739973349158e+00
-8.339462455566000187e+01 7.914559115973328396e+00
-8.345679729265999924e+01 7.929763384973337104e+00
-8.351896514566000462e+01 7.944987602973351493e+00
-8.358112809566000578e+01 7.960231827973326624e+00
-8.364328611866000074e+01 7.975496117973331245e+00
-8.370543919665999510e+01 7.990780532973327688e+00
-8.376758730566000111e+01 8.006085131973344815e+00
-8.382973031566000088e+01 8.021409947973348054e+00
-8.389186844366000173e+01 8.036755099973328598e+00
-8.395400153465999438e+01 8.052120616973349243e+00
-8.401612956766000195e+01 8.067506559973333324e+00
-8.407825251965999769e+01 8.082912989973346285e+00
-8.414037036866000108e+01 8.098339971973326001e+00
-8.420248309266000319e+01 8.113787566973337917e+00
-8.426459066665999842e+01 8.129255839973348330e+00
-8.432669306965999567e+01 8.144744853973344689e+00
-8.438879027865999660e+01 8.160254673973350137e+00
-8.445088226766000616e+01 8.175785365973348817e+00
-8.451296901566000486e+01 8.191336995973324875e+00
-8.457505049766000127e+01 8.206909628973329873e+00
-8.463712668866000399e+01 8.222503331973337382e+00
-8.469919756666000410e+01 8.238118172973338815e+00
-8.476126310566000654e+01 8.253754220973343436e+00
-8.482332328066000571e+01 8.269411542973324813e+00
-8.488537806866000324e+01 8.285090207973349052e+00
-8.494790177966000044e+01 8.300910394973323392e+00
-8.501002037566000524e+01 8.316651065973326595e+00
-8.507206149265999784e+01 8.332395058973327551e+00
-8.513409623165999562e+01 8.348160455973351546e+00
-8.519612208466000425e+01 8.363946693973327129e+00
-8.525813964165999437e+01 8.379753999973326373e+00
-8.532014985765999882e+01 8.395582695973326182e+00
-8.538215352666000513e+01 8.411433062973339148e+00
-8.544415121465999619e+01 8.427305324973326961e+00
-8.550614329565999583e+01 8.443199661973347148e+00
-8.556813000165999483e+01 8.459116213973340237e+00
-8.563011146665999718e+01 8.475055101973334004e+00
-8.569208775366000452e+01 8.491016424973333088e+00
-8.575405888166000068e+01 8.507000272973323618e+00
-8.581602495065999392e+01 8.523006759973350555e+00
-8.587798565766000536e+01 8.539035892973339870e+00
-8.593994112465999535e+01 8.555087792973347760e+00
-8.600185012766000625e+01 8.571151841973341234e+00
-8.606380021265999858e+01 8.587250849973338873e+00
-8.612574411666000174e+01 8.603372650973335922e+00
-8.618768189765999921e+01 8.619517348973340987e+00
-8.624961358966000091e+01 8.635685043973348129e+00
-8.631153920965999760e+01 8.651875831973336872e+00
-8.637345876466000050e+01 8.668089807973325733e+00
-8.643537224866000201e+01 8.684327062973347111e+00
-8.649727964765999388e+01 8.700587686973330293e+00
-8.655918094465999957e+01 8.716871770973336098e+00
-8.662107611566000287e+01 8.733179403973332811e+00
-8.668296513366000511e+01 8.749510673973327712e+00
-8.674484796865999670e+01 8.765865672973342626e+00
-8.680672458566000671e+01 8.782244487973338565e+00
-8.686859495366000772e+01 8.798647209973347927e+00
-8.693045903665999674e+01 8.815073928973328421e+00
-8.699231679666000616e+01 8.831524735973340867e+00
-8.705416819666000094e+01 8.847999722973350245e+00
-8.711601319865999926e+01 8.864498980973332110e+00
-8.717785176265999780e+01 8.881022603973343976e+00
-8.723968384965999689e+01 8.897570684973340249e+00
-8.730150941966000744e+01 8.914143317973350022e+00
-8.736332843265999770e+01 8.930740597973334971e+00
-8.742514084765998916e+01 8.947362621973349306e+00
-8.748694662265999966e+01 8.964009485973344127e+00
-8.754874571866000110e+01 8.980681286973345223e+00
-8.761053809266000769e+01 8.997378124973346658e+00
-8.767232370365999827e+01 9.014100096973345799e+00
-8.773410250866000126e+01 9.030847304973343981e+00
-8.779587446666000972e+01 9.047619848973335266e+00
-8.785763953365999157e+01 9.064417830973349410e+00
-8.791939766966000036e+01 9.081241354973338176e+00
-8.798114882865999675e+01 9.098090522973331318e+00
-8.804289297065999165e+01 9.114965439973326866e+00
-8.810463004966000256e+01 9.131866212973330121e+00
-8.816636002366000469e+01 9.148792946973339113e+00
-8.822808284765999076e+01 9.165745749973348566e+00
-8.828979847765999978e+01 9.182724729973324784e+00
-8.835150687066000330e+01 9.199729996973326607e+00
-8.841320797966000100e+01 9.216761661973345454e+00
-8.847490176065998924e+01 9.233819833973337055e+00
-8.853658816866000336e+01 9.250904627973335792e+00
-8.859826715666000041e+01 9.268016154973333087e+00
-8.865993868066000516e+01 9.285154530973324327e+00
-8.872160269166001001e+01 9.302319870973343896e+00
-8.878325914465999347e+01 9.319512290973330337e+00
-8.884490799265999783e+01 9.336731907973325306e+00
-8.890654918666000128e+01 9.353978840973349307e+00
-8.896818267965998928e+01 9.371253209973327003e+00
-8.902980842366000047e+01 9.388555133973335742e+00
-8.909142636965999884e+01 9.405884735973325306e+00
-8.915303646866000520e+01 9.423242138973330739e+00
-8.921463867065999409e+01 9.440627465973330246e+00
-8.927623292565999691e+01 9.458040840973348296e+00
-8.933781918366000241e+01 9.475482392973328061e+00
-8.939939739265999208e+01 9.492952245973350855e+00
-8.946096750366000094e+01 9.510450529973349276e+00
-8.952252946265998901e+01 9.527977373973323338e+00
-8.958408309965999194e+01 9.545532874973327253e+00
-8.964562861465999788e+01 9.563117237973324691e+00
-8.970720688865999648e+01 9.580742320973337556e+00
-8.976873402566000948e+01 9.598384259973324006e+00
-8.983025280665999901e+01 9.616055440973349633e+00
-8.989176317666000671e+01 9.633755999973340423e+00
-8.995326507565999918e+01 9.651486073973325475e+00
-9.001475844665999659e+01 9.669245801973341159e+00
-9.007624323065999761e+01 9.687035323973328005e+00
-9.013771936866000090e+01 9.704854779973340229e+00
-9.019918680165999092e+01 9.722704313973332901e+00
-9.026064546866000171e+01 9.740584068973328513e+00
-9.032209530865999625e+01 9.758494190973346250e+00
-9.038353626266000163e+01 9.776434825973348453e+00
-9.044496826665999833e+01 9.794406121973333157e+00
-9.050639125965999199e+01 9.812408228973334090e+00
-9.056780517866000935e+01 9.830441296973328136e+00
-9.062920996065999191e+01 9.848505478973345717e+00
-9.069060554066000179e+01 9.866600926973342567e+00
-9.075199185366000165e+01 9.884727797973335228e+00
-9.081336883566000040e+01 9.902886247973350820e+00
-9.087473642065999968e+01 9.921076434973338465e+00
-9.093609454065999387e+01 9.939298517973350400e+00
-9.099744313066000245e+01 9.957552658973350290e+00
-9.105878212065999833e+01 9.975839019973330224e+00
-9.112011144265999008e+01 9.994157765973335827e+00
-9.118143102866000049e+01 1.001250906197332746e+01
-9.124274080665999520e+01 1.003089307497332960e+01
-9.130404070766000757e+01 1.004930997497333500e+01
-9.136533065865999959e+01 1.006775993297332583e+01
-9.142661058666000429e+01 1.008624311897332326e+01
-9.148788042165999457e+01 1.010475970997333128e+01
-9.154914008766000677e+01 1.012330987997332876e+01
-9.161038950966000982e+01 1.014189380697333753e+01
-9.167162861365999049e+01 1.016051166897335101e+01
-9.173285732265999570e+01 1.017916364797334872e+01
-9.179407555865999768e+01 1.019784992697332804e+01
-9.185528324466000072e+01 1.021657068897334320e+01
-9.191648030065999819e+01 1.023532612197333869e+01
-9.197766664865999076e+01 1.025411641297332643e+01
-9.203884220566000351e+01 1.027294175297333290e+01
-9.210000689166000143e+01 1.029180233297332769e+01
-9.216116062365999539e+01 1.031069834697333398e+01
-9.222230331766000688e+01 1.032962999097332535e+01
-9.228343488865999689e+01 1.034859746397332891e+01
-9.234455525266000109e+01 1.036760096397332553e+01
-9.240566432266000163e+01 1.038664069397332845e+01
-9.246676200966000181e+01 1.040571685797334034e+01
-9.252784822665999798e+01 1.042482966097332486e+01
-9.258892288366000400e+01 1.044397931197334550e+01
-9.264998588966000170e+01 1.046316602097334147e+01
-9.271103715165999404e+01 1.048239000097333395e+01
-9.277207657865999124e+01 1.050165146497334412e+01
-9.283310407565998901e+01 1.052095063197332969e+01
-9.289411954765999724e+01 1.054028771997334424e+01
-9.295512289666000072e+01 1.055966294997332433e+01
-9.301611402766000936e+01 1.057907654597334535e+01
-9.307709283965999703e+01 1.059852873497333725e+01
-9.313805923265999809e+01 1.061801974497333312e+01
-9.319901310665999006e+01 1.063754980597334487e+01
-9.325995435765999275e+01 1.065711915297333157e+01
-9.332088288165999757e+01 1.067672802097333751e+01
-9.338179857466001010e+01 1.069637664797334686e+01
-9.344270132865999301e+01 1.071606527597332992e+01
-9.350359103665999783e+01 1.073579414797333165e+01
-9.356446758866000835e+01 1.075556350997333688e+01
-9.362533087365999052e+01 1.077537361097332713e+01
-9.368618077966000612e+01 1.079522470397332690e+01
-9.374701719165999236e+01 1.081511704097334281e+01
-9.380783999666000739e+01 1.083505088097333591e+01
-9.386864907665999169e+01 1.085502648297332406e+01
-9.392944431266001004e+01 1.087504410997333970e+01
-9.399022558565999930e+01 1.089510402897334451e+01
-9.405099277365999910e+01 1.091520650697332862e+01
-9.411174575265999920e+01 1.093535181797335021e+01
-9.417248439966000717e+01 1.095554023497333596e+01
-9.423320858665999822e+01 1.097577203597333018e+01
-9.429391818466000075e+01 1.099604750297333489e+01
-9.435461306565998996e+01 1.101636691997333095e+01
-9.441529309665999392e+01 1.103673057497334220e+01
-9.447595814366000866e+01 1.105713875897333232e+01
-9.453660807065999450e+01 1.107759176497332909e+01
-9.459724274165999702e+01 1.109808989197332529e+01
-9.465786201665999045e+01 1.111863343997333153e+01
-9.471846575266000912e+01 1.113922271497332339e+01
-9.477905380866000939e+01 1.115985802297333329e+01
-9.483962615765999260e+01 1.118053971897333021e+01
-9.490018237866000561e+01 1.120126802397333599e+01
-9.496072248265998894e+01 1.122204331297333546e+01
-9.502124631766000107e+01 1.124286590697334454e+01
-9.508175372865999009e+01 1.126373613497335135e+01
-9.514224455765999267e+01 1.128465432497332621e+01
-9.520271864565999920e+01 1.130562081297332533e+01
-9.526317583065998917e+01 1.132663593797334478e+01
-9.532361594865999166e+01 1.134770004197334892e+01
-9.538403883366000002e+01 1.136881347197333447e+01
-9.544444431565999309e+01 1.138997657897334115e+01
-9.550483222166000985e+01 1.141118971897332734e+01
-9.556520238265999012e+01 1.143245325197335127e+01
-9.562552159165998944e+01 1.145375586197334350e+01
-9.568585733065999932e+01 1.147512181697333666e+01
-9.574617472766000503e+01 1.149653925497335116e+01
-9.580647359966000920e+01 1.151800855397334011e+01
-9.586675375865999627e+01 1.153953009897332471e+01
-9.592701501565998967e+01 1.156110427597334400e+01
-9.598725717765999832e+01 1.158273147997334185e+01
-9.604748019666000403e+01 1.160441216097333417e+01
-9.610768362465999815e+01 1.162614663397334347e+01
-9.616786736966000149e+01 1.164793534597333213e+01
-9.622803122666000775e+01 1.166977871297333458e+01
-9.628817498866000335e+01 1.169167715197334623e+01
-9.634829844266000975e+01 1.171363108997334201e+01
-9.640840137566000578e+01 1.173564095697335041e+01
-9.646848356866000529e+01 1.175770718997332587e+01
-9.652854479965999701e+01 1.177983022997335105e+01
-9.658858484265999778e+01 1.180201052597333877e+01
-9.664860346966000293e+01 1.182424853197334791e+01
-9.670860044666000022e+01 1.184654470797334547e+01
-9.676857553666000911e+01 1.186889952097333811e+01
-9.682852849865999190e+01 1.189131344397332590e+01
-9.688845908765999582e+01 1.191378695597333071e+01
-9.694836705465999671e+01 1.193632054297332878e+01
-9.700825214466000546e+01 1.195891469797333606e+01
-9.706811410065999723e+01 1.198156991997333343e+01
-9.712795265965999647e+01 1.200428671697334870e+01
-9.718776755265999157e+01 1.202706559997334956e+01
-9.724755851166000298e+01 1.204990709297333673e+01
-9.730732525866000060e+01 1.207281172297333605e+01
-9.736706751065999299e+01 1.209578002497334559e+01
-9.742678498266000986e+01 1.211881254397334295e+01
-9.748647738265999863e+01 1.214190983097332754e+01
-9.754614441265999858e+01 1.216507244597334569e+01
-9.760578577066000605e+01 1.218830095497332344e+01
-9.766540114865999556e+01 1.221159593497332629e+01
-9.772499023465999812e+01 1.223495797097333515e+01
-9.778455270665999421e+01 1.225838765397332430e+01
-9.784408824166000329e+01 1.228188558797332952e+01
-9.790359650565999061e+01 1.230545238297335153e+01
-9.796307716366000307e+01 1.232908865797332432e+01
-9.802252987065999434e+01 1.235279504397333916e+01
-9.808195427566001001e+01 1.237657217997334591e+01
-9.814135002166000277e+01 1.240042071397334134e+01
-9.820071674465999934e+01 1.242434130497334799e+01
-9.826005407366000100e+01 1.244833462197333951e+01
-9.831936162966000836e+01 1.247240134497334374e+01
-9.837863902766000024e+01 1.249654216297335019e+01
-9.843788587266000434e+01 1.252075777697333514e+01
-9.849710176565999120e+01 1.254504889997334693e+01
-9.855628629566000143e+01 1.256941625497332815e+01
-9.861543904666000060e+01 1.259386057597333242e+01
-9.867455959165999957e+01 1.261838260997333272e+01
-9.873364749766000159e+01 1.264298311597334568e+01
-9.879270231965999471e+01 1.266766286597333568e+01
-9.885172360666000202e+01 1.269242264297334977e+01
-9.891071089566000296e+01 1.271726324397334373e+01
-9.896966371765999781e+01 1.274218547797334544e+01
-9.902858158866000338e+01 1.276719017097334508e+01
-9.908746389165999346e+01 1.279227810297333612e+01
-9.914631027266000274e+01 1.281745018997332330e+01
-9.920512031866000768e+01 1.284270734097332856e+01
-9.926389337466000029e+01 1.286805037997333478e+01
-9.932262890866000760e+01 1.289348020397334871e+01
-9.938132637566000938e+01 1.291899772497333210e+01
-9.943998521865999862e+01 1.294460387097333331e+01
-9.949860487066000303e+01 1.297029958697333463e+01
-9.955718474865999212e+01 1.299608583297333020e+01
-9.961572425766000549e+01 1.302196358797334064e+01
-9.967422279166000010e+01 1.304793384597334160e+01
-9.973267972466000231e+01 1.307399762097332463e+01
-9.979106902366000043e+01 1.310014454497334135e+01
-9.984944065365999677e+01 1.312639833497333974e+01
-9.990776872266000908e+01 1.315274878697334238e+01
-9.996605254466000190e+01 1.317919698997334343e+01
-1.000243297056600085e+02 1.320576154297332927e+01
-1.000825221346599960e+02 1.323240831197332490e+01
-1.001406681576600022e+02 1.325915621397333588e+01
-1.001987670236599968e+02 1.328600641897332402e+01
-1.002568179606600012e+02 1.331296011997334894e+01
-1.003148201776599961e+02 1.334001853397333015e+01
-1.003727727266600027e+02 1.336718283497332926e+01
-1.004306750116600000e+02 1.339445439597334975e+01
-1.004885260786600014e+02 1.342183445597333424e+01
-1.005463250546600023e+02 1.344932432897334174e+01
-1.006040710446599888e+02 1.347692535397333735e+01
-1.006617631286599988e+02 1.350463889597332390e+01
-1.007194003676600005e+02 1.353246634797334913e+01
-1.007769817916599919e+02 1.356040912997334580e+01
-1.008345064116600014e+02 1.358846869297334514e+01
-1.008919732086599907e+02 1.361664651597333808e+01
-1.009493811356600048e+02 1.364494410797333934e+01
-1.010067291206599975e+02 1.367336300997333787e+01
-1.010640160596600055e+02 1.370190479597334310e+01
-1.011212408216600096e+02 1.373057107097334928e+01
-1.011784022406599917e+02 1.375936347597333942e+01
-1.012354991206600090e+02 1.378828368397332760e+01
-1.012925302306600059e+02 1.381733340797333121e+01
-1.013494943066599916e+02 1.384651439497334913e+01
-1.014063900466600074e+02 1.387582842997334787e+01
-1.014632161126599925e+02 1.390527733797332566e+01
-1.015199711266599962e+02 1.393486298297335146e+01
-1.015766536706600078e+02 1.396458727297334157e+01
-1.016332622846600060e+02 1.399445215497333983e+01
-1.016897954656599978e+02 1.402445962197332996e+01
-1.017462516656599973e+02 1.405461171297334921e+01
-1.018026292876599967e+02 1.408491051097333902e+01
-1.018589266866599985e+02 1.411535814897333729e+01
-1.019151421696600011e+02 1.414595680797332911e+01
-1.019712739866599946e+02 1.417670871997332860e+01
-1.020273203346599900e+02 1.420761616997332943e+01
-1.020832793536599894e+02 1.423868149697335106e+01
-1.021391491216599974e+02 1.426990709497334286e+01
-1.021949276586600064e+02 1.430129541597335141e+01
-1.022506129166599891e+02 1.433284896997334990e+01
-1.023062027796599978e+02 1.436457033097334524e+01
-1.023616646436600064e+02 1.439644458497334689e+01
-1.024170590716600060e+02 1.442851054997333371e+01
-1.024723512576600086e+02 1.446075239497334941e+01
-1.025275387846599955e+02 1.449317295597333022e+01
-1.025826191536599907e+02 1.452577513897332473e+01
-1.026375897776599970e+02 1.455856192397333793e+01
-1.026924479776599952e+02 1.459153636797332787e+01
-1.027471909826600012e+02 1.462470160497334781e+01
-1.028018159176599937e+02 1.465806085097335121e+01
-1.028563198056599930e+02 1.469161740597334109e+01
-1.029106995596600029e+02 1.472537465497333109e+01
-1.029649519796600003e+02 1.475933607297334937e+01
-1.030190737446599911e+02 1.479350522797335010e+01
-1.030730614056599990e+02 1.482788578297333437e+01
-1.031269113866599980e+02 1.486248149797332907e+01
-1.031806199696600004e+02 1.489729623697334127e+01
-1.032341832926600063e+02 1.493233396497333310e+01
-1.032875973396599960e+02 1.496759875997335065e+01
-1.033408579386599939e+02 1.500309480797334949e+01
-1.033939607436600028e+02 1.503882641197332681e+01
-1.034469012366599969e+02 1.507479799497334660e+01
-1.034996747096599989e+02 1.511101410197334793e+01
-1.035522762616599977e+02 1.514747940497334788e+01
-1.036047007816600001e+02 1.518419870697334240e+01
-1.036569429456599920e+02 1.522117694597334925e+01
-1.037089971966600075e+02 1.525841920097334459e+01
-1.037608577386599933e+02 1.529593069297333763e+01
-1.038125185176599956e+02 1.533371679097333562e+01
-1.038639732146599925e+02 1.537178301597332997e+01
-1.039152152236599989e+02 1.541013504797333589e+01
-1.039662376396600081e+02 1.544877872597333557e+01
-1.040170332416600019e+02 1.548772005497334625e+01
-1.040675944686600047e+02 1.552696521097333893e+01
-1.041179134116599982e+02 1.556652054297333088e+01
-1.041679817826599930e+02 1.560639258097332949e+01
-1.042177908976600094e+02 1.564658803397332498e+01
-1.042673316516600011e+02 1.568711380197333405e+01
-1.043165945836600059e+02 1.572797704597334167e+01
-1.043655693956599890e+02 1.576918481697333085e+01
-1.044142413246599972e+02 1.581075011997332957e+01
-1.044626226476599982e+02 1.585265340697332626e+01
-1.045107166516599904e+02 1.589488619797332980e+01
-1.045585148316599913e+02 1.593745354397332825e+01
-1.046060084456600094e+02 1.598036047897334733e+01
-1.046531875766600024e+02 1.602361114897334105e+01
-1.047000433616600077e+02 1.606721082197332962e+01
-1.047465668666599896e+02 1.611116489597332802e+01
-1.047927483546599916e+02 1.615547819297333021e+01
-1.048385778436599907e+02 1.620015544897333015e+01
-1.048840451046599895e+02 1.624520129897333831e+01
-1.049291396716599962e+02 1.629062025797332680e+01
-1.049738508386599989e+02 1.633641670697334902e+01
-1.050181676716600094e+02 1.638259487297335326e+01
-1.050620790146600001e+02 1.642915880797334793e+01
-1.051055735016600039e+02 1.647611237397333284e+01
-1.051486395636599980e+02 1.652345921897332559e+01
-1.051912654446600044e+02 1.657120275597332792e+01
-1.052334392196599993e+02 1.661934614297333823e+01
-1.052751892596599959e+02 1.666793980797333674e+01
-1.053164209936600031e+02 1.671689044997333085e+01
-1.053571640276600050e+02 1.676624865897334971e+01
-1.053974059456599974e+02 1.681601633597332679e+01
-1.054371342676599994e+02 1.686619501697333234e+01
-1.054763364846599956e+02 1.691678584397334006e+01
-1.055150000876599989e+02 1.696778954597334277e+01
-1.055531125976599895e+02 1.701920641397333256e+01
-1.055906616086599996e+02 1.707103628397333850e+01
-1.056276348236600029e+02 1.712327851997335060e+01
-1.056640200916599923e+02 1.717593199197332510e+01
-1.056998054546599946e+02 1.722899506297335037e+01
-1.057349791906599989e+02 1.728246557897332636e+01
-1.057695298586599932e+02 1.733634084997333602e+01
-1.058034463446600029e+02 1.739061765497333667e+01
-1.058367179096600097e+02 1.744529222397335033e+01
-1.058693342356599914e+02 1.750036024297332560e+01
-1.059012854776599966e+02 1.755581685197332931e+01
-1.059325623026600027e+02 1.761165665397333768e+01
-1.059631559426600091e+02 1.766787371897333614e+01
-1.059930582346599977e+02 1.772446159697335233e+01
-1.060222616666600004e+02 1.778141333597335105e+01
-1.060507594116599961e+02 1.783872149597334200e+01
-1.060785453716599989e+02 1.789637817997333613e+01
-1.061056142036599965e+02 1.795437504897332914e+01
-1.061319613566599998e+02 1.801270335997332595e+01
-1.061575830896600081e+02 1.807135399397332876e+01
-1.061824764986599945e+02 1.813031749297334372e+01
-1.062066395296599950e+02 1.818958409097333728e+01
-1.062300709916599999e+02 1.824914375897332874e+01
-1.062527705606599966e+02 1.830898624297332944e+01
-1.062747387816599911e+02 1.836910110097334936e+01
-1.062959770666600008e+02 1.842947775097334429e+01
-1.063164876826599965e+02 1.849010550797333607e+01
-1.063362737386599974e+02 1.855097362597333799e+01
-1.063553391686599952e+02 1.861207133997333685e+01
-1.063736887086599978e+02 1.867338790597335318e+01
-1.063913278676599958e+02 1.873491263497333748e+01
-1.064082628996600022e+02 1.879663493497335125e+01
-1.064245007676600068e+02 1.885854433997334567e+01
-1.064400491126599917e+02 1.892063054697333868e+01
-1.064549162066600019e+02 1.898288343997333172e+01
-1.064691109206600004e+02 1.904529312097335136e+01
-1.064826426756600029e+02 1.910784993297334822e+01
-1.064955214046599963e+02 1.917054447997332645e+01
-1.065077575066599991e+02 1.923336764897333850e+01
-1.065193618026600006e+02 1.929631061997335095e+01
-1.065303454926600040e+02 1.935936488497332775e+01
-1.065407201146600045e+02 1.942252225597334458e+01
-1.065504974966600003e+02 1.948577487097332650e+01
-1.065596897216600070e+02 1.954911520397334002e+01
-1.065683090856600046e+02 1.961253606297333008e+01
-1.065763680566600016e+02 1.967603059597334081e+01
-1.065838792436600073e+02 1.973959228697333046e+01
-1.065908553566600006e+02 1.980321495797334919e+01
-1.065973091736600082e+02 1.986689275697335333e+01
-1.066032535156600005e+02 1.993062016297335148e+01
-1.066087012096599977e+02 1.999439196997334633e+01
-1.066136650696600014e+02 2.005820328897334193e+01
-1.066181578646600059e+02 2.012204952597334895e+01
-1.066221923006599894e+02 2.018592638897333913e+01
-1.066257809966599979e+02 2.024982986697332521e+01
-1.066289364696599904e+02 2.031375622297334971e+01
-1.066316711116599976e+02 2.037770198597334215e+01
-1.066339971776599924e+02 2.044166393497334511e+01
-1.066359267746600068e+02 2.050563909197333246e+01
-1.066374718426599912e+02 2.056962470997333625e+01
-1.066386441506599994e+02 2.063361826197333571e+01
-1.066394552826599949e+02 2.069761742797333781e+01
-1.066399166316600002e+02 2.076162008897332711e+01
