-1.259167937006599942e+02 -2.082435596502665831e+01
-1.259127253256599914e+02 -2.031557937402667235e+01
-1.258974527856600076e+02 -1.980631232702666367e+01
-1.258720128446600057e+02 -1.929769531302665442e+01
-1.258373214786600016e+02 -1.878961117902665379e+01
-1.257942517756600012e+02 -1.828215275902664771e+01
-1.257436338586600044e+02 -1.777539402002665625e+01
-1.256862578806599942e+02 -1.726938083002665181e+01
-1.256228713576600029e+02 -1.676408474502665413e+01
-1.255541912376599925e+02 -1.625948041302666880e+01
-1.254809062116599989e+02 -1.575552386902666591e+01
-1.254036815416599921e+02 -1.525215580202666921e+01
-1.253231638926599913e+02 -1.474930371302665399e+01
-1.252399864116599986e+02 -1.424688462802666855e+01
-1.251547737906600020e+02 -1.374480665002665170e+01
-1.250681475516600045e+02 -1.324297063102665639e+01
-1.249807315306599946e+02 -1.274127161702666022e+01
-1.248931576776599996e+02 -1.223960020002664884e+01
-1.248060722346599931e+02 -1.173784387602666435e+01
-1.247201424436599950e+02 -1.123588850102667003e+01
-1.246360638906599974e+02 -1.073361993602666153e+01
-1.245545686586600027e+02 -1.023092604802665129e+01
-1.244764344606600019e+02 -9.727699202026661496e+00
-1.244024949616599969e+02 -9.223839496026675633e+00
-1.243336571186599997e+02 -8.719302009026653977e+00
-1.242699036546599984e+02 -8.214049935026656257e+00
-1.242069043826599994e+02 -7.708703884026651743e+00
-1.241439118556599936e+02 -7.203356503026673074e+00
-1.240808419196600028e+02 -6.698018030026649861e+00
-1.240176318916600025e+02 -6.192696053026655711e+00
-1.239542314926600000e+02 -5.687396645026670861e+00
-1.238905977756599981e+02 -5.182125014026671472e+00
-1.238266920386599992e+02 -4.676885880026650177e+00
-1.237624777606599906e+02 -4.171683529026670278e+00
-1.236979135406599966e+02 -3.666478298026651483e+00
-1.236329803556599956e+02 -3.161408271026663552e+00
-1.235676251466600064e+02 -2.656356692026667243e+00
-1.235018126446600064e+02 -2.151363798026669993e+00
-1.234354999236600037e+02 -1.646435491026669862e+00
-1.233686398586600035e+02 -1.141578328026672917e+00
-1.233011799776599986e+02 -6.367996960266615325e-01
-1.232330610706599998e+02 -1.321080210266578348e-01
-1.231642154716600004e+02 3.724869729733435997e-01
-1.230945678356600013e+02 8.769525159733242425e-01
-1.230239264606600074e+02 1.381984899973327519e+00
-1.229523730376599957e+02 1.886201668973337409e+00
-1.228796840066599998e+02 2.390242759973342235e+00
-1.228058031166600017e+02 2.893369281973344531e+00
-1.227302137306599974e+02 3.397662299973343014e+00
-1.226529563196599923e+02 3.901041422973344996e+00
-1.225735912486599943e+02 4.404081377973336764e+00
-1.224917681056600003e+02 4.905951478973345381e+00
-1.224064294626600002e+02 5.408780080973339288e+00
-1.223169027086599954e+02 5.910101999973330855e+00
-1.222212991156600026e+02 6.410296326973333514e+00
-1.221066110386600059e+02 6.906352805973337006e+00
-1.219557522136600056e+02 7.392623107973345320e+00
-1.217705935066600063e+02 7.866909090973332574e+00
-1.215550836136600026e+02 8.328218778973331737e+00
-1.213141740586600008e+02 8.776806158973323946e+00
-1.210529513066600060e+02 9.213886566973338077e+00
-1.207760432986599994e+02 9.641221871973323587e+00
-1.204876904116599974e+02 1.006027056097334516e+01
-1.201903381966599937e+02 1.047390230497333086e+01
-1.198871831526600005e+02 1.088275004797332635e+01
-1.195797198116599986e+02 1.128879485997333099e+01
-1.192697092396600027e+02 1.169281084397334247e+01
-1.189583031796600068e+02 1.209570812597334033e+01
-1.186463798846599929e+02 1.249821592197334930e+01
-1.183339834946600035e+02 1.290172114597333497e+01
-1.180233150036600023e+02 1.330449185697335146e+01
-1.177136803606600068e+02 1.370827455897332392e+01
-1.174048510246600046e+02 1.411402998597332648e+01
-1.170985983446600045e+02 1.451992150397333070e+01
-1.167937297316600080e+02 1.492789324097332759e+01
-1.164909222456600020e+02 1.533731951897333978e+01
-1.161902064776599985e+02 1.574835226997333315e+01
-1.158917192056600101e+02 1.616093570397333323e+01
-1.155954597336600074e+02 1.657515207797333900e+01
-1.153014953126600091e+02 1.699094945397333944e+01
-1.150098249266600021e+02 1.740833940397333990e+01
-1.147201782126600023e+02 1.782770124297334391e+01
-1.144330930356600078e+02 1.824822197097332932e+01
-1.141484036276600023e+02 1.867008442897335030e+01
-1.139792508936599944e+02 1.869326758097335173e+01
-1.139683433716599978e+02 1.818415484497333168e+01
-1.139666036676600100e+02 1.767472766097332837e+01
-1.139738321516600053e+02 1.716534359097334672e+01
-1.139898138536600101e+02 1.665695706297332990e+01
-1.140144400406600056e+02 1.614809526397334238e+01
-1.140475433336600020e+02 1.563987170197332865e+01
-1.140890101016600084e+02 1.513233528797334237e+01
-1.141387555556599978e+02 1.462554346797332450e+01
-1.141967214976599934e+02 1.411958234497333287e+01
-1.142628644726599987e+02 1.361464609697332584e+01
-1.143371742316600006e+02 1.311087576697334534e+01
-1.144196850636599976e+02 1.260833656897335153e+01
-1.145104454786600030e+02 1.210723311897333510e+01
-1.146095511426600098e+02 1.160771874897334932e+01
-1.147171405176599990e+02 1.110996546497335125e+01
-1.148334014916599983e+02 1.061416754697332898e+01
-1.149585809206599976e+02 1.012054346297332508e+01
-1.150929924586599924e+02 9.629356984973350464e+00
-1.152370358926599891e+02 9.140910156973342637e+00
-1.153912145886599916e+02 8.655568844973339893e+00
-1.155561630966600006e+02 8.173782843973350865e+00
-1.157326848946599966e+02 7.696118015973349991e+00
-1.159067186496599930e+02 7.217592446973351450e+00
-1.160557914996600033e+02 6.730698531973327015e+00
-1.161838342456600088e+02 6.237847546973337209e+00
-1.162942549046600078e+02 5.740703925973345001e+00
-1.163896969876600025e+02 5.240507250973332809e+00
-1.164722871976600089e+02 4.738017353973329016e+00
-1.165437333796599972e+02 4.233812696973326517e+00
-1.166054357206599974e+02 3.728314985973350648e+00
-1.166585588956599935e+02 3.221836795973326506e+00
-1.167040852306599987e+02 2.714613185973343779e+00
-1.167428507326600027e+02 2.206877303973323823e+00
-1.167755903946600000e+02 1.698674359973348036e+00
-1.168029420826599960e+02 1.190113507973331597e+00
-1.168254715506599979e+02 6.813559249733267542e-01
-1.168436978836599991e+02 1.724029539733416272e-01
-1.168580953026600042e+02 -3.366690530266728820e-01
-1.168691097826600043e+02 -8.457789000266635604e-01
-1.168771720276599950e+02 -1.354944023026666056e+00
-1.168827063796600072e+02 -1.864233787026653655e+00
-1.168861419066600007e+02 -2.373457781026649283e+00
-1.168879340276599947e+02 -2.882709919026671397e+00
-1.168885812066599925e+02 -3.391955466026649102e+00
-1.168887390246599978e+02 -3.901192743026660192e+00
-1.168930710396600006e+02 -4.410400493026661373e+00
-1.169038813356599888e+02 -4.919505239026652710e+00
-1.169210660236600035e+02 -5.428394602026661353e+00
-1.169445659426599917e+02 -5.937103520026657755e+00
-1.169743510056599973e+02 -6.445466094026675030e+00
-1.170104330256599923e+02 -6.953458070026674598e+00
-1.170528578586600048e+02 -7.461013038026668376e+00
-1.171016965886600047e+02 -7.967954709026661142e+00
-1.171570620966599989e+02 -8.474186734026664780e+00
-1.172191144426600005e+02 -8.979673382026652106e+00
-1.172880434856599976e+02 -9.484261641026654033e+00
-1.173640871376600074e+02 -9.987814744026655589e+00
-1.174475300136599998e+02 -1.049015793802667496e+01
-1.175387269996599997e+02 -1.099117057902666339e+01
-1.176380833626599980e+02 -1.149061138202666221e+01
-1.177461015516600042e+02 -1.198830332602665827e+01
-1.178633305376599907e+02 -1.248382118202665048e+01
-1.179904839936599927e+02 -1.297692774602666610e+01
-1.181283731256599907e+02 -1.346715202202665829e+01
-1.182779831836599982e+02 -1.395396269802666289e+01
-1.184348323066599988e+02 -1.443845638802665654e+01
-1.185772393246599989e+02 -1.492733082102666309e+01
-1.187020519026600027e+02 -1.542103499302667124e+01
-1.188080251276600023e+02 -1.591911999002664935e+01
-1.188936111696599909e+02 -1.642111219802666611e+01
-1.189568056636600062e+02 -1.692636042002667196e+01
-1.189949633136599942e+02 -1.743413617302664775e+01
-1.190044239886600081e+02 -1.794320341602665181e+01
-1.189799396656599981e+02 -1.845174204902665238e+01
-1.189135555446599994e+02 -1.895646324802666882e+01
-1.187924216536599999e+02 -1.945078309802665117e+01
-1.185944898156599976e+02 -1.991906226002666713e+01
-1.182840369276599972e+02 -2.031995641302666300e+01
-1.178864108876600056e+02 -2.063622644602665801e+01
-1.174133112986599912e+02 -2.081896967102665386e+01
-1.169095970376599922e+02 -2.089076397802665852e+01
-1.164010378516600070e+02 -2.091631589702666716e+01
-1.158918380656599965e+02 -2.092384254002667276e+01
-1.153826135656600087e+02 -2.092400205402666202e+01
-1.148734279886599978e+02 -2.092130889102665847e+01
-1.143641729216599998e+02 -2.091788259502667202e+01
-1.138548084996599954e+02 -2.091478981902665524e+01
-1.133455860036600029e+02 -2.091258873902666338e+01
-1.128363671566599891e+02 -2.091156984402664776e+01
-1.123271488286600004e+02 -2.091151871302665555e+01
-1.118179084686600078e+02 -2.091151871302665555e+01
-1.113085292386600003e+02 -2.091151871302665555e+01
-1.107993628186600006e+02 -2.091151871302665555e+01
-1.102901040806600008e+02 -2.091151871302665555e+01
-1.097808395306600033e+02 -2.091151871302665555e+01
-1.092715999286599953e+02 -2.091151871302665555e+01
-1.087621909086600027e+02 -2.091151871302665555e+01
-1.082530914326599998e+02 -2.091151871302665555e+01
-1.077438887996599988e+02 -2.091151871302665555e+01
-1.072346323726600019e+02 -2.091151871302665555e+01
-1.067253419636600000e+02 -2.091151871302665555e+01
-1.062159542746600067e+02 -2.091151871302665555e+01
-1.057066041246599895e+02 -2.091151871302665555e+01
-1.051968784086599982e+02 -2.091151871302665555e+01
-1.046876208556600005e+02 -2.091151871302665555e+01
-1.041785269586600009e+02 -2.091151871302665555e+01
-1.036696114686599941e+02 -2.091151871302665555e+01
-1.031602618366599984e+02 -2.091151871302665555e+01
-1.026511040216600037e+02 -2.091151871302665555e+01
-1.021414071726600099e+02 -2.091151871302665555e+01
-1.016320856796599941e+02 -2.091151871302665555e+01
-1.011233182396600085e+02 -2.091151871302665555e+01
-1.006136075806600019e+02 -2.091151871302665555e+01
-1.001046616706600076e+02 -2.091151871302665555e+01
-9.959507617965999771e+01 -2.091151871302665555e+01
-9.908579070966000302e+01 -2.091151871302665555e+01
-9.857675977466000461e+01 -2.091151871302665555e+01
-9.806738751865999859e+01 -2.091151871302665555e+01
-9.755802268265999544e+01 -2.091151871302665555e+01
-9.704878934366000465e+01 -2.091151871302665555e+01
-9.653984325065999883e+01 -2.091151871302665555e+01
-9.603070066165999208e+01 -2.091151871302665555e+01
-9.552101111166000180e+01 -2.091151871302665555e+01
-9.501178536765999638e+01 -2.091151871302665555e+01
-9.450252359566000848e+01 -2.091151871302665555e+01
-9.399320467665999956e+01 -2.091151871302665555e+01
-9.348429766866000534e+01 -2.091151871302665555e+01
-9.297440756266000506e+01 -2.091151871302665555e+01
-9.246614447966000228e+01 -2.091151871302665555e+01
-9.195644574866000198e+01 -2.091151871302665555e+01
-9.144725113765998969e+01 -2.091151871302665555e+01
-9.093796270866000953e+01 -2.091151871302665555e+01
-9.042840829466000230e+01 -2.091151871302665555e+01
-8.991962027665999813e+01 -2.091151871302665555e+01
-8.940995954265999046e+01 -2.091151871302665555e+01
-8.890067879565999931e+01 -2.091151871302665555e+01
-8.839139239866000253e+01 -2.091151871302665555e+01
-8.788210448265999730e+01 -2.091151871302665555e+01
-8.737281746666000970e+01 -2.091151871302665555e+01
-8.686357377666000446e+01 -2.091151871302665555e+01
-8.635424798865999207e+01 -2.091151871302665555e+01
-8.584497932566000600e+01 -2.091151871302665555e+01
-8.533571020066000301e+01 -2.091151871302665555e+01
-8.482644157766000603e+01 -2.091151871302665555e+01
-8.431753700465999657e+01 -2.091151871302665555e+01
-8.380823119366000640e+01 -2.091151871302665555e+01
-8.329893210666000414e+01 -2.091151871302665555e+01
-8.278962636666000208e+01 -2.091151871302665555e+01
-8.228063873566000552e+01 -2.091151871302665555e+01
-8.177111945465999554e+01 -2.091151871302665555e+01
-8.126185686066000358e+01 -2.091151871302665555e+01
-8.075258242265999797e+01 -2.091151871302665555e+01
-8.024332564766000075e+01 -2.091151871302665555e+01
-7.973402871666000635e+01 -2.091151871302665555e+01
-7.922459266065999373e+01 -2.091151871302665555e+01
-7.871547241966000286e+01 -2.091151871302665555e+01
-7.820630932166000093e+01 -2.091151871302665555e+01
-7.769697926166000457e+01 -2.091151871302665555e+01
-7.718774300766000351e+01 -2.091151871302665555e+01
-7.667849686265999765e+01 -2.091151871302665555e+01
-7.616928688065999609e+01 -2.091151871302665555e+01
-7.566003020066000317e+01 -2.091151871302665555e+01
-7.515083040166000217e+01 -2.091151871302665555e+01
-7.464153832766000107e+01 -2.091151871302665555e+01
-7.413207608566000317e+01 -2.091151871302665555e+01
-7.362271963966000499e+01 -2.091151871302665555e+01
-7.311375446565999425e+01 -2.091151871302665555e+01
-7.260451385966000259e+01 -2.091151871302665555e+01
-7.209523917666000159e+01 -2.091160143502665747e+01
-7.158598493265999707e+01 -2.091327150902666077e+01
-7.107676689365999323e+01 -2.091672669602664669e+01
-7.056750714266000557e+01 -2.092161253602666093e+01
-7.005854507365999950e+01 -2.092767053202667071e+01
-6.954908491065999954e+01 -2.093472111002666125e+01
-6.903990782965999529e+01 -2.094260821402665229e+01
-6.853070798966000154e+01 -2.095122090102666235e+01
-6.802155996065999943e+01 -2.096046525502666569e+01
-6.751237790566000285e+01 -2.097026692902665346e+01
-6.700322988166000471e+01 -2.098056152202665103e+01
-6.649409738266000147e+01 -2.099129618902665939e+01
-6.598495384966000188e+01 -2.100242621102666263e+01
-6.547583282866000332e+01 -2.101391189102665535e+01
-6.496671240866000119e+01 -2.102571989102665739e+01
-6.445760834265999506e+01 -2.103782025402665923e+01
-6.394851143666000581e+01 -2.105018712002666703e+01
-6.343940385666000026e+01 -2.106279781702665233e+01
-6.293031218266001048e+01 -2.107563106902665950e+01
-6.242145975766000987e+01 -2.108866260602664866e+01
-6.191227225866000339e+01 -2.110189053102667245e+01
-6.140305992766000287e+01 -2.111529188602665741e+01
-6.089408437666001106e+01 -2.112884595502666585e+01
-6.038494379266000323e+01 -2.114255087302666780e+01
-5.987589154166000327e+01 -2.115638836802665779e+01
-5.936684722466001318e+01 -2.117035002502666785e+01
-5.885774693466000684e+01 -2.118442786502666664e+01
-5.834839735066000088e+01 -2.119861830102667355e+01
-5.783961379966000749e+01 -2.121289014302667297e+01
-5.733070966066001262e+01 -2.122725472702666494e+01
-5.682154020365999969e+01 -2.124170895102665568e+01
-5.631249598066001028e+01 -2.125623493802666886e+01
-5.580345227366000671e+01 -2.127082981502664794e+01
-5.529441221066000622e+01 -2.128548746502665168e+01
-5.478538419266001114e+01 -2.130020196002667277e+01
-5.427635404466000324e+01 -2.131496833802666302e+01
-5.376722710666000893e+01 -2.132978426802666050e+01
-5.325820832866001098e+01 -2.134463895402666722e+01
-5.274914035966001080e+01 -2.135953238302665014e+01
-5.224007557866000440e+01 -2.137445864702667464e+01
-5.173103946066000702e+01 -2.138941281202665223e+01
-5.122216590866000985e+01 -2.140438692602666393e+01
-5.071288181266000805e+01 -2.141939402902665179e+01
-5.020389546566000405e+01 -2.143440957102666644e+01
-4.969506969666000629e+01 -2.144943402802664778e+01
-4.930292996866000266e+01 -2.174713097402664985e+01
-4.900227377166000764e+01 -2.215797074902664932e+01
-4.872466986766000474e+01 -2.258522656002665840e+01
-4.845911235366001080e+01 -2.301959697602666566e+01
-4.820088386766000355e+01 -2.345859595302664857e+01
-4.794789475866000572e+01 -2.390052403002664860e+01
-4.769874148366000810e+01 -2.434468515202667405e+01
-4.745256406966000640e+01 -2.479054944902665980e+01
-4.720895964066000516e+01 -2.523739547202666600e+01
-4.696711124466001053e+01 -2.568566083802665290e+01
-4.672696423566001300e+01 -2.613464096702665884e+01
-4.648813367066001234e+01 -2.658441844402665666e+01
-4.625046858466000543e+01 -2.703476527402665752e+01
-4.601376303466000905e+01 -2.748564901602665955e+01
-4.577785563066000663e+01 -2.793702253502667432e+01
-4.554264531766001056e+01 -2.838877575702665368e+01
-4.530793713766001218e+01 -2.884101976002665779e+01
-4.507407149466001073e+01 -2.929286325602666707e+01
-4.484053583266000231e+01 -2.974508559202667257e+01
-4.460726572566000669e+01 -3.019762233902665471e+01
-4.437424495166001037e+01 -3.065032969502667370e+01
-4.414136540266000708e+01 -3.110325322302665896e+01
-4.390853513066000602e+01 -3.155641540002665479e+01
-4.367581704166000378e+01 -3.200954257902666455e+01
-4.344301037466001247e+01 -3.246287747602665519e+01
-4.321023398166000362e+01 -3.291604136602666841e+01
-4.297754617366000929e+01 -3.336877263602665522e+01
-4.274443956366000208e+01 -3.382190645702667808e+01
-4.251126444766000390e+01 -3.427460398902665162e+01
-4.227773216366001208e+01 -3.472725988002665787e+01
-4.204392047766000218e+01 -3.517954610002667692e+01
-4.180960752166000560e+01 -3.563169963602667423e+01
-4.157478108565999975e+01 -3.608353223002666965e+01
-4.133931133365999955e+01 -3.653505766002667343e+01
-4.110310212866000512e+01 -3.698619279602667831e+01
-4.086602202266001171e+01 -3.743688121402667690e+01
-4.062790440766000444e+01 -3.788707997002666872e+01
-4.038878838165999952e+01 -3.833629113202665195e+01
-4.014801063466000386e+01 -3.878524197202666102e+01
-3.990553485866001182e+01 -3.923335266502665064e+01
-3.966128243566000577e+01 -3.967996017402666808e+01
-3.941441415266000803e+01 -4.012553689802667378e+01
-3.916464313466000391e+01 -4.056915847902667593e+01
-3.891097416566000078e+01 -4.101055299202665338e+01
-3.865188474466000201e+01 -4.144926341102667067e+01
-3.838550346766000843e+01 -4.188334080802665227e+01
-3.810757596966001159e+01 -4.231003603502666266e+01
-3.780778639666001339e+01 -4.272134452202667632e+01
-3.743215045266000374e+01 -4.305352577902667832e+01
-3.692288693166000968e+01 -4.306948975902665921e+01
-3.641367337065999976e+01 -4.308399323602666442e+01
-3.590513911266000235e+01 -4.309811440302667762e+01
-3.539544061366000705e+01 -4.311189979502666603e+01
-3.488659459365999993e+01 -4.312529051302667682e+01
-3.437749815466001024e+01 -4.313831235002667341e+01
-3.386824405966000739e+01 -4.315095873502665569e+01
-3.335954694066000314e+01 -4.316320879302666214e+01
-3.284967974266000823e+01 -4.317510001602665426e+01
-3.234083430366001011e+01 -4.318657792002665730e+01
-3.183150971766000126e+01 -4.319767401002665252e+01
-3.132237573566000677e+01 -4.320837063602665040e+01
-3.081323154266000941e+01 -4.321866976702666108e+01
-3.030419751766000402e+01 -4.322856692302665493e+01
-2.979493395166000269e+01 -4.323806671902665499e+01
-2.928595418166000641e+01 -4.324715814002667713e+01
-2.877675373565999806e+01 -4.325584913302666479e+01
-2.826727172766000606e+01 -4.326413939602665693e+01
-2.775860425665999642e+01 -4.327201140902665344e+01
-2.724903769965999700e+01 -4.327949171702665154e+01
-2.673979334665999730e+01 -4.328656230602667421e+01
-2.623060790565999767e+01 -4.329322839102665199e+01
-2.572153754666000580e+01 -4.329949107502665839e+01
-2.521231748766000536e+01 -4.330535576202667158e+01
-2.470390614566000309e+01 -4.331081494402665300e+01
-2.419466767365999615e+01 -4.331588952702666262e+01
-2.368486009566000305e+01 -4.332057931802666673e+01
-2.317565363865999828e+01 -4.332487822502665864e+01
-2.266616580966000427e+01 -4.332879936102666107e+01
-2.215708679466000675e+01 -4.333234352902665165e+01
-2.164777052966001136e+01 -4.333552207702667403e+01
-2.113843577766001047e+01 -4.333834072302665419e+01
-2.062943318465999099e+01 -4.334080591702667817e+01
-2.012008047266001043e+01 -4.334292971302665620e+01
-1.961081658566000741e+01 -4.334471949002665525e+01
-1.910149421166001460e+01 -4.334618596802665280e+01
-1.859221153265999149e+01 -4.334733970802665937e+01
-1.808366536665998936e+01 -4.334819134502667026e+01
-1.757440722165999958e+01 -4.334875549602666212e+01
-1.706514833566000178e+01 -4.334904357002665876e+01
-1.655533304265999917e+01 -4.334906886402666970e+01
-1.604603549366000337e+01 -4.334884528302666951e+01
-1.553736880266000320e+01 -4.334838819502665075e+01
-1.502806864866001568e+01 -4.334771144002667853e+01
-1.451823600165999117e+01 -4.334682985402665878e+01
-1.400887573866000047e+01 -4.334576098002666100e+01
-1.349971037165999199e+01 -4.334452076702667256e+01
-1.299056528566000246e+01 -4.334312533602665241e+01
-1.248115294366001216e+01 -4.334159046202666588e+01
-1.197179804465999631e+01 -4.333993389002666419e+01
-1.146315129265999211e+01 -4.333817493302667145e+01
-1.095343920065999122e+01 -4.333632436602665194e+01
-1.044413055366000798e+01 -4.333440435902665655e+01
-9.934893676660001560e+00 -4.333243070002666997e+01
-9.426165893660018114e+00 -4.333042195902667260e+01
-8.916862491660017653e+00 -4.332839047002665467e+01
-8.407316399659995554e+00 -4.332635393302667381e+01
-7.898336763660003257e+00 -4.332433170502665831e+01
-7.387887659660000494e+00 -4.332233159802667188e+01
-6.879081496659997796e+00 -4.332038122802666891e+01
-6.369425664660004927e+00 -4.331848598802665862e+01
-5.860121297660006334e+00 -4.331666501902666511e+01
-5.350928370659991273e+00 -4.331493146802666416e+01
-4.841800930660005164e+00 -4.331329872902666267e+01
-4.332766557660013618e+00 -4.331177990502667541e+01
-3.823521264659992980e+00 -4.331038664902667534e+01
-3.314323398659999143e+00 -4.330913169202666069e+01
-2.805407607660006519e+00 -4.330802685602666457e+01
-2.295902135660005783e+00 -4.330708120102665504e+01
-1.786736524659991110e+00 -4.330630679402666061e+01
-1.277345477660011275e+00 -4.330571236502667176e+01
-7.681248186600181382e-01 -4.330530745902667178e+01
-2.590419116599970151e-01 -4.330510035002667024e+01
2.502581603400050314e-01 -4.330506661002667812e+01
7.594977443400044992e-01 -4.330500862102665138e+01
1.268593991340006832e+00 -4.330488634002666259e+01
1.777788430340004888e+00 -4.330469344502666473e+01
2.287264742340008539e+00 -4.330442336202666098e+01
2.796324452339982614e+00 -4.330406993202667110e+01
3.305791396340007182e+00 -4.330362589402665918e+01
3.814895817339996498e+00 -4.330308510702665359e+01
4.323979173339987270e+00 -4.330244042202665611e+01
4.833254658340004895e+00 -4.330168453102667314e+01
5.342284127339988586e+00 -4.330081105102667749e+01
5.851353693339982343e+00 -4.329981246202667222e+01
6.360538744339985229e+00 -4.329868142202665382e+01
6.869853116339990962e+00 -4.329741064902666636e+01
7.379429767339994228e+00 -4.329599249102665937e+01
7.888936232339981203e+00 -4.329442066002665257e+01
8.398214832339997216e+00 -4.329268869802667297e+01
8.907409602339990684e+00 -4.329078926102665292e+01
9.416695080340000246e+00 -4.328871478702667019e+01
9.925971180339994149e+00 -4.328645884802666188e+01
1.043536378334000325e+01 -4.328401417402665885e+01
1.094450333434000733e+01 -4.328137612302666781e+01
1.145382852633998461e+01 -4.327853615102666396e+01
1.196310818333999215e+01 -4.327548935902667182e+01
1.247234780433999823e+01 -4.327222988402665038e+01
1.298158603733998895e+01 -4.326875186802667628e+01
1.349082276633999733e+01 -4.326504994102666757e+01
1.400005787234000287e+01 -4.326111900802667520e+01
1.450929123133998111e+01 -4.325695427002666094e+01
1.501852271733998556e+01 -4.325255123502666521e+01
1.552775204533998910e+01 -4.324790573202665911e+01
1.603697931934000209e+01 -4.324301391302666531e+01
1.654656896833999369e+01 -4.323786850302665385e+01
1.705584336633999598e+01 -4.323247313702666617e+01
1.756543948933999033e+01 -4.322681823802665946e+01
1.807407591333999264e+01 -4.322091604002665832e+01
1.858338872834000810e+01 -4.321474565302666093e+01
1.909261359933999458e+01 -4.320831411402665623e+01
1.960181445734000860e+01 -4.320161927602666907e+01
2.011095022333999438e+01 -4.319466066302667429e+01
2.062038802534000226e+01 -4.318743232002666588e+01
2.112940225633998281e+01 -4.317994421302666552e+01
2.163829549233998861e+01 -4.317219221002665819e+01
2.214749596733998871e+01 -4.316416984002666624e+01
2.265662113334000693e+01 -4.315588344302666002e+01
2.316587622533999635e+01 -4.314733041502666566e+01
2.367488735633999042e+01 -4.313851817102665365e+01
2.418402547733999697e+01 -4.312944168502665576e+01
2.469328472734001068e+01 -4.312010241802665433e+01
2.520231296833999224e+01 -4.311050868802667679e+01
2.571143209733999058e+01 -4.310065652502667177e+01
2.622056438834000502e+01 -4.309054954202665755e+01
2.672972123533999067e+01 -4.308018986002665685e+01
2.723880635333999223e+01 -4.306958201502667549e+01
2.774796759333998963e+01 -4.305872562102667445e+01
2.825707150833998682e+01 -4.304762635202667553e+01
2.876620921233999795e+01 -4.303628520602666896e+01
2.927533645233999593e+01 -4.302470623502666314e+01
2.978445411233998286e+01 -4.301289261602665448e+01
3.029356359334000715e+01 -4.300084760302667775e+01
3.080266588033999753e+01 -4.298857453402667517e+01
3.131176205533999379e+01 -4.297607680802665442e+01
3.182085274733999469e+01 -4.296335788802665689e+01
3.232993792833998015e+01 -4.295042130102667244e+01
3.283901664633999218e+01 -4.293727062902667768e+01
3.334808674333999789e+01 -4.292390951802665455e+01
3.385714457434000479e+01 -4.291034167302667157e+01
3.436621494833998014e+01 -4.289657004202667423e+01
3.487527670633998156e+01 -4.288259880502665311e+01
3.538432105633999214e+01 -4.286843182602667213e+01
3.589345437434000274e+01 -4.285406970402667781e+01
3.640253300133998238e+01 -4.283952005502667504e+01
3.691160898933998880e+01 -4.282478498702665348e+01
3.742071844333998598e+01 -4.280986697702665111e+01
3.782839699334000017e+01 -4.256940314202666542e+01
3.810389823333998294e+01 -4.214116556602665042e+01
3.835641374033998119e+01 -4.169887675202665633e+01
3.859827027934000654e+01 -4.125100885702665465e+01
3.883395187133999826e+01 -4.079946802402665895e+01
3.906527202333999327e+01 -4.034575724102666783e+01
3.929341613433999925e+01 -3.989044671002665865e+01
3.951909717733997951e+01 -3.943397393302667098e+01
3.974285675733998602e+01 -3.897652607702665506e+01
3.996512839733998845e+01 -3.851814551802667808e+01
4.018596575033999585e+01 -3.805942686002666875e+01
4.040579083934000693e+01 -3.760004443502666760e+01
4.062468182933998406e+01 -3.714027449302665929e+01
4.084283169533998858e+01 -3.668007315302666171e+01
4.106031732033998338e+01 -3.621958081602665658e+01
4.127724277333999936e+01 -3.575883577002665703e+01
4.149369796833997981e+01 -3.529787153302667235e+01
4.170974439934000344e+01 -3.483675538702667751e+01
4.192548273033998640e+01 -3.437545017502666411e+01
4.214095434633998849e+01 -3.391402924602665081e+01
4.235621694634000534e+01 -3.345251892102667313e+01
4.257132524233998794e+01 -3.299094277402665654e+01
4.278631384634000057e+01 -3.252936106902667035e+01
4.300127118033999096e+01 -3.206771442702666519e+01
4.321623086833998428e+01 -3.160605922302665149e+01
4.343125069133999006e+01 -3.114440019502666601e+01
4.364637128033999858e+01 -3.068278123902667076e+01
4.386164159333998924e+01 -3.022123290802665352e+01
4.407711410533998020e+01 -2.975978517002664958e+01
4.429284544533999934e+01 -2.929846881702664874e+01
4.450891515633998807e+01 -2.883727874802665170e+01
4.472538318833998261e+01 -2.837626884802665828e+01
4.494230474533998887e+01 -2.791552487202665489e+01
4.515977208833999867e+01 -2.745508201002664705e+01
4.537792370934000274e+01 -2.699491496802665225e+01
4.559685893333998052e+01 -2.653513013002666199e+01
4.581672537733999917e+01 -2.607579672802666337e+01
4.603768050033998094e+01 -2.561705093302666469e+01
4.625998978133998918e+01 -2.515892706802666012e+01
4.648413519433999141e+01 -2.470119643102666274e+01
4.671008936534000355e+01 -2.424493150402665620e+01
4.693864893434000152e+01 -2.378994044302666921e+01
4.717061101633999698e+01 -2.333674718502667034e+01
4.740740332333999874e+01 -2.288595722002665767e+01
4.765150234734000634e+01 -2.243902505102665046e+01
4.790861507233999106e+01 -2.199939172902665874e+01
4.820116314234000043e+01 -2.158320731002666903e+01
4.867687621733998782e+01 -2.147941843002667284e+01
4.918603620233998441e+01 -2.146436645202667037e+01
4.969521650333999929e+01 -2.144932101702665150e+01
5.020399331733998594e+01 -2.143429793802664918e+01
5.071302786933998874e+01 -2.141928110202664826e+01
5.122206468034000437e+01 -2.140428159902666394e+01
5.173110393834000575e+01 -2.138930310802667023e+01
5.224014461334000003e+01 -2.137434949702666032e+01
5.274913517233998306e+01 -2.135942627402664939e+01
5.325820576133998685e+01 -2.134453380902664676e+01
5.376725522234000465e+01 -2.132967944302666652e+01
5.427628357233999878e+01 -2.131486776402664773e+01
5.478535285833999779e+01 -2.130010179702665951e+01
5.529438863633999546e+01 -2.128538878702665116e+01
5.580342166733999676e+01 -2.127073320802665890e+01
5.631246899233997993e+01 -2.125614025002665031e+01
5.682153666334000519e+01 -2.124161576902665516e+01
5.733059177433998599e+01 -2.122716710502666970e+01
5.783961925533998993e+01 -2.121280149702664986e+01
5.834893449734000370e+01 -2.119851739502667343e+01
5.885786939233998538e+01 -2.118434131202664972e+01
5.936690031933998313e+01 -2.117026827302666803e+01
5.987611387534000329e+01 -2.115630499302665513e+01
6.038543050234000731e+01 -2.114246350502665805e+01
6.089417238333999904e+01 -2.112877260802665447e+01
6.140309391433999764e+01 -2.111522331002666775e+01
6.191216707433998323e+01 -2.110182901802665256e+01
6.242151065334000037e+01 -2.108860053202664986e+01
6.293034270133998831e+01 -2.107557311102667441e+01
6.343944173633997963e+01 -2.106274334002666038e+01
6.394852701334000500e+01 -2.105013692102665246e+01
6.445763566934000721e+01 -2.103777354302664904e+01
6.496676356633999205e+01 -2.102567643602666081e+01
6.547586886334001122e+01 -2.101387263702665464e+01
6.598500191033998874e+01 -2.100239054502666036e+01
6.649414154534001398e+01 -2.099126446202666685e+01
6.700329225534001409e+01 -2.098053324202667014e+01
6.751243616934000613e+01 -2.097024252002666245e+01
6.802160222933999023e+01 -2.096044485102666854e+01
6.853081576033999056e+01 -2.095120292402666351e+01
6.903997631334000573e+01 -2.094259438402665197e+01
6.954916284433998896e+01 -2.093471040002666328e+01
7.005837410834000423e+01 -2.092766605802666291e+01
7.056762820934001468e+01 -2.092160706602667020e+01
7.107682379934000494e+01 -2.091672412502666489e+01
7.158600357133998671e+01 -2.091327076802665275e+01
7.209533342033999759e+01 -2.091160132002665151e+01
7.260459825534000800e+01 -2.091151871302665555e+01
7.311386888133999662e+01 -2.091151871302665555e+01
7.362306451734001200e+01 -2.091151871302665555e+01
7.413297608033998642e+01 -2.091151871302665555e+01
7.464160688933999666e+01 -2.091151871302665555e+01
7.515088769733999641e+01 -2.091151871302665555e+01
7.566016041033999784e+01 -2.091151871302665555e+01
7.616941306534000944e+01 -2.091151871302665555e+01
7.667864427734001254e+01 -2.091151871302665555e+01
7.718792700833999731e+01 -2.091151871302665555e+01
7.769721120033999284e+01 -2.091151871302665555e+01
7.820645333533998667e+01 -2.091151871302665555e+01
7.871570515934000412e+01 -2.091151871302665555e+01
7.922495030934000226e+01 -2.091151871302665555e+01
7.973417826434000233e+01 -2.091151871302665555e+01
8.024390887534001138e+01 -2.091151871302665555e+01
8.075273310734000631e+01 -2.091151871302665555e+01
8.126197434233999672e+01 -2.091151871302665555e+01
8.177124837734000096e+01 -2.091151871302665555e+01
8.228049607533999676e+01 -2.091151871302665555e+01
8.278976990534000890e+01 -2.091151871302665555e+01
8.329904426934000128e+01 -2.091151871302665555e+01
8.380836242534000746e+01 -2.091151871302665555e+01
8.431767061134000585e+01 -2.091151871302665555e+01
8.482695993634000331e+01 -2.091151871302665555e+01
8.533608306733999882e+01 -2.091151871302665555e+01
8.584531971433999331e+01 -2.091151871302665555e+01
8.635458257934000414e+01 -2.091151871302665555e+01
8.686385940833999086e+01 -2.091151871302665555e+01
8.737313787733999959e+01 -2.091151871302665555e+01
8.788239487233998659e+01 -2.091151871302665555e+01
8.839163295333999315e+01 -2.091151871302665555e+01
8.890097534633999032e+01 -2.091151871302665555e+01
8.941006745534001254e+01 -2.091151871302665555e+01
8.991951070934000256e+01 -2.091151871302665555e+01
9.042876646634000792e+01 -2.091151871302665555e+01
9.093790246734000959e+01 -2.091151871302665555e+01
9.144724132834001296e+01 -2.091151871302665555e+01
9.195641394933998924e+01 -2.091151871302665555e+01
9.246630901734000929e+01 -2.091151871302665555e+01
9.297562379433999524e+01 -2.091151871302665555e+01
9.348487138534001417e+01 -2.091151871302665555e+01
9.399375705734000519e+01 -2.091151871302665555e+01
9.450309302934000755e+01 -2.091151871302665555e+01
9.501261259234000534e+01 -2.091151871302665555e+01
9.552126648333999981e+01 -2.091151871302665555e+01
9.603079272634001029e+01 -2.091151871302665555e+01
9.653963671033999105e+01 -2.091151871302665555e+01
9.704951214233999224e+01 -2.091151871302665555e+01
9.755829912034000984e+01 -2.091151871302665555e+01
9.806748974733999091e+01 -2.091151871302665555e+01
9.857673600933999580e+01 -2.091151871302665555e+01
9.908626572134001265e+01 -2.091151871302665555e+01
9.959526542534000271e+01 -2.091151871302665555e+01
1.001043537293399908e+02 -2.091151871302665555e+01
1.006132448073399956e+02 -2.091151871302665555e+01
1.011232161663399864e+02 -2.091151871302665555e+01
1.016321272243400102e+02 -2.091151871302665555e+01
1.021415246793400087e+02 -2.091151871302665555e+01
1.026513314933400096e+02 -2.091151871302665555e+01
1.031602260783399885e+02 -2.091151871302665555e+01
1.036697659883399893e+02 -2.091151871302665555e+01
1.041784151403399932e+02 -2.091151871302665555e+01
1.046877767243399973e+02 -2.091151871302665555e+01
1.051977599143400113e+02 -2.091151871302665555e+01
1.057070212753400114e+02 -2.091151871302665555e+01
1.062160717443400273e+02 -2.091151871302665555e+01
1.067252841613399852e+02 -2.091151871302665555e+01
1.072341112773400056e+02 -2.091151871302665555e+01
1.077433342863399872e+02 -2.091151871302665555e+01
1.082529603933400182e+02 -2.091151871302665555e+01
1.087624027873399797e+02 -2.091151871302665555e+01
1.092717990703399806e+02 -2.091151871302665555e+01
1.097810705073399760e+02 -2.091151871302665555e+01
1.102902470823400023e+02 -2.091151871302665555e+01
1.107995690723399917e+02 -2.091151871302665555e+01
1.113086192763399964e+02 -2.091151871302665555e+01
1.118180397823400227e+02 -2.091151871302665555e+01
1.123272811353400158e+02 -2.091151871302665555e+01
1.128365442763399784e+02 -2.091156995002666363e+01
1.133457927773399803e+02 -2.091258930402665683e+01
1.138550761853400246e+02 -2.091479107702665274e+01
1.143642895933400183e+02 -2.091788316002666548e+01
1.148734929473399831e+02 -2.092130910802666577e+01
1.153827700243400187e+02 -2.092400248402666207e+01
1.158919632803400219e+02 -2.092384203002666609e+01
1.164011727053400165e+02 -2.091631307602665757e+01
1.169098188353400047e+02 -2.089074844202665204e+01
1.174135465983399769e+02 -2.081892303802667143e+01
1.178862185513400078e+02 -2.063635894402665727e+01
1.182840556553400262e+02 -2.031996880902665126e+01
1.185942699483400276e+02 -1.991951448602666019e+01
1.187924544903400061e+02 -1.945077900102666391e+01
1.189134962313400052e+02 -1.895696307302666028e+01
1.189799280593400255e+02 -1.845224147702666428e+01
1.190044493433400277e+02 -1.794368897102666338e+01
1.189950170483400171e+02 -1.743459696002665638e+01
1.189568844803399799e+02 -1.692682858502667287e+01
1.188937086663400038e+02 -1.642155669202665891e+01
1.188081461443400286e+02 -1.591958589302666915e+01
1.187021956683399964e+02 -1.542151648002667308e+01
1.185773989673400166e+02 -1.492780134202667419e+01
1.184349914163399973e+02 -1.443886771802667646e+01
1.182780465243399846e+02 -1.395406167202665948e+01
1.181284354663399796e+02 -1.346725688302666946e+01
1.179905327643400170e+02 -1.297699179502666844e+01
1.178633621393399977e+02 -1.248382147402666043e+01
1.177462137753399958e+02 -1.198865949802666897e+01
1.176381927973399826e+02 -1.149098632102667317e+01
1.175388230153399860e+02 -1.099150943102666211e+01
1.174476173263399943e+02 -1.049047867202665962e+01
1.173641631963399874e+02 -9.988095787026656680e+00
1.172881073243400039e+02 -9.484486459026674865e+00
1.172191733023399962e+02 -8.979884256026656075e+00
1.171571230723399850e+02 -8.474440583026654039e+00
1.171017526203400081e+02 -7.968193043026649214e+00
1.170529133933399777e+02 -7.461279975026660516e+00
1.170104868293399960e+02 -6.953746275026650103e+00
1.169744028903400164e+02 -6.445780215026648996e+00
1.169445969823400020e+02 -5.937094173026655319e+00
1.169210990473399789e+02 -5.428431968026647958e+00
1.169039198993400106e+02 -4.919760772026653406e+00
1.168931031713400017e+02 -4.410440856026672130e+00
1.168887706973399787e+02 -3.901261977026654559e+00
1.168886130123400022e+02 -3.392502600026664705e+00
1.168879660163400018e+02 -2.882916233026667552e+00
1.168861727123400129e+02 -2.373312306026666985e+00
1.168827374743400043e+02 -1.864183660026673461e+00
1.168772040583400127e+02 -1.354981932026651403e+00
1.168691415283399948e+02 -8.457904730266583293e-01
1.168581302303400236e+02 -3.368059620266640741e-01
1.168437289733399922e+02 1.724167659733333580e-01
1.168255112663399728e+02 6.811506769733406408e-01
1.168030019103399724e+02 1.189534205973326042e+00
1.167756206243399930e+02 1.698696437973348683e+00
1.167428806423399834e+02 2.206900393973337149e+00
1.167041147633400016e+02 2.714637302973324839e+00
1.166585879853399916e+02 3.221861951973347349e+00
1.166054642863400232e+02 3.728341188973326670e+00
1.165437613273400217e+02 4.233839948973350253e+00
1.164723144123399976e+02 4.738045650973329082e+00
1.163897298683400123e+02 5.240499613973351067e+00
1.162942879423399773e+02 5.740696589973334873e+00
1.161838674573400141e+02 6.237840530973325137e+00
1.160558249073399821e+02 6.730691858973325559e+00
1.159067522793399831e+02 7.217586144973348716e+00
1.157327187003400155e+02 7.696112091973328795e+00
1.155561966513399881e+02 8.173777149973341594e+00
1.153912479133400240e+02 8.655563400973329991e+00
1.152370690073399970e+02 9.140904977973344003e+00
1.150930253803400234e+02 9.629352085973346576e+00
1.149586136643399783e+02 1.012053885697334898e+01
1.148334340423400164e+02 1.061416335997332716e+01
1.147171729253399945e+02 1.110996156597334483e+01
1.146095834173400050e+02 1.160771515297335021e+01
1.145104776303400200e+02 1.210722983897334792e+01
1.144197171033399769e+02 1.260833361597334523e+01
1.143372061683400176e+02 1.311087315297333511e+01
1.142628963183399975e+02 1.361464383197334804e+01
1.141967532613400209e+02 1.411958043797334916e+01
1.141387872493400124e+02 1.462554192697333555e+01
1.140890417363400076e+02 1.513233412197333827e+01
1.140475749203399829e+02 1.563987091597334178e+01
1.140144715933399908e+02 1.614809485497334762e+01
1.139898453843399722e+02 1.665695705297335039e+01
1.139738616763400074e+02 1.716543126397334262e+01
1.139666360783400165e+02 1.767456611297333424e+01
1.139683747593400227e+02 1.818414333597334220e+01
1.139792819573400067e+02 1.869325234597334529e+01
1.141484246153400051e+02 1.867010013997332507e+01
1.144332462203399956e+02 1.824804273397333176e+01
1.147203914563400104e+02 1.782743661097333288e+01
1.150098394703400260e+02 1.740836385297333422e+01
1.153014139013399841e+02 1.699111013697332950e+01
1.155953773083400193e+02 1.657531232797333232e+01
1.158916853563399769e+02 1.616102658997334274e+01
1.161903193513400225e+02 1.574824046497334429e+01
1.164909594403399780e+02 1.533731181797332432e+01
1.167937040583399977e+02 1.492797017897333411e+01
1.170987458563399883e+02 1.451976706497333147e+01
1.174050003363399952e+02 1.411387458797335093e+01
1.177138569443399803e+02 1.370808473697334229e+01
1.180236189263399780e+02 1.330413778697333704e+01
1.183346421103399990e+02 1.290090999097332691e+01
1.186465283293399722e+02 1.249806506097334058e+01
1.189584433553399805e+02 1.209556783897334675e+01
1.192699178623399945e+02 1.169258108797333229e+01
1.195798755923400023e+02 1.128863203897332745e+01
1.198872816423399996e+02 1.088266081497334348e+01
1.201905894383400124e+02 1.047360192897334663e+01
1.204878298123400242e+02 1.006011754997333618e+01
1.207765032373399805e+02 9.640582204973350500e+00
1.210534037983400282e+02 9.213212609973334466e+00
1.213146167633399983e+02 8.776083658973329094e+00
1.215552369983399927e+02 8.327976831973325389e+00
1.217709453113399860e+02 7.866163899973339646e+00
1.219560906643399818e+02 7.391747793973332925e+00
1.221068663703399721e+02 6.905524255973342740e+00
1.222214888753400288e+02 6.409502499973338097e+00
1.223170829943400264e+02 5.909293732973334379e+00
1.224066015623399863e+02 5.407970778973345993e+00
1.224918089643400236e+02 4.905895305973326792e+00
1.225737522413400171e+02 4.403273299973331056e+00
1.226531140973400085e+02 3.900229456973330233e+00
1.227303668313400209e+02 3.396860287973334724e+00
1.228058586883399954e+02 2.893207152973327201e+00
1.228798459413399797e+02 2.389346297973327982e+00
1.229525357763399853e+02 1.885284187973349734e+00
1.230240828773400068e+02 1.381098238973346159e+00
1.230946297573400017e+02 8.767337659733365207e-01
1.231642798053399730e+02 3.722479119733415609e-01
1.232331248743399925e+02 -1.323458920266537830e-01
1.233012432783400101e+02 -6.370362880266546846e-01
1.233687026783400285e+02 -1.141813553026655992e+00
1.234355622793400045e+02 -1.646669262026653424e+00
1.235018745533399880e+02 -2.151596029026654033e+00
1.235676866203400124e+02 -2.656587297026651751e+00
1.236330414053400233e+02 -3.161637163026659092e+00
1.236979741773399866e+02 -3.666705397026651436e+00
1.237625326453400163e+02 -4.171866794026674263e+00
1.238267468443400077e+02 -4.677069465026652217e+00
1.238906524933399993e+02 -5.182308749026650396e+00
1.239542861143400074e+02 -5.687580362026669611e+00
1.240176864113399944e+02 -6.192879586026667660e+00
1.240808963343399824e+02 -6.698201213026668377e+00
1.241439661653399895e+02 -7.203539171026652532e+00
1.242069585933400191e+02 -7.708885874026667473e+00
1.242699577823400006e+02 -8.214231085026659329e+00
1.243337121693400178e+02 -8.719482031026648983e+00
1.244025518353399917e+02 -9.224018099026670470e+00
1.244764927793400062e+02 -9.727876265026656810e+00
1.245546280713400193e+02 -1.023110145602666954e+01
1.246361240743400032e+02 -1.073379357902667230e+01
1.247202030953399827e+02 -1.123606027102665017e+01
1.248061330723400175e+02 -1.173801366902666210e+01
1.248932184373400247e+02 -1.223976791102666617e+01
1.249807919643399856e+02 -1.274143714202666011e+01
1.250682074253400202e+02 -1.324313386502666923e+01
1.251548328853400136e+02 -1.374496748602667218e+01
1.252400445163400065e+02 -1.424704295802667353e+01
1.253232208113399935e+02 -1.474945942802665932e+01
1.254037370873400192e+02 -1.525230878802665835e+01
1.254809602073400043e+02 -1.575567401102666132e+01
1.255542435173400264e+02 -1.625962759002667113e+01
1.256229217633400168e+02 -1.676422883302666733e+01
1.256863062653399794e+02 -1.726952170102666528e+01
1.257436800863399782e+02 -1.777553154002666602e+01
1.257942957223400100e+02 -1.828228679902665377e+01
1.258373630293400112e+02 -1.878974157802665346e+01
1.258720518983399899e+02 -1.929782192102667082e+01
1.258974894333400272e+02 -1.980643931502666888e+01
1.259127545983399870e+02 -2.031546282202666376e+01
1.259168235873400050e+02 -2.082469491702665110e+01
1.259070051223399815e+02 -2.133384263302665218e+01
1.258850945263399836e+02 -2.184261528802665353e+01
1.258539491023399961e+02 -2.235093550802665519e+01
1.258155338083399926e+02 -2.285867052002666711e+01
1.257712445483400217e+02 -2.336599380802664783e+01
1.257221381323399925e+02 -2.387287279602665890e+01
1.256690258523399990e+02 -2.437935096902666388e+01
1.256125449043399982e+02 -2.488551553502665925e+01
1.255532250413400135e+02 -2.539131825002667497e+01
1.254915103653400053e+02 -2.589667910102665260e+01
1.254277070063399862e+02 -2.640206517502665307e+01
1.253621823023400026e+02 -2.690702115402666905e+01
1.252951656383400092e+02 -2.741185171202664961e+01
1.252268868203399990e+02 -2.791658903402666070e+01
1.251575684203400129e+02 -2.842112321502665750e+01
1.250873991693399745e+02 -2.892543689302667431e+01
1.250165082973400246e+02 -2.942980837502665636e+01
1.249450885923399852e+02 -2.993395766002666747e+01
1.248732498423400017e+02 -3.043810971802665577e+01
1.248011599643400160e+02 -3.094201107302666642e+01
1.247288367363399999e+02 -3.144640111602666721e+01
1.246565084983399885e+02 -3.195050462002666691e+01
1.245842183063400199e+02 -3.245480353702667031e+01
1.245121552273399885e+02 -3.295873224102667365e+01
1.244403351313399781e+02 -3.346291374902666149e+01
1.243688873693399870e+02 -3.396716433002666946e+01
1.242979466073400232e+02 -3.447124951702665641e+01
1.242275528423400175e+02 -3.497560436902666225e+01
1.241578383843399962e+02 -3.548001078702666433e+01
1.240888928733400149e+02 -3.598456331002666531e+01
1.240208061433400104e+02 -3.648937300702667841e+01
1.239537131143399762e+02 -3.699423539402665284e+01
1.238877559433399966e+02 -3.749890237302665952e+01
1.238229622993399772e+02 -3.800403936202665278e+01
1.237594943153399782e+02 -3.850932530402665321e+01
1.236974718713399994e+02 -3.901480920602666203e+01
1.236370277493400209e+02 -3.952049620302666000e+01
1.235783096403399810e+02 -4.002633485502665422e+01
1.235214601343399892e+02 -4.053240114902667557e+01
1.234665962433400210e+02 -4.103869495602666717e+01
1.234134562723400137e+02 -4.154517496302666046e+01
1.233617266973399893e+02 -4.205180091802666453e+01
1.233111699703399751e+02 -4.255854435602666541e+01
1.232615828033400049e+02 -4.306550534502665784e+01
1.232128403613400138e+02 -4.357232843302666225e+01
1.231647644813400149e+02 -4.407947690202667701e+01
1.231172813453399755e+02 -4.458652872002665646e+01
1.230703021413400080e+02 -4.509337036402667565e+01
1.230236575713399958e+02 -4.560089588002666261e+01
1.229774025923400274e+02 -4.610766322802667361e+01
1.229313252873399875e+02 -4.661522632302666835e+01
1.228854807963400191e+02 -4.712227433402666321e+01
1.228397461613399884e+02 -4.762950873102665383e+01
1.227940729753400007e+02 -4.813685026102667308e+01
1.227484321833400287e+02 -4.864403512802665119e+01
1.227027868733399742e+02 -4.915091080702666915e+01
1.226570164023400054e+02 -4.965827048002666544e+01
1.226111040513399786e+02 -5.016576170602665030e+01
1.225650418013400014e+02 -5.067294337702666240e+01
1.225187577663400162e+02 -5.118007900202665184e+01
1.224721973863399995e+02 -5.168723172402665256e+01
1.224253185663399819e+02 -5.219431581102666229e+01
1.223780899413399794e+02 -5.270111505602665858e+01
1.223303975143400208e+02 -5.320827178502666044e+01
1.222822731663399765e+02 -5.371484477202665886e+01
1.222336103023399829e+02 -5.422132914302665796e+01
1.221842284113399870e+02 -5.472890765302665983e+01
1.221342057183400271e+02 -5.523603733202666177e+01
1.220834741233400251e+02 -5.574264595702667435e+01
1.220319777463399902e+02 -5.624847365002666066e+01
1.219794676053400195e+02 -5.675503836002665281e+01
1.219258928203399961e+02 -5.726177969302666071e+01
1.218711678903399758e+02 -5.776836277802667752e+01
1.218151728653400170e+02 -5.827463137402666149e+01
1.217577418943399863e+02 -5.878065429402665387e+01
1.216986695633400046e+02 -5.928659541802665700e+01
1.216377710453400169e+02 -5.979214145102665867e+01
1.215747588463400035e+02 -6.029746519702667484e+01
1.215093370913400150e+02 -6.080231563902666636e+01
1.214410149353399930e+02 -6.130728796402667768e+01
1.213693921723399995e+02 -6.181143655902665301e+01
1.212937275183400203e+02 -6.231510231002665279e+01
1.212132707153400162e+02 -6.281704107602667619e+01
1.211263039853399874e+02 -6.331941992002666808e+01
1.210311459723399850e+02 -6.381984426902665319e+01
1.209245152113400223e+02 -6.431754991302665303e+01
1.208001251573400197e+02 -6.481128092802666174e+01
1.206433057093399981e+02 -6.529591877802664612e+01
1.204414041113399918e+02 -6.576355133902666239e+01
1.202298807973400159e+02 -6.622678497502664641e+01
1.199989260213399831e+02 -6.668058269202666111e+01
1.197352007283399900e+02 -6.711599662702664659e+01
1.194276151353399911e+02 -6.752150604102666875e+01
1.190717947533400007e+02 -6.788516432902665088e+01
1.186714239543400282e+02 -6.819951296802665297e+01
1.182363130883400260e+02 -6.846339081802665305e+01
1.177762721633399821e+02 -6.868161980002665246e+01
1.172997342143400061e+02 -6.886093899202666080e+01
1.168123743573400048e+02 -6.900825695002666293e+01
1.163177942453400107e+02 -6.912952952902665515e+01
1.158184915873399774e+02 -6.922950450202665706e+01
1.153159883723399872e+02 -6.931195109902665763e+01
1.148113031483399737e+02 -6.937981732202666763e+01
1.143052857793400250e+02 -6.943540708902665415e+01
1.137979916033400087e+02 -6.948060518202666458e+01
1.132899314673400255e+02 -6.951686448302666577e+01
1.127814737793400042e+02 -6.954537497102666066e+01
1.122726432253400191e+02 -6.956712803802665235e+01
1.117636356303400049e+02 -6.958293345102666194e+01
1.112544954243400213e+02 -6.959347270202664504e+01
1.107444721793400078e+02 -6.959932454302665406e+01
1.102358889043399728e+02 -6.960097183802665199e+01
1.097261721613400169e+02 -6.960097183802665199e+01
1.092163483243400179e+02 -6.960097183802665199e+01
1.087081266043400234e+02 -6.960097183802665199e+01
1.081990420993399908e+02 -6.960097183802665199e+01
1.076897839823399892e+02 -6.960097183802665199e+01
1.071806351423400230e+02 -6.960097183802665199e+01
1.066713876413400186e+02 -6.960097183802665199e+01
1.061620793723399885e+02 -6.960097183802665199e+01
1.056528562633400128e+02 -6.960097183802665199e+01
1.051436390283399902e+02 -6.960097183802665199e+01
1.046344170723400140e+02 -6.960097183802665199e+01
1.041252878673399920e+02 -6.960097183802665199e+01
1.036161151523399866e+02 -6.960097183802665199e+01
1.031069086283400082e+02 -6.960097183802665199e+01
1.025976747503400048e+02 -6.960097183802665199e+01
1.020887614523399947e+02 -6.961655104402666439e+01
1.015809467203400089e+02 -6.965479112102664772e+01
1.010726972993399926e+02 -6.968591763102665482e+01
1.005645193133399999e+02 -6.966461068402665546e+01
1.000883523823400054e+02 -6.949685965302666091e+01
9.978562750734000986e+01 -6.909782865702666754e+01
9.969865464033999558e+01 -6.859824161702664469e+01
9.927499285034001275e+01 -6.855190778402666751e+01
9.876705183634000207e+01 -6.858987239102665967e+01
9.825868780134000247e+01 -6.862295994502665053e+01
9.775012106434000714e+01 -6.865301987902665815e+01
9.724190098533999560e+01 -6.868093585502666087e+01
9.673363050434001309e+01 -6.870726005402664782e+01
9.622483536433999518e+01 -6.873235311802665137e+01
9.571610799234001377e+01 -6.875641664202666448e+01
9.520812142934001088e+01 -6.877958853802664407e+01
9.469936905934001459e+01 -6.880206304202664569e+01
9.419059184634001269e+01 -6.882390280302666952e+01
9.368179608533999669e+01 -6.884518436702666122e+01
9.317298089434000019e+01 -6.886596982602665662e+01
9.266411034834000304e+01 -6.888631157102665270e+01
9.215522953034000864e+01 -6.890625025102664836e+01
9.164634146933998693e+01 -6.892582162102667098e+01
9.113744868133998978e+01 -6.894505619202666935e+01
9.062856733334000126e+01 -6.896397972502666107e+01
9.011970472233998919e+01 -6.898261487002665149e+01
8.961058022833999814e+01 -6.900099174702666005e+01
8.910159438934000775e+01 -6.901911346002665937e+01
8.859264321034000034e+01 -6.903699948602664449e+01
8.808370166633999077e+01 -6.905466467502665751e+01
8.757417693934000624e+01 -6.907214173802665869e+01
8.706566591433998781e+01 -6.908938738902665477e+01
8.655670173433999537e+01 -6.910646184102665757e+01
8.604770055033999654e+01 -6.912336006402665589e+01
8.553873376634000181e+01 -6.914008806002667029e+01
8.502974772134000148e+01 -6.915665524802665232e+01
8.452080984033999300e+01 -6.917306644902666335e+01
8.401168434634000448e+01 -6.918933563702665879e+01
8.350263682334001203e+01 -6.920546020302666079e+01
8.299359299333998763e+01 -6.922144800302666567e+01
8.248465801734000991e+01 -6.923730083702665183e+01
8.197581504433999555e+01 -6.925302399402664832e+01
8.146677656333999096e+01 -6.926863067702666399e+01
8.095684050234000040e+01 -6.928414608302665556e+01
8.044748327334001203e+01 -6.929952897102666043e+01
7.993909144234000053e+01 -6.931477171402664794e+01
7.943002380334000634e+01 -6.932992691302666799e+01
7.892036254933999828e+01 -6.934499481802666310e+01
7.841168072733999850e+01 -6.935993194102664461e+01
7.790303675433999331e+01 -6.937476895602665650e+01
7.739416238433999240e+01 -6.938951618802664711e+01
7.688485705533999237e+01 -6.940418167302667030e+01
7.637494494333999739e+01 -6.941877246402665946e+01
7.586593451533998689e+01 -6.943324762402664874e+01
7.535691275334001205e+01 -6.944763537302665668e+01
7.484791310734000547e+01 -6.946193667802666027e+01
7.433889383733999523e+01 -6.947615451902666450e+01
7.382991249134001066e+01 -6.949028900102666739e+01
7.332076650233999260e+01 -6.950434733502666518e+01
7.281163606234001406e+01 -6.951832604402665083e+01
7.230263109034000024e+01 -6.953222359602665392e+01
7.179439955734001444e+01 -6.954602387602665203e+01
7.128446456033999823e+01 -6.955979524302665595e+01
7.077618992234000928e+01 -6.957344808002665104e+01
7.026641437034000148e+01 -6.958706851702666540e+01
6.975731405733999679e+01 -6.960059935302666645e+01
6.924822359433998997e+01 -6.961405948002666833e+01
6.873918393934000903e+01 -6.962744883702666243e+01
6.822993699134001133e+01 -6.964077513902665828e+01
6.772105261133999932e+01 -6.965402441602665817e+01
6.721208795933999625e+01 -6.966720911802664773e+01
6.670291906234000123e+01 -6.968033322502665783e+01
6.619374795533998679e+01 -6.969339226902664564e+01
6.568448504434000768e+01 -6.970638927302664456e+01
6.517531209534000425e+01 -6.971932030202665942e+01
6.466623353633998761e+01 -6.973218594602664666e+01
6.415710779434000699e+01 -6.974499042702666429e+01
6.364902426434000660e+01 -6.975770712702666287e+01
6.313915359133998351e+01 -6.977040729702665089e+01
6.262989903233998490e+01 -6.978303140302665497e+01
6.212074236333999266e+01 -6.979559292902666812e+01
6.161158985233999630e+01 -6.980809468902666026e+01
6.110248392533998896e+01 -6.982053610302665447e+01
6.059336584533998149e+01 -6.983291904102665626e+01
6.008423408233998231e+01 -6.984524393902665906e+01
5.957508865833998613e+01 -6.985751117002666888e+01
5.906598410333999283e+01 -6.986971978002665651e+01
5.855690412034000047e+01 -6.988187050202665773e+01
5.804782291533999938e+01 -6.989396426602667134e+01
5.753869683233998700e+01 -6.990600238702666047e+01
5.702960594633999136e+01 -6.991798323702664675e+01
5.652043263433998987e+01 -6.992990982202664441e+01
5.601127488833999024e+01 -6.994178006202665188e+01
5.550207975933998483e+01 -6.995359539202667065e+01
5.499290933533999493e+01 -6.996535455702664308e+01
5.448376892233998348e+01 -6.997705761002666236e+01
5.397462755833999637e+01 -6.998870541702666515e+01
5.346548525434000254e+01 -7.000029810802666930e+01
5.295634201633999538e+01 -7.001183579602664508e+01
5.244719785534000067e+01 -7.002331857502665002e+01
5.193805277834000123e+01 -7.003474652302665504e+01
5.142890679034000101e+01 -7.004611969802664362e+01
5.091975990033999011e+01 -7.005743814602666930e+01
5.041061211133999365e+01 -7.006870189002665938e+01
4.990146342833998716e+01 -7.007991094202665749e+01
4.939231397133998058e+01 -7.009106529102666627e+01
4.888316363034000034e+01 -7.010216491702666985e+01
4.837401230933998164e+01 -7.011320978102665435e+01
4.786486011833998333e+01 -7.012419982402664687e+01
4.735570705833999483e+01 -7.013513497402666985e+01
4.684655313133999499e+01 -7.014601514202666976e+01
4.633739833933999108e+01 -7.015684022102666972e+01
4.582819967133998063e+01 -7.016761099802664603e+01
4.531904540433999529e+01 -7.017832546602664934e+01
4.480989016833999727e+01 -7.018898443402665066e+01
4.430073396933997998e+01 -7.019958772802667113e+01
4.379157681033999694e+01 -7.021013516102667040e+01
4.328241869534000585e+01 -7.022062652702666696e+01
4.277325962833999284e+01 -7.023106160202667070e+01
4.226409961034000418e+01 -7.024144014802666902e+01
4.175493864433997970e+01 -7.025176190602664406e+01
4.124573507134000039e+01 -7.026202743902666725e+01
4.073657315333998241e+01 -7.027223475402666963e+01
4.022741027833999539e+01 -7.028238440202665060e+01
3.971824644333998577e+01 -7.029247605202664317e+01
3.920908164933999984e+01 -7.030250935502664333e+01
3.869991589633998075e+01 -7.031248394302664906e+01
3.819074918133998864e+01 -7.032239942602666360e+01
3.768158150233998782e+01 -7.033225539602665322e+01
3.717241285934000672e+01 -7.034205142402666411e+01
3.666324324733998452e+01 -7.035178706002665194e+01
3.615407266533998865e+01 -7.036146183202666293e+01
3.564490110934000455e+01 -7.037107524402665604e+01
3.513572857634000712e+01 -7.038062678102664904e+01
3.462655506133999239e+01 -7.039011590102666105e+01
3.411738055933998481e+01 -7.039954204002665961e+01
3.360820506733998769e+01 -7.040890460802665984e+01
3.309902858033999706e+01 -7.041820298902666764e+01
3.258985109134000169e+01 -7.042743654202666903e+01
3.208067259533999760e+01 -7.043660459802666196e+01
3.157149308633999496e+01 -7.044570645902666683e+01
3.106231255934001112e+01 -7.045474139802666969e+01
3.055313100534000270e+01 -7.046370865902665059e+01
3.004394841834000474e+01 -7.047260745302665441e+01
2.953476479233999541e+01 -7.048143695902666650e+01
2.902558011833998464e+01 -7.049019632302665173e+01
2.851639438834000018e+01 -7.049888465302666418e+01
2.800720759433998452e+01 -7.050750102302666278e+01
2.749801972833999386e+01 -7.051604446902666723e+01
2.698883078134000968e+01 -7.052451398602664767e+01
2.647964074433998505e+01 -7.053290852802666677e+01
2.597044960733999730e+01 -7.054122700502665566e+01
2.546125736233998893e+01 -7.054946828402665915e+01
2.495206399734000158e+01 -7.055763118202665396e+01
2.444286950333998831e+01 -7.056571446802666969e+01
2.393367386934000862e+01 -7.057371686002665001e+01
2.342447708533999773e+01 -7.058163701802666878e+01
2.291527913933999727e+01 -7.058947355002666768e+01
2.240608002034000990e+01 -7.059722500002666834e+01
2.189687971734000982e+01 -7.060488985102665538e+01
2.138767821834001026e+01 -7.061246651802665042e+01
2.087847551133999602e+01 -7.061995334702666582e+01
2.036927158434000873e+01 -7.062734861002664388e+01
1.986006642433998692e+01 -7.063465050202665907e+01
1.935086001833998282e+01 -7.064185713402665101e+01
1.884165235434000962e+01 -7.064896653002665516e+01
1.833244341833998803e+01 -7.065597662202665674e+01
1.782323319934000594e+01 -7.066288524502664359e+01
1.731402168134000519e+01 -7.066969012902666236e+01
1.680480885333998842e+01 -7.067638889202666519e+01
1.629559470034000057e+01 -7.068297903702665508e+01
1.578637920934000682e+01 -7.068945793902665287e+01
1.527716236633998825e+01 -7.069582284202664368e+01
1.476794415933998472e+01 -7.070207084502666817e+01
1.425876677733999465e+01 -7.070819839002666640e+01
1.374954143833998366e+01 -7.071420332802665598e+01
1.324031500733998179e+01 -7.072008169502666419e+01
1.273108746033998706e+01 -7.072582990802666814e+01
1.222185877433998691e+01 -7.073144418302666736e+01
1.171262892534000777e+01 -7.073692051102665346e+01
1.120339789233998751e+01 -7.074225465202664509e+01
1.069416565333998825e+01 -7.074744210502666419e+01
1.018493218933998357e+01 -7.075247809202664939e+01
9.675697364339990614e+00 -7.075735753402665296e+01
9.166461422339986953e+00 -7.076207501902666763e+01
8.657224198339983801e+00 -7.076662477902667092e+01
8.147985679340004950e+00 -7.077100065502665416e+01
7.638745858339982320e+00 -7.077519605202664366e+01
7.129504726339982668e+00 -7.077920390702666964e+01
6.620262283340005993e+00 -7.078301663402666577e+01
6.111018529339995453e+00 -7.078662607002667073e+01
5.601773474339987402e+00 -7.079002341402664911e+01
5.092527130339997044e+00 -7.079319915702666322e+01
4.583279521339997942e+00 -7.079614299602664573e+01
4.074030676339996049e+00 -7.079884374402666936e+01
3.564780638339991370e+00 -7.080128921702666389e+01
3.055529463339988538e+00 -7.080346610602666146e+01
2.546277224339982936e+00 -7.080535983102666364e+01
2.037024013339996387e+00 -7.080695436002665133e+01
1.527769944339988806e+00 -7.080823200402664952e+01
1.018515224339987535e+00 -7.080917316202666711e+01
5.092598603400039226e-01 -7.080975602602666186e+01
1.576533999006339117e-05 -7.080995621302665199e+01
-5.092390976600053021e-01 -7.080975601802666120e+01
-1.018493729659999181e+00 -7.080917314702665522e+01
-1.527747742660002350e+00 -7.080823198402666208e+01
-2.037001130659993109e+00 -7.080695433602664934e+01
-2.546253686660000071e+00 -7.080535980302664711e+01
-3.055505295660017495e+00 -7.080346607602666609e+01
-3.564755867660002409e+00 -7.080128918602665067e+01
-4.074005327660009002e+00 -7.079884371302665613e+01
-4.583253619660004219e+00 -7.079614296502666093e+01
-5.092500703660013173e+00 -7.079319912602664999e+01
-5.601746546660015369e+00 -7.079002338402665373e+01
-6.110991127660005517e+00 -7.078662604102666478e+01
-6.620234431660000141e+00 -7.078301660702666709e+01
-7.129476451660016423e+00 -7.077920388202664981e+01
-7.638717185660018671e+00 -7.077519602902665952e+01
-8.147956636660003582e+00 -7.077100063402664887e+01
-8.657194808660014118e+00 -7.076662476102666233e+01
-9.166431712659990794e+00 -7.076207500202664846e+01
-9.675667359660016231e+00 -7.075735751902666948e+01
-1.018490191566001180e+01 -7.075247808002666261e+01
-1.069413513665999993e+01 -7.074744209502665626e+01
-1.120336715766000246e+01 -7.074225464402664443e+01
-1.171259799866000684e+01 -7.073692050502666007e+01
-1.222182768066001834e+01 -7.073144417802666339e+01
-1.273105622665999270e+01 -7.072582990502667144e+01
-1.324028365765999204e+01 -7.072008169302665692e+01
-1.374950999866000778e+01 -7.071420332702666656e+01
-1.425873527265999563e+01 -7.070819839002666640e+01
-1.476791261566000024e+01 -7.070207084502666817e+01
-1.527713080866000972e+01 -7.069582284302666153e+01
-1.578634766265999723e+01 -7.068945794002667071e+01
-1.629556319065999404e+01 -7.068297903702665508e+01
-1.680477740566000833e+01 -7.067638889102664734e+01
-1.731399032066001453e+01 -7.066969012702665509e+01
-1.782320195065999613e+01 -7.066288524202664689e+01
-1.833241230765999674e+01 -7.065597661702665278e+01
-1.884162140566001042e+01 -7.064896652202665450e+01
-1.935082925766001338e+01 -7.064185712302665365e+01
-1.986003587565999240e+01 -7.063465048802666502e+01
-2.036924127365999837e+01 -7.062734859302665313e+01
-2.087844546365998966e+01 -7.061995332502667111e+01
-2.138764845865999931e+01 -7.061246649202666958e+01
-2.189685026965999626e+01 -7.060488982002667058e+01
-2.240605090965999935e+01 -7.059722496402665115e+01
-2.291525038966000594e+01 -7.058947350802665710e+01
-2.342444872166000280e+01 -7.058163696902664697e+01
-2.393364591666000152e+01 -7.057371680402664538e+01
-2.444284198565999944e+01 -7.056571440502665382e+01
-2.495203693866000449e+01 -7.055763111102666585e+01
-2.546123078766000347e+01 -7.054946820402665253e+01
-2.597042354166000067e+01 -7.054122691602665896e+01
-2.647961521066000401e+01 -7.053290842902666213e+01
-2.698880580466000723e+01 -7.052451387702666352e+01
-2.749799533266000040e+01 -7.051604435002664673e+01
-2.800718380366000204e+01 -7.050750089302664492e+01
-2.851637122666000224e+01 -7.049888451002667011e+01
-2.902555760966000165e+01 -7.049019616802667088e+01
-2.953474295965999730e+01 -7.048143679202667045e+01
-3.004392728665999712e+01 -7.047260727202666430e+01
-3.055311059765999815e+01 -7.046370846402666643e+01
-3.106229289866000798e+01 -7.045474118902666305e+01
-3.157147419765999885e+01 -7.044570623402665888e+01
-3.208065450165999977e+01 -7.043660435702665268e+01
-3.258983381466000395e+01 -7.042743628502665842e+01
-3.309901214466000141e+01 -7.041820271402664844e+01
-3.360818949666001032e+01 -7.040890431502666047e+01
-3.411736587666000986e+01 -7.039954172902665164e+01
-3.462654128766001094e+01 -7.039011557102665506e+01
-3.513571573666001058e+01 -7.038062643202664503e+01
-3.564488922666000548e+01 -7.037107487502666459e+01
-3.615406176166001018e+01 -7.036146144102664834e+01
-3.666323334466000716e+01 -7.035178664802666049e+01
-3.717240397966001098e+01 -7.034205099002664952e+01
-3.768157366966000410e+01 -7.033225493902665448e+01
-3.819074241666000802e+01 -7.032239894502666289e+01
-3.869991022366000522e+01 -7.031248343802664635e+01
-3.920907708866000263e+01 -7.030250882502664922e+01
-3.971824301766000787e+01 -7.029247549702665765e+01
-4.022740800866001365e+01 -7.028238382002666640e+01
-4.073657206266000941e+01 -7.027223414602664775e+01
-4.124573518066001299e+01 -7.026202680302665726e+01
-4.175489735966001348e+01 -7.025176210302666391e+01
-4.226405860066000031e+01 -7.024144034102664591e+01
-4.277321890166000884e+01 -7.023106179002664362e+01
-4.328237825965999974e+01 -7.022062671002666434e+01
-4.379153667366001201e+01 -7.021013533902666381e+01
-4.430069413866001327e+01 -7.019958790102666057e+01
-4.480985065166000680e+01 -7.018898460102664671e+01
-4.531900620866000651e+01 -7.017832562702665200e+01
-4.582816080466000841e+01 -7.016761115302665530e+01
-4.633735980866000403e+01 -7.015684037002665718e+01
-4.684651494266000071e+01 -7.014601528402664599e+01
-4.735566921866000456e+01 -7.013513511002665268e+01
-4.786482263366000467e+01 -7.012419995202665746e+01
-4.837397518766000104e+01 -7.011320990202665371e+01
-4.888312687766001119e+01 -7.010216503102665797e+01
-4.939227769966000636e+01 -7.009106539502664646e+01
-4.990142751265999976e+01 -7.007991103902665486e+01
-5.041057656066001158e+01 -7.006870197902665609e+01
-5.091972472466000710e+01 -7.005743822602664750e+01
-5.142887199966001077e+01 -7.004611977102666742e+01
-5.193801838066000442e+01 -7.003474658702666034e+01
-5.244716385866001218e+01 -7.002331863102665466e+01
-5.295630842766001223e+01 -7.001183584302665963e+01
-5.346545208066000754e+01 -7.000029814602666534e+01
-5.397459480666000076e+01 -6.998870544502665325e+01
-5.448373659766000543e+01 -6.997705762802667095e+01
-5.499287744266000999e+01 -6.996535456502664374e+01
-5.550201733066000287e+01 -6.995359610702666942e+01
-5.601115624966001150e+01 -6.994178208802665608e+01
-5.652029418666000282e+01 -6.992991232102664867e+01
-5.702943112666000758e+01 -6.991798660102665508e+01
-5.753856705465999966e+01 -6.990600470402665678e+01
-5.804770195566000979e+01 -6.989396638502665837e+01
-5.855683580966000790e+01 -6.988187137802665916e+01
-5.906596859865999960e+01 -6.986971939702667100e+01
-5.957510030166000803e+01 -6.985751013202664694e+01
-6.008423089765999947e+01 -6.984524325402665568e+01
-6.059336036166001094e+01 -6.983291840902666081e+01
-6.110248866866000839e+01 -6.982053521802666296e+01
-6.161161578966000008e+01 -6.980809328102665745e+01
-6.212074169666001211e+01 -6.979559217002665150e+01
-6.262986635666000979e+01 -6.978303143102664308e+01
-6.313898973566001160e+01 -6.977041058502666715e+01
-6.364811179566000732e+01 -6.975772912302664963e+01
-6.415723249766000436e+01 -6.974498650702665259e+01
-6.466635179765999908e+01 -6.973218217002664687e+01
-6.517546964966000189e+01 -6.971931551102665026e+01
-6.568458600265999792e+01 -6.970638590002664614e+01
-6.619370080465999706e+01 -6.969339266902665031e+01
-6.670281399866000527e+01 -6.968033511602666863e+01
-6.721192552365999973e+01 -6.966721250102665408e+01
-6.772103531665999299e+01 -6.965402404602664888e+01
-6.823014331266000454e+01 -6.964076893002666679e+01
-6.873924944366000034e+01 -6.962744629102664362e+01
-6.924835364566000351e+01 -6.961405521902665328e+01
-6.975745585965999851e+01 -6.960059475802665929e+01
-7.026655604165999591e+01 -6.958706390202667080e+01
-7.077560877065999989e+01 -6.957346280402666139e+01
-7.128469489865999265e+01 -6.955978819002666569e+01
-7.179377648466000039e+01 -6.954603989502666650e+01
-7.230285290065999959e+01 -6.953221669802664451e+01
-7.281192338466000535e+01 -6.951831731402666037e+01
-7.332098701165999444e+01 -6.950434039602666303e+01
-7.383004267165999579e+01 -6.949028452302664505e+01
-7.433908906866000166e+01 -6.947614820402665714e+01
-7.484812480265999568e+01 -6.946192986502666145e+01
-7.535714864566000415e+01 -6.944762783602666900e+01
-7.586616039765999631e+01 -6.943324032602666307e+01
-7.637516366865999373e+01 -6.941876532602665861e+01
-7.688417361365999625e+01 -6.940420038502665534e+01
-7.739324083766000228e+01 -6.938954189802666406e+01
-7.790260216765999246e+01 -6.937478067402665260e+01
-7.841177829266000288e+01 -6.935992816302666597e+01
-7.892102281265999864e+01 -6.934497443602666067e+01
-7.943008159366000598e+01 -6.932992426402665842e+01
-7.993913818965999951e+01 -6.931476937502665692e+01
-8.044751167466000652e+01 -6.929952716702666748e+01
-8.095697731465999425e+01 -6.928414098102666685e+01
-8.146667348165999556e+01 -6.926863286302665301e+01
-8.197580706365999959e+01 -6.925302327002665947e+01
-8.248478636365999250e+01 -6.923729587702666777e+01
-8.299371500265999657e+01 -6.922144320102665915e+01
-8.350271775266000418e+01 -6.920545665602665508e+01
-8.401173499365999930e+01 -6.918933302302664856e+01
-8.452072772866000605e+01 -6.917306807302665561e+01
-8.502974860566000359e+01 -6.915665419802664360e+01
-8.553876703765999423e+01 -6.914008594102665484e+01
-8.604777896265999004e+01 -6.912335643202666802e+01
-8.655678359766000085e+01 -6.910645805702665712e+01
-8.706573737365999932e+01 -6.908938391502664444e+01
-8.757486060565999253e+01 -6.907211734702664785e+01
-8.808384640766000473e+01 -6.905465859302665876e+01
-8.859276121565999063e+01 -6.903699426402664585e+01
-8.910167665766000766e+01 -6.901910943502664963e+01
-8.961060149666000996e+01 -6.900098985402667040e+01
-9.011952447865999716e+01 -6.898262027602666535e+01
-9.062843823766000639e+01 -6.896398332502664630e+01
-9.113734210066000685e+01 -6.894505900602666770e+01
-9.164623490565999475e+01 -6.892582448202665546e+01
-9.215511567865999609e+01 -6.890625344502666394e+01
-9.266398296565999715e+01 -6.888631536302665381e+01
-9.317279359666000005e+01 -6.886597611802665142e+01
-9.368163143566000883e+01 -6.884518986802666518e+01
-9.419044949966000502e+01 -6.882390749602666347e+01
-9.469924467165999715e+01 -6.880206708402664617e+01
-9.520801297365999005e+01 -6.877959198902667026e+01
-9.571674926365999170e+01 -6.875638541602666010e+01
-9.622489585265999779e+01 -6.873234867802665349e+01
-9.673376025065999784e+01 -6.870725191502666007e+01
-9.724198010066000109e+01 -6.868092996602666744e+01
-9.775020001866000996e+01 -6.865301360402665409e+01
-9.825876669065999636e+01 -6.862295313202665170e+01
-9.876713055865999991e+01 -6.858986478002665876e+01
-9.927507130665999568e+01 -6.855189877802666842e+01
-9.969862674066000352e+01 -6.859835174902664789e+01
-9.978561959965999506e+01 -6.909789214102664801e+01
-1.000883780776599963e+02 -6.949689859002666026e+01
-1.005645576756599979e+02 -6.966462075802664344e+01
-1.010727376756600080e+02 -6.968591551002666051e+01
-1.015809881436600079e+02 -6.965478533702665231e+01
-1.020888041286600014e+02 -6.961654645502665062e+01
-1.025977186576599962e+02 -6.960097183802665199e+01
-1.031069535416599905e+02 -6.960097183802665199e+01
-1.036161609956599960e+02 -6.960097183802665199e+01
-1.041253345626600009e+02 -6.960097183802665199e+01
-1.046344645406600051e+02 -6.960097183802665199e+01
-1.051436872286599993e+02 -6.960097183802665199e+01
-1.056529050516599995e+02 -6.960097183802665199e+01
-1.061621287996599960e+02 -6.960097183802665199e+01
-1.066714374696600061e+02 -6.960097183802665199e+01
-1.071806853976599996e+02 -6.960097183802665199e+01
-1.076898345486600022e+02 -6.960097183802665199e+01
-1.081990928836600006e+02 -6.960097183802665199e+01
-1.087081774456599987e+02 -6.960097183802665199e+01
-1.092166958176599962e+02 -6.960097183802665199e+01
-1.097259663526599951e+02 -6.960097183802665199e+01
-1.102359399076599971e+02 -6.960097183802665199e+01
-1.107449480736599980e+02 -6.959932089302665759e+01
-1.112545460586599972e+02 -6.959347139402666471e+01
-1.117636859516600083e+02 -6.958293135002665508e+01
-1.122726931466599893e+02 -6.956712505302664340e+01
-1.127815231946599965e+02 -6.954537099502664432e+01
-1.132899803146599993e+02 -6.951685939002666714e+01
-1.137980397346600085e+02 -6.948059882602666448e+01
-1.143053354706599976e+02 -6.943539905502666443e+01
-1.148113495156599981e+02 -6.937980786202666650e+01
-1.153160336316600052e+02 -6.931193970802667081e+01
-1.158185355436599906e+02 -6.922949084602666403e+01
-1.163178366466599982e+02 -6.912951318702664594e+01
-1.168124148596599952e+02 -6.900823739702664739e+01
-1.172997723416600024e+02 -6.886091558002667057e+01
-1.177763072426599962e+02 -6.868159176602665639e+01
-1.182363441676599933e+02 -6.846335736102665237e+01
-1.186714497866600055e+02 -6.819947349402664827e+01
-1.190718139976600014e+02 -6.788511885702666859e+01
-1.194276269586599994e+02 -6.752145554002666472e+01
-1.197352054446599965e+02 -6.711594274202664678e+01
-1.199989249446600041e+02 -6.668052724902665318e+01
-1.202298757116600001e+02 -6.622672946302665764e+01
-1.204413967236599916e+02 -6.576349679702664730e+01
-1.206432949226600044e+02 -6.529586506602666418e+01
-1.207999810476599976e+02 -6.481168453902665760e+01
-1.209244945976600007e+02 -6.431750244002665795e+01
-1.210311245786599983e+02 -6.381979376102666635e+01
-1.211262599156600004e+02 -6.331948928802666643e+01
-1.212133019646600047e+02 -6.281666320402667480e+01
-1.212937029566599989e+02 -6.231505732902665073e+01
-1.213693667316599942e+02 -6.181139482202667779e+01
-1.214409888516599949e+02 -6.130724863602666375e+01
-1.215093104326600013e+02 -6.080227881902667519e+01
-1.215747316656599963e+02 -6.029743095902666283e+01
-1.216377433796599945e+02 -5.979210990502665624e+01
-1.216986414476599947e+02 -5.928656661402667538e+01
-1.217577133576599948e+02 -5.878062828302666531e+01
-1.218151439266599994e+02 -5.827460823602667261e+01
-1.218711436476599914e+02 -5.776829608602665900e+01
-1.219258864126600059e+02 -5.726154453802667632e+01
-1.219794104036599975e+02 -5.675528366602666352e+01
-1.220319389626599929e+02 -5.624854428502667503e+01
-1.220834433856600043e+02 -5.574263810402667474e+01
-1.221341799946600020e+02 -5.523597890502666274e+01
-1.221841970646599975e+02 -5.472890578602665101e+01
-1.222335869096599907e+02 -5.422124496302667040e+01
-1.222822534426600072e+02 -5.371472118102665405e+01
-1.223303742406599923e+02 -5.320818442202665466e+01
-1.223780571416599940e+02 -5.270112861802665094e+01
-1.224252854306599971e+02 -5.219433312502665245e+01
-1.224721639346600028e+02 -5.168725259102667025e+01
-1.225187239876599961e+02 -5.118010357502667063e+01
-1.225650077146599983e+02 -5.067297146802665253e+01
-1.226110696596600036e+02 -5.016579329002667720e+01
-1.226569817136600022e+02 -4.965830545302666366e+01
-1.227027665416599973e+02 -4.915078654802665170e+01
-1.227484147576600009e+02 -4.864387841602667351e+01
-1.227940537796600040e+02 -4.813671320602666270e+01
-1.228397103266599970e+02 -4.762955652802666151e+01
-1.228854446596599956e+02 -4.712232537102665475e+01
-1.229313536936600002e+02 -4.661456461702665166e+01
-1.229773870716600044e+02 -4.610748731402666323e+01
-1.230236771206599968e+02 -4.560033804602665697e+01
-1.230702710096600043e+02 -4.509336605102667050e+01
-1.231172408056600034e+02 -4.458662545902667063e+01
-1.231647252686600069e+02 -4.407955847402667615e+01
-1.232127957906599960e+02 -4.357246507302665606e+01
-1.232615747056599957e+02 -4.306526364702666143e+01
-1.233111267036600083e+02 -4.255866322802666701e+01
-1.233616665516600079e+02 -4.205208462902667321e+01
-1.234134323866600056e+02 -4.154510105402665232e+01
-1.234665723506600017e+02 -4.103862325402665334e+01
-1.235214363066599930e+02 -4.053233135202666659e+01
-1.235782904706600078e+02 -4.002622668402666051e+01
-1.236370041016599970e+02 -3.952042931702667516e+01
-1.236974444746600028e+02 -3.901477509402665333e+01
-1.237594731496599962e+02 -3.850924185602665517e+01
-1.238229388306599930e+02 -3.800397588102666901e+01
-1.238876939186599913e+02 -3.749913782302665055e+01
-1.239536986446600082e+02 -3.699410598602666056e+01
-1.240207759256600042e+02 -3.648936320802665279e+01
-1.240888140916599980e+02 -3.598491127502666842e+01
-1.241577681306600027e+02 -3.548029248802667013e+01
-1.242274826496600042e+02 -3.497588267302666765e+01
-1.242978805906600002e+02 -3.447149552902667580e+01
-1.243688440176599954e+02 -3.396724803102666357e+01
-1.244402896516599952e+02 -3.346301191602666592e+01
-1.245121086806600061e+02 -3.295883743602667693e+01
-1.245842191086600081e+02 -3.245457776902666325e+01
-1.246564561896600054e+02 -3.195064947702664782e+01
-1.247287894236600039e+02 -3.144651112602665322e+01
-1.248010693916599934e+02 -3.094242319902665272e+01
-1.248732192936600001e+02 -3.043810284702667346e+01
-1.249450385166600057e+02 -2.993408815302666781e+01
-1.250164736276600053e+02 -2.942983061502664910e+01
-1.250873514326600002e+02 -2.892555274202667093e+01
-1.251575334696599953e+02 -2.842114794102664987e+01
-1.252268533816600069e+02 -2.791660303002666765e+01
-1.252951201586599979e+02 -2.741195574802666002e+01
-1.253621436476600053e+02 -2.690707539802665238e+01
-1.254276739816599928e+02 -2.640207684802667032e+01
-1.254914786136599929e+02 -2.589668088902667265e+01
-1.255532122036599958e+02 -2.539116225502667490e+01
-1.256125317136600046e+02 -2.488535549202666530e+01
-1.256690080526600042e+02 -2.437922432202666201e+01
-1.257221210176600010e+02 -2.387273022202666439e+01
-1.257712278506599972e+02 -2.336583326002665117e+01
-1.258155100996600027e+02 -2.285857499602665044e+01
-1.258539352816600001e+02 -2.235067883302665237e+01
-1.258850669736600025e+02 -2.184254014302667102e+01
-1.259069811556600058e+02 -2.133360847702664742e+01
