-2.889457965443699550e+02 -2.533872290910599645e+01
-2.889225075193699581e+02 -2.436328845210599070e+01
-2.888802095203699878e+02 -2.338849372210600563e+01
-2.888187540053700104e+02 -2.241471953810599871e+01
-2.887379674083699683e+02 -2.144235876710601474e+01
-2.886376576483700092e+02 -2.047181827510598850e+01
-2.885176197523699670e+02 -1.950352043410600800e+01
-2.883776423833699596e+02 -1.853791400410599977e+01
-2.882175043853699776e+02 -1.757542341310599454e+01
-2.880375279783700080e+02 -1.661922562610598675e+01
-2.878365319103699562e+02 -1.566461643010600824e+01
-2.876146942863699678e+02 -1.471434607010598938e+01
-2.873719278873699636e+02 -1.376938579810601482e+01
-2.871079723683699854e+02 -1.282993028010599801e+01
-2.868227673233699875e+02 -1.189685971810601472e+01
-2.865161806713699661e+02 -1.097069411410600992e+01
-2.861880246383699955e+02 -1.005175220710600570e+01
-2.858372902143700003e+02 -9.138289305106013671e+00
-2.854669757153699834e+02 -8.238517766106014051e+00
-2.850729470353699639e+02 -7.342973818106003137e+00
-2.846596636893700065e+02 -6.462275764106010456e+00
-2.842224060593699733e+02 -5.586797578106001083e+00
-2.837641342833699696e+02 -4.723192918106008165e+00
-2.832874797053700036e+02 -3.876146455106010080e+00
-2.827871511873700001e+02 -3.036416743106002514e+00
-2.822670370543700074e+02 -2.210904575106013681e+00
-2.817265492813699552e+02 -1.398585725105988331e+00
-2.811660361623700055e+02 -5.999528681059871360e-01
-2.805858863273699626e+02 1.845317678939863981e-01
-2.799865185023699610e+02 9.544493198939960621e-01
-2.793684065623699553e+02 1.709391320893985267e+00
-2.787320377133700049e+02 2.449011702894011933e+00
-2.780779332493700053e+02 3.172996789894000358e+00
-2.774066386403699767e+02 3.881074467893995461e+00
-2.767200577523699963e+02 4.571700067893999631e+00
-2.760167725343699772e+02 5.246740954893994058e+00
-2.752974353993699879e+02 5.905905160894008077e+00
-2.745632194083700028e+02 6.548522858893988996e+00
-2.738147007923699903e+02 7.174550254894001000e+00
-2.730526086793699960e+02 7.783858952894007643e+00
-2.722775956723699551e+02 8.376429523893989426e+00
-2.714899996303699936e+02 8.952503497893985696e+00
-2.706907773013699625e+02 9.511891712893998374e+00
-2.698800834183699635e+02 1.005499734589400873e+01
-2.690587066003699874e+02 1.058179544289399132e+01
-2.682271932153699936e+02 1.109244750589400041e+01
-2.673861403353699870e+02 1.158709773389401221e+01
-2.665352667503699990e+02 1.206443484789400600e+01
-2.656698693093699717e+02 1.251512445189399614e+01
-2.647920784703699724e+02 1.294122322589399232e+01
-2.639048138203700091e+02 1.334623172989398654e+01
-2.630090765393699712e+02 1.373339492189398925e+01
-2.621041467393699804e+02 1.410580677089399160e+01
-2.611977038293699707e+02 1.446263304789400195e+01
-2.602848465983699953e+02 1.480771032789400010e+01
-2.593682569413699639e+02 1.514150565489399014e+01
-2.584462341903699780e+02 1.546587027089398703e+01
-2.575254232053699752e+02 1.577956816789401273e+01
-2.565974273913699903e+02 1.608636261389401056e+01
-2.556696970623700054e+02 1.638453922489401293e+01
-2.547384958163700048e+02 1.667599107389401070e+01
-2.538051847483699817e+02 1.696086137289398721e+01
-2.528701555183699838e+02 1.723954591189399821e+01
-2.519300456023700008e+02 1.751346984489399006e+01
-2.509925089433699554e+02 1.778081532789400399e+01
-2.500556966383699660e+02 1.804252737789400385e+01
-2.491143436633699935e+02 1.830039114589399674e+01
-2.481712741943699712e+02 1.855389539989400305e+01
-2.472287730613699637e+02 1.880269975489400736e+01
-2.462813266433699937e+02 1.904848576089401035e+01
-2.453386268503699625e+02 1.928897036989400249e+01
-2.443922000843699607e+02 1.952653449389399043e+01
-2.434450499933699916e+02 1.976059161589398627e+01
-2.424970153303700044e+02 1.999135121989399977e+01
-2.415456671433699967e+02 2.021954679589399007e+01
-2.405961711293699636e+02 2.044408398989401121e+01
-2.396459872373699795e+02 2.066571027089401014e+01
-2.386951173383699825e+02 2.088454906389401344e+01
-2.377435738713699607e+02 2.110071249389400805e+01
-2.367945759893700028e+02 2.131358989289398664e+01
-2.358397745573699922e+02 2.152514567589400940e+01
-2.348886027943700014e+02 2.173337892589398734e+01
-2.339320459593699866e+02 2.194034877389398730e+01
-2.329778945803699912e+02 2.214444471989401109e+01
-2.320232818153699554e+02 2.234636836789400149e+01
-2.310682264233699925e+02 2.254618877089399120e+01
-2.301127456153699882e+02 2.274397111389399129e+01
-2.291597892173699620e+02 2.293917907789401056e+01
-2.282005695213699710e+02 2.313366473589400130e+01
-2.272439015423699971e+02 2.332568959689399435e+01
-2.262868625883699565e+02 2.351590407889401035e+01
-2.253321452853699611e+02 2.370383252989398670e+01
-2.243744757183699789e+02 2.389056235489400137e+01
-2.234164804223700003e+02 2.407562080389399739e+01
-2.224581650833699769e+02 2.425905113889399445e+01
-2.214994792593699913e+02 2.444090501189398879e+01
-2.205405669183699615e+02 2.462119524389399317e+01
-2.195814288773700014e+02 2.479996019289399101e+01
-2.186219129283699658e+02 2.497726450989401314e+01
-2.176622347123699797e+02 2.515310302989399815e+01
-2.167016839463699966e+02 2.532763781889400434e+01
-2.157412490983699627e+02 2.550072029389400541e+01
-2.147794635543699542e+02 2.567264332489401113e+01
-2.138199603983699717e+02 2.584278931889400610e+01
-2.128571546163699963e+02 2.601217505089400106e+01
-2.118985551373700105e+02 2.617950851289398884e+01
-2.109372791323700085e+02 2.634602031589400895e+01
-2.099743173913699934e+02 2.651155500789400321e+01
-2.090106310813699793e+02 2.667596654089399522e+01
-2.080503004363699802e+02 2.683858668789400781e+01
-2.070890453343699846e+02 2.700016663689399365e+01
-2.061258976583699791e+02 2.716088475589398854e+01
-2.051615267733699852e+02 2.732064370289398880e+01
-2.041986747623699898e+02 2.747900895089401274e+01
-2.032378387343699728e+02 2.763592330089400662e+01
-2.022744978393699853e+02 2.779214173789401343e+01
-2.013090589483699659e+02 2.794760722189400326e+01
-2.003455680883699870e+02 2.810168408689401076e+01
-1.993819225203699830e+02 2.825472700189399688e+01
-1.984181654713700027e+02 2.840674338889400019e+01
-1.974564628273699896e+02 2.855740879489400186e+01
-1.964900168053699758e+02 2.870779737689400690e+01
-1.955269369073699863e+02 2.885665788189399450e+01
-1.945626476933699678e+02 2.900471316189398863e+01
-1.935967003803700095e+02 2.915203942389399572e+01
-1.926319565113699923e+02 2.929821069589399940e+01
-1.916670645883700104e+02 2.944344396289400834e+01
-1.907034146393700098e+02 2.958754169989398974e+01
-1.897400123783699541e+02 2.973066431989400371e+01
-1.887721897673699800e+02 2.987350830289400960e+01
-1.878064932113699683e+02 3.001511271989400598e+01
-1.868414871943699609e+02 3.015570021389399358e+01
-1.858780770903699704e+02 3.029514972389399929e+01
-1.849123286453699961e+02 3.043403680189399552e+01
-1.839438660733699749e+02 3.057241512089399293e+01
-1.829804471553699727e+02 3.070918565689399315e+01
-1.820142023373699658e+02 3.084547441689399250e+01
-1.810478746203700098e+02 3.098089580989399394e+01
-1.800814154133699958e+02 3.111546119489399587e+01
-1.791148461693699687e+02 3.124917164289399807e+01
-1.781481850063699994e+02 3.138202829389399540e+01
-1.771815357503699602e+02 3.151402022789399382e+01
-1.762146558193699661e+02 3.164518326189400454e+01
-1.752476802023699634e+02 3.177550115889400217e+01
-1.742805968733699729e+02 3.190497729389399240e+01
-1.733133990913700018e+02 3.203361381089399629e+01
-1.723460839923699837e+02 3.216141181089399481e+01
-1.713786512423699833e+02 3.228837154189399428e+01
-1.704111021043700021e+02 3.241449250889399991e+01
-1.694434387813699914e+02 3.253977355389399406e+01
-1.684756639123700097e+02 3.266421290089400031e+01
-1.675077801303700085e+02 3.278780819689400516e+01
-1.665397896503699826e+02 3.291055653289400595e+01
-1.655716939243699812e+02 3.303245446489400194e+01
-1.646034934613699647e+02 3.315349799589399993e+01
-1.636352342973700047e+02 3.327367679289399405e+01
-1.626668279643699861e+02 3.339299645389399984e+01
-1.616983166733699591e+02 3.351144554089400174e+01
-1.607297029143699660e+02 3.362901673189399787e+01
-1.597609927593699695e+02 3.374570138889400539e+01
-1.587921964613699970e+02 3.386148943989400095e+01
-1.578233274133700093e+02 3.397636945389399443e+01
-1.568541208653699641e+02 3.409036152589399649e+01
-1.558850049933699893e+02 3.420340303489399503e+01
-1.549157588653699804e+02 3.431550649889399551e+01
-1.539437280173700060e+02 3.442695995189400548e+01
-1.529742966763699883e+02 3.453712958389400001e+01
-1.520048709653700030e+02 3.464629630889399436e+01
-1.510379055113699565e+02 3.475416796489399474e+01
-1.500679886233699563e+02 3.486132581789399865e+01
-1.490951512463699942e+02 3.496773286689399640e+01
-1.481277337863699586e+02 3.507245453889399300e+01
-1.471575179363699704e+02 3.517635559389400157e+01
-1.461871667473699858e+02 3.527911325189400316e+01
-1.452168456003699930e+02 3.538067370689400093e+01
-1.442462254763700003e+02 3.548103070589399977e+01
-1.432755197983699986e+02 3.558011658989400416e+01
-1.423047082093700055e+02 3.567788283489399248e+01
-1.413336363453699960e+02 3.577428779389400404e+01
-1.403625373333699713e+02 3.586924403789400628e+01
-1.393912965413699681e+02 3.596269023589400149e+01
-1.384199070573699828e+02 3.605454414589399903e+01
-1.374483624383699976e+02 3.614471136989399724e+01
-1.364766558793699573e+02 3.623308292689399934e+01
-1.355047795333699696e+02 3.631953207289400609e+01
-1.345327238733700028e+02 3.640391012389399350e+01
-1.335604771573699736e+02 3.648604085789399676e+01
-1.325880250773699913e+02 3.656571287689399696e+01
-1.316153507353699865e+02 3.664266897289400049e+01
-1.306424236473699807e+02 3.671659177289400589e+01
-1.296693806423699584e+02 3.678706848189399636e+01
-1.286961243283699901e+02 3.685358703789400181e+01
-1.277225251783699633e+02 3.691546466389399939e+01
-1.267474170213699409e+02 3.697180931289399552e+01
-1.257737100673700326e+02 3.702107219289399609e+01
-1.247985602693699576e+02 3.706125163189399530e+01
-1.238231673693699832e+02 3.708859277889399664e+01
-1.229513596353700251e+02 3.746832741189399485e+01
-1.221167716683699638e+02 3.798068879589399671e+01
-1.212928255783700280e+02 3.849666761789400482e+01
-1.204691545513699822e+02 3.901975777989399319e+01
-1.196479076833699793e+02 3.954664628589399911e+01
-1.188284543043699415e+02 4.007632091689400511e+01
-1.180103233263699423e+02 4.060803725589400415e+01
-1.171931525743700178e+02 4.114122927489400183e+01
-1.163766565013699648e+02 4.167545502989399608e+01
-1.155606054433699938e+02 4.221036157089399410e+01
-1.147448114813699505e+02 4.274566156689400032e+01
-1.139291185503700063e+02 4.328111719989399830e+01
-1.131133953323699899e+02 4.381652874089400029e+01
-1.122975300413699671e+02 4.435172626689400488e+01
-1.114814265123699926e+02 4.488656352189400423e+01
-1.106638824403699601e+02 4.542164497489399366e+01
-1.098457833993699779e+02 4.595622913089400186e+01
-1.090287703123700140e+02 4.648910453389399322e+01
-1.082102941113699472e+02 4.702180867189399294e+01
-1.073925965723700102e+02 4.755277023489399824e+01
-1.065758218933700192e+02 4.808180022489399619e+01
-1.057544810203699654e+02 4.861235468989400488e+01
-1.049335932283699577e+02 4.914109842089399649e+01
-1.041148515233699783e+02 4.966687348689400494e+01
-1.032907321623700483e+02 5.019443301289399528e+01
-1.024684230433700378e+02 5.071910129689399582e+01
-1.016470737473700439e+02 5.124137108289400544e+01
-1.008228745243699933e+02 5.176360406989400076e+01
-9.999551550636995501e+01 5.228592494989399597e+01
-9.916956162737001534e+01 5.280539762289400585e+01
-9.834270406136995746e+01 5.332343072289400254e+01
-9.751492325936995087e+01 5.383998709689400641e+01
-9.668620058036999865e+01 5.435503087589400195e+01
-9.585651829337002994e+01 5.486852724089399658e+01
-9.502585948336998456e+01 5.538044227589399782e+01
-9.419420796236995841e+01 5.589074284389400304e+01
-9.336154819937003424e+01 5.639939646789399319e+01
-9.253017953237004178e+01 5.690496710189400176e+01
-9.169546188536999409e+01 5.741023634289399524e+01
-9.085969274736994805e+01 5.791376429589399777e+01
-9.002285861836999459e+01 5.841552020889399444e+01
-8.918494638836996558e+01 5.891547357289400111e+01
-8.834594330337002077e+01 5.941359405689399864e+01
-8.750583693136998420e+01 5.990985145889399632e+01
-8.666227980336994108e+01 6.040558447889399929e+01
-8.581992755937001505e+01 6.089801996589399380e+01
-8.497643634737001150e+01 6.138850191589399685e+01
-8.413179475636998461e+01 6.187700013789400089e+01
-8.328599157136996212e+01 6.236348433689400395e+01
-8.243901576437004053e+01 6.284792407889399612e+01
-8.159321113236997292e+01 6.332895345389400177e+01
-8.074386097436998000e+01 6.380921814189399299e+01
-7.989152735036994102e+01 6.428834290589399814e+01
-7.903941218737004704e+01 6.476448885989400139e+01
-7.818620018636995894e+01 6.523836139389399591e+01
-7.733193758437001009e+01 6.570989879589400573e+01
-7.647645701937001661e+01 6.617915666189399815e+01
-7.561972058936994756e+01 6.664611776389399722e+01
-7.476171836836995510e+01 6.711074902789400198e+01
-7.390244051037002748e+01 6.757301695389399754e+01
-7.304195634236994294e+01 6.803284546389400589e+01
-7.218241170637004700e+01 6.848906084489399859e+01
-7.131925226236997162e+01 6.894404000089400597e+01
-7.045477857137002786e+01 6.939651715289400613e+01
-6.958898114637004539e+01 6.984645630089400470e+01
-6.872185056736994113e+01 7.029382087489399566e+01
-6.785337747537001007e+01 7.073857371189400567e+01
-6.698355257736996293e+01 7.118067702889399584e+01
-6.611236664536995988e+01 7.162009240389400588e+01
-6.523981051737003156e+01 7.205678075189399578e+01
-6.436587509836995480e+01 7.249070229689399980e+01
-6.349055136337001670e+01 7.292181655389400419e+01
-6.261383035736999148e+01 7.335008230089400172e+01
-6.173570476236996285e+01 7.377545680389400218e+01
-6.085616674836997220e+01 7.419789684989399348e+01
-5.997524397437003074e+01 7.461734165289399812e+01
-5.909285274436997781e+01 7.503378256289400383e+01
-5.820902092936997008e+01 7.544715690089400084e+01
-5.732374007637004354e+01 7.585741851989399720e+01
-5.643700184037000156e+01 7.626452035989399292e+01
-5.554879799636997006e+01 7.666841441389399847e+01
-5.465912044437000361e+01 7.706905170989399778e+01
-5.376796121936997963e+01 7.746638227289399481e+01
-5.287531250036995800e+01 7.786035510489399769e+01
-5.198116662036996161e+01 7.825091815089399461e+01
-5.108551608137004507e+01 7.863801826889400104e+01
-5.018835355837002510e+01 7.902160120389399367e+01
-4.928967192137004361e+01 7.940161155189399267e+01
-4.838946424137004954e+01 7.977799273089399890e+01
-4.748772381137003151e+01 8.015068695089399853e+01
-4.658444423436999671e+01 8.051963514489399643e+01
-4.567961908237005275e+01 8.088477708489399731e+01
-4.477324256837000860e+01 8.124605108089400574e+01
-4.386530901337000898e+01 8.160339417189399569e+01
-4.295581097037002394e+01 8.195674281589400323e+01
-4.204474501636998696e+01 8.230603060489400491e+01
-4.113122962136999661e+01 8.264884444589399948e+01
-4.021270990736998385e+01 8.297801058289400089e+01
-3.928951510937004343e+01 8.329383244889399407e+01
-3.836212774636994993e+01 8.359712717189400166e+01
-3.743096758937004154e+01 8.388863775389400246e+01
-3.649640142236997065e+01 8.416904133089400375e+01
-3.555875106936998975e+01 8.443895642189400519e+01
-3.461834213937000015e+01 8.469893786589399554e+01
-3.367534590536997996e+01 8.494952721489400460e+01
-3.273002243737001038e+01 8.519119158689399285e+01
-3.178256979037003305e+01 8.542437118389399586e+01
-3.083316486937003731e+01 8.564947244989400588e+01
-2.988196617437002089e+01 8.586687139689399828e+01
-2.892911612636994789e+01 8.607691654789400104e+01
-2.797474304836994463e+01 8.627993153189399322e+01
-2.701896286536994296e+01 8.647621739289400011e+01
-2.606188056737001091e+01 8.666605463989399993e+01
-2.510359146136995889e+01 8.684970506789399280e+01
-2.414418226436994530e+01 8.702741339289400457e+01
-2.318373205037001128e+01 8.719940870789399412e+01
-2.222231306936994599e+01 8.736590578689400388e+01
-2.125999146736997147e+01 8.752710626089400137e+01
-2.029682791936996011e+01 8.768319967389399494e+01
-1.933287818136996350e+01 8.783436443289400586e+01
-1.836819357636996131e+01 8.798076866989400457e+01
-1.740282143037002527e+01 8.812257102089400007e+01
-1.643680544537001254e+01 8.825992132989399863e+01
-1.547018604936995523e+01 8.839296129289400028e+01
-1.450300068636995654e+01 8.852182504089400084e+01
-1.353528409336997917e+01 8.864663966789399296e+01
-1.256706853736996088e+01 8.876752572389399631e+01
-1.159838403037004007e+01 8.888459765089399411e+01
-1.062925852137000327e+01 8.899796419489399568e+01
-9.659718073370028080e+00 8.910772877689399252e+01
-8.689787015369985212e+00 8.921398983389400428e+01
-7.719488088369941714e+00 8.931684113689399851e+01
-6.748842567370004097e+00 8.941637207789399611e+01
-5.777870382369953539e+00 8.951266793789399401e+01
-4.806590217370014351e+00 8.960581013689399299e+01
-3.835019611370014125e+00 8.969587645589399472e+01
-2.863175040369994484e+00 8.978294125489399846e+01
-1.891071998370036367e+00 8.986707566189400609e+01
-9.187250713700468863e-01 8.994834776089399497e+01
5.385200362995692241e-02 9.002682275589400263e+01
1.026646268630018399e+00 9.010256312689399749e+01
1.999645498630046037e+00 9.017562878289399464e+01
2.972838145629951079e+00 9.024607718589399497e+01
3.946213292630020852e+00 9.031396348889400372e+01
4.919760612629986873e+00 9.037934064689399349e+01
5.893470330629996035e+00 9.044225952889399878e+01
6.867333179630052520e+00 9.050276902289400027e+01
7.841340376630044240e+00 9.056091612989399664e+01
8.815483586630010748e+00 9.061674605389400483e+01
9.789754891630012779e+00 9.067030229089399995e+01
1.076414677262998687e+01 9.072162670089399228e+01
1.173865207562998769e+01 9.077075958989399851e+01
1.271326399263004880e+01 9.081773977389400443e+01
1.368797604363003195e+01 9.086260464689399896e+01
1.466282581962996012e+01 9.090539211889399951e+01
1.563772156063002861e+01 9.094613314789400249e+01
1.661269982363005226e+01 9.098486311289400419e+01
1.758775524563002080e+01 9.102161430189400448e+01
1.856288269963003756e+01 9.105641785189399684e+01
1.953807728963003854e+01 9.108930379989399739e+01
2.051337547462996724e+01 9.112030238989399322e+01
2.148868817963004574e+01 9.114943889889400452e+01
2.246405463163004868e+01 9.117674172489400064e+01
2.343947070863002580e+01 9.120223690089399327e+01
2.441493245462997663e+01 9.122594954289399993e+01
2.539043607063005936e+01 9.124790389189399775e+01
2.636597790862997215e+01 9.126812333889400009e+01
2.734155445962998954e+01 9.128663045189399838e+01
2.831716235062997100e+01 9.130344700889399689e+01
2.929237327763000565e+01 9.131858777989400267e+01
3.027087777663000168e+01 9.133212316689399302e+01
3.124606053063000388e+01 9.134398146189400336e+01
3.222231573262995141e+01 9.135424074889400003e+01
3.319556216362995826e+01 9.136288112489400248e+01
3.417578172763005284e+01 9.136999919989399643e+01
3.514703623663005772e+01 9.137550088989399910e+01
3.612278687562995572e+01 9.137948939689400163e+01
3.709854585163002128e+01 9.138195134189399482e+01
3.807840384862997496e+01 9.138290254689400172e+01
3.905006463363001501e+01 9.138235497389399598e+01
4.002582462463003310e+01 9.138032494189400268e+01
4.100380798163000406e+01 9.137681525689400530e+01
4.198055202262996488e+01 9.137184887389399535e+01
4.295578291562996753e+01 9.136544551789400259e+01
4.393151681263002217e+01 9.135760580089399241e+01
4.490723907662997760e+01 9.134834384389399986e+01
4.588294775663000280e+01 9.133767026089400076e+01
4.685864093663001029e+01 9.132559515389399962e+01
4.783431673862996547e+01 9.131212811789400519e+01
4.880783651863002603e+01 9.129731227189400045e+01
4.978290221563001694e+01 9.128110102889399968e+01
5.075851498463002542e+01 9.126351454089399340e+01
5.173595427363004262e+01 9.124453224989399303e+01
5.271261480763000407e+01 9.122420955689399591e+01
5.368815112562997172e+01 9.120256408389400349e+01
5.466367050263004046e+01 9.117957959089399367e+01
5.563976121163004507e+01 9.115524653989399440e+01
5.661437248963004265e+01 9.112962286489400299e+01
5.758972481362995666e+01 9.110265613289399766e+01
5.856228005562995520e+01 9.107445225289400526e+01
5.953771616562998759e+01 9.104484979589399529e+01
6.051685541163003279e+01 9.101381336389400190e+01
6.149163824863005345e+01 9.098160209389399711e+01
6.246609280662998742e+01 9.094809412789399516e+01
6.344031544463000216e+01 9.091328851389400256e+01
6.441498320963005142e+01 9.087716130189400587e+01
6.538984225362996483e+01 9.083972070489400608e+01
6.636484245962996908e+01 9.080096746489400061e+01
6.733995844863004265e+01 9.076090094089400395e+01
6.831506140863000098e+01 9.071952444789400261e+01
6.929024212362996593e+01 9.067683157389400606e+01
7.026540395163003438e+01 9.063282331589400087e+01
7.124047196362998591e+01 9.058749945789399760e+01
7.221536561762995632e+01 9.054085972289399820e+01
7.319002981263001573e+01 9.049290223589399318e+01
7.416450889162994997e+01 9.044361952089400347e+01
7.513889807463003478e+01 9.039300034189399469e+01
7.611303240363001521e+01 9.034104610389400136e+01
7.708698197963001064e+01 9.028774517189400228e+01
7.806080250162999334e+01 9.023308535489400128e+01
7.903454103663004560e+01 9.017705360889399913e+01
8.000829886563001025e+01 9.011963227389399833e+01
8.098199183962996983e+01 9.006081325789399727e+01
8.195571360662999894e+01 9.000057655989400018e+01
8.292945028563001131e+01 8.993890715989400064e+01
8.390323266962995774e+01 8.987578572689399437e+01
8.487714522062996991e+01 8.981118756989400254e+01
8.585132134162999762e+01 8.974508241889400040e+01
8.682598831762997804e+01 8.967743071989400505e+01
8.779946301662998565e+01 8.960832657889399400e+01
8.877259736862997386e+01 8.953768665789399961e+01
8.974559148262999031e+01 8.946546876289400529e+01
9.071478055763002146e+01 8.939192337289399859e+01
9.168755414463002751e+01 8.931645617889400057e+01
9.266289507663002212e+01 8.923909293389399977e+01
9.363535960663004687e+01 8.916022535889399592e+01
9.460503116163003767e+01 8.907981738789399628e+01
9.558124556662998828e+01 8.899703545689399675e+01
9.655285402462997979e+01 8.891276577589400176e+01
9.752466321563001372e+01 8.882654514289400538e+01
9.849696156362999488e+01 8.873828076289399291e+01
9.946603349663000415e+01 8.864824671189400362e+01
1.004357562876299852e+02 8.855601158889399471e+01
1.014109916456299487e+02 8.846100324889400213e+01
1.023816222286299507e+02 8.836410479289399689e+01
1.033525261756299614e+02 8.826473346989399715e+01
1.043229152896299610e+02 8.816284550589399771e+01
1.052930581106300423e+02 8.805827372289400046e+01
1.062628595966299798e+02 8.795086904289399854e+01
1.072323149976299845e+02 8.784044949589400630e+01
1.082013973776300162e+02 8.772680715789400097e+01
1.091700689586299831e+02 8.760970061389400598e+01
1.101382913756299757e+02 8.748884528989400167e+01
1.111059996146299653e+02 8.736390540689400552e+01
1.120731134656299872e+02 8.723447732889400186e+01
1.130395446986299675e+02 8.710006698489399923e+01
1.140051792776300061e+02 8.696006109589400523e+01
1.149698669446300272e+02 8.681368247489399437e+01
1.159334041766300487e+02 8.665992111689399735e+01
1.168955050676300260e+02 8.649742277689399828e+01
1.178557438646300142e+02 8.632426970389400367e+01
1.188130530236300473e+02 8.613562139589400601e+01
1.197671037886299672e+02 8.593111238189399614e+01
1.207181325646300110e+02 8.571296818389400585e+01
1.216663609356300384e+02 8.548294587089399954e+01
1.226119918046299944e+02 8.524245970889400326e+01
1.235551693956299886e+02 8.499267759589399418e+01
1.244960925576299786e+02 8.473455178989399883e+01
1.254349846976299858e+02 8.446886804189399811e+01
1.263718547296299874e+02 8.419634713589400121e+01
1.273068932566299480e+02 8.391755722189400046e+01
1.282402064516300584e+02 8.363300748889399472e+01
1.291718927566300295e+02 8.334314113689400472e+01
1.301020424466300369e+02 8.304834686689399348e+01
1.310306797426300705e+02 8.274898676889399951e+01
1.319579187866300458e+02 8.244535363689399787e+01
1.328838581116299906e+02 8.213770981989399900e+01
1.338085549556299725e+02 8.182630114889400375e+01
1.347320629416299766e+02 8.151134887189400047e+01
1.356544325276300356e+02 8.119305283589399380e+01
1.365757112546299936e+02 8.087159419789399806e+01
1.374959435256300253e+02 8.054713787789400214e+01
1.384151706536300139e+02 8.021983456389399691e+01
1.393333961016300577e+02 7.988983499789399900e+01
1.402506883526299930e+02 7.955725455789399803e+01
1.411670824326300249e+02 7.922220964489399364e+01
1.420826111236299880e+02 7.888480774089400427e+01
1.429973052736300474e+02 7.854514827189399284e+01
1.439111939936299791e+02 7.820332338689399876e+01
1.448243048866300455e+02 7.785941862289399751e+01
1.457367026386299926e+02 7.751349888389400178e+01
1.466483227876299793e+02 7.716567218789400329e+01
1.475592450686299912e+02 7.681598644189399749e+01
1.484694301516299788e+02 7.646453016089400023e+01
1.493789948326299850e+02 7.611132703389399978e+01
1.502879218866300448e+02 7.575644819889400594e+01
1.511962345546300526e+02 7.539994531489399776e+01
1.521039580846300510e+02 7.504186564389399905e+01
1.530111145366300320e+02 7.468225434989399503e+01
1.539177034666300301e+02 7.432116248489400334e+01
1.548237351646300226e+02 7.395863406589400313e+01
1.557292165546299998e+02 7.359471184989399717e+01
1.566341549726300286e+02 7.322943600589400148e+01
1.575385588256299911e+02 7.286284399189399608e+01
1.584424372456300603e+02 7.249497083289399768e+01
1.593457996166300177e+02 7.212584943689400063e+01
1.602486924046300487e+02 7.175549557389399524e+01
1.611510370326299721e+02 7.138397457689400483e+01
1.620528987066300601e+02 7.101129109789400218e+01
1.629542851016299778e+02 7.063747174889400071e+01
1.638552038856300328e+02 7.026254164189400342e+01
1.647556625876300700e+02 6.988652450889399859e+01
1.656556685236300268e+02 6.950944281189400442e+01
1.665552287306300627e+02 6.913131782789399438e+01
1.674543499196300331e+02 6.875216973089399630e+01
1.683530384396299837e+02 6.837201765689400190e+01
1.692513002246300289e+02 6.799087978089400508e+01
1.701491407346300662e+02 6.760877338189399666e+01
1.710465648656300459e+02 6.722571492089400635e+01
1.719435768216299607e+02 6.684172013789400069e+01
1.728401799016300515e+02 6.645680416989399930e+01
1.737364339896300294e+02 6.607095680189399900e+01
1.746322570276300326e+02 6.568422796989399615e+01
1.755276872686300180e+02 6.529661494089400264e+01
1.764227262646300574e+02 6.490812986189399680e+01
1.773173737796300315e+02 6.451878476289400055e+01
1.782116041356300116e+02 6.412860191189399472e+01
1.791054231106300563e+02 6.373758903089400008e+01
1.799987927016300659e+02 6.334577215589399657e+01
1.808916434626300429e+02 6.295319043789399416e+01
1.817837796726300326e+02 6.255993815289400573e+01
1.826742274986300458e+02 6.216645376789399791e+01
1.835681072506300211e+02 6.177047608189400307e+01
1.844597651926300728e+02 6.137451096789399685e+01
1.853526295706299720e+02 6.097703997189400127e+01
1.862436911856299844e+02 6.057940485389400465e+01
1.871348116006300302e+02 6.018077778189399396e+01
1.880254511496299870e+02 5.978139967089400386e+01
1.889156207716300173e+02 5.938126465689400391e+01
1.898053569776299696e+02 5.898035386089399879e+01
1.906946926376299984e+02 5.857864832689399748e+01
1.915836310366300381e+02 5.817614064189399414e+01
1.924721723366299670e+02 5.777282287989399379e+01
1.933603137246299752e+02 5.736868632089399966e+01
1.942480274546300620e+02 5.696373121389399330e+01
1.951354307686299876e+02 5.655788875889399492e+01
1.960223809346300072e+02 5.615120575189399688e+01
1.969089110376300482e+02 5.574364498089400399e+01
1.977950130276299774e+02 5.533518364089400166e+01
1.986806772566299628e+02 5.492579441589400346e+01
1.995658917906300189e+02 5.451544469589400421e+01
2.004506415896300382e+02 5.410409550589399430e+01
2.013349056716299970e+02 5.369170089389399436e+01
2.022186549846300636e+02 5.327820628689400451e+01
2.031018494786300721e+02 5.286354619289400603e+01
2.039844040316300493e+02 5.244765498889400135e+01
2.048663604816300108e+02 5.203037778489400011e+01
2.057475616476299933e+02 5.161161193289399307e+01
2.066278949076300364e+02 5.119117232689400510e+01
2.075073493566300726e+02 5.076872819889399580e+01
2.083856213216300262e+02 5.034392622789400207e+01
2.092623029386300573e+02 4.991616239189400517e+01
2.101368353116300227e+02 4.948425440689399579e+01
2.110084963966300506e+02 4.904526492289400608e+01
2.118887922976300047e+02 4.864048741489399674e+01
2.128494722956300507e+02 4.847101202989399837e+01
2.138151748986300049e+02 4.833163955189399985e+01
2.147825076846300476e+02 4.820368752689400083e+01
2.157506477956300728e+02 4.808229797989399401e+01
2.167195345986299913e+02 4.796528876289400500e+01
2.176900989346300435e+02 4.785135774389399899e+01
2.186598021386300275e+02 4.774006384889399612e+01
2.196294143606300509e+02 4.763081899189400303e+01
2.205992714516300452e+02 4.752323527889400623e+01
2.215695156716299721e+02 4.741703980389399931e+01
2.225371774106300222e+02 4.731235630989399965e+01
2.235097094426300259e+02 4.720822805289400037e+01
2.244797174616300595e+02 4.710532698589399558e+01
2.254463738466300242e+02 4.700363220689399668e+01
2.264205375526300372e+02 4.690192330389399444e+01
2.273892596036300233e+02 4.680148512589400411e+01
2.283615698166300376e+02 4.670132028889399578e+01
2.293305987366300656e+02 4.660208650189399293e+01
2.303035474296299867e+02 4.650300338689399382e+01
2.312737224656299873e+02 4.640471593089399960e+01
2.322450733786300248e+02 4.630678987889399423e+01
2.332153967376299875e+02 4.620941872889399349e+01
2.341859449396300192e+02 4.611245093789399618e+01
2.351572677836300613e+02 4.601580986189399880e+01
2.361293519076299958e+02 4.591947794589400189e+01
2.371004795996299777e+02 4.582360772589399289e+01
2.380703572626300115e+02 4.572821140489399738e+01
2.390356454606300645e+02 4.563360066789400094e+01
2.400127383526300378e+02 4.553816017989399256e+01
2.409831915456300635e+02 4.544368341089399621e+01
2.419539105386300548e+02 4.534948561789400401e+01
2.429264590976300155e+02 4.525540793389400562e+01
2.438971791066300625e+02 4.516179733389400042e+01
2.448684726036299821e+02 4.506841590189399938e+01
2.458399879206299943e+02 4.497529323489399644e+01
2.468108827216299801e+02 4.488250650489399618e+01
2.477829402006299802e+02 4.478988332489399227e+01
2.487539724396299903e+02 4.469763129789400580e+01
2.497249404346300139e+02 4.460565910089400177e+01
2.506966577446300448e+02 4.451389192089399671e+01
2.516692198576300257e+02 4.442232512289399438e+01
2.526405518146299869e+02 4.433115964189400415e+01
2.536119126806300415e+02 4.424028497689400297e+01
2.545833459836300676e+02 4.414970835989399234e+01
2.555549516196300033e+02 4.405943577089399810e+01
2.565265978396300284e+02 4.396949992989399902e+01
2.574982636606300161e+02 4.387993031589400061e+01
2.584699822326300023e+02 4.379076164289399742e+01
2.594416820726300443e+02 4.370205362589399556e+01
2.604134288296300497e+02 4.361387819189400261e+01
2.613852002916300421e+02 4.352635862089400121e+01
2.623570980816299993e+02 4.343969251089400530e+01
2.633290954916299711e+02 4.335429221489400220e+01
2.643011602026300011e+02 4.326975351889399235e+01
2.652717576176300440e+02 4.316958295089399655e+01
2.662394602206300647e+02 4.304501381689399864e+01
2.672027368316300340e+02 4.288998231089399837e+01
2.681588859916300294e+02 4.269593809489400371e+01
2.691030722916299851e+02 4.245047217489400282e+01
2.700261698256300065e+02 4.213529090389400267e+01
2.709104408576300216e+02 4.172426413689399283e+01
2.717235018056300646e+02 4.118698923289399261e+01
2.724265649516300414e+02 4.051230392289400584e+01
2.730290087456300512e+02 3.974512777189400481e+01
2.734338490666299890e+02 3.890451273189400183e+01
2.734451955746299632e+02 3.793064502489400525e+01
2.734592159856300100e+02 3.695506980789400586e+01
2.734760693976300558e+02 3.597955509189399947e+01
2.734959497096299970e+02 3.500408506489399940e+01
2.735191186646300707e+02 3.402667571989400130e+01
2.735457112846300447e+02 3.305134642889399288e+01
2.735760205256299855e+02 3.207612378189399749e+01
2.736103157106300046e+02 3.110103146189399581e+01
2.736488862806300517e+02 3.012609726489399975e+01
2.736920404566299680e+02 2.915135363689398673e+01
2.737401020256300512e+02 2.817683815889398602e+01
2.737934042596299946e+02 2.720259384389399315e+01
2.738522796426299806e+02 2.622866906489400662e+01
2.739170436436300520e+02 2.525511680589400498e+01
2.739879703916299718e+02 2.428199280589399223e+01
2.740652580026300598e+02 2.330935201189399208e+01
2.741489817996300076e+02 2.233724272589398652e+01
2.742390354906299876e+02 2.136569793489400126e+01
2.743350642006300291e+02 2.039472396489401262e+01
2.744363994576299888e+02 1.942428780289398560e+01
2.745420137256300563e+02 1.845430630689401141e+01
2.746505173126300292e+02 1.748464213689399571e+01
2.747602175626299754e+02 1.651511117989400645e+01
2.748692448906300001e+02 1.554550314589400273e+01
2.749757256416300493e+02 1.457561118989400484e+01
2.750779639476300531e+02 1.360522794189398610e+01
2.751745658006299777e+02 1.263431144789399241e+01
2.752645360206300325e+02 1.166275403989399706e+01
2.753472631336300651e+02 1.069054898289400057e+01
2.754256959566300225e+02 9.717982440893990770e+00
2.755252985286300031e+02 8.747378440894010510e+00
2.756518170626300730e+02 7.779914334893987871e+00
2.758056066406300602e+02 6.816408550894010432e+00
2.759870597166299717e+02 5.857748145893992842e+00
2.761966236536300698e+02 4.904830683894005006e+00
2.764347907306300272e+02 3.958658559893990514e+00
2.767021106686300413e+02 3.020308029894010815e+00
2.769991936806300714e+02 2.090954006894008899e+00
2.773267279326300354e+02 1.171853532894004957e+00
2.776854298216300663e+02 2.645129078939874034e-01
2.780761277766300168e+02 -6.295133871059874764e-01
2.784997073206299660e+02 -1.508433514106002349e+00
2.789571222376300170e+02 -2.370223656105991950e+00
2.794493868536300738e+02 -3.212585811106009714e+00
2.799775615496300247e+02 -4.032899809105998656e+00
2.805427277456299748e+02 -4.828168664105987773e+00
2.811459485226300217e+02 -5.594959290106004346e+00
2.817882093406299759e+02 -6.329341445105995945e+00
2.824703323246299647e+02 -7.026830911106003441e+00
2.831928574796300495e+02 -7.682347674106011937e+00
2.839558838636300493e+02 -8.290204540106003606e+00
2.847012387536299798e+02 -8.875634773106014563e+00
2.846947399546300517e+02 -9.851339097106006193e+00
2.846766354566299810e+02 -1.082689741510600356e+01
2.846466259846300204e+02 -1.180216154110598836e+01
2.846044012076300191e+02 -1.277697274810600447e+01
2.845496419596300370e+02 -1.375111432010601220e+01
2.844820091476299808e+02 -1.472448679310599573e+01
2.844011572786300235e+02 -1.569684928510599775e+01
2.843067247696299660e+02 -1.666798561710601234e+01
2.841983349576300384e+02 -1.763766194310599644e+01
2.840755949176299850e+02 -1.860562503310600846e+01
2.839380940896300558e+02 -1.957160032610599387e+01
2.837854026356299642e+02 -2.053528978110600178e+01
2.836170621256300706e+02 -2.149640942110599440e+01
2.834326108936300557e+02 -2.245453114810601392e+01
2.832315439006300153e+02 -2.340929556810598910e+01
2.830133296276300712e+02 -2.436028382610601284e+01
2.827774021426300237e+02 -2.530703378810599702e+01
2.825231470416300112e+02 -2.624906377010600522e+01
2.822499330896300194e+02 -2.718572497610600180e+01
2.819570396046299834e+02 -2.811642251310598795e+01
2.816436878606299956e+02 -2.904043527510600597e+01
2.813090117996300137e+02 -2.995694190210599572e+01
2.809520328306300030e+02 -3.086499495210600230e+01
2.805716228796300697e+02 -3.176348363110599848e+01
2.801664479646299810e+02 -3.265107733310600224e+01
2.797348771496299946e+02 -3.352613597710600857e+01
2.792748268616300606e+02 -3.438655403010599798e+01
2.787834664916300085e+02 -3.522946797510599026e+01
2.783035602286300332e+02 -3.607827263710601073e+01
2.779603175376300328e+02 -3.699035708510601239e+01
2.777822552886299832e+02 -3.794830981310599327e+01
2.777776003986299997e+02 -3.892277358510600038e+01
2.779357725876299696e+02 -3.988456250310599671e+01
2.782339170746300283e+02 -4.081283199110600890e+01
2.786463316806299986e+02 -4.169652380510601120e+01
2.791504053806300476e+02 -4.253150906410598964e+01
2.797285800226300694e+02 -4.331712392310600990e+01
2.803683307826300393e+02 -4.405353384310600973e+01
2.810618435936300443e+02 -4.473957245010601014e+01
2.810943206236300398e+02 -4.540290465410600973e+01
2.803853707286299937e+02 -4.607324204910599974e+01
2.796614841626299608e+02 -4.672745507510600760e+01
2.789188911226299865e+02 -4.736032493010600319e+01
2.781484531866299790e+02 -4.795891497810600868e+01
2.772436522086300670e+02 -4.823738377910601116e+01
2.762762695846300289e+02 -4.836466938610598731e+01
2.753100763586300559e+02 -4.850162473310601285e+01
2.743460742246300583e+02 -4.864308589810599415e+01
2.733810611476299641e+02 -4.878768807210599334e+01
2.724166399796300198e+02 -4.893427912510600208e+01
2.714523059296299721e+02 -4.908239807010599520e+01
2.704880206826300650e+02 -4.923170465610598967e+01
2.695238777036300348e+02 -4.938194524910599625e+01
2.685598846426300383e+02 -4.953294498310600602e+01
2.675959323496300044e+02 -4.968459015810600476e+01
2.666317943726300541e+02 -4.983681506210601242e+01
2.656683714626299775e+02 -4.998939626710600237e+01
2.647047085446300230e+02 -5.014241899410600922e+01
2.637410403396300467e+02 -5.029579171110600555e+01
2.627772808576300463e+02 -5.044948235810599613e+01
2.618135225476300434e+02 -5.060343715710598644e+01
2.608498737316299980e+02 -5.075760500110601470e+01
2.598864995896299774e+02 -5.091192984010601208e+01
2.589230727926299664e+02 -5.106643799910600023e+01
2.579602046416300141e+02 -5.122100809710599378e+01
2.569968003466299820e+02 -5.137579496610601382e+01
2.560334193386300399e+02 -5.153068982210601234e+01
2.550700581886300711e+02 -5.168567578310600652e+01
2.541067140766299985e+02 -5.184073719410599779e+01
2.531433839946300282e+02 -5.199585952910601350e+01
2.521800254646299777e+02 -5.215103553010601445e+01
2.512167568536299882e+02 -5.230623277810599348e+01
2.502534248936299832e+02 -5.246146322610599100e+01
2.492901759746300172e+02 -5.261669103710599416e+01
2.483268297106299656e+02 -5.277193341010598715e+01
2.473633025476299849e+02 -5.292719221310599664e+01
2.464000654926300626e+02 -5.308238015310598712e+01
2.454367221556299796e+02 -5.323754980410600979e+01
2.444733675006299904e+02 -5.339267459010599737e+01
2.435101365346300213e+02 -5.354772145010599615e+01
2.425458972546300060e+02 -5.370286103210600004e+01
2.415816575146299670e+02 -5.385791935310601275e+01
2.406174862766300180e+02 -5.401287331010598791e+01
2.396543701896300149e+02 -5.416755210810600829e+01
2.386909442786300701e+02 -5.432216221510600462e+01
2.377275850466300540e+02 -5.447662970110599190e+01
2.367641750876300080e+02 -5.463095922110599645e+01
2.358006696626300140e+02 -5.478514289610600940e+01
2.348371265206299654e+02 -5.493915545010599999e+01
2.338735465026300631e+02 -5.509297957010599589e+01
2.329099303556300242e+02 -5.524659660610601009e+01
2.319462776586299810e+02 -5.539998650610598929e+01
2.309825869236299809e+02 -5.555312752910600693e+01
2.300188554936300420e+02 -5.570599593110600267e+01
2.290550802056299631e+02 -5.585856545910598925e+01
2.280912569426299683e+02 -5.601080693410600020e+01
2.271273808796300386e+02 -5.616268761510599461e+01
2.261634464096300121e+02 -5.631417045410600508e+01
2.251994139396300056e+02 -5.646521833410599811e+01
2.242353512836299956e+02 -5.661577071310600218e+01
2.232712053186300523e+02 -5.676577778610601399e+01
2.223069662276299709e+02 -5.691517261310599451e+01
2.213426222156300014e+02 -5.706387533510599042e+01
2.203781589906299700e+02 -5.721178926310599877e+01
2.194135590216299647e+02 -5.735879530810601068e+01
2.184488004456300700e+02 -5.750474381210599972e+01
2.174838928336300228e+02 -5.764943654910601367e+01
2.165187091556300061e+02 -5.779263169210599926e+01
2.155532585336300713e+02 -5.793396915610600217e+01
2.145874703136300354e+02 -5.807294209110600036e+01
2.136212390976300526e+02 -5.820876956710600325e+01
2.126543938896300574e+02 -5.834012930810601461e+01
2.116866181236300122e+02 -5.846441840710599536e+01
2.118252721206300180e+02 -5.749863963510600229e+01
2.119334235056300599e+02 -5.652895942410600583e+01
2.120146469986299849e+02 -5.555664551110601224e+01
2.120715713756300715e+02 -5.458260125210600222e+01
2.121061832616300649e+02 -5.360750470210601293e+01
2.121200155716300628e+02 -5.263188836010598948e+01
2.121142698706300393e+02 -5.165618737810601147e+01
2.120898989176300233e+02 -5.068077078710601313e+01
2.120476641496300658e+02 -4.970596122710600184e+01
2.119881768336300070e+02 -4.873204922010600626e+01
2.119119320636299904e+02 -4.775934705410600145e+01
2.118193180516299776e+02 -4.678803203310599201e+01
2.117106508546300461e+02 -4.581838078510600099e+01
2.115861773556300136e+02 -4.485063073010599055e+01
2.114460881176300404e+02 -4.388501672710600587e+01
2.112905258096299690e+02 -4.292177366310599496e+01
2.111195920366299674e+02 -4.196113857610600917e+01
2.109333529646300462e+02 -4.100335244310599592e+01
2.107318440236300034e+02 -4.004866170710599249e+01
2.105150738836300093e+02 -3.909731961610600592e+01
2.102830278926300593e+02 -3.814958740610600785e+01
2.100356710696300411e+02 -3.720573535310600732e+01
2.097729507876300090e+02 -3.626604374110598883e+01
2.094947991876300080e+02 -3.533080372610601216e+01
2.092011354206300098e+02 -3.440031813310599773e+01
2.088918677456300088e+02 -3.347490217310598837e+01
2.085668955386300354e+02 -3.255488408810600731e+01
2.082261112406300185e+02 -3.164060572010600936e+01
2.078694022766300691e+02 -3.073242299610600980e+01
2.074966529736299776e+02 -2.983070632510600717e+01
2.071077464866299920e+02 -2.893584089710600438e+01
2.067025667526300481e+02 -2.804822686410599886e+01
2.062810004896300029e+02 -2.716827940010600173e+01
2.058429392336300339e+02 -2.629642862310601004e+01
2.053882814296300126e+02 -2.543311934910599348e+01
2.049169345696299729e+02 -2.457881068310601336e+01
2.044288413696299926e+02 -2.373401601610601119e+01
2.039238919736299636e+02 -2.289914769110600901e+01
2.034020529096300720e+02 -2.207473626310599002e+01
2.028632899136300125e+02 -2.126128977410598964e+01
2.023075885956299658e+02 -2.045932502310600398e+01
2.017349569406300702e+02 -1.966936634910601356e+01
2.011454271876299913e+02 -1.889194331810600147e+01
2.005390578206300347e+02 -1.812758854710600076e+01
1.999159353776299781e+02 -1.737683519910601149e+01
1.992761760526299781e+02 -1.664021427510598983e+01
1.986199270676300443e+02 -1.591825168910600041e+01
1.979473238196300713e+02 -1.521142004210599907e+01
1.972586178866300202e+02 -1.452027035210599593e+01
1.965540542536299995e+02 -1.384529406110598870e+01
1.958339117906299975e+02 -1.318696504610599618e+01
1.950985026896300383e+02 -1.254573600310601478e+01
1.943481712086300490e+02 -1.192203472010601217e+01
1.935832932456300455e+02 -1.131626159410600962e+01
1.928042740806300230e+02 -1.072878613010598770e+01
1.920115468156299698e+02 -1.015994461310600627e+01
1.912055700266300278e+02 -9.610037739105990795e+00
1.903868251836300374e+02 -9.079328660106000370e+00
1.895558138106300134e+02 -8.568041454106008814e+00
1.887130544416300495e+02 -8.076360005106010931e+00
1.878590794306300609e+02 -7.604427343106010539e+00
1.869944316756299827e+02 -7.152345423105998634e+00
1.861196613186299942e+02 -6.720175350105989764e+00
1.852353224836300001e+02 -6.307938026106000962e+00
1.843419700956299607e+02 -5.915615181106005593e+00
1.834401568476300213e+02 -5.543150773105992357e+00
1.825304303436300302e+02 -5.190452691106003158e+00
1.816133304586300596e+02 -4.857394732106001811e+00
1.806893869426300512e+02 -4.543818788105994599e+00
1.797591172886299660e+02 -4.249537208106005437e+00
1.788230248736300041e+02 -3.974335267105999492e+00
1.778815973726299831e+02 -3.717973718106009073e+00
1.769353054556300435e+02 -3.480191358105997779e+00
1.759846017436299803e+02 -3.260707590105994313e+00
1.750298786936299962e+02 -3.059216612106013145e+00
1.740716397286300321e+02 -2.875425083105994872e+00
1.731102310046300659e+02 -2.708998300106003398e+00
1.721460273786299808e+02 -2.559602381106003577e+00
1.711793838966299859e+02 -2.426895616106008902e+00
1.702106359826299808e+02 -2.310530406106011014e+00
1.692400997456300615e+02 -2.210155046105995780e+00
1.682680724166299910e+02 -2.125415357105993053e+00
1.672948328576300696e+02 -2.055956171106004149e+00
1.663206421636299979e+02 -2.001422658106008612e+00
1.653457443066300243e+02 -1.961461523106009963e+00
1.643703668356300227e+02 -1.935722049106004761e+00
1.633947204696300446e+02 -1.923857017106001877e+00
1.624190054956300742e+02 -1.926083580105995452e+00
1.614434630756300635e+02 -1.944483069106013318e+00
1.604683808796300468e+02 -1.979624553105992391e+00
1.594940672386300662e+02 -2.031890952106010673e+00
1.585208511776300497e+02 -2.101660917105988347e+00
1.575490827556299678e+02 -2.189306874105994893e+00
1.565791332976299941e+02 -2.295192905106006265e+00
1.556114395096299745e+02 -2.419666378106001048e+00
1.546462833716299770e+02 -2.563086006106004788e+00
1.536845814076299916e+02 -2.725695602106014803e+00
1.527260812576300282e+02 -2.907918840105992331e+00
1.517714650616300673e+02 -3.110015309105989445e+00
1.508213472696300528e+02 -3.332224516106009560e+00
1.498762397236300217e+02 -3.574780883106001284e+00
1.489366609686300649e+02 -3.837892103106014474e+00
1.480031749566300618e+02 -4.121724728105988333e+00
1.470762564266299819e+02 -4.426442953106004552e+00
1.461565077336300078e+02 -4.752138599105990124e+00
1.452441688706300624e+02 -5.099005650105993936e+00
1.443404680966299907e+02 -5.466818876106003700e+00
1.434459122956299666e+02 -5.855562868106005681e+00
1.425604797926300193e+02 -6.265435973106008305e+00
1.416850284926300105e+02 -6.696212262106001845e+00
1.408201042386299946e+02 -7.147750075105989254e+00
1.399662394006300588e+02 -7.619865403105990254e+00
1.391239496266300080e+02 -8.112332768106000458e+00
1.382937307746299780e+02 -8.624886542105997478e+00
1.374760561156300014e+02 -9.157222675105998633e+00
1.366713735906300258e+02 -9.709000962105989174e+00
1.358801039286300352e+02 -1.027984731210599989e+01
1.351026384586299969e+02 -1.086935674710599642e+01
1.343392351406300236e+02 -1.147718004210599929e+01
1.335903733796299662e+02 -1.210274289010601478e+01
1.328564189476300612e+02 -1.274549830410600748e+01
1.321375478196300151e+02 -1.340501644710599294e+01
1.314338661836300730e+02 -1.408090347910601281e+01
1.307456659846299658e+02 -1.477255221910598948e+01
1.300731137296300517e+02 -1.547943141410598855e+01
1.294163455966300376e+02 -1.620100437910599567e+01
1.287754684946300472e+02 -1.693673202810600742e+01
1.281505617486299684e+02 -1.768607523410599924e+01
1.275416788156300498e+02 -1.844849707510599046e+01
1.269488492276299638e+02 -1.922346464210599493e+01
1.263720805736300434e+02 -2.001045061610599873e+01
1.258113738496299874e+02 -2.080891515010600301e+01
1.252666263156300346e+02 -2.161845318210600908e+01
1.247378665846299981e+02 -2.243845390010599772e+01
1.242250039256299914e+02 -2.326847014910600819e+01
1.237279447526299663e+02 -2.410805672610601391e+01
1.232465198446299581e+02 -2.495690222710601347e+01
1.227807191296299578e+02 -2.581441721110599019e+01
1.223305735116299928e+02 -2.667990249410598835e+01
1.218959263516300524e+02 -2.755299643010599198e+01
1.214755586536299887e+02 -2.843563409910601081e+01
1.210703988536300102e+02 -2.932536598410601414e+01
1.206810892156300241e+02 -3.022001853510599290e+01
1.203066782166300044e+02 -3.112101270610600068e+01
1.199470402466300101e+02 -3.202801029110599984e+01
1.196020510706299973e+02 -3.294068632310600719e+01
1.192715888176300467e+02 -3.385872860610601265e+01
1.189555348946300199e+02 -3.478183722310600956e+01
1.186542320596300186e+02 -3.570828068010601442e+01
1.183661991696299509e+02 -3.664211192210601098e+01
1.180927040626300339e+02 -3.757873459610598843e+01
1.178331921586299558e+02 -3.851933559810601082e+01
1.175875732146300123e+02 -3.946366788210599452e+01
1.173557896706300170e+02 -4.041138806610601364e+01
1.171377222456300586e+02 -4.136244858010599046e+01
1.169333264536300447e+02 -4.231654499810599646e+01
1.167425469676300480e+02 -4.327346120910598870e+01
1.165653388296299653e+02 -4.423298725410600696e+01
1.164016681206300490e+02 -4.519491864010601034e+01
1.162515126596299950e+02 -4.615905562910600679e+01
1.161148627326299874e+02 -4.712520251610601463e+01
1.159917264426300534e+02 -4.809312878210599251e+01
1.158821146766299961e+02 -4.906269261310600882e+01
1.157860797966299486e+02 -5.003349503710600743e+01
1.157036383356300320e+02 -5.100565086110600532e+01
1.156348606766299980e+02 -5.197896432610599504e+01
1.155798407566300483e+02 -5.295312149110600330e+01
1.155386784616299991e+02 -5.392799099210600389e+01
1.155114995856300055e+02 -5.490336691610599473e+01
1.154984519036300270e+02 -5.587904823910599816e+01
1.154996875766300235e+02 -5.685251081510600102e+01
1.155153803736299523e+02 -5.782688276710601372e+01
1.155458083196299839e+02 -5.880207366110599310e+01
1.155912243656299978e+02 -5.977675601110598791e+01
1.156519200016299891e+02 -6.075059666010599813e+01
1.157283271486300436e+02 -6.172448369910600263e+01
1.158206408386300126e+02 -6.269583445010599121e+01
1.159293271986299914e+02 -6.366518281910600763e+01
1.160054567706300048e+02 -6.458842389310601106e+01
1.150300387696300248e+02 -6.457566417510599877e+01
1.140544706816299794e+02 -6.456950976110599072e+01
1.130788318926300207e+02 -6.456588062210599333e+01
1.121031543566299860e+02 -6.456370231710599228e+01
1.111274839736300208e+02 -6.456249810010601209e+01
1.101517663746299576e+02 -6.456200652710600707e+01
1.091760226326299943e+02 -6.456206595310601415e+01
1.082003225116299490e+02 -6.456256803810600786e+01
1.072245486836299477e+02 -6.456343609410600948e+01
1.062487692496300014e+02 -6.456461334310600364e+01
1.052731175156299486e+02 -6.456605620710598714e+01
1.042973968886299616e+02 -6.456773093410600950e+01
1.033216797076300253e+02 -6.456961014910601193e+01
1.023454822236299577e+02 -6.457167264710599852e+01
1.013701926386300300e+02 -6.457389692810599513e+01
1.003944466046299766e+02 -6.457627048610601150e+01
9.941788106362996302e+01 -6.457878130710599862e+01
9.844306451962999915e+01 -6.458141130010599795e+01
9.746727172763000624e+01 -6.458415788810600588e+01
9.649146159563001390e+01 -6.458701000710598805e+01
9.551557057562995112e+01 -6.458996034910600770e+01
9.453970877363001080e+01 -6.459300194910599657e+01
9.356384248662998004e+01 -6.459612900010600356e+01
9.258797099763005178e+01 -6.459933622510601481e+01
9.161209575463003318e+01 -6.460261887210600662e+01
9.063622033262997491e+01 -6.460597264910600757e+01
8.966034878562997790e+01 -6.460939365810600066e+01
8.868448396563000813e+01 -6.461287836010600927e+01
8.770862663362997580e+01 -6.461642353010600459e+01
8.673277555362999180e+01 -6.462002622110600214e+01
8.575692833762995804e+01 -6.462368373410600952e+01
8.478108297963005668e+01 -6.462739358110599142e+01
8.380524059362998912e+01 -6.463115345510598786e+01
8.282941177862998927e+01 -6.463496118510599331e+01
8.185363436062998233e+01 -6.463881464010600553e+01
8.087802270062995547e+01 -6.464271151610600441e+01
7.990300603662994661e+01 -6.464664834010599748e+01
7.892777258362995951e+01 -6.465062676910599748e+01
7.795286299663000307e+01 -6.465464309910601060e+01
7.697707258963002630e+01 -6.465870093110601147e+01
7.599950791262999417e+01 -6.466280281710601230e+01
7.502414562462995207e+01 -6.466693081110599906e+01
7.404940138063004440e+01 -6.467109030810598824e+01
7.306968954262997329e+01 -6.467530427110600044e+01
7.209390688263003710e+01 -6.467953345110601049e+01
7.111811484162994645e+01 -6.468379374710599450e+01
7.014231334862999745e+01 -6.468808424010600788e+01
6.916641965363002953e+01 -6.469240442310601225e+01
6.819062249362995942e+01 -6.469675263410599086e+01
6.721481149663001986e+01 -6.470112857310598997e+01
6.623898754063002059e+01 -6.470553149310600816e+01
6.526315135462998285e+01 -6.470996068010600766e+01
6.428730433563002578e+01 -6.471441545410598906e+01
6.331144793062996712e+01 -6.471889516510600515e+01
6.233558389263002653e+01 -6.472339919110601159e+01
6.135969048863005071e+01 -6.472792704810601094e+01
6.038381760362999273e+01 -6.473247794610600181e+01
5.940797587263004687e+01 -6.473705129910601386e+01
5.843217735463001361e+01 -6.474164653610600340e+01
5.745638824663005551e+01 -6.474626332610600343e+01
5.648061164563004866e+01 -6.475090118410599871e+01
5.550485147962994859e+01 -6.475555964210599313e+01
5.452911113863005710e+01 -6.476023825210600648e+01
5.355346193763004692e+01 -6.476493625610601157e+01
5.257782607362996430e+01 -6.476965362910598856e+01
5.160224951962997864e+01 -6.477438976510600810e+01
5.062672997863005264e+01 -6.477914430710600868e+01
4.965108686463001675e+01 -6.478391778510601284e+01
4.867450956562997533e+01 -6.478871385610599987e+01
4.769897813062998182e+01 -6.479352246610599764e+01
4.672323529562997635e+01 -6.479834947610601148e+01
4.574749714762997144e+01 -6.480319352110601017e+01
4.477184437063003486e+01 -6.480805390610601080e+01
4.379622272163003061e+01 -6.481293061910599818e+01
4.282062947762999272e+01 -6.481782340010599341e+01
4.184500286562995086e+01 -6.482273229810598991e+01
4.086923454862998994e+01 -6.482765761110599101e+01
3.989281497863002812e+01 -6.483260168710600624e+01
3.892044212263003544e+01 -6.483754042210600232e+01
3.794469618063003225e+01 -6.484251126010599364e+01
3.696897428962999754e+01 -6.484749675210599662e+01
3.599325122762995477e+01 -6.485249681610599737e+01
3.501752701663001233e+01 -6.485751124510599652e+01
3.404176198762995398e+01 -6.486254004710599474e+01
3.306604112262998285e+01 -6.486758259210600386e+01
3.209031848562999301e+01 -6.487263892910598884e+01
3.111459430863003206e+01 -6.487770888010601311e+01
3.013886863362999691e+01 -6.488279226910600528e+01
2.916314150363000124e+01 -6.488788892910599770e+01
2.818725270163001539e+01 -6.489299953710599311e+01
2.721127073863003432e+01 -6.489812358110600599e+01
2.623528954363000310e+01 -6.490326041710599725e+01
2.525930974762995618e+01 -6.490840989510599002e+01
2.428333142463002048e+01 -6.491357186910599353e+01
2.330735468362995277e+01 -6.491874620110598926e+01
2.233137968263001483e+01 -6.492393275410600495e+01
2.135540649962995019e+01 -6.492913139910601217e+01
2.037943522863001533e+01 -6.493434200910598975e+01
1.940342661062997820e+01 -6.493956467010599454e+01
1.842746487262995458e+01 -6.494479881510599739e+01
1.745150477163001312e+01 -6.495004456910601220e+01
1.647554641962999256e+01 -6.495530182110599071e+01
1.549952612063002455e+01 -6.496057080710599507e+01
1.452330850763000747e+01 -6.496585215810600289e+01
1.354740292062995088e+01 -6.497114301510600853e+01
1.257169780263000014e+01 -6.497644387610600347e+01
1.159604817963001899e+01 -6.498175543010600563e+01
1.062041199663001301e+01 -6.498707781310599785e+01
9.644775220630025458e+00 -6.499241101110601448e+01
8.669130947629968276e+00 -6.499775497810600200e+01
7.693476203630027932e+00 -6.500310964610599740e+01
6.717810066629952281e+00 -6.500847494010599803e+01
5.742132647630044495e+00 -6.501385078210600454e+01
4.766444554630013819e+00 -6.501923709410598917e+01
3.790746603629984612e+00 -6.502463379910599883e+01
2.815039597629991341e+00 -6.503004082210600245e+01
1.839324562629984117e+00 -6.503545809010600465e+01
8.636021806300259174e-01 -6.504088553310600673e+01
-1.121268173699963844e-01 -6.504632308510599614e+01
-1.087861777369950600e+00 -6.505177068210599600e+01
-2.063602122370027381e+00 -6.505722826110599044e+01
-3.039347343370038423e+00 -6.506269576310600655e+01
-4.015053129369973384e+00 -6.506817288410599076e+01
-4.990799175370013607e+00 -6.507366002110600789e+01
-5.966507085369996410e+00 -6.507915668110601359e+01
-6.942265060369961382e+00 -6.508466331310600594e+01
-7.918024203369966152e+00 -6.509017959710598689e+01
-8.893784427370020396e+00 -6.509570548710598814e+01
-9.869545644370033344e+00 -6.510124094010600970e+01
-1.084530776537003582e+01 -6.510678591510600199e+01
-1.182107070136994587e+01 -6.511234037410599740e+01
-1.279684610137003453e+01 -6.511790434610600187e+01
-1.377260673736993901e+01 -6.512347764110600679e+01
-1.474836853637004985e+01 -6.512906031710599564e+01
-1.572413137037001540e+01 -6.513465234210599419e+01
-1.669989511637000135e+01 -6.514025368510598923e+01
-1.767565964836997239e+01 -6.514586431810599265e+01
-1.865142484137000167e+01 -6.515148421610601304e+01
-1.962719056836995435e+01 -6.515711335210599486e+01
-2.060295669636998639e+01 -6.516275170410600026e+01
-2.157872308536998673e+01 -6.516839924910598825e+01
-2.255448958136999238e+01 -6.517405597010599649e+01
-2.353025601436998215e+01 -6.517972184610599129e+01
-2.450602218736999305e+01 -6.518539686110599973e+01
-2.548178786237004090e+01 -6.519108100010600992e+01
-2.645755275036999876e+01 -6.519677425010598881e+01
-2.743331647836994591e+01 -6.520247659710599919e+01
-2.840907856336998805e+01 -6.520818803010598685e+01
-2.938483836037001140e+01 -6.521390853710599345e+01
-3.036059500637004760e+01 -6.521963810910600046e+01
-3.133634722837003039e+01 -6.522537673510601053e+01
-3.231209392137004954e+01 -6.523112440510598731e+01
-3.328784780436997437e+01 -6.523688119410599029e+01
-3.426360332636996020e+01 -6.524264707110600625e+01
-3.523935801736998030e+01 -6.524842202610599884e+01
-3.621511158136998176e+01 -6.525420606010601432e+01
-3.719086407236996195e+01 -6.525999918110599651e+01
-3.816661545236998165e+01 -6.526580139810599235e+01
-3.914236568436997743e+01 -6.527161272110600976e+01
-4.011811472737004181e+01 -6.527743316010599983e+01
-4.109379134036994685e+01 -6.528326230510600681e+01
-4.206954788136995660e+01 -6.528910108210598651e+01
-4.304530248237001899e+01 -6.529494901910601357e+01
-4.402105509336998068e+01 -6.530080613610599016e+01
-4.499680565836997914e+01 -6.530667245410600685e+01
-4.597255411736996678e+01 -6.531254799710600878e+01
-4.694830041136999910e+01 -6.531843278810600850e+01
-4.792404448536997563e+01 -6.532432685610601197e+01
-4.889978629637001006e+01 -6.533023022910600730e+01
-4.987552572237002835e+01 -6.533614293910599713e+01
-5.085126298837003844e+01 -6.534206502110600923e+01
-5.182699797436994515e+01 -6.534799651110600394e+01
-5.280273074336999173e+01 -6.535393744510599845e+01
-5.377850701236998532e+01 -6.535988814610598752e+01
-5.475424175636995017e+01 -6.536584813610599554e+01
-5.572997642136995466e+01 -6.537181771310599743e+01
-5.670571299537000698e+01 -6.537779693910599121e+01
-5.768144828536999569e+01 -6.538378584210599342e+01
-5.865718241336999483e+01 -6.538978447810600869e+01
-5.963291549836999650e+01 -6.539579290110600596e+01
-6.060864765136996368e+01 -6.540181117210599382e+01
-6.158437897036999686e+01 -6.540783935110599145e+01
-6.256010954436995064e+01 -6.541387750410601143e+01
-6.353583944836994135e+01 -6.541992569710600947e+01
-6.451156874237001659e+01 -6.542598400010601267e+01
-6.548729747836996751e+01 -6.543205248810599528e+01
-6.646302569536995009e+01 -6.543813123610598836e+01
-6.743875358337000137e+01 -6.544422032510598797e+01
-6.841448089237003671e+01 -6.545031983810599741e+01
-6.939020776136995039e+01 -6.545642986110598827e+01
-7.036593420336994598e+01 -6.546255048510599295e+01
-7.134166022436996002e+01 -6.546868180410601212e+01
-7.231742902936998973e+01 -6.547482419010600552e+01
-7.329315137836995575e+01 -6.548097718210598828e+01
-7.426887346137000634e+01 -6.548714117810601465e+01
-7.524459526737003046e+01 -6.549331628910599079e+01
-7.622031678236994878e+01 -6.549950263010600793e+01
-7.719603802537001513e+01 -6.550570032310599800e+01
-7.817175888537003914e+01 -6.551190949210601389e+01
-7.914748525237003207e+01 -6.551813030710599151e+01
-8.012320511136995549e+01 -6.552436282610599960e+01
-8.109891677337004978e+01 -6.553060718110600646e+01
-8.207462485437004318e+01 -6.553686355010600550e+01
-8.305033132836997822e+01 -6.554313209910600335e+01
-8.402603712637001365e+01 -6.554941299610601391e+01
-8.500174273836996974e+01 -6.555570641110600150e+01
-8.597744844937001574e+01 -6.556201252110599853e+01
-8.695315444537000360e+01 -6.556833151010599181e+01
-8.792886085937000473e+01 -6.557466357010599722e+01
-8.890456779436995305e+01 -6.558100889910599562e+01
-8.988027533436998340e+01 -6.558736770510600422e+01
-9.085598355536997417e+01 -6.559374020710600917e+01
-9.183169252437001262e+01 -6.560012663110600784e+01
-9.280740230536999036e+01 -6.560652721410599497e+01
-9.378311295936994441e+01 -6.561294220510600894e+01
-9.475882454336995409e+01 -6.561937186210599293e+01
-9.573453711436998503e+01 -6.562581645710599787e+01
-9.671022221336995983e+01 -6.563227608710599270e+01
-9.768593061937004052e+01 -6.563875138410600130e+01
-9.866163934737001284e+01 -6.564524250810600847e+01
-9.963734840136994819e+01 -6.565174978910599179e+01
-1.006130577863700211e+02 -6.565827356810601145e+01
-1.015887675043699829e+02 -6.566481420910599809e+01
-1.025644775603700083e+02 -6.567137209010599008e+01
-1.035401879573699517e+02 -6.567794761310599938e+01
-1.045158986993699983e+02 -6.568454119810598968e+01
-1.054916097893700027e+02 -6.569115329010600135e+01
-1.064673212303700467e+02 -6.569778435810599149e+01
-1.074430330233700062e+02 -6.570443489710601170e+01
-1.084187849533700074e+02 -6.571110570410598939e+01
-1.093944907763700058e+02 -6.571779674210600319e+01
-1.103701977543699542e+02 -6.572450892210599704e+01
-1.113459058383700295e+02 -6.573124286710600472e+01
-1.123216149793699543e+02 -6.573799923910598864e+01
-1.132973251293700088e+02 -6.574477874210600703e+01
-1.142730362403700184e+02 -6.575158212810600844e+01
-1.152487482613699541e+02 -6.575841019510599494e+01
-1.162243798713700045e+02 -6.576526322910601152e+01
-1.172001000733700522e+02 -6.577214333310598704e+01
-1.181758204873700180e+02 -6.577905087010600482e+01
-1.191515410883700525e+02 -6.578598689610601014e+01
-1.201272618533699443e+02 -6.579295254810600113e+01
-1.211029827543699895e+02 -6.579994905110601167e+01
-1.220787037673699871e+02 -6.580697773310600951e+01
-1.230544249813700191e+02 -6.581404003110600343e+01
-1.240301461123700193e+02 -6.582113750610599823e+01
-1.250058635073699662e+02 -6.582827183510599411e+01
-1.259815648243699826e+02 -6.583544478910599196e+01
-1.269572656113700333e+02 -6.584265852310599598e+01
-1.279329657423699729e+02 -6.584991528310601439e+01
-1.289086654083699273e+02 -6.585721755410600053e+01
-1.298843645693700068e+02 -6.586456808810601160e+01
-1.308600632433700071e+02 -6.587196995510601027e+01
-1.318357614453699966e+02 -6.587942659110601085e+01
-1.328114591853699835e+02 -6.588694186110600981e+01
-1.337871564683699717e+02 -6.589452014510601430e+01
-1.347628531993699994e+02 -6.590216643010600706e+01
-1.357385496583700046e+02 -6.590988644710600397e+01
-1.367142455603699887e+02 -6.591768681910599526e+01
-1.376899409853699581e+02 -6.592557528710599968e+01
-1.386656358053699591e+02 -6.593356098110601238e+01
-1.396413300633699919e+02 -6.594165480010599367e+01
-1.406170616163699947e+02 -6.594987025910600664e+01
-1.415927507673699779e+02 -6.595822290810599497e+01
-1.425684392283699822e+02 -6.596673342510601401e+01
-1.435441267823699718e+02 -6.597542786210598820e+01
-1.445198131263699679e+02 -6.598434056010600557e+01
-1.454954978273700021e+02 -6.599351838510600032e+01
-1.464711800213700030e+02 -6.600302826010599233e+01
-1.474468588703699652e+02 -6.601297176810601286e+01
-1.484225323343699756e+02 -6.602351716310599272e+01
-1.493981964163699558e+02 -6.603498388810601227e+01
-1.503738400503700063e+02 -6.604815188310598728e+01
-1.510177542313699632e+02 -6.573008922410599553e+01
-1.510194211533699900e+02 -6.475436380510600998e+01
-1.510348562933699554e+02 -6.377875933310599521e+01
-1.510634804933699797e+02 -6.280345081010599984e+01
-1.511047998873700067e+02 -6.182859535710599630e+01
-1.511583893453699829e+02 -6.085438054610600034e+01
-1.512238918663699678e+02 -5.988084934010601046e+01
-1.513009914733700043e+02 -5.890821197810601006e+01
-1.513894304943700035e+02 -5.793648803510600942e+01
-1.514889751763699905e+02 -5.696587094410600116e+01
-1.515994377753700064e+02 -5.599641863810600739e+01
-1.517206543053699761e+02 -5.502825170710599423e+01
-1.518524890933699680e+02 -5.406147299110600102e+01
-1.519948303793700006e+02 -5.309618481910601417e+01
-1.521475879023699918e+02 -5.213248998710599835e+01
-1.523106909973699885e+02 -5.117049164110599691e+01
-1.524840867163699727e+02 -5.021029483310599062e+01
-1.526677384433699558e+02 -4.925200638410601073e+01
-1.528616244833700080e+02 -4.829573605810600156e+01
-1.530657371433699723e+02 -4.734159601510600623e+01
-1.532800815883699670e+02 -4.638970210710598963e+01
-1.535046522553699901e+02 -4.544026809410598844e+01
-1.537395095993699670e+02 -4.449327928210598770e+01
-1.539847377553699630e+02 -4.354870057610600043e+01
-1.542402087803699828e+02 -4.260733097510600942e+01
-1.545062498073699544e+02 -4.166832512510600850e+01
-1.547826541393699813e+02 -4.073280138810599738e+01
-1.550697080763699773e+02 -3.980018952110600594e+01
-1.553673193723699910e+02 -3.887121960710601343e+01
-1.556758893983699750e+02 -3.794511240510598782e+01
-1.559950655553699903e+02 -3.702339357510601303e+01
-1.563254057243700004e+02 -3.610493450510600155e+01
-1.566667544483699999e+02 -3.519069528610600628e+01
-1.570192471193699930e+02 -3.428081550910599162e+01
-1.573829984703699552e+02 -3.337551634610599649e+01
-1.577582118983700070e+02 -3.247483001210599696e+01
-1.581449659363699993e+02 -3.157911974810599531e+01
-1.585434843353700103e+02 -3.068843215010599579e+01
-1.589538684043699845e+02 -2.980311941210601390e+01
-1.593762593303699759e+02 -2.892345771210599992e+01
-1.598107493303699584e+02 -2.804983621010600814e+01
-1.602576556423699685e+02 -2.718221612210601279e+01
-1.607168360743700077e+02 -2.632146524210600091e+01
-1.611886612783699775e+02 -2.546747772310601476e+01
-1.616732462003699879e+02 -2.462065629110600185e+01
-1.621707234503699624e+02 -2.378137748210599511e+01
-1.626812496503699776e+02 -2.294998635410598808e+01
-1.632049835753699654e+02 -2.212683643510601428e+01
-1.637420970453699738e+02 -2.131227325110600646e+01
-1.642926824643699888e+02 -2.050676982710601237e+01
-1.648568652543700068e+02 -1.971074962210599324e+01
-1.654347793753699989e+02 -1.892462777510598926e+01
-1.660266140623699584e+02 -1.814875285510601088e+01
-1.666322697293699662e+02 -1.738384619110598805e+01
-1.672496745833699947e+02 -1.663294306810598755e+01
-1.678833104213699698e+02 -1.589116113710599620e+01
-1.685311690233699551e+02 -1.516156873610600542e+01
-1.691931969663700102e+02 -1.444478233710600534e+01
-1.698693945813699884e+02 -1.374133643810600347e+01
-1.705597397593699611e+02 -1.305177071210599138e+01
-1.712641873123699838e+02 -1.237662706910600718e+01
-1.719826669423699741e+02 -1.171644805210598861e+01
-1.727150809503700088e+02 -1.107177520610599686e+01
-1.734613019773699989e+02 -1.044314715310599695e+01
-1.742212825023700020e+02 -9.831009405105987753e+00
-1.749947206623699572e+02 -9.235981384105997449e+00
-1.757813628553699914e+02 -8.658595971105995659e+00
-1.765809367993699652e+02 -8.099356149106000657e+00
-1.773931228523699701e+02 -7.558752695105994235e+00
-1.782178512033700031e+02 -7.037075468105996379e+00
-1.790542821773699984e+02 -6.535051569106002489e+00
-1.799022433573699686e+02 -6.052930655105996038e+00
-1.807646789843699935e+02 -5.589313332106002008e+00
-1.816348493263699879e+02 -5.147921896105998485e+00
-1.825151543503699827e+02 -4.727445045106009047e+00
-1.834054780493700036e+02 -4.327954423106007198e+00
-1.843047941053699788e+02 -3.949883622106000303e+00
-1.852129465143700031e+02 -3.593228748106014336e+00
-1.861292744163699808e+02 -3.258155101106012808e+00
-1.870532917403699571e+02 -2.944709679106011890e+00
-1.879845640283699595e+02 -2.652883701105992031e+00
-1.889221241463699812e+02 -2.382782110106006712e+00
-1.898656350993699675e+02 -2.134267975106013182e+00
-1.908110698253699979e+02 -1.908024624105991052e+00
-1.917683049343700077e+02 -1.701535216106009329e+00
-1.927228785463699978e+02 -1.517621386106014825e+00
-1.936847410473699824e+02 -1.353926635106006415e+00
-1.946498968253699786e+02 -1.210911962105996054e+00
-1.956178569463699546e+02 -1.088296806106001213e+00
-1.965881521813699919e+02 -9.857741851060097815e-01
-1.975603340473699632e+02 -9.030138301060048889e-01
-1.985339750873699813e+02 -8.396652811059936994e-01
-1.995086757423699737e+02 -7.953606001059938535e-01
-2.004840558373699650e+02 -7.697179431060021670e-01
-2.014633768203700015e+02 -7.623364061059874075e-01
-2.024388426153699925e+02 -7.712279521059883791e-01
-2.034142664473699824e+02 -7.953695821059909576e-01
-2.043891770543700090e+02 -8.351652041060049214e-01
-2.053633000323699775e+02 -8.910217501060060385e-01
-2.063363101773699668e+02 -9.633449161059957078e-01
-2.073075805633699815e+02 -1.052509644106010001e+00
-2.082775066083700040e+02 -1.158990133105987752e+00
-2.092455414913699769e+02 -1.283183671106002066e+00
-2.102109922823700003e+02 -1.425448592105993839e+00
-2.111733973783699980e+02 -1.586155401105997953e+00
-2.121323891263699579e+02 -1.765681291106005801e+00
-2.130877270913699704e+02 -1.964426566105998972e+00
-2.140390955053699713e+02 -2.182779571106010508e+00
-2.149852868583699887e+02 -2.420894157106005196e+00
-2.159259188923699639e+02 -2.679077771105994543e+00
-2.168611163383699818e+02 -2.957785087106003630e+00
-2.177897776653699680e+02 -3.257099804105990870e+00
-2.187110983433699971e+02 -3.577130567105996306e+00
-2.196252472973699810e+02 -3.918304976106014692e+00
-2.205311557443699826e+02 -4.280582743106009502e+00
-2.214283205673700081e+02 -4.664082531106004126e+00
-2.223157272853699737e+02 -5.068649811106013203e+00
-2.231940260023699807e+02 -5.494866749105995041e+00
-2.240611047043699955e+02 -5.941949953105989835e+00
-2.249171704083699979e+02 -6.410179905105991338e+00
-2.257614367493699774e+02 -6.899288737105990776e+00
-2.265933535623699981e+02 -7.409069805106014428e+00
-2.274128512873699606e+02 -7.939574624106001011e+00
-2.282182895663700037e+02 -8.489756370105993710e+00
-2.290100951023699736e+02 -9.059863643106012887e+00
-2.297881468153699984e+02 -9.649788440105993459e+00
-2.305504445783699907e+02 -1.025787347310600239e+01
-2.312978457973699733e+02 -1.088459204510598965e+01
-2.320299178763700070e+02 -1.152939098110599048e+01
-2.327464107703700051e+02 -1.219181051610598843e+01
-2.334469585683700075e+02 -1.287122311410598741e+01
-2.341310459783699685e+02 -1.356676636010598713e+01
-2.347990358853699604e+02 -1.427841933010600428e+01
-2.354499384633699606e+02 -1.500467045810600553e+01
-2.360845361393699591e+02 -1.574589674310598753e+01
-2.367024906573699923e+02 -1.650121513810600504e+01
-2.373034614103700051e+02 -1.726963702710600046e+01
-2.378877832723699726e+02 -1.805098440810598959e+01
-2.384554238623699689e+02 -1.884459789310599831e+01
-2.390064103043699788e+02 -1.964986026810601061e+01
-2.395408273933699661e+02 -2.046620895410600838e+01
-2.400587827363700058e+02 -2.129309576310600960e+01
-2.405603833273700047e+02 -2.212995300410599953e+01
-2.410458204803699687e+02 -2.297634274510599539e+01
-2.415152272483699676e+02 -2.383172294710598749e+01
-2.419688161123700070e+02 -2.469569179810599735e+01
-2.424066901033700105e+02 -2.556763680510599102e+01
-2.428290786813699924e+02 -2.644718793810599777e+01
-2.432361729583699912e+02 -2.733390943410600471e+01
-2.436281886293699586e+02 -2.822742976010599136e+01
-2.440053268503699542e+02 -2.912736103010598754e+01
-2.443677976093699726e+02 -3.003335372610601439e+01
-2.447157694533700010e+02 -3.094497038310601056e+01
-2.450494609653699740e+02 -3.186192023210600155e+01
-2.453688766953699769e+02 -3.278331566510598805e+01
-2.456746193553699982e+02 -3.371004195410600346e+01
-2.459666741093699898e+02 -3.464125289910600713e+01
-2.462450738003699939e+02 -3.557617894810599068e+01
-2.465101938553700052e+02 -3.651522966310599827e+01
-2.467620818703699683e+02 -3.745775791410599709e+01
-2.470009839543699854e+02 -3.840388224910600456e+01
-2.472269707593699763e+02 -3.935311003710600630e+01
-2.474401793463699732e+02 -4.030525105710600542e+01
-2.476407092123699840e+02 -4.126001323110600083e+01
-2.478288568313699898e+02 -4.221820550010599504e+01
-2.480042706303700015e+02 -4.317736523510600932e+01
-2.481673956073699969e+02 -4.413929055510598687e+01
-2.483181648993700037e+02 -4.510320222110598820e+01
-2.484566418773699752e+02 -4.606920585410600211e+01
-2.485827415833699661e+02 -4.703652845610599798e+01
-2.486965214073699713e+02 -4.800565089510598682e+01
-2.487978732783699911e+02 -4.897603264410599877e+01
-2.488867173653699751e+02 -4.994766687510599468e+01
-2.489629172223699811e+02 -5.092046720910599333e+01
-2.490262754453700040e+02 -5.189424090010601276e+01
-2.490765636623700061e+02 -5.286943391210598975e+01
-2.491134017183699711e+02 -5.384510342310599640e+01
-2.491363719573699882e+02 -5.482110450910599297e+01
-2.491449359393699865e+02 -5.579733774510600597e+01
-2.491384219343700011e+02 -5.677183055810598944e+01
-2.491159077733699974e+02 -5.774772036910599127e+01
-2.490762229183699787e+02 -5.872269632310599263e+01
-2.490177691963699544e+02 -5.969677764710598922e+01
-2.489383696233699652e+02 -6.066923582510599999e+01
-2.488348824403699950e+02 -6.163937661210599117e+01
-2.487025513003699757e+02 -6.260597879110599706e+01
-2.493632965043699983e+02 -6.286750172510599555e+01
-2.503387310073699723e+02 -6.284712896310600172e+01
-2.513139779983699782e+02 -6.281791876810601138e+01
-2.522890353693699694e+02 -6.278101239610600715e+01
-2.532635854523699663e+02 -6.273694571210600657e+01
-2.542378267603699555e+02 -6.268598033410600578e+01
-2.552115121603699777e+02 -6.262826194010600034e+01
-2.561851179503699996e+02 -6.256380448310599718e+01
-2.571574064583699624e+02 -6.249267708910599595e+01
-2.581297869663699771e+02 -6.241471303910600454e+01
-2.591016871093700047e+02 -6.232984471410600236e+01
-2.600729969733699818e+02 -6.223793882710600656e+01
-2.610436599813699559e+02 -6.213882549510600484e+01
-2.620136475683700041e+02 -6.203230008310600851e+01
-2.629828056073699827e+02 -6.191814061810600833e+01
-2.639510335033699562e+02 -6.179608855410600654e+01
-2.649180272143699995e+02 -6.166588056810599028e+01
-2.658735577893699542e+02 -6.148330291710598772e+01
-2.668015503743699810e+02 -6.118181419110601382e+01
-2.677261144673699960e+02 -6.087010788910600922e+01
-2.686473642763699559e+02 -6.054861595210599035e+01
-2.695655818803699617e+02 -6.021756467510599009e+01
-2.704799297113700050e+02 -5.987746596010600797e+01
-2.713910988793699630e+02 -5.952815853110598709e+01
-2.722984592023699975e+02 -5.916986428910598761e+01
-2.732022669903699921e+02 -5.880235109310601160e+01
-2.741025416583700007e+02 -5.842534835010599181e+01
-2.749983244653699899e+02 -5.803886932710599922e+01
-2.758898161333700045e+02 -5.764228677610600471e+01
-2.767759807443699742e+02 -5.723533601410599658e+01
-2.776576964033699824e+02 -5.681663519810601315e+01
-2.785331019653700082e+02 -5.638577785410600995e+01
-2.794014161203699587e+02 -5.594147388310599922e+01
-2.802625116993700090e+02 -5.548150131110600114e+01
-2.811131727683699637e+02 -5.500446468210600415e+01
-2.819525365763699938e+02 -5.450643262510598674e+01
-2.827765203743699658e+02 -5.398322259410599600e+01
-2.835788117643699593e+02 -5.342847866710599192e+01
-2.843498003253699835e+02 -5.283081865410599676e+01
-2.850678295803699598e+02 -5.217077181810600450e+01
-2.856748720223699820e+02 -5.140929432210600680e+01
-2.860348477863699941e+02 -5.050578157010599512e+01
-2.861972291523699710e+02 -4.954633445310599882e+01
-2.859478062653699908e+02 -4.862179340210599321e+01
-2.851186005893699758e+02 -4.815049140210601308e+01
-2.845122791913699984e+02 -4.788161757610600944e+01
-2.847483033023700045e+02 -4.693632955310599186e+01
-2.848940408763699565e+02 -4.597161479510600657e+01
-2.850070453773699910e+02 -4.500249973610598886e+01
-2.851013174953699831e+02 -4.403127168410600234e+01
-2.851828267893699831e+02 -4.305896570010600044e+01
-2.852547554913699628e+02 -4.208584103510600016e+01
-2.853190165713699571e+02 -4.111125180110599331e+01
-2.853765551903699702e+02 -4.013821521710599427e+01
-2.854281745493699987e+02 -3.916385248810598796e+01
-2.854739603873699707e+02 -3.818919516910600009e+01
-2.855133414373700020e+02 -3.721426833910601317e+01
-2.858361054563699781e+02 -3.642558498410599555e+01
-2.867313392903699878e+02 -3.603808035410600041e+01
-2.876629077663699832e+02 -3.574118559910598947e+01
-2.881174772873699794e+02 -3.504636525310598927e+01
-2.882946943173699879e+02 -3.408684715010599575e+01
-2.884475338443699570e+02 -3.312316631710601200e+01
-2.885787012013699950e+02 -3.215392274610599088e+01
-2.886886528573699593e+02 -3.118699304710600018e+01
-2.887791344123699560e+02 -3.021526811810599611e+01
-2.888504418083699647e+02 -2.923969502610600557e+01
-2.889024193583699684e+02 -2.826794237110598829e+01
-2.889357691053699568e+02 -2.728997599210600811e+01
-2.889501925563699842e+02 -2.631437295510599483e+01
