2.324415009356300175e+02 3.370257378089399936e+01
2.325167746626299845e+02 3.370259333889400466e+01
2.325920483706300388e+02 3.370265030489399294e+01
2.326673220496300587e+02 3.370274225689399827e+01
2.327425956896300363e+02 3.370286694489399792e+01
2.328178692826300562e+02 3.370302227789399296e+01
2.328931428236300576e+02 3.370320630189399935e+01
2.329684163096300722e+02 3.370341719589400498e+01
2.330436895776300048e+02 3.370365325089399278e+01
2.331189628806300220e+02 3.370391286989399759e+01
2.331942361106300154e+02 3.370419454789400504e+01
2.332695092656300062e+02 3.370449687389400140e+01
2.333447823476299732e+02 3.370481851589400435e+01
2.334200553586300089e+02 3.370515821789399524e+01
2.334953282996299890e+02 3.370551479389399674e+01
2.335706011726300062e+02 3.370588712289399780e+01
2.336458739816300181e+02 3.370627414089399565e+01
2.337211467286300035e+02 3.370667484089399579e+01
2.337964194166300445e+02 3.370708826689400439e+01
2.338716920506299743e+02 3.370751350889399589e+01
2.339469646336299888e+02 3.370794970189399464e+01
2.340222371696300456e+02 3.370839602289399295e+01
2.340975096616299993e+02 3.370885168489400030e+01
2.341727821156300138e+02 3.370931593989399744e+01
2.342480545346300573e+02 3.370978807089399254e+01
2.343233269236299634e+02 3.371026739289399643e+01
2.343985992846300519e+02 3.371075325089400110e+01
2.344738716236300320e+02 3.371124501789400085e+01
2.345491439446299751e+02 3.371174208989400256e+01
2.346244162506299631e+02 3.371224389189400483e+01
2.346996885466300569e+02 3.371274986789400430e+01
2.347749608366299867e+02 3.371325948689400320e+01
2.348502331236300620e+02 3.371377223389400513e+01
2.349255054116300130e+02 3.371428761789400141e+01
2.350007777056300142e+02 3.371480516389399895e+01
2.350760500066300551e+02 3.371532441289400595e+01
2.351513223216300617e+02 3.371584492489400020e+01
2.352265946506300338e+02 3.371636627289399257e+01
2.353018669996300218e+02 3.371688804589399524e+01
2.353771393706300046e+02 3.371740984589399659e+01
2.354524117676300534e+02 3.371793128989399690e+01
2.355276841936300229e+02 3.371845200389400077e+01
2.356029566506300057e+02 3.371897162989399988e+01
2.356782292786299990e+02 3.371948981889400443e+01
2.357535018236299607e+02 3.372000623089400051e+01
2.358287744106300465e+02 3.372052053989399667e+01
2.359040470416300082e+02 3.372103242689399849e+01
2.359793197186300517e+02 3.372154158389399470e+01
2.360545924456300213e+02 3.372204770989399947e+01
2.361298652246300094e+02 3.372255051389399227e+01
2.362051380576299948e+02 3.372304971189399225e+01
2.362804109476300596e+02 3.372354502889399441e+01
2.363556838946299763e+02 3.372403619589400137e+01
2.364309569036300331e+02 3.372452295189400218e+01
2.365062299746300027e+02 3.372500504189399351e+01
2.365815031096299776e+02 3.372548221689399384e+01
2.366567763106300504e+02 3.372595423489400446e+01
2.367320495796299724e+02 3.372642086089399527e+01
2.368073229186300637e+02 3.372688186289400392e+01
2.368825963286299725e+02 3.372733701589399402e+01
2.369578698106300294e+02 3.372778610089399365e+01
2.370331433666299858e+02 3.372822890089399550e+01
2.371084169976300586e+02 3.372866520689399294e+01
2.371836907046300098e+02 3.372909481189400083e+01
2.372589644886300562e+02 3.372951751589400260e+01
2.373342383526300523e+02 3.372993312089400320e+01
2.374095122946300194e+02 3.373034143489400094e+01
2.374847863176300393e+02 3.373074226589399416e+01
2.375600604206300090e+02 3.373113543189400332e+01
2.376353346066300105e+02 3.373152074789399535e+01
2.377106088746300543e+02 3.373189803689399469e+01
2.377858832256300161e+02 3.373226712289400098e+01
2.378611576606299991e+02 3.373262783489400363e+01
2.379364321786300138e+02 3.373298000389399931e+01
2.380117067816300391e+02 3.373332346289400618e+01
2.380869814686299719e+02 3.373365804989400374e+01
2.381622562406300290e+02 3.373398360289399989e+01
2.382375310976299829e+02 3.373429996589399593e+01
2.383128060396300612e+02 3.373460698289399318e+01
2.383880810666300363e+02 3.373490450089400383e+01
2.384633561796300114e+02 3.373519236889400474e+01
2.385386313756300183e+02 3.373547043989400152e+01
2.386139066576300252e+02 3.373573856689399975e+01
2.386891372236299844e+02 3.373599645689400006e+01
2.387644110366300652e+02 3.373624426789399422e+01
2.388396848936300216e+02 3.373648170989399375e+01
2.389149587936299781e+02 3.373670864589399798e+01
2.389902327366300483e+02 3.373692493789400260e+01
2.390655067206300259e+02 3.373713045289399304e+01
2.391407807456300247e+02 3.373732505689399375e+01
2.392160548096300658e+02 3.373750861889399744e+01
2.392913289106300567e+02 3.373768101089399352e+01
2.393666030506299762e+02 3.373784210189400312e+01
2.394418772236300015e+02 3.373799176789400178e+01
2.395171514306300082e+02 3.373812988189399675e+01
2.395924256706300071e+02 3.373825632189399926e+01
2.396676999406300297e+02 3.373837096289399540e+01
2.397429742396299730e+02 3.373847368489400367e+01
2.398182485666299613e+02 3.373856436789399993e+01
2.398935229196300156e+02 3.373864289189400267e+01
2.399687972956300541e+02 3.373870913989399867e+01
2.400440716946299631e+02 3.373876299489400310e+01
2.401193461136300016e+02 3.373880434089400637e+01
2.401946205506299634e+02 3.373883306389400616e+01
2.402698950046299728e+02 3.373884904889399650e+01
2.403451694726300616e+02 3.373885218389399654e+01
2.404204439516300340e+02 3.373884235689399702e+01
2.404957184416300038e+02 3.373881945589400289e+01
2.405709929386300132e+02 3.373878337089399793e+01
2.406462674416300729e+02 3.373873399289399799e+01
2.407215419466299977e+02 3.373867121389399415e+01
2.407968164526300257e+02 3.373859492289399498e+01
2.408720909566299611e+02 3.373850501589400608e+01
2.409473654556300630e+02 3.373840138389400067e+01
2.410226399476300116e+02 3.373828392289399858e+01
2.410979144296300660e+02 3.373815252489400507e+01
2.411731888986300305e+02 3.373800708689400096e+01
2.412484633526300399e+02 3.373784750489400608e+01
2.413237377886300123e+02 3.373767367289400454e+01
2.413990122036299795e+02 3.373748549089400228e+01
2.414742865936299836e+02 3.373728285289399764e+01
2.415495609576300353e+02 3.373706565889399656e+01
2.416248352906300738e+02 3.373683380589399405e+01
2.417001095906300066e+02 3.373658719389399607e+01
2.417753838536299895e+02 3.373632571989399764e+01
2.418506580766300544e+02 3.373604928489399413e+01
2.419259322576299951e+02 3.373575778789400204e+01
2.420012063906299886e+02 3.373545112889399888e+01
2.420764804746300456e+02 3.373512920789400482e+01
2.421517545036300021e+02 3.373479192689400463e+01
2.422270284766299824e+02 3.373443918589400425e+01
2.423023023886300393e+02 3.373407088589399905e+01
2.423775762366299773e+02 3.373368692889400222e+01
2.424528500156299629e+02 3.373328721689399856e+01
2.425281237226300277e+02 3.373287165189400127e+01
2.426033973546299762e+02 3.373244013489400572e+01
2.426786709056299856e+02 3.373199256889400033e+01
2.427539443726299737e+02 3.373152885589399830e+01
2.428292177526299724e+02 3.373104889889400226e+01
2.429044910396300452e+02 3.373055260189400428e+01
2.429797642306299963e+02 3.373003986489399608e+01
2.430550373206299923e+02 3.372951059389400541e+01
2.431303103056299619e+02 3.372896468989399921e+01
2.432055831816300611e+02 3.372840205589399432e+01
2.432808559436300015e+02 3.372782259689400064e+01
2.433561285866300636e+02 3.372722621489400296e+01
2.434314011076300517e+02 3.372661281289400392e+01
2.435066734996300397e+02 3.372598229489399557e+01
2.435819457596300595e+02 3.372533456389399475e+01
2.436572178826300501e+02 3.372466952289400410e+01
2.437324898626299614e+02 3.372398707589400146e+01
2.438077616966300525e+02 3.372328712489400004e+01
2.438830333766300669e+02 3.372256957489399554e+01
2.439583048996300363e+02 3.372183432689399751e+01
2.440335762606300136e+02 3.372108128589400167e+01
2.441088474536300623e+02 3.372031035389399278e+01
2.441841184736300079e+02 3.371952143389400192e+01
2.442593893146300275e+02 3.371871442889400328e+01
2.443346599726300497e+02 3.371788924089399586e+01
2.444099304406300348e+02 3.371704577289399651e+01
2.444852007126300464e+02 3.371618392789399365e+01
2.445604707836300236e+02 3.371530360689399686e+01
2.446357406486300192e+02 3.371440471389399818e+01
2.447110103006299937e+02 3.371348714889400355e+01
2.447862797336300105e+02 3.371255081389399777e+01
2.448615489416300193e+02 3.371159561189399767e+01
2.449368179196300730e+02 3.371062144289399498e+01
2.450120866596300289e+02 3.370962820889400291e+01
2.450873551566300534e+02 3.370861581089400261e+01
2.451626234046299828e+02 3.370758414789399637e+01
2.452378913956300153e+02 3.370653312289400105e+01
2.453131591236299869e+02 3.370546263389400110e+01
2.453884265826299611e+02 3.370437258189400609e+01
2.454636937656300120e+02 3.370326286689399353e+01
2.455389606656299861e+02 3.370213338789399415e+01
2.456142272756300713e+02 3.370098404289399241e+01
2.456894935886300004e+02 3.369981473289399787e+01
2.457647595976299613e+02 3.369862535489400557e+01
2.458400252956300278e+02 3.369741580689399996e+01
2.459152906746300573e+02 3.369618598789399755e+01
2.459905557286299995e+02 3.369493579389400395e+01
2.460658204486300633e+02 3.369366512389399304e+01
2.461410848276299816e+02 3.369237387289399521e+01
2.462163488586300559e+02 3.369106193789400550e+01
2.462916125326300403e+02 3.368972921589400471e+01
2.463668758426300087e+02 3.368837560089400540e+01
2.464421387786300670e+02 3.368700098889399897e+01
2.465174013356300406e+02 3.368560527589400522e+01
2.465926635036300354e+02 3.368418835389400101e+01
2.466679252746300222e+02 3.368275011989399559e+01
2.467431866406299719e+02 3.368129046489400480e+01
2.468184475926299797e+02 3.367980928289399856e+01
2.468937081216300271e+02 3.367830646689399998e+01
2.469689682196299714e+02 3.367678190789399650e+01
2.470442278776300213e+02 3.367523549989400067e+01
2.471194870856300554e+02 3.367366713189399263e+01
2.471947458356300444e+02 3.367207669589400609e+01
2.472700041176299806e+02 3.367046408189399642e+01
2.473452619226300726e+02 3.366882917889400062e+01
2.474205192416299610e+02 3.366717187789400612e+01
2.474957760636299895e+02 3.366549206589400001e+01
2.475710323806300153e+02 3.366378963089400145e+01
2.476462881816300410e+02 3.366206446189400481e+01
2.477215434566300587e+02 3.366031644589399718e+01
2.477967981956300605e+02 3.365854546789400104e+01
2.478720523886300384e+02 3.365675141489400346e+01
2.479473060246299951e+02 3.365493417189399850e+01
2.480226031506300046e+02 3.365309253889400054e+01
2.480978567036300433e+02 3.365122852889399496e+01
2.481731096906300422e+02 3.364934098089399583e+01
2.482483621016299935e+02 3.364742977589399686e+01
2.483236139276299923e+02 3.364549479689399902e+01
2.483988651556300624e+02 3.364353592589399966e+01
2.484741157766300717e+02 3.364155304289400306e+01
2.485493657776300438e+02 3.363954602889400292e+01
2.486246151506300635e+02 3.363751476289399989e+01
2.486998638806300619e+02 3.363545912389399462e+01
2.487751119596300100e+02 3.363337898989399832e+01
2.488503593736300559e+02 3.363127423889399381e+01
2.489256061126299642e+02 3.362914474589399561e+01
2.490008521636299861e+02 3.362699038889400072e+01
2.490760975146300211e+02 3.362481104189400583e+01
2.491513421546300719e+02 3.362260657989399704e+01
2.492265859416300486e+02 3.362037688089399978e+01
2.493018291066300094e+02 3.361812180889400281e+01
2.493770715216300573e+02 3.361584124189400313e+01
2.494523131736299888e+02 3.361353504889399346e+01
2.495275540486300656e+02 3.361120310089400220e+01
2.496027941346300736e+02 3.360884526889400092e+01
2.496780334166300577e+02 3.360646142089399291e+01
2.497532718826300311e+02 3.360405142489399566e+01
2.498285095186300282e+02 3.360161514889399825e+01
2.499037463106299697e+02 3.359915245789399307e+01
2.499789822436300142e+02 3.359666321789400456e+01
2.500542173046300718e+02 3.359414729389399668e+01
2.501294514776299707e+02 3.359160454889399716e+01
2.502046847496299620e+02 3.358903484589400534e+01
2.502799171036299981e+02 3.358643804689400270e+01
2.503551485266299892e+02 3.358381401189400606e+01
2.504303790026299907e+02 3.358116260189399327e+01
2.505056085156300583e+02 3.357848367589400596e+01
2.505808370506300093e+02 3.357577709089399320e+01
2.506560645906300238e+02 3.357304270389400358e+01
2.507312911206300328e+02 3.357028037189400038e+01
2.508065166236299888e+02 3.356748994889399285e+01
2.508817410836300610e+02 3.356467128889400442e+01
2.509569644826299850e+02 3.356182424489399807e+01
2.510321868046300438e+02 3.355894866989399361e+01
2.511074080316299728e+02 3.355604441189399267e+01
2.511826281476300551e+02 3.355311132289399723e+01
2.512578471326300473e+02 3.355014925089399469e+01
2.513330649706300051e+02 3.354715804289399728e+01
2.514082816416300261e+02 3.354413754589400298e+01
2.514834971286300629e+02 3.354108760389399890e+01
2.515587114126299753e+02 3.353800806189400419e+01
2.516339244736299747e+02 3.353489876189399865e+01
2.517091362926300349e+02 3.353175954689399418e+01
2.517843468506300155e+02 3.352859025489399869e+01
2.518595561276300145e+02 3.352539072789400620e+01
2.519347641036300161e+02 3.352216080189400316e+01
2.520099707576300148e+02 3.351890031389399383e+01
2.520851760696299948e+02 3.351560909989399306e+01
2.521603800186300646e+02 3.351228699389399424e+01
2.522355825826300020e+02 3.350893382889400129e+01
2.523107837406300291e+02 3.350554943489399307e+01
2.523859834706300376e+02 3.350213364389399828e+01
2.524611817506300326e+02 3.349868628389400271e+01
2.525363785576300302e+02 3.349520718289400634e+01
2.526115738696300355e+02 3.349169616589399823e+01
2.526867676636300644e+02 3.348815305789399588e+01
2.527619599156300296e+02 3.348457768289399894e+01
2.528371506016300714e+02 3.348096986189399615e+01
2.529123396976299887e+02 3.347732941489400105e+01
2.529875271796300353e+02 3.347365616089399509e+01
2.530627130226300210e+02 3.346994991689399512e+01
2.531378972026299721e+02 3.346621049989400376e+01
2.532130796916300710e+02 3.346243772289399487e+01
2.532882604666299926e+02 3.345863139889399918e+01
2.533634394996300330e+02 3.345479133889399748e+01
2.534386167656300017e+02 3.345091735189400595e+01
2.535137922356299782e+02 3.344700924589399449e+01
2.535889658846299994e+02 3.344306682789400043e+01
2.536641376836300310e+02 3.343908990089400390e+01
2.537393076056300174e+02 3.343507826889400292e+01
2.538144756226300274e+02 3.343103173189399513e+01
2.538896417046300371e+02 3.342695008989399241e+01
2.539648058236300017e+02 3.342283313989399574e+01
2.540399679506300004e+02 3.341868067789400243e+01
2.541151280556300094e+02 3.341449249689399892e+01
2.541902861086300049e+02 3.341026839089400369e+01
2.542654420786299738e+02 3.340600814789399919e+01
2.543405959366299953e+02 3.340171155689399995e+01
2.544157476496299637e+02 3.339737840489399900e+01
2.544908971876299688e+02 3.339300847589399268e+01
2.545660445196299975e+02 3.338860155089399484e+01
2.546411896126300576e+02 3.338415741189399455e+01
2.547163324346300328e+02 3.337967583689399476e+01
2.547914729536300342e+02 3.337515660189400535e+01
2.548666111376300591e+02 3.337059948089400052e+01
2.549417469526300124e+02 3.336600424589400404e+01
2.550168803666300050e+02 3.336137066789399341e+01
2.550920113446300661e+02 3.335669851189399537e+01
2.551671398556300687e+02 3.335198754589400494e+01
2.552422658646300420e+02 3.334723753189399531e+01
2.553173893396299832e+02 3.334244822989400348e+01
2.553925102446300457e+02 3.333761939989399536e+01
2.554676285486299889e+02 3.333275079689400400e+01
2.555427442166300693e+02 3.332784217589400555e+01
2.556178572156300675e+02 3.332289328589399702e+01
2.556929675126299912e+02 3.331790387789399688e+01
2.557680750726299834e+02 3.331287369689400180e+01
2.558431798646300308e+02 3.330780248589400117e+01
2.559182818546300382e+02 3.330268998689399496e+01
2.559933810096300135e+02 3.329753593889400065e+01
2.560684772986300572e+02 3.329234007589400335e+01
2.561435268316300267e+02 3.328710520289399710e+01
2.562186142026300217e+02 3.328182514989400431e+01
2.562936984076299609e+02 3.327650249089400347e+01
2.563687794046300610e+02 3.327113695189399323e+01
2.564438571506299809e+02 3.326572825489400032e+01
2.565189316046300405e+02 3.326027611889399793e+01
2.565940027246300019e+02 3.325478026289400191e+01
2.566690704686299682e+02 3.324924039889400262e+01
2.567441347956300319e+02 3.324365623789400104e+01
2.568191956646300582e+02 3.323802748789400141e+01
2.568942530346300259e+02 3.323235385189400404e+01
2.569693068646300276e+02 3.322663503289399500e+01
2.570443572586299865e+02 3.322087071589399443e+01
2.571194039156300164e+02 3.321506061589400360e+01
2.571944469166300564e+02 3.320920441589399275e+01
2.572694862206299717e+02 3.320330180189399982e+01
2.573445217866299686e+02 3.319735245889400232e+01
2.574195357266300448e+02 3.319135749989399642e+01
2.574945708166300733e+02 3.318531317289399851e+01
2.575696020436300273e+02 3.317922113889399327e+01
2.576446293446300047e+02 3.317308106989399619e+01
2.577196526556300000e+02 3.316689263389399400e+01
2.577946719126300081e+02 3.316065549489400155e+01
2.578696870506300343e+02 3.315436931189400127e+01
2.579446980036299806e+02 3.314803374289400040e+01
2.580197047066299660e+02 3.314164843989399856e+01
2.580947070916300277e+02 3.313521305189399868e+01
2.581697049756300544e+02 3.312872723189400403e+01
2.582446985466299907e+02 3.312219059889399375e+01
2.583196875906300534e+02 3.311560280189399919e+01
2.583946720406300415e+02 3.310896347289400410e+01
2.584696518236300449e+02 3.310227223889400250e+01
2.585446268706299975e+02 3.309552872289400227e+01
2.586195971086299892e+02 3.308873254389399676e+01
2.586945624646299962e+02 3.308188331589400377e+01
2.587695228636300158e+02 3.307498064889399814e+01
2.588444782306300453e+02 3.306802414789399336e+01
2.589194284876300003e+02 3.306101341289399898e+01
2.589943735576300128e+02 3.305394803889400634e+01
2.590693133606300194e+02 3.304682761689399229e+01
2.591442478166300702e+02 3.303965173189399707e+01
2.592191768426300200e+02 3.303241996489400378e+01
2.592941003556300643e+02 3.302513189089400214e+01
2.593690182706299652e+02 3.301778707989400630e+01
2.594439305006300742e+02 3.301038509589399439e+01
2.595188369596300504e+02 3.300292549789399743e+01
2.595937375576300497e+02 3.299540784089400347e+01
2.596686322036300112e+02 3.298783167189399990e+01
2.597435623906299611e+02 3.298019227689400168e+01
2.598184430516300267e+02 3.297249785689399459e+01
2.598933175546300731e+02 3.296474352889400450e+01
2.599681858006300104e+02 3.295692881789399564e+01
2.600430476846300394e+02 3.294905324189400631e+01
2.601179031026300095e+02 3.294111631289399611e+01
2.601927519496300079e+02 3.293311753689400234e+01
2.602675941156300610e+02 3.292505641289399421e+01
2.603424294916300710e+02 3.291693243489399379e+01
2.604172579656299717e+02 3.290874508689400102e+01
2.604920794226300700e+02 3.290049384989400494e+01
2.605668937496299691e+02 3.289217819489400085e+01
2.606417008266300286e+02 3.288379758589400126e+01
2.607165005356300185e+02 3.287535148289400411e+01
2.607912927526299995e+02 3.286683933489399578e+01
2.608660773536300326e+02 3.285826058489399770e+01
2.609408542136299616e+02 3.284961466689399856e+01
2.610156232016300351e+02 3.284090100989399730e+01
2.610903841866300468e+02 3.283211903289399913e+01
2.611651370356300390e+02 3.282326814589400499e+01
2.612398816116299827e+02 3.281434775189400455e+01
2.613146177746299941e+02 3.280535724589400104e+01
2.613893453826299833e+02 3.279629601389399340e+01
2.614640642916299953e+02 3.278716343289400470e+01
2.615387743546299930e+02 3.277795886989399321e+01
2.616134754196299923e+02 3.276868168489400546e+01
2.616881673336300196e+02 3.275933122689400534e+01
2.617628499396300299e+02 3.274990683589399509e+01
2.618375230776300100e+02 3.274040784289400108e+01
2.619121865846299784e+02 3.273083356789399545e+01
2.619868402946299852e+02 3.272118332089399928e+01
2.620614840366300200e+02 3.271145640189399728e+01
2.621361176366299901e+02 3.270165210089399466e+01
2.622107409176300621e+02 3.269176969589399562e+01
2.622853536996299795e+02 3.268180845489399644e+01
2.623599557956300146e+02 3.267176763589399968e+01
2.624345470176299955e+02 3.266164648189399600e+01
2.625091271726300306e+02 3.265144422789400380e+01
2.625836960636300432e+02 3.264116009389400119e+01
2.626582534876300201e+02 3.263079328989400096e+01
2.627327992406300723e+02 3.262034301389400071e+01
2.628073331106300543e+02 3.260980844789399669e+01
2.628818548816299767e+02 3.259918876489399509e+01
2.629563643346299955e+02 3.258848312089399712e+01
2.630308612436299995e+02 3.257769066189399609e+01
2.631053453796300232e+02 3.256681051589400511e+01
2.631798165056300718e+02 3.255584180189400456e+01
2.632542743816300685e+02 3.254478361989400526e+01
2.633287187606300108e+02 3.253363505589399551e+01
2.634031493896300731e+02 3.252239518289400166e+01
2.634775660116300173e+02 3.251106305589399881e+01
2.635519683616300313e+02 3.249963771589399641e+01
2.636263561696300144e+02 3.248811818589399536e+01
2.637007291576300645e+02 3.247650347289399519e+01
2.637750870426299912e+02 3.246479256789399415e+01
2.638494295336300297e+02 3.245298444389399606e+01
2.639237563336300241e+02 3.244107805389400312e+01
2.639980671366300271e+02 3.242907233589400562e+01
2.640723616316300308e+02 3.241696620689400277e+01
2.641466394976300194e+02 3.240475856689400302e+01
2.642209004056300614e+02 3.239244829289400229e+01
2.642951440206300617e+02 3.238003424489400572e+01
2.643693699976300309e+02 3.236751526189399897e+01
2.644435779826299608e+02 3.235489015889399411e+01
2.645177676136300420e+02 3.234215773289399465e+01
2.645919385166300231e+02 3.232931675689400208e+01
2.646660903126300468e+02 3.231636597989400173e+01
2.647402226076300735e+02 3.230330413089400565e+01
2.648143350006300238e+02 3.229012991189399884e+01
2.648884270796300484e+02 3.227684200089399269e+01
2.649624984206299700e+02 3.226343905289400027e+01
2.650365485876299658e+02 3.224991969289399663e+01
2.651105771356299670e+02 3.223628252389400473e+01
2.651845836056300527e+02 3.222252611889399532e+01
2.652585675266299745e+02 3.220864902289399367e+01
2.653325284126299834e+02 3.219464975289399433e+01
2.654064657666299922e+02 3.218052679689400009e+01
2.654803790766300722e+02 3.216627861189400051e+01
2.655542678176299773e+02 3.215190362289399673e+01
2.656281314476299826e+02 3.213740022389400508e+01
2.657019694106300562e+02 3.212276677589399299e+01
2.657757811336300051e+02 3.210800160689399263e+01
2.658495660276300327e+02 3.209310300789400117e+01
2.659233234876300571e+02 3.207806923689399525e+01
2.659970427156300161e+02 3.206290061489400500e+01
2.660707443576299625e+02 3.204759094289400423e+01
2.661444165946300586e+02 3.203214064889399992e+01
2.662180587476299820e+02 3.201654783389399483e+01
2.662916701136300048e+02 3.200081056089399567e+01
2.663652499706300318e+02 3.198492684889400550e+01
2.664387975736299836e+02 3.196889467389399897e+01
2.665123121536300346e+02 3.195271196489399301e+01
2.665857929186300339e+02 3.193637660789400456e+01
2.666592390516299815e+02 3.191988643689400362e+01
2.667326497086300492e+02 3.190323924089399554e+01
2.668060240186300121e+02 3.188643275389399889e+01
2.668793610836300445e+02 3.186946466189399985e+01
2.669526599746299667e+02 3.185233259289400110e+01
2.670259197346300084e+02 3.183503412189399739e+01
2.670991393716299740e+02 3.181756676489399638e+01
2.671723178626299955e+02 3.179992797989399378e+01
2.672454541496300067e+02 3.178211516089399424e+01
2.673185471376299915e+02 3.176412564289400109e+01
2.673915956966299632e+02 3.174595669189399416e+01
2.674645986546300378e+02 3.172760550789399758e+01
2.675375547996300725e+02 3.170906922089399416e+01
2.676104628776300274e+02 3.169034488989399279e+01
2.676833215886300081e+02 3.167142949889399972e+01
2.677561295886300172e+02 3.165231995289400402e+01
2.678288854816300386e+02 3.163301308089400266e+01
2.679015878236299955e+02 3.161350562589399260e+01
2.679742351146300621e+02 3.159379424889399957e+01
2.680468258006299607e+02 3.157387552089400629e+01
2.681193583786300110e+02 3.155374589089399251e+01
2.681918309416300303e+02 3.153340180989400210e+01
2.682642418766300239e+02 3.151283952989399495e+01
2.683365893776299913e+02 3.149205523789399308e+01
2.684088715686299906e+02 3.147104501389399900e+01
2.684810865006300560e+02 3.144980483189399934e+01
2.685532321456300338e+02 3.142833054889399591e+01
2.686253246636300105e+02 3.140661237189399912e+01
2.686973070526300376e+02 3.138466253089400482e+01
2.687692318356300234e+02 3.136245990989399957e+01
2.688410783656300396e+02 3.134000540989400463e+01
2.689128441616300620e+02 3.131729425789400523e+01
2.689845266426299872e+02 3.129432154089400342e+01
2.690561231126300186e+02 3.127108219989399629e+01
2.691276307616299732e+02 3.124757102189400371e+01
2.691990466566300597e+02 3.122378263789400421e+01
2.692703677356300318e+02 3.119971151289399813e+01
2.693415908006300583e+02 3.117535194389400033e+01
2.694127125066300437e+02 3.115069804689399291e+01
2.694837293586300007e+02 3.112574375489400325e+01
2.695546377006300531e+02 3.110048281089399325e+01
2.696254337066299627e+02 3.107490875389399321e+01
2.696961133676300619e+02 3.104901491789399870e+01
2.697666724866300569e+02 3.102279442189400527e+01
2.698371066646299710e+02 3.099624015589400017e+01
2.699074112856299621e+02 3.096934477889399773e+01
2.699775815086300668e+02 3.094210070489400266e+01
2.700476122496300491e+02 3.091450009289400214e+01
2.701174981706299718e+02 3.088653483989399717e+01
2.701872336606300564e+02 3.085819656589400495e+01
2.702568128156299849e+02 3.082947660489399766e+01
2.703262294306300078e+02 3.080036599289400101e+01
2.703954769656300527e+02 3.077085545389400068e+01
2.704645485346300688e+02 3.074093538989400543e+01
2.705334368806300631e+02 3.071059586689399623e+01
2.706021343476300558e+02 3.067982659989399963e+01
2.706706328586299719e+02 3.064861693889399419e+01
2.707389238816300008e+02 3.061695585789399843e+01
2.708069984026299721e+02 3.058483193589400173e+01
2.708748468916300567e+02 3.055223334389400236e+01
2.709424592666300100e+02 3.051914782789400249e+01
2.710098248536300503e+02 3.048556269589400358e+01
2.710769323466300307e+02 3.045146479889399416e+01
2.711437697626300292e+02 3.041684051789400201e+01
2.712103243896299887e+02 3.038167574489399669e+01
2.712765827376300081e+02 3.034595587289399532e+01
2.713425304836300143e+02 3.030966577389399674e+01
2.714081524056300054e+02 3.027278978989400571e+01
2.714734323176300563e+02 3.023531171889399616e+01
2.715383530046299825e+02 3.019721479989399882e+01
2.716028961396299906e+02 3.015848170789399774e+01
2.716670422016300677e+02 3.011909454289400401e+01
2.717307703926300633e+02 3.007903482589399857e+01
2.717940585386300540e+02 3.003828349689399602e+01
2.718568829896300372e+02 2.999682092289400259e+01
2.719192185126300387e+02 2.995462689889399144e+01
2.719810381736299973e+02 2.991168066989399676e+01
2.720423132156300312e+02 2.986796095489398795e+01
2.721030129326300653e+02 2.982344597289400667e+01
2.721631045286300719e+02 2.977811349389401130e+01
2.722225529806300415e+02 2.973194089389400574e+01
2.722813208856300093e+02 2.968490522789400643e+01
2.723393683106300500e+02 2.963698332189400730e+01
2.723966526426300447e+02 2.958815188089400294e+01
2.724531284276300198e+02 2.953838762989400379e+01
2.725087472226300065e+02 2.948766747489401041e+01
2.725634574546300541e+02 2.943596869489400092e+01
2.726172042786300267e+02 2.938326917389400705e+01
2.726699294736300203e+02 2.932954766389400447e+01
2.727077752256299732e+02 2.926847834589401032e+01
2.727159390616299675e+02 2.919364863289399636e+01
2.727241458876300726e+02 2.911882362289401271e+01
2.727323948756300638e+02 2.904400324689399326e+01
2.727406852176300731e+02 2.896918743989400014e+01
2.727490161176299921e+02 2.889437613589399234e+01
2.727573867966299872e+02 2.881956926689400689e+01
2.727657965306299843e+02 2.874476642289400274e+01
2.727742445446299939e+02 2.866996775789399976e+01
2.727827300896299789e+02 2.859517333689399265e+01
2.727912524426299683e+02 2.852038309689399398e+01
2.727998108966300492e+02 2.844559697389399844e+01
2.728084047536299863e+02 2.837081490789398686e+01
2.728170333316300571e+02 2.829603683489401078e+01
2.728256959586299786e+02 2.822126269389400477e+01
2.728343919736300336e+02 2.814649242389398864e+01
2.728431207296300158e+02 2.807172596389401065e+01
2.728518815896300680e+02 2.799696325489401261e+01
2.728606739246300208e+02 2.792220423689400377e+01
2.728694971206300011e+02 2.784744884889400396e+01
2.728783505706300616e+02 2.777269703389399069e+01
2.728872336616299776e+02 2.769794886389399835e+01
2.728961458366300690e+02 2.762320402989399781e+01
2.729050865046299919e+02 2.754846259489400495e+01
2.729140550966299656e+02 2.747372449989399001e+01
2.729230510526300009e+02 2.739898968989399464e+01
2.729320738206300234e+02 2.732425810889398576e+01
2.729411228576299777e+02 2.724952969889400833e+01
2.729501976276299615e+02 2.717480440589400814e+01
2.729592976036299774e+02 2.710008217389400897e+01
2.729684222666300570e+02 2.702536294789399562e+01
2.729775711026300655e+02 2.695064667389399915e+01
2.729867436076299896e+02 2.687593329689400434e+01
2.729959392816300010e+02 2.680122276489399269e+01
2.730051576346300521e+02 2.672651502289400582e+01
2.730143981796300636e+02 2.665181001789400739e+01
2.730236604396299640e+02 2.657710769789400729e+01
2.730329439406299912e+02 2.650240801089398701e+01
2.730422482176300605e+02 2.642771090389399546e+01
2.730515728096300450e+02 2.635301632589400356e+01
2.730609172616299816e+02 2.627832422489399278e+01
2.730702811236299681e+02 2.620363455089400873e+01
2.730796639526300282e+02 2.612894725289399389e+01
2.730890653106300192e+02 2.605426228089399387e+01
2.730984847626299938e+02 2.597957958389400801e+01
2.731079218816300340e+02 2.590489911289398606e+01
2.731173762426299731e+02 2.583022081889399146e+01
2.731268474286300147e+02 2.575554465189401299e+01
2.731363350226300213e+02 2.568087056289400039e+01
2.731458386166299874e+02 2.560619850489399596e+01
2.731553578046300004e+02 2.553152842789398846e+01
2.731648921846299913e+02 2.545686028589400962e+01
2.731744413606300554e+02 2.538219402889399134e+01
2.731840049376300499e+02 2.530752961189401162e+01
2.731935825276299852e+02 2.523286698589399180e+01
2.732031737436299750e+02 2.515820610489399201e+01
2.732127782046300695e+02 2.508354692189399771e+01
2.732223955316300703e+02 2.500888939089401219e+01
2.732320253496299642e+02 2.493423346489399250e+01
2.732416672866300473e+02 2.485957909889398820e+01
2.732513209746300049e+02 2.478492624789399201e+01
2.732609860476300696e+02 2.471027486389399996e+01
2.732706621436299770e+02 2.463562490489400147e+01
2.732803489026300099e+02 2.456097632389401042e+01
2.732900459686300678e+02 2.448632907589399110e+01
2.732997529876300291e+02 2.441168311789400036e+01
2.733094696096300709e+02 2.433703840389401307e+01
2.733191954846300291e+02 2.426239489089400081e+01
2.733289302676300281e+02 2.418775253489400257e+01
2.733386736146300677e+02 2.411311129189400049e+01
2.733484251846300026e+02 2.403847111789400515e+01
2.733581846386300072e+02 2.396383196989398812e+01
2.733679516406299967e+02 2.388919380489400623e+01
2.733777258556299898e+02 2.381455657889401323e+01
2.733875069506299837e+02 2.373992025089398794e+01
2.733972945966300472e+02 2.366528477589400836e+01
2.734070884636300320e+02 2.359065011289399649e+01
2.734168882256299753e+02 2.351601621989399860e+01
2.734266935566300276e+02 2.344138305289399682e+01
2.734365041356300594e+02 2.336675057189398785e+01
2.734463196386299728e+02 2.329211873289401069e+01
2.734561397466300718e+02 2.321748749589400518e+01
2.734659641406299784e+02 2.314285681889398916e+01
2.734757925046299647e+02 2.306822665989400889e+01
2.734856245206299832e+02 2.299359697689399695e+01
2.734954598766300364e+02 2.291896772989400688e+01
2.735052982576300451e+02 2.284433887689399967e+01
2.735151393526300012e+02 2.276971037789400043e+01
2.735249828506300105e+02 2.269508219089399859e+01
2.735348284406300650e+02 2.262045427589399083e+01
2.735446758156300007e+02 2.254582659089399499e+01
2.735545246666300159e+02 2.247119909689399719e+01
2.735643746856300709e+02 2.239657175289400470e+01
2.735742255686299700e+02 2.232194451889398579e+01
2.735840770086300040e+02 2.224731735289398671e+01
2.735939287016299772e+02 2.217269021689401143e+01
2.736037803426300457e+02 2.209806306989401037e+01
2.736136316286300030e+02 2.202343587089399080e+01
2.736234822576299734e+02 2.194880858089399567e+01
2.736333319256299887e+02 2.187418115989399325e+01
2.736431803316300488e+02 2.179955356789400867e+01
2.736530271746300400e+02 2.172492576589399960e+01
2.736628721516299834e+02 2.165029771289400173e+01
2.736727149616299926e+02 2.157566936989400119e+01
2.736825553056300464e+02 2.150104069689399466e+01
2.736923928806300523e+02 2.142641165589398611e+01
2.737022273876299892e+02 2.135178220489399337e+01
2.737120585256299705e+02 2.127715230689400983e+01
2.737218859946299858e+02 2.120252192089398591e+01
2.737317094926300456e+02 2.112789100789399299e+01
2.737415287206300150e+02 2.105325952889398877e+01
2.737513433766300182e+02 2.097862744489398779e+01
2.737611531596300551e+02 2.090399471589398672e+01
2.737709577686300122e+02 2.082936130189401069e+01
2.737807569016300135e+02 2.075472716589399624e+01
2.737905502566300697e+02 2.068009226689400748e+01
2.738003375316299639e+02 2.060545656589400210e+01
2.738101184226300688e+02 2.053082002489401248e+01
2.738198926266300646e+02 2.045618260289398904e+01
2.738296528316299714e+02 2.038159784189400625e+01
2.738394126126300421e+02 2.030695962789400255e+01
2.738491647756300722e+02 2.023232054589399809e+01
2.738589090166299798e+02 2.015768054589401004e+01
2.738686450286300555e+02 2.008303957689400931e+01
2.738783725066300008e+02 2.000839758889401310e+01
2.738880911436299925e+02 1.993375453089399230e+01
2.738978006306300017e+02 1.985911034989399582e+01
2.739075006586299992e+02 1.978446499389400515e+01
2.739171909166299770e+02 1.970981841189399120e+01
2.739268710956300197e+02 1.963517055089400287e+01
2.739365408806300479e+02 1.956052135889399324e+01
2.739461999586299612e+02 1.948587078089400393e+01
2.739558480146300212e+02 1.941121876389399858e+01
2.739654847326300455e+02 1.933656525289399042e+01
2.739751097956299759e+02 1.926191019189400322e+01
2.739847228826300238e+02 1.918725352389398608e+01
2.739943236756300280e+02 1.911259519089401238e+01
2.740039118506300042e+02 1.903793513289400607e+01
2.740134870846300714e+02 1.896327328889398700e+01
2.740230490546300075e+02 1.888860959189401001e+01
2.740325974326299843e+02 1.881394397389399842e+01
2.740421318906300598e+02 1.873927636589399981e+01
2.740516521016300544e+02 1.866460669089400426e+01
2.740611577316299758e+02 1.858993486989399457e+01
2.740706484516300065e+02 1.851526081789398859e+01
2.740801239266300513e+02 1.844058444189400348e+01
2.740895838206300255e+02 1.836590564289400618e+01
2.740990277996300506e+02 1.829122431389399139e+01
2.741084555246300738e+02 1.821654033989401000e+01
2.741178666566300421e+02 1.814185359589399127e+01
2.741272608546300376e+02 1.806716394989399532e+01
2.741366377766300388e+02 1.799247126289398580e+01
2.741459970776300565e+02 1.791777538989398977e+01
2.741553384086300298e+02 1.784307618989399202e+01
2.741646556456300345e+02 1.776841983189399343e+01
2.741739590916300244e+02 1.769372081089400695e+01
2.741832433716299988e+02 1.761901914289398974e+01
2.741925081246300238e+02 1.754431471489399996e+01
2.742017529546299670e+02 1.746960764489401186e+01
2.742109778126300057e+02 1.739489522689399337e+01
2.742201816106300498e+02 1.732018313289398748e+01
2.742293643166299830e+02 1.724546846489400309e+01
2.742385255276299745e+02 1.717075131289399792e+01
2.742476648826299765e+02 1.709603135989399902e+01
2.742567819676300473e+02 1.702130872889401303e+01
2.742658763816299938e+02 1.694658337889399036e+01
2.742749477206299957e+02 1.687185527089400239e+01
2.742839955766300477e+02 1.679712436489398897e+01
2.742930195376300730e+02 1.672239061789400694e+01
2.743020191876300373e+02 1.664765399189400341e+01
2.743109941056300727e+02 1.657291444289398896e+01
2.743199487586300052e+02 1.649813101589398912e+01
2.743288726286299948e+02 1.642338793089399474e+01
2.743377704946299787e+02 1.634864165389399204e+01
2.743466419186300413e+02 1.627389215289400681e+01
2.743554864526300321e+02 1.619913939389400070e+01
2.743643036486300275e+02 1.612438334189400280e+01
2.743730930486299826e+02 1.604962395989400648e+01
2.743818541936299766e+02 1.597486121289401240e+01
2.743905866176300492e+02 1.590009506089398883e+01
2.743992898476299729e+02 1.582532546789400385e+01
2.744079634066300173e+02 1.575055239589400458e+01
2.744166068106300713e+02 1.567577580389399827e+01
2.744252195706299631e+02 1.560099565389398890e+01
2.744338011906300494e+02 1.552621190489401215e+01
2.744423511686300685e+02 1.545142451589399002e+01
2.744508689966300494e+02 1.537663344689400446e+01
2.744593541576300026e+02 1.530183865589398806e+01
2.744678061306299810e+02 1.522704010089398707e+01
2.744762243856300188e+02 1.515223773989399092e+01
2.744846083866299864e+02 1.507743153089398902e+01
2.744929575886299631e+02 1.500262142989399194e+01
2.745012714396299884e+02 1.492780739589400696e+01
2.745095493816300518e+02 1.485298938389399837e+01
2.745177908456300315e+02 1.477816735089399458e+01
2.745259952556299936e+02 1.470334125289400617e+01
2.745341620276299750e+02 1.462851104589398687e+01
2.745422905666300153e+02 1.455367668589400409e+01
2.745503802726299796e+02 1.447883813089399041e+01
2.745584305326299841e+02 1.440399533289399869e+01
2.745664407256300024e+02 1.432914824789401109e+01
2.745744102216299893e+02 1.425429683189400976e+01
2.745823383786300269e+02 1.417944103989398741e+01
2.745902245466300542e+02 1.410458082689399362e+01
2.745980680636300235e+02 1.402971614789399268e+01
2.746058682576299930e+02 1.395484695689398791e+01
2.746136244446300338e+02 1.387997321089400771e+01
2.746213359286300033e+02 1.380509486289400911e+01
2.746290020036299779e+02 1.373021186889400269e+01
2.746366219516300475e+02 1.365532418289399175e+01
2.746441950396300058e+02 1.358043175989399742e+01
2.746517205236299901e+02 1.350553455389399460e+01
2.746591976466300480e+02 1.343063252289400111e+01
2.746666256376300339e+02 1.335572561889401300e+01
2.746739997476300346e+02 1.328085418389400729e+01
2.746813273556300032e+02 1.320593511289399657e+01
2.746886034206300451e+02 1.313101113389399188e+01
2.746958271146300490e+02 1.305608219889398924e+01
2.747029975916299804e+02 1.298114826289400980e+01
2.747101139926300561e+02 1.290620927689400332e+01
2.747171754386300222e+02 1.283126519689400880e+01
2.747241810366300001e+02 1.275631597589401167e+01
2.747311298726299924e+02 1.268136156989399410e+01
2.747380210186300360e+02 1.260640193189399838e+01
2.747448535236300700e+02 1.253143701789400666e+01
2.747516264206299752e+02 1.245646678489399051e+01
2.747583387206299790e+02 1.238149118889398892e+01
2.747649894146300653e+02 1.230651018789399131e+01
2.747715774736299750e+02 1.223152373889399769e+01
2.747781018456300330e+02 1.215653179989399746e+01
2.747845614546300226e+02 1.208153433289399459e+01
2.747909552036300624e+02 1.200653129589400692e+01
2.747972819716300705e+02 1.193152265089400998e+01
2.748035406106300229e+02 1.185650835989400775e+01
2.748097299476300464e+02 1.178148838589399361e+01
2.748158487856300667e+02 1.170646269389399663e+01
2.748218958966299965e+02 1.163143124889398905e+01
2.748278700256300340e+02 1.155639401789400722e+01
2.748337698896299912e+02 1.148135096889399165e+01
2.748395941726300293e+02 1.140630207289399323e+01
2.748453415286300583e+02 1.133124729889399873e+01
2.748510105796299854e+02 1.125618662289400618e+01
2.748565999116299849e+02 1.118112001689399904e+01
2.748621080876300198e+02 1.110604734589401232e+01
2.748675336046300686e+02 1.103096884489400509e+01
2.748728749526300703e+02 1.095588434789399912e+01
2.748781305696300592e+02 1.088079383789400367e+01
2.748832988586299848e+02 1.080569730189398570e+01
2.748883781746299633e+02 1.073059472989399410e+01
2.748933668326299653e+02 1.065548611589400707e+01
2.748982631016299933e+02 1.058037145389400280e+01
2.749030652056300710e+02 1.050525074389400970e+01
2.749077713156299865e+02 1.043012398789400663e+01
2.749123795556300252e+02 1.035499119389399425e+01
2.749168879956300202e+02 1.027985237289399834e+01
2.749212946516300349e+02 1.020470753989400237e+01
2.749255974816300636e+02 1.012955671589401163e+01
2.749297943846300427e+02 1.005439992289399243e+01
2.749338831976299957e+02 9.979237195894000934e+00
2.749378616926300651e+02 9.904068569894008078e+00
2.749417275756300683e+02 9.828894087893985443e+00
2.749454784826299942e+02 9.753713800893990538e+00
2.749491119736300675e+02 9.678527764893999574e+00
2.749526255356300339e+02 9.603336045893996697e+00
2.749560165746300413e+02 9.528138717893995135e+00
2.749592824116299994e+02 9.452935861893990932e+00
2.749624202816300453e+02 9.377727570893995335e+00
2.749654273256300598e+02 9.302514042893989199e+00
2.749683006056299632e+02 9.227295024894004882e+00
2.749710370536300275e+02 9.152071035894010720e+00
2.749736335166300591e+02 9.076842101893987547e+00
2.749760867286300368e+02 9.001608373893986936e+00
2.749783933056300498e+02 8.926370015894008247e+00
2.749805497366300528e+02 8.851127531894007916e+00
2.749825524176299609e+02 8.775880021894010952e+00
2.749843975646300009e+02 8.700628411894001601e+00
2.749860812636300693e+02 8.625373188894002396e+00
2.749875994646300228e+02 8.550114464893994182e+00
2.749889479556300671e+02 8.474852527894000787e+00
2.749901223616299717e+02 8.399587689893991183e+00
2.749911181306300136e+02 8.324320380893993843e+00
2.749919305336300681e+02 8.249050749893996226e+00
2.749925546396299865e+02 8.173779359894012941e+00
2.749929853166300404e+02 8.098506644894001738e+00
2.749932172156300680e+02 8.023233075894012245e+00
2.749656948806299965e+02 7.975544404894009176e+00
2.748904214526300507e+02 7.975819828894003649e+00
2.748151498386300204e+02 7.976410135893985398e+00
2.747398813176300223e+02 7.977311984893987074e+00
2.746646171256300590e+02 7.978522199894001687e+00
2.745893584666300171e+02 7.980037757893995831e+00
2.745141065096300395e+02 7.981855770893986346e+00
2.744388623936300178e+02 7.983973486894001326e+00
2.743636272286300368e+02 7.986388272894004103e+00
2.742884020976300121e+02 7.989097610893992396e+00
2.742131880596299993e+02 7.992099088894008219e+00
2.741379861486299774e+02 7.995390394894002384e+00
2.740627973796300125e+02 7.998969309893993795e+00
2.739876227456300626e+02 8.002833702894008638e+00
2.739124632196300695e+02 8.006981526894008994e+00
2.738373197566300519e+02 8.011410809893988016e+00
2.737621932976300627e+02 8.016119654893998359e+00
2.736870847636300255e+02 8.021106232893998822e+00
2.736119950636299905e+02 8.026368780893989197e+00
2.735369250906300636e+02 8.031905595893988448e+00
2.734618757256300228e+02 8.037715033893988448e+00
2.733868478346300321e+02 8.043795503893989007e+00
2.733118422736300204e+02 8.050145469894005146e+00
2.732368598856300537e+02 8.056763442894009586e+00
2.731619015046300660e+02 8.063647979894000173e+00
2.730869679536299941e+02 8.070797684893989299e+00
2.730120600436300151e+02 8.078211200894003241e+00
2.729371785786300393e+02 8.085887211894004167e+00
2.728623243526299689e+02 8.093824439894007128e+00
2.727874981516300181e+02 8.102021642893987519e+00
2.727127007536300312e+02 8.110477612893987498e+00
2.726379329276300609e+02 8.119191174894012875e+00
2.725631954346300176e+02 8.128161182893990144e+00
2.724884890316299675e+02 8.137386522893990559e+00
2.724138144656299687e+02 8.146866107893998787e+00
2.723391724776300293e+02 8.156598877893998178e+00
2.722645638026299935e+02 8.166583797893991914e+00
2.721899891696299960e+02 8.176819858893992432e+00
2.721154493016300080e+02 8.187306072893989040e+00
2.720409449146299607e+02 8.198041475894001451e+00
2.719664767226300341e+02 8.209025123894008402e+00
2.718920454286300696e+02 8.220256094894011767e+00
2.718176517366300118e+02 8.231733482893986320e+00
2.717432963406300246e+02 8.243456404894004663e+00
2.716689799326300658e+02 8.255423990894001918e+00
2.715947031986300431e+02 8.267635390893985914e+00
2.715204668216300092e+02 8.280089770893994228e+00
2.714462714776299777e+02 8.292786309894012220e+00
2.713721178406299828e+02 8.305724204894005425e+00
2.712980065786300088e+02 8.318902663893993576e+00
2.712239383576300611e+02 8.332320909894008309e+00
2.711499138376299811e+02 8.345978179893990045e+00
2.710759336756299831e+02 8.359873720894000826e+00
2.710019985246299825e+02 8.374006793894011480e+00
2.709281090336300508e+02 8.388376668894011345e+00
2.708542658486300638e+02 8.402982628893994388e+00
2.707804696116300534e+02 8.417823965894001503e+00
2.707067209606299798e+02 8.432899980894006831e+00
2.706330205306300627e+02 8.448209986893999712e+00
2.705593689526299954e+02 8.463753303894009150e+00
2.704857668566300504e+02 8.479529261893986813e+00
2.704122148676299844e+02 8.495537195894002025e+00
2.703387136046300725e+02 8.511776454894004473e+00
2.702652636876300107e+02 8.528246388893990115e+00
2.701918657316300028e+02 8.544946357893991262e+00
2.701185203486300566e+02 8.561875730894001890e+00
2.700452281486299739e+02 8.579033879894012671e+00
2.699719897366300643e+02 8.596420184893986516e+00
2.698988057166299654e+02 8.614034030894003990e+00
2.698256766876300503e+02 8.631874809893986367e+00
2.697526032466300308e+02 8.649941918894000992e+00
2.696795859886299809e+02 8.668234758893987646e+00
2.696066256146299907e+02 8.686752708894005082e+00
2.695337224736300072e+02 8.705495242893988461e+00
2.694608772796299831e+02 8.724461741894003808e+00
2.693880906166299951e+02 8.743651626894006768e+00
2.693153630636300591e+02 8.763064322893995950e+00
2.692426951976299847e+02 8.782699256894005657e+00
2.691700875926300682e+02 8.802555861894006739e+00
2.690975408186299660e+02 8.822633571893987892e+00
2.690250554446300271e+02 8.842931826893988045e+00
2.689526320366300638e+02 8.863450066893989288e+00
2.688802711556300551e+02 8.884187736894006093e+00
2.688079733626299799e+02 8.905144284893992790e+00
2.687357392146299730e+02 8.926319160893996241e+00
2.686635692656299739e+02 8.947711815893995890e+00
2.685914640666300670e+02 8.969321705894003571e+00
2.685194241676300067e+02 8.991148286894002695e+00
2.684474501126300652e+02 9.013191017894001789e+00
2.683755424466300497e+02 9.035449360894006077e+00
2.683037017086300580e+02 9.057922776894002936e+00
2.682319284366299712e+02 9.080610730893994287e+00
2.681602231656300432e+02 9.103512688893999893e+00
2.680885864276299912e+02 9.126628117894000525e+00
2.680170187506300294e+02 9.149956486894012642e+00
2.679455206616300416e+02 9.173497264893995862e+00
2.678740926856300462e+02 9.197249923893991763e+00
2.678027353406300222e+02 9.221213934893995656e+00
2.677314491466300410e+02 9.245388770894010122e+00
2.676602346176300102e+02 9.269773906893988169e+00
2.675890922656299722e+02 9.294368816894007068e+00
2.675180226006299904e+02 9.319172975893991406e+00
2.674470261286300570e+02 9.344185858894007879e+00
2.673761033536300715e+02 9.369406943894006190e+00
2.673052547766299654e+02 9.394835707894003463e+00
2.672344808956300426e+02 9.420471626893998973e+00
2.671637822036299781e+02 9.446314178893999269e+00
2.670931591956299940e+02 9.472362841894010899e+00
2.670226123576300665e+02 9.498617093894011987e+00
2.669521421786300266e+02 9.525076412894009081e+00
2.668817491406300064e+02 9.551740277893998154e+00
2.668114337236300457e+02 9.578608165893996329e+00
2.667411964046299886e+02 9.605679556893989002e+00
2.666710376596300307e+02 9.632953927893993296e+00
2.666009579586299765e+02 9.660430756893987336e+00
2.665309577716299714e+02 9.688109522893995518e+00
2.664610375616300075e+02 9.715989701893988695e+00
2.663911977926300665e+02 9.744070772893991261e+00
2.663214389236300690e+02 9.772352212893991918e+00
2.662517614116300706e+02 9.800833497893989943e+00
2.661821657076299630e+02 9.829514104894002458e+00
2.661126522646300714e+02 9.858393510893989742e+00
2.660432215276300099e+02 9.887471189894000645e+00
2.659738739416299609e+02 9.916746616893988175e+00
2.659046099476300355e+02 9.946219268893997878e+00
2.658354299826300462e+02 9.975888617893986066e+00
2.657663344826300431e+02 1.000575413889399101e+01
2.656973238766300369e+02 1.003581530389399745e+01
2.656283985956300171e+02 1.006607158589400797e+01
2.655595590646300366e+02 1.009652245689400729e+01
2.654908057036299738e+02 1.012716738789399074e+01
2.654221389326300482e+02 1.015800584989401045e+01
2.653535591686300563e+02 1.018903731289398706e+01
2.652850668216299823e+02 1.022026124489400445e+01
2.652166623026300272e+02 1.025167711589401165e+01
2.651483460166300006e+02 1.028328439389400728e+01
2.650801183666299607e+02 1.031508254489401111e+01
2.650119797536299870e+02 1.034707103589400390e+01
2.649439305716300055e+02 1.037924933289400542e+01
2.648759712146300558e+02 1.041161689989399974e+01
2.648081020726299926e+02 1.044417320189398879e+01
2.647403235316300538e+02 1.047691770289401347e+01
2.646726359746300545e+02 1.050984986389400433e+01
2.646050397816300688e+02 1.054296914689399500e+01
2.645375353296299750e+02 1.057627501489400856e+01
2.644701229916300349e+02 1.060976692689399670e+01
2.644028031366299842e+02 1.064344434189399635e+01
2.643355761316300345e+02 1.067730671889398764e+01
2.642684423406299743e+02 1.071135351689400750e+01
2.642014021226299860e+02 1.074558419289400035e+01
2.641344558336300565e+02 1.077999820289400645e+01
2.640676038276299664e+02 1.081459500189399137e+01
2.640008464536300039e+02 1.084937404489400592e+01
2.639341840586300236e+02 1.088433478689398726e+01
2.638676169846300468e+02 1.091947668189399678e+01
2.638011455726299914e+02 1.095479917989399610e+01
2.637347701566299634e+02 1.099030173489398976e+01
2.636684910716300578e+02 1.102598379789398564e+01
2.636023086456299893e+02 1.106184481789401275e+01
2.635362232046300619e+02 1.109788424489400427e+01
2.634702350706300535e+02 1.113410152889400706e+01
2.634043445636299907e+02 1.117049611689398603e+01
2.633385519976299634e+02 1.120706745789399861e+01
2.632728576876300508e+02 1.124381499689400243e+01
2.632072619406299623e+02 1.128073818089399083e+01
2.631417650626299860e+02 1.131783645489400669e+01
2.630763673526300295e+02 1.135510926489399708e+01
2.630110690626300425e+02 1.139255608189398572e+01
2.629458752736300653e+02 1.143018451489399467e+01
2.628808229366300679e+02 1.146805696089398907e+01
2.628159077536300288e+02 1.150616403989400283e+01
2.627511194456299677e+02 1.154448645589400257e+01
2.626864489806300185e+02 1.158300743089398566e+01
2.626218883686299819e+02 1.162171226789399725e+01
2.625574305006300051e+02 1.166058800489400937e+01
2.624930691756300689e+02 1.169962305089399024e+01
2.624287984256299637e+02 1.173880730789400673e+01
2.623646132046299613e+02 1.177813151989400353e+01
2.623005088356300689e+02 1.181758740989400280e+01
2.622364810676299953e+02 1.185716749889400035e+01
2.621725260176299912e+02 1.189686499489400262e+01
2.621086401286300429e+02 1.193667371389400955e+01
2.620448201336300258e+02 1.197658800089399733e+01
2.619810630216300638e+02 1.201660267589400632e+01
2.619173660126299978e+02 1.205671297189400093e+01
2.618537265316300022e+02 1.209691449689398723e+01
2.617901421866300211e+02 1.213720319189400243e+01
2.617266107556300199e+02 1.217757529389399451e+01
2.616631301666299692e+02 1.221802731189399083e+01
2.615996984826300036e+02 1.225855599589399958e+01
2.615363138936300516e+02 1.229915831489398670e+01
2.614729747006300045e+02 1.233983143989399878e+01
2.614096793126299758e+02 1.238057272189399782e+01
2.613464262286300368e+02 1.242137967889399874e+01
2.612832140386299784e+02 1.246224997889399333e+01
2.612200414106300173e+02 1.250318142989399917e+01
2.611569070896300104e+02 1.254417196989399486e+01
2.610938098866300265e+02 1.258521964989398612e+01
2.610307486756300364e+02 1.262632263389400578e+01
2.609677223916300477e+02 1.266747918289399877e+01
2.609047300226299626e+02 1.270868765189399596e+01
2.608417706066300639e+02 1.274994648389400709e+01
2.607788432306300024e+02 1.279125419689398768e+01
2.607159470236300081e+02 1.283260938889398517e+01
2.606530811566299803e+02 1.287401072189399542e+01
2.605902448406299641e+02 1.291545692589400574e+01
2.605274373196299962e+02 1.295694679089399415e+01
2.604646578726299708e+02 1.299847916089399291e+01
2.604019058116300016e+02 1.304005293389400322e+01
2.603391804766300197e+02 1.308166705989398793e+01
2.602764812366299907e+02 1.312332053089400574e+01
2.602138074836299779e+02 1.316501238589398781e+01
2.601511586426300369e+02 1.320674170289399285e+01
2.600885341526299612e+02 1.324850759989399762e+01
2.600259334796300550e+02 1.329030923089399607e+01
2.599633561106300590e+02 1.333214578289400265e+01
2.599008015516299679e+02 1.337401647889399214e+01
2.598382693266300407e+02 1.341592056889399487e+01
2.597757589786299945e+02 1.345785733389399752e+01
2.597132700666300593e+02 1.349982608189398547e+01
2.596508021656300684e+02 1.354182614589399236e+01
2.595883548676300165e+02 1.358385688589399365e+01
2.595259277766299988e+02 1.362591768289399852e+01
2.594635205096299728e+02 1.366800794389399698e+01
2.594011327026300364e+02 1.371012709189400880e+01
2.593387639966300071e+02 1.375227457389399888e+01
2.592764140496299774e+02 1.379444985489399755e+01
2.592140825286300583e+02 1.383665241689399750e+01
2.591517691126300065e+02 1.387888176289399667e+01
2.590894734896300520e+02 1.392113740889399764e+01
2.590271953586299674e+02 1.396341888889401162e+01
2.589649344286299879e+02 1.400572575089398697e+01
2.589026904166300369e+02 1.404805755789399768e+01
2.588404630476300667e+02 1.409041388689399810e+01
2.587782520566300377e+02 1.413279432789400403e+01
2.587160571866300529e+02 1.417519848289398965e+01
2.586538781856300488e+02 1.421762596789400845e+01
2.585917148136300625e+02 1.426007640889400818e+01
2.585295668316300066e+02 1.430254944489399804e+01
2.584674340136299975e+02 1.434504472289398791e+01
2.584053161356300166e+02 1.438756190089401343e+01
2.583432129816299607e+02 1.443010064989400121e+01
2.582811243416300044e+02 1.447266064689401333e+01
2.582190500116300313e+02 1.451524157989399555e+01
2.581569897916299965e+02 1.455784314289400072e+01
2.580949434896299977e+02 1.460046504289400104e+01
2.580329109166299872e+02 1.464310699089401169e+01
2.579708918896299679e+02 1.468576870889398833e+01
2.579088861226300082e+02 1.472844999689399970e+01
2.578468936436300396e+02 1.477115045189398757e+01
2.577849141876300223e+02 1.481386988289401074e+01
2.577229475896299959e+02 1.485660803789400575e+01
2.576609936876299685e+02 1.489936467289399502e+01
2.575990523266299874e+02 1.494213955089401225e+01
2.575371591846300703e+02 1.498490766989399958e+01
2.574752436816300474e+02 1.502771747189399321e+01
2.574133402986299757e+02 1.507054481789398892e+01
2.573514488946299821e+02 1.511338949089400785e+01
2.572895693296300692e+02 1.515625128189398652e+01
2.572277014696300625e+02 1.519912998589398967e+01
2.571658451826299938e+02 1.524202540289400076e+01
2.571040003396299767e+02 1.528493733789400721e+01
2.570421668146299794e+02 1.532786560089400041e+01
2.569803444856300416e+02 1.537081000489399685e+01
2.569185332316299650e+02 1.541377036889400642e+01
2.568567329356299638e+02 1.545674651689398615e+01
2.567949434826300035e+02 1.549973827289400674e+01
2.567331647616300074e+02 1.554274546989398686e+01
2.566713966616300127e+02 1.558576794189400516e+01
2.566096390756300138e+02 1.562880552689401270e+01
2.565478918996299740e+02 1.567185806689400351e+01
2.564861550306300728e+02 1.571492540689399675e+01
2.564244283686300037e+02 1.575800739689398711e+01
2.563627118146300177e+02 1.580110388789398712e+01
2.563010052726299932e+02 1.584421473689400273e+01
2.562393086496300043e+02 1.588733979989399359e+01
2.561776218526300113e+02 1.593047894089400529e+01
2.561159447916300564e+02 1.597363202389399817e+01
2.560542773796300366e+02 1.601679891489399665e+01
2.559926195286299730e+02 1.605997948589399016e+01
2.559309711546300719e+02 1.610317360889399652e+01
2.558693321746300740e+02 1.614638115989399125e+01
2.558077025076300401e+02 1.618960201689398559e+01
2.557460820746300101e+02 1.623283606089398745e+01
2.556844707966300234e+02 1.627608317489401202e+01
2.556228685976299744e+02 1.631934324389399649e+01
2.555612754036299634e+02 1.636261615589398843e+01
2.554996911396299879e+02 1.640590180189400371e+01
2.554381157356299923e+02 1.644920007389399075e+01
2.553765491196300559e+02 1.649251086489400109e+01
2.553149912226299989e+02 1.653583407389399440e+01
2.552534419786300646e+02 1.657916959789400835e+01
2.551919013196300625e+02 1.662251733789400987e+01
2.551303691806299980e+02 1.666587719589401217e+01
2.550688454976299795e+02 1.670924907689399674e+01
2.550073302086299805e+02 1.675263288789400917e+01
2.549458232516299745e+02 1.679602853589400979e+01
2.548843245666300277e+02 1.683943593089401247e+01
2.548228340936299787e+02 1.688285498589399936e+01
2.547613517766299651e+02 1.692628561189400216e+01
2.546998775566300424e+02 1.696972772589398915e+01
2.546384113786299963e+02 1.701318124289400657e+01
2.545769531876300675e+02 1.705664608289399098e+01
2.545155029306300207e+02 1.710012216389398532e+01
2.544540605536299722e+02 1.714360940789399024e+01
2.543926260046300172e+02 1.718710773689400639e+01
2.543311992346299917e+02 1.723061707489401329e+01
2.542697801916299909e+02 1.727413734889398711e+01
2.542083688276300677e+02 1.731766848389401048e+01
2.541469650956300370e+02 1.736121040989399944e+01
2.540855689456299729e+02 1.740476305489400488e+01
2.540241803336299995e+02 1.744832635089400696e+01
2.539627992136300350e+02 1.749190022989398585e+01
2.539014255406299867e+02 1.753548462389400697e+01
2.538400592706299790e+02 1.757907946889400819e+01
2.537787003616300012e+02 1.762268469989399478e+01
2.537173487696300640e+02 1.766630025489399713e+01
2.536560044536300325e+02 1.770992607089399939e+01
2.535946673746299780e+02 1.775356208689399296e+01
2.535333374896300143e+02 1.779720824389400491e+01
2.534720147626300673e+02 1.784086448289400550e+01
2.534106991516300127e+02 1.788453074589401126e+01
2.533493906216299933e+02 1.792820697789400697e+01
2.532880891346300700e+02 1.797189312189399857e+01
2.532267946526299625e+02 1.801558912389398870e+01
2.531655071416300302e+02 1.805929492989400842e+01
2.531042265656299719e+02 1.810301048789401079e+01
2.530429528896300440e+02 1.814673574589400573e+01
2.529816860796300375e+02 1.819047065389401041e+01
2.529204261036300636e+02 1.823421516089399574e+01
2.528591729276300271e+02 1.827796921789399676e+01
2.527979265206300283e+02 1.832173277889398832e+01
2.527366868496299617e+02 1.836550579389398763e+01
2.526754538846300306e+02 1.840928821889400524e+01
2.526142275946299947e+02 1.845308000689399819e+01
2.525530079506300467e+02 1.849688111389400547e+01
2.524917949226300493e+02 1.854069149589400922e+01
2.524305884816299681e+02 1.858451110989400945e+01
2.523693885996299855e+02 1.862833991289400615e+01
2.523081952496300460e+02 1.867217786389400658e+01
2.522470084036299909e+02 1.871602492189398959e+01
2.521858280346299921e+02 1.875988104789399813e+01
2.521246541176299729e+02 1.880374620089401105e+01
2.520634866256299915e+02 1.884762034289400390e+01
2.520023255336299712e+02 1.889150343689399847e+01
2.519411708176300522e+02 1.893539544389400930e+01
2.518800224536300334e+02 1.897929632889400864e+01
2.518188804156299625e+02 1.902320605489398986e+01
2.517577446826300616e+02 1.906712458789399989e+01
2.516966152306300160e+02 1.911105189289401096e+01
2.516354920376300583e+02 1.915498793489399532e+01
2.515743750816299666e+02 1.919893268189400715e+01
2.515132643396299841e+02 1.924288610189398696e+01
2.514521597926299705e+02 1.928684816089401011e+01
2.513910614176300555e+02 1.933081882789400652e+01
2.513299691966299747e+02 1.937479807389399866e+01
2.512688831076299607e+02 1.941878586589399447e+01
2.512078031316299871e+02 1.946278217689399526e+01
2.511467292506300168e+02 1.950678697589398780e+01
2.510856614446300341e+02 1.955080023589400184e+01
2.510245996956300019e+02 1.959482192689398516e+01
2.509635439866299862e+02 1.963885202389400320e+01
2.509024942986299607e+02 1.968289049789399314e+01
2.508414506146299914e+02 1.972693732389399202e+01
2.507804129186300202e+02 1.977099247589399056e+01
2.507193811936299994e+02 1.981505592889399736e+01
2.506583554236299847e+02 1.985912765789399259e+01
2.505973355926300314e+02 1.990320763789401326e+01
2.505363216856300710e+02 1.994729584589398996e+01
2.504753136866300451e+02 1.999139225789400598e+01
2.504143115826299777e+02 2.003549685289399918e+01
2.503533153586300273e+02 2.007960960689399599e+01
2.502923249996300115e+02 2.012373049889399113e+01
2.502313404926300677e+02 2.016785950789400772e+01
2.501703618256299819e+02 2.021199661189399421e+01
2.501093889836300264e+02 2.025614179189400943e+01
2.500484219546299869e+02 2.030029502689399123e+01
2.499874607256300010e+02 2.034445629889398788e+01
2.499265052866300607e+02 2.038862558689399407e+01
2.498655556246299625e+02 2.043280287489400848e+01
2.498046117276300606e+02 2.047698814289398683e+01
2.497436735866299955e+02 2.052118137189398794e+01
2.496827411886300183e+02 2.056538254789398934e+01
2.496218145236300074e+02 2.060959165289401085e+01
2.495608935826300581e+02 2.065380866989400488e+01
2.494999783546300591e+02 2.069803358389398795e+01
2.494390688306299921e+02 2.074226637889398717e+01
2.493781650016300659e+02 2.078650703989399062e+01
2.493172668586300347e+02 2.083075555089399700e+01
2.492563743926299935e+02 2.087501189989399109e+01
2.491954875956300270e+02 2.091927607189398941e+01
2.491346064586300031e+02 2.096354805289399792e+01
2.490737309756299851e+02 2.100782783089400141e+01
2.490128611376300682e+02 2.105211539189400582e+01
2.489519969386299749e+02 2.109641072489398539e+01
2.488911383716300065e+02 2.114071381789401016e+01
2.488302854286300203e+02 2.118502465789399025e+01
2.487694381046300691e+02 2.122934323589399241e+01
2.487085963936299891e+02 2.127366953889401202e+01
2.486477602896300709e+02 2.131800355789400214e+01
2.485869297866300371e+02 2.136234528289401169e+01
2.485261048796300543e+02 2.140669470389400431e+01
2.484652855646300509e+02 2.145105181089400048e+01
2.484044718366299662e+02 2.149541659689398898e+01
2.483436636906299668e+02 2.153978905089400087e+01
2.482828611236299707e+02 2.158416916689398590e+01
2.482220641306300308e+02 2.162855693689400027e+01
2.481612727086300652e+02 2.167295235189399705e+01
2.481004868546299917e+02 2.171735540589401126e+01
2.480397065656300697e+02 2.176176609189400324e+01
2.479789318386299897e+02 2.180618440389400803e+01
2.479181626716300002e+02 2.185061033489398596e+01
2.478573990616300193e+02 2.189504387989398992e+01
2.477966410076300576e+02 2.193948503389398752e+01
2.477358885076300226e+02 2.198393379189400321e+01
2.476751415606300384e+02 2.202839014789398675e+01
2.476144001656300020e+02 2.207285409889399830e+01
2.475536643206300482e+02 2.211732564089399489e+01
2.474929340266300528e+02 2.216180476989399040e+01
2.474322092836300158e+02 2.220629148289398813e+01
2.473714900896300719e+02 2.225078577589400197e+01
2.473107764466299727e+02 2.229528764789398565e+01
2.472500326646300550e+02 2.233982326689400111e+01
2.471893292726300047e+02 2.238434091989398667e+01
2.471286314146299787e+02 2.242886616089398899e+01
2.470679391976299826e+02 2.247339890889401204e+01
2.470072524186300029e+02 2.251793931589401154e+01
2.469465711766300160e+02 2.256248730689401327e+01
2.468858954726300112e+02 2.260704288389399608e+01
2.468252253106300600e+02 2.265160604689398838e+01
2.467645606916300380e+02 2.269617679789399745e+01
2.467039016176300379e+02 2.274075513589400543e+01
2.466432480926300173e+02 2.278534106389400904e+01
2.465826001176299656e+02 2.282993458289399769e+01
2.465219576986300467e+02 2.287453569589399649e+01
2.464613208366300228e+02 2.291914440489401272e+01
2.464006895366300682e+02 2.296376071289398624e+01
2.463400638026300271e+02 2.300838462389398842e+01
2.462794436396300739e+02 2.305301613989399812e+01
2.462188290506300632e+02 2.309765526689400872e+01
2.461582200416300452e+02 2.314230200689399908e+01
2.460976166176299671e+02 2.318695636689400885e+01
2.460370187836300033e+02 2.323161834989400631e+01
2.459764265466299662e+02 2.327628796189401328e+01
2.459158399106300408e+02 2.332096520789400529e+01
2.458552588826300394e+02 2.336565009589401143e+01
2.457946834706299910e+02 2.341034262989398940e+01
2.457341136786299671e+02 2.345504281789399670e+01
2.456735495166299756e+02 2.349975066689398773e+01
2.456129909896299637e+02 2.354446618389400214e+01
2.455524381066300634e+02 2.358918937589399434e+01
2.454918908756299629e+02 2.363392025289400067e+01
2.454313493036300429e+02 2.367865882189400395e+01
2.453708134006299701e+02 2.372340509289401211e+01
2.453102831746300012e+02 2.376815907389399740e+01
2.452497586346300409e+02 2.381292077389400674e+01
2.451892397896299940e+02 2.385769020489399850e+01
2.451287266506299716e+02 2.390246737589399117e+01
2.450682192276299816e+02 2.394725229689399271e+01
2.450077175286300530e+02 2.399204497989398988e+01
2.449472215666300485e+02 2.403684543589400846e+01
2.448867313516299760e+02 2.408165367689400682e+01
2.448262468956300495e+02 2.412646971389401074e+01
2.447657682086300497e+02 2.417129356089398584e+01
2.447052953036300664e+02 2.421612522989400418e+01
2.446448281926299728e+02 2.426096473389401353e+01
2.445843668876299830e+02 2.430581208589399012e+01
2.445239114016300732e+02 2.435066730189399209e+01
2.444634617486299817e+02 2.439553039489399566e+01
2.444030179416300257e+02 2.444040137889399489e+01
2.443425799936300677e+02 2.448528026989399109e+01
2.442821479196300629e+02 2.453016708389398559e+01
2.442217217336299768e+02 2.457506183589399029e+01
2.441613014506299919e+02 2.461996454289399594e+01
2.441008870866300526e+02 2.466487522089400386e+01
2.440404786566300004e+02 2.470979388689400480e+01
2.439800761756300176e+02 2.475472055889400735e+01
2.439196796606300381e+02 2.479965525489399170e+01
2.438592891276300065e+02 2.484459799289399484e+01
2.437989045956300629e+02 2.488954879189398639e+01
2.437385260796300486e+02 2.493450767089399278e+01
2.436781535976300006e+02 2.497947464989400146e+01
2.436177871686300591e+02 2.502444974789401044e+01
2.435574268116300232e+02 2.506943298589399660e+01
2.434970725436300540e+02 2.511442438589401149e+01
2.434367243846300539e+02 2.515942396689399629e+01
2.433763823536300492e+02 2.520443175289400983e+01
2.433160464716300453e+02 2.524944776489400056e+01
2.432557167586300579e+02 2.529447202689399887e+01
2.431953932346299894e+02 2.533950456089399950e+01
2.431350759216300617e+02 2.538454539189399384e+01
2.430747648406300527e+02 2.542959454289399446e+01
2.430144600126299679e+02 2.547465203989401061e+01
2.429541614606300186e+02 2.551971790789400529e+01
2.428938692056299828e+02 2.556479217189399833e+01
2.428335832726300509e+02 2.560987485989400625e+01
2.427733036826300008e+02 2.565496599789400989e+01
2.427130304586300440e+02 2.570006561489398678e+01
2.426527637116300298e+02 2.574517367389398714e+01
2.425925058056299690e+02 2.579028845089399624e+01
2.425322543326299751e+02 2.583541179689399314e+01
2.424720093166300217e+02 2.588054374189400164e+01
2.424117707836300610e+02 2.592568431589398870e+01
2.423515387576300668e+02 2.597083355189400322e+01
2.422913132656299808e+02 2.601599148089400160e+01
2.422310943336299829e+02 2.606115813489398647e+01
2.421708819886300148e+02 2.610633354789399618e+01
2.421106762576300184e+02 2.615151775289399438e+01
2.420504771696300281e+02 2.619671078489400884e+01
2.419902847516299857e+02 2.624191267889401047e+01
2.419300990336300288e+02 2.628712347089398804e+01
2.418699200446299642e+02 2.633234319589399774e+01
2.418097478136300538e+02 2.637757189189400719e+01
2.417495823716299697e+02 2.642280959589399458e+01
2.416894237486299630e+02 2.646805634689400222e+01
2.416292719776300260e+02 2.651331218189400829e+01
2.415691270906300474e+02 2.655857714289399496e+01
2.415089891186300406e+02 2.660385126889400453e+01
2.414488580946299976e+02 2.664913460189399075e+01
2.413887340536300030e+02 2.669442718189398533e+01
2.413286170296300384e+02 2.673972905289400614e+01
2.412685070566299714e+02 2.678504025789399634e+01
2.412084041716299794e+02 2.683036083989401277e+01
2.411483084086300437e+02 2.687569084489399529e+01
2.410882198046300005e+02 2.692103031689399018e+01
2.410281383986300057e+02 2.696637930389400140e+01
2.409680642266300197e+02 2.701173785289398666e+01
2.409079973286300742e+02 2.705710600989399950e+01
2.408479377426299948e+02 2.710248382589401217e+01
2.407878855096300299e+02 2.714787134989398965e+01
2.407278406686299945e+02 2.719326863189400001e+01
2.406678032636299918e+02 2.723867572289398709e+01
2.406077733336300639e+02 2.728409267689400508e+01
2.405477509236299625e+02 2.732951954489399782e+01
2.404877360766300285e+02 2.737495638289399835e+01
2.404277288366300240e+02 2.742040324489400405e+01
2.403677292476300522e+02 2.746586018689399111e+01
2.403077373576300602e+02 2.751132726589401045e+01
2.402477532106300373e+02 2.755680454089400655e+01
2.401877768566300233e+02 2.760229206889400189e+01
2.401278083416299864e+02 2.764778991189399449e+01
2.400678477166300695e+02 2.769329812989400352e+01
2.400078950306299816e+02 2.773881678589398803e+01
2.399479503346299794e+02 2.778434594189400286e+01
2.398880136796299780e+02 2.782988566389400376e+01
2.398280851196299750e+02 2.787543601589399600e+01
2.397681647076299782e+02 2.792099706489401001e+01
2.397082524976299851e+02 2.796656887889400878e+01
2.396483485456299718e+02 2.801215152689400156e+01
2.395884529086300176e+02 2.805774507989400490e+01
2.395285656436299746e+02 2.810334960789398906e+01
2.394686868096300145e+02 2.814896518589401353e+01
2.394088164656299682e+02 2.819459188589399901e+01
2.393489546726299864e+02 2.824022978489401225e+01
2.392891014926299817e+02 2.828587895789399909e+01
2.392292569876299808e+02 2.833153948489399454e+01
2.391694212236299677e+02 2.837721144589400524e+01
2.391095942646300614e+02 2.842289491989399153e+01
2.390497761776300081e+02 2.846858999089400299e+01
2.389899670296300087e+02 2.851429674289400396e+01
2.389301668906300051e+02 2.856001526089400500e+01
2.388703758306300529e+02 2.860574563289401340e+01
2.388105939206299695e+02 2.865148794789399744e+01
2.387508212346299956e+02 2.869724229589400011e+01
2.386910578456300414e+02 2.874300876989400422e+01
2.386313038316299640e+02 2.878878746189400317e+01
2.385715592676299934e+02 2.883457846989401219e+01
2.385118242336299659e+02 2.888038189089400021e+01
2.384520988096300584e+02 2.892619782289401087e+01
2.383923830776299724e+02 2.897202636889400651e+01
2.383326771206299668e+02 2.901786763189400631e+01
2.382729810246300417e+02 2.906372171689400830e+01
2.382132948756299697e+02 2.910958873189400720e+01
2.381536187616300708e+02 2.915546878489399774e+01
2.380939527746300541e+02 2.920136198889400703e+01
2.380342970046299911e+02 2.924726845689400534e+01
2.379746515476300033e+02 2.929318830489398806e+01
2.379150164976300061e+02 2.933912165189400412e+01
2.378553919536299759e+02 2.938506861889399602e+01
2.377957780156299918e+02 2.943102932789400938e+01
2.377361747846300091e+02 2.947700390589400854e+01
2.376765823656300540e+02 2.952299248089400407e+01
2.376170008646300289e+02 2.956899518389400328e+01
2.375574638056299932e+02 2.961498632789400176e+01
2.374979033206299732e+02 2.966101856389400382e+01
2.374383541116299625e+02 2.970706531689398844e+01
2.373788162966299637e+02 2.975312672889398868e+01
2.373192899906300113e+02 2.979920294789400259e+01
2.372597753146299624e+02 2.984529411989399250e+01
2.372002723926299836e+02 2.989140039689399941e+01
2.371407813506299931e+02 2.993752193589401145e+01
2.370813023156300119e+02 2.998365889389400252e+01
2.370218354206299978e+02 3.002981143289399313e+01
2.369623807996300116e+02 3.007597971889400412e+01
2.369029385896299686e+02 3.012216392189399983e+01
2.368435089326300726e+02 3.016836421289400505e+01
2.367840919716300618e+02 3.021458076989399899e+01
2.367246878536299732e+02 3.026081377489400381e+01
2.366652967316300078e+02 3.030706341089400269e+01
2.366059187576300360e+02 3.035332986989399728e+01
2.365465540916300711e+02 3.039961334389400349e+01
2.364872028946300020e+02 3.044591403089400217e+01
2.364278653336299953e+02 3.049223213589399961e+01
2.363685415776299692e+02 3.053856786589399519e+01
2.363092318016300055e+02 3.058492143389399587e+01
2.362499361836300409e+02 3.063129305889400200e+01
2.361906549076300621e+02 3.067768296289399643e+01
2.361313881616300137e+02 3.072409137589400530e+01
2.360721361366300357e+02 3.077051853289400185e+01
2.360128990326300595e+02 3.081696467389400595e+01
2.359536770516299953e+02 3.086343004689399550e+01
2.358944704016300307e+02 3.090991490489399496e+01
2.358352792966300626e+02 3.095641950589400437e+01
2.357761039556300489e+02 3.100294411889399271e+01
2.357169446056299762e+02 3.104948901589399668e+01
2.356578014776300165e+02 3.109605447789400046e+01
2.355986748096300403e+02 3.114264079389400308e+01
2.355395648476300607e+02 3.118924825989400063e+01
2.354804718416300489e+02 3.123587718089399345e+01
2.354213960526299729e+02 3.128252786889399317e+01
2.353623377466299758e+02 3.132920064689399453e+01
2.353032971976300018e+02 3.137589584489400352e+01
2.352442746886300142e+02 3.142261380289400563e+01
2.351852704196300579e+02 3.146935494389400390e+01
2.351262848816300561e+02 3.151611947689400495e+01
2.350673182836300725e+02 3.156290785189399628e+01
2.350083709436300410e+02 3.160972045189400603e+01
2.349494431896300171e+02 3.165655767089400285e+01
2.348905353626300325e+02 3.170341991489399902e+01
2.348316478106300451e+02 3.175030760089400417e+01
2.347727808956299782e+02 3.179722116289400446e+01
2.347139349916299693e+02 3.184416104489399402e+01
2.346551104836300397e+02 3.189112770589399304e+01
2.345963077706300624e+02 3.193812162189399828e+01
2.345375272646300004e+02 3.198514328289400055e+01
2.344787693926299994e+02 3.203219319589399561e+01
2.344200345966300461e+02 3.207927188489399839e+01
2.343613233346300717e+02 3.212637989089400037e+01
2.343026360786299733e+02 3.217351777489399467e+01
2.342439733216299942e+02 3.222068611789400450e+01
2.341853355716299916e+02 3.226788552189400150e+01
2.341267233586300449e+02 3.231511660889400162e+01
2.340681372306300432e+02 3.236238002589399798e+01
2.340095777586299732e+02 3.240967644189399266e+01
2.339510455336300652e+02 3.245700655389400424e+01
2.338925411736300362e+02 3.250437108389400009e+01
2.338340653196300423e+02 3.255177078189399253e+01
2.337756186396300677e+02 3.259920642889399289e+01
2.337172018276300491e+02 3.264667883589399366e+01
2.336588156116300183e+02 3.269418884889400090e+01
2.336004607466300627e+02 3.274173734889400578e+01
2.335421380236300024e+02 3.278932525089399519e+01
2.334838482686299699e+02 3.283695351489400593e+01
2.334255923446300471e+02 3.288462313789399616e+01
2.333673711546300069e+02 3.293233516389399540e+01
2.333091856456300661e+02 3.298009068489399453e+01
2.332510368096299658e+02 3.302789083989399899e+01
2.331929256876300656e+02 3.307573682489399403e+01
2.331348533726300616e+02 3.312362989289400161e+01
2.330768210116299883e+02 3.317157135689400604e+01
2.330188298146300099e+02 3.321956259689399360e+01
2.329608810536299757e+02 3.326760506089399883e+01
2.329029760716300075e+02 3.331570027489399877e+01
2.328451163516299971e+02 3.336384978889400088e+01
2.327873032326299949e+02 3.341205542589399613e+01
2.327295383966300619e+02 3.346031889189400488e+01
2.326718235226300635e+02 3.350864207389399496e+01
2.326141603866299761e+02 3.355702697189400396e+01
2.325565508816300166e+02 3.360547570289399744e+01
2.324989970176299607e+02 3.365399050989400109e+01
