-8.476182201588738963e+01 4.678718861504400195e+01
-8.476104522488725479e+01 4.704290566504400317e+01
-8.475353441988744407e+01 4.729851492104400279e+01
-8.473985847588727438e+01 4.755386963704400216e+01
-8.472052289888728183e+01 4.780885915004400033e+01
-8.469597747388723974e+01 4.806340052904400295e+01
-8.466662304488744439e+01 4.831743325304400116e+01
-8.463281784388726692e+01 4.857091229204399951e+01
-8.459488258488744350e+01 4.882380666504400324e+01
-8.455310528188732633e+01 4.907609514904400783e+01
-8.450774523088733758e+01 4.932776444904399682e+01
-8.445903651688735181e+01 4.957880739804400605e+01
-8.440719102988731493e+01 4.982922157704400945e+01
-8.435240107788735031e+01 5.007900825504400188e+01
-8.429484164988724615e+01 5.032817152904399904e+01
-8.423467237788730699e+01 5.057671767004400465e+01
-8.417203923888740746e+01 5.082465459504400940e+01
-8.410707601388725152e+01 5.107199153804400282e+01
-8.403990568388729798e+01 5.131873835104400428e+01
-8.397064139888738055e+01 5.156490585704399621e+01
-8.389938758688725784e+01 5.181050519204400473e+01
-8.382624079488726920e+01 5.205554776704400410e+01
-8.375129045588727195e+01 5.230004514604399901e+01
-8.367461953688729182e+01 5.254400904104400638e+01
-8.359630192888738520e+01 5.278746109704400169e+01
-8.351641891688740316e+01 5.303038380804400731e+01
-8.343503172488743758e+01 5.327280683104400794e+01
-8.335220302888723154e+01 5.351474123604400290e+01
-8.326799148588742128e+01 5.375619788604400640e+01
-8.318245207488729420e+01 5.399718740904400249e+01
-8.309563639788729006e+01 5.423772019004400136e+01
-8.300759295488722955e+01 5.447780635704400254e+01
-8.291836733788744596e+01 5.471745592504400690e+01
-8.282800264388737332e+01 5.495667826604400830e+01
-8.273653941788728616e+01 5.519548282304400288e+01
-8.264401599088722605e+01 5.543387867704400662e+01
-8.255046861488739296e+01 5.567187464604400304e+01
-8.245593160588731507e+01 5.590947930204400507e+01
-8.236043748988726065e+01 5.614670095904399716e+01
-8.226401712288742374e+01 5.638354768904400771e+01
-8.216669980688737951e+01 5.662002732704399932e+01
-8.206851339788744326e+01 5.685614747504399702e+01
-8.196948439688725330e+01 5.709191551204399673e+01
-8.186963804288728852e+01 5.732733859904399765e+01
-8.176899839388732971e+01 5.756242368304400259e+01
-8.166758839988727914e+01 5.779717751104399781e+01
-8.156542997188734034e+01 5.803160662904400624e+01
-8.146254404988729902e+01 5.826571739704399988e+01
-8.135895065588732677e+01 5.849951598704400624e+01
-8.125466895488733599e+01 5.873300839604399926e+01
-8.114971730088740287e+01 5.896620045104400276e+01
-8.104411328488725985e+01 5.919909781204400190e+01
-8.093787378088740070e+01 5.943170598304399732e+01
-8.083101498488730385e+01 5.966403031404399826e+01
-8.072355245288730430e+01 5.989607600904400897e+01
-8.061550113588731392e+01 6.012784813004400064e+01
-8.050687541488736088e+01 6.035935160104399699e+01
-8.039768912788730404e+01 6.059059122004400422e+01
-8.028795560388738295e+01 6.082157165704400370e+01
-8.017768768488730302e+01 6.105229745904399863e+01
-8.006689775588728253e+01 6.128277306004400771e+01
-7.995559776488738635e+01 6.151300277904400104e+01
-7.984379924788726157e+01 6.174299083104399699e+01
-7.973151334988727967e+01 6.197274132704400529e+01
-7.961875084088723042e+01 6.220225827704400956e+01
-7.950552214088742176e+01 6.243154559904400003e+01
-7.939183733388739483e+01 6.266060711804399830e+01
-7.927770618288735704e+01 6.288944657204400812e+01
-7.916313815088727779e+01 6.311806761704400515e+01
-7.904814241288744370e+01 6.334647382804399740e+01
-7.893272786788742224e+01 6.357466870204400777e+01
-7.881690315788722501e+01 6.380265566404399635e+01
-7.870067667688743995e+01 6.403043807104400287e+01
-7.858405658488726431e+01 6.425801921004399730e+01
-7.846705081988733355e+01 6.448540230704399789e+01
-7.834966710788734190e+01 6.471259052804400369e+01
-7.823191297388729026e+01 6.493958698004399821e+01
-7.811379575588733815e+01 6.516639471704399966e+01
-7.799532260988729604e+01 6.539301674404400444e+01
-7.787650052388738686e+01 6.561945601404400463e+01
-7.775733632388727301e+01 6.584571543904399960e+01
-7.763783668788727255e+01 6.607179788704399925e+01
-7.751800814988740740e+01 6.629770618904400692e+01
-7.739785711288726588e+01 6.652344313804400144e+01
-7.727738985388731408e+01 6.674901149904400199e+01
-7.715661253688739407e+01 6.697441400304400361e+01
-7.703553121888734267e+01 6.719965335904400661e+01
-7.691415185888735095e+01 6.742473225104400569e+01
-7.679248032588742490e+01 6.764965334704400846e+01
-7.667052240988726908e+01 6.787441929704399968e+01
-7.654828383088732835e+01 6.809903274204400248e+01
-7.642577024288738130e+01 6.832349631604400031e+01
-7.630298725188725939e+01 6.854781264904400473e+01
-7.617994041788728055e+01 6.877198437204400250e+01
-7.605663526988740841e+01 6.899601412604400252e+01
-7.593307731188741627e+01 6.921990456204400743e+01
-7.580927204088737881e+01 6.944365834704400697e+01
-7.568522495288738128e+01 6.966727817504400377e+01
-7.556094155888735031e+01 6.989076676804400279e+01
-7.543642739688738175e+01 7.011412688604400500e+01
-7.531168804788734406e+01 7.033736133704400117e+01
-7.518672915288738068e+01 7.056047298204400420e+01
-7.506155642888728607e+01 7.078346474504400021e+01
-7.493617568988742050e+01 7.100633963004399618e+01
-7.481059287088731935e+01 7.122910072404400239e+01
-7.468481404688731118e+01 7.145175122004400237e+01
-7.455884546688724868e+01 7.167429442604399981e+01
-7.443269358288733883e+01 7.189673378804400272e+01
-7.430636508388732864e+01 7.211907290704399998e+01
-7.417986693888741456e+01 7.234131556404400953e+01
-7.405320644488728021e+01 7.256346574604400246e+01
-7.392639127888736539e+01 7.278552768104400172e+01
-7.379942956488724803e+01 7.300750587104400324e+01
-7.367232994588738393e+01 7.322940514004400825e+01
-7.354510167788743047e+01 7.345123068004400579e+01
-7.341775527288740477e+01 7.367298717404399611e+01
-7.329030286688742990e+01 7.389467845704400872e+01
-7.316275452088729025e+01 7.411631431204399689e+01
-7.303512320088742626e+01 7.433790222604400810e+01
-7.290742329988728443e+01 7.455945051604400931e+01
-7.277967093188743775e+01 7.478096849104400690e+01
-7.265188428988739133e+01 7.500246666604400048e+01
-7.252408413888741734e+01 7.522395700404400998e+01
-7.239629433588737584e+01 7.544545339904399839e+01
-7.226854278088734418e+01 7.566697186004400066e+01
-7.212360018988732691e+01 7.586970440504400415e+01
-7.188928693688734484e+01 7.597207616004399711e+01
-7.165154575288732985e+01 7.606622976304400652e+01
-7.141125145688732800e+01 7.615367233004400305e+01
-7.116898972488723984e+01 7.623551305004400547e+01
-7.092517003288725164e+01 7.631259305104400426e+01
-7.068008891688731410e+01 7.638556643004400826e+01
-7.043396748188723677e+01 7.645495279204399708e+01
-7.018697465388726187e+01 7.652117246704399633e+01
-6.993924220388743151e+01 7.658457083804400156e+01
-6.969087476988732988e+01 7.664543558404400869e+01
-6.944195673688744819e+01 7.670400918704400794e+01
-6.919255709088741924e+01 7.676049818204400310e+01
-6.894273290288737144e+01 7.681508013304400606e+01
-6.869253189488739508e+01 7.686790896904400938e+01
-6.844199435188733105e+01 7.691911913004400958e+01
-6.819115457388733148e+01 7.696882882604400322e+01
-6.794004199088743690e+01 7.701714263404400640e+01
-6.768868203488722202e+01 7.706415359004400045e+01
-6.743709682088723412e+01 7.710994487704400058e+01
-6.718530569588727985e+01 7.715459122604400477e+01
-6.693332567688725021e+01 7.719816005804399595e+01
-6.668117180388725274e+01 7.724071244104399625e+01
-6.642885743288724143e+01 7.728230389904400965e+01
-6.617639447588743451e+01 7.732298508004400617e+01
-6.592379359888735735e+01 7.736280233604399825e+01
-6.567106438388731249e+01 7.740179821704400354e+01
-6.541822573288726517e+01 7.744001034804399808e+01
-6.516526570088734616e+01 7.747747786204399745e+01
-6.491220091388726132e+01 7.751423273904400446e+01
-6.465903783088737100e+01 7.755030598104400497e+01
-6.440578234588741680e+01 7.758572639904400603e+01
-6.415247733688732978e+01 7.762051571904400760e+01
-6.389905587688730293e+01 7.765470885204400986e+01
-6.364555707188736733e+01 7.768832440304400677e+01
-6.339198511588728024e+01 7.772138428104400987e+01
-6.313834387888726951e+01 7.775390903304399615e+01
-6.288463694188743602e+01 7.778591796004400294e+01
-6.263086762388724082e+01 7.781742922004400498e+01
-6.237703900388731881e+01 7.784845992204400034e+01
-6.212315394788737422e+01 7.787902620504399920e+01
-6.186921512288739677e+01 7.790914331804400206e+01
-6.161522501788743966e+01 7.793882568004400468e+01
-6.136118595888723348e+01 7.796808694904400738e+01
-6.110710012088742360e+01 7.799694007004400476e+01
-6.085296954188737573e+01 7.802539733204400818e+01
-6.059879613388733333e+01 7.805347040904399591e+01
-6.034458169188741294e+01 7.808117040404400200e+01
-6.009032790488726050e+01 7.810850788604400918e+01
-5.983603636288734151e+01 7.813549292604400875e+01
-5.958170856288728601e+01 7.816213513004400681e+01
-5.932734591988736383e+01 7.818844366604400875e+01
-5.907294976788733720e+01 7.821442729204400734e+01
-5.881852136888727500e+01 7.824009438304400987e+01
-5.856406191688728313e+01 7.826545295204400077e+01
-5.830957254288722424e+01 7.829051067204400738e+01
-5.805505432088733642e+01 7.831527489504399853e+01
-5.780050826788732365e+01 7.833975267104399620e+01
-5.754593534988742931e+01 7.836395076604399890e+01
-5.729133648688724634e+01 7.838787567504400045e+01
-5.703671254988734063e+01 7.841153364204400589e+01
-5.678206437188731570e+01 7.843493066504400701e+01
-5.652739274488743604e+01 7.845807251704400187e+01
-5.627269842388744792e+01 7.848096475404400962e+01
-5.601798212888724038e+01 7.850361272604399687e+01
-5.576324454888725768e+01 7.852602158904400653e+01
-5.550848633888739414e+01 7.854819631504400945e+01
-5.525370812688737487e+01 7.857014169604400422e+01
-5.499891051388743790e+01 7.859186236004400428e+01
-5.474409407488741408e+01 7.861336277404400619e+01
-5.448925935888740923e+01 7.863464725304400815e+01
-5.423440689388729652e+01 7.865571996804399646e+01
-5.397953718488741970e+01 7.867658495004400265e+01
-5.372465071588743513e+01 7.869724609904400836e+01
-5.346974795388740631e+01 7.871770719004400974e+01
-5.321482934288741262e+01 7.873797187404400688e+01
-5.295989531388744354e+01 7.875804369004400485e+01
-5.270494627788724529e+01 7.877792606404400999e+01
-5.244998263188739429e+01 7.879762232004399891e+01
-5.219500475788726135e+01 7.881713567604400339e+01
-5.194001302288728539e+01 7.883646925704400132e+01
-5.168500778088736070e+01 7.885562609204400530e+01
-5.142998937088731282e+01 7.887460912304399585e+01
-5.117495812288728985e+01 7.889342120404400305e+01
-5.091991435388734999e+01 7.891206510904400773e+01
-5.066485836788723418e+01 7.893054353104400889e+01
-5.040979046088722271e+01 7.894885908804400287e+01
-5.015471091788725744e+01 7.896701432404400123e+01
-4.989962001388738599e+01 7.898501171304400259e+01
-4.964451801488729643e+01 7.900285366204400361e+01
-4.938940517788722673e+01 7.902054251104399896e+01
-4.913428175288726152e+01 7.903808053804399947e+01
-4.887914797988736382e+01 7.905546996204400045e+01
-4.862400409388732214e+01 7.907271294104400283e+01
-4.836885031888726871e+01 7.908981157704400289e+01
-4.811368687588736748e+01 7.910676792004400681e+01
-4.785851397688742281e+01 7.912358396404400196e+01
-4.760333182988728140e+01 7.914026165504400012e+01
-4.734814063588731869e+01 7.915680288904400186e+01
-4.709294058888730206e+01 7.917320951304400012e+01
-4.683773187888726852e+01 7.918948333204400569e+01
-4.658251469288728686e+01 7.920562610304399698e+01
-4.632728920988728305e+01 7.922163954204400227e+01
-4.607201214388732069e+01 7.923752801804400292e+01
-4.581676773088742038e+01 7.925328793004399586e+01
-4.556151535288739751e+01 7.926892342304400074e+01
-4.530625515888726795e+01 7.928443605404400785e+01
-4.505098729588729611e+01 7.929982734404400446e+01
-4.479571190888731280e+01 7.931509878004399638e+01
-4.454042913488723343e+01 7.933025181404400428e+01
-4.428513910988743874e+01 7.934528786404399625e+01
-4.402984196588744226e+01 7.936020831704399825e+01
-4.377453782988726516e+01 7.937501452704400151e+01
-4.351922682788739394e+01 7.938970782004400917e+01
-4.326390907988724166e+01 7.940428948904400386e+01
-4.300858470688734769e+01 7.941876080204400523e+01
-4.275325382188742651e+01 7.943312299704400914e+01
-4.249791653988739881e+01 7.944737728504399854e+01
-4.224257310288743383e+01 7.946152484404400695e+01
-4.198722339888735178e+01 7.947556684604400346e+01
-4.173186763588722670e+01 7.948950441804400668e+01
-4.147650591888731242e+01 7.950333867204400917e+01
-4.122113835488738687e+01 7.951707069404400841e+01
-4.096576504788725970e+01 7.953070154704400352e+01
-4.071038610188742268e+01 7.954423227104400951e+01
-4.045500162188744753e+01 7.955766388604399708e+01
-4.019961170988739241e+01 7.957099739004399908e+01
-3.994421646988729435e+01 7.958423375904399677e+01
-3.968881600688740718e+01 7.959737394904399821e+01
-3.943341042788728146e+01 7.961041889904400648e+01
-3.917799983888738780e+01 7.962336952304400484e+01
-3.892258434988724503e+01 7.963622672304400396e+01
-3.866716407388724974e+01 7.964899137604400892e+01
-3.841173912688731207e+01 7.966166434604400592e+01
-3.815630962888729982e+01 7.967424647604400434e+01
-3.790087570388726590e+01 7.968673859404400162e+01
-3.764543748088743769e+01 7.969914150904399719e+01
-3.738999509688727585e+01 7.971145601604399644e+01
-3.713454869088735677e+01 7.972368289204399616e+01
-3.687909840788728388e+01 7.973582289904400966e+01
-3.662364439588731102e+01 7.974787678204400265e+01
-3.636818680688742234e+01 7.975984527504400035e+01
-3.611272578188726357e+01 7.977172909304400150e+01
-3.585726144688732120e+01 7.978352894104399695e+01
-3.560179389288731500e+01 7.979524551104400132e+01
-3.534632313888727140e+01 7.980687948404400345e+01
-3.509084907988739133e+01 7.981843153204400210e+01
-3.483542349888733725e+01 7.982989999504400203e+01
-3.457995894888739485e+01 7.984128944904399816e+01
-3.432449536388725164e+01 7.985259872704399697e+01
-3.406903378588725673e+01 7.986382840504400349e+01
-3.381357456688732555e+01 7.987497907604399927e+01
-3.355811745888735231e+01 7.988605135004399926e+01
-3.330266034988738966e+01 7.989704590304400256e+01
-3.304719683988736278e+01 7.990796357804400429e+01
-3.279171393388736533e+01 7.991880548104400361e+01
-3.253605649488730478e+01 7.992957865804400797e+01
-3.228055276188723610e+01 7.994026980704400387e+01
-3.202428864488723548e+01 7.995091743804400153e+01
-3.176948824388722414e+01 7.996142996604400821e+01
-3.151409308888736405e+01 7.997189320604400109e+01
-3.125858593688730025e+01 7.998228756704399700e+01
-3.100293696588727244e+01 7.999261464104399977e+01
-3.074732131088734377e+01 8.000286778204400662e+01
-3.049171044988742096e+01 8.001304861904399957e+01
-3.023610837588734057e+01 8.002315745304400707e+01
-2.998048279088737900e+01 8.003319600504400455e+01
-2.972491181088724943e+01 8.004316165604400624e+01
-2.946934105488725208e+01 8.005305697904400120e+01
-2.921377157488740295e+01 8.006288235304400303e+01
-2.895820364288732662e+01 8.007263817704399855e+01
-2.870263717288725047e+01 8.008232485704400005e+01
-2.844707192888739655e+01 8.009194279604400890e+01
-2.819150760388737353e+01 8.010149238704400432e+01
-2.793594397688724484e+01 8.011097401604399693e+01
-2.768038068588742817e+01 8.012038806004400726e+01
-2.742481753488726781e+01 8.012973488404399802e+01
-2.716925429988731366e+01 8.013901484504400230e+01
-2.691369079388726959e+01 8.014822828904399898e+01
-2.665812685788722547e+01 8.015737555304400530e+01
-2.640256235488726588e+01 8.016645696604400939e+01
-2.614699716688727449e+01 8.017547284504399840e+01
-2.589143119588737818e+01 8.018442350104400873e+01
-2.563586435188739188e+01 8.019330923304400471e+01
-2.538029656088741604e+01 8.020213033504400357e+01
-2.512472774988731317e+01 8.021088709104400039e+01
-2.486915785388731592e+01 8.021957977504399651e+01
-2.461358693788741903e+01 8.022820865204400320e+01
-2.435801474488738450e+01 8.023677398604399968e+01
-2.410244129188725992e+01 8.024527602704399953e+01
-2.384686098188734604e+01 8.025371519804400577e+01
-2.359127286788742595e+01 8.026209176104400456e+01
-2.333568369888729421e+01 8.027040571504400646e+01
-2.308009335188734212e+01 8.027865728204400853e+01
-2.282450171588737931e+01 8.028684667504400352e+01
-2.256890868588737931e+01 8.029497409604400104e+01
-2.231331416288725222e+01 8.030303974204400674e+01
-2.205771805288731002e+01 8.031104379804399684e+01
-2.180212026488737820e+01 8.031898644404400045e+01
-2.154652071388744616e+01 8.032686785004399610e+01
-2.129091931688725481e+01 8.033468817504400761e+01
-2.103531599788738049e+01 8.034244757404400161e+01
-2.077971068888740547e+01 8.035014618904399697e+01
-2.052410333188726099e+01 8.035778415504400130e+01
-2.026849388088743353e+01 8.036536159804400370e+01
-2.001288230988728856e+01 8.037287863404399957e+01
-1.975726861688730196e+01 8.038033536804400114e+01
-1.950165282688743673e+01 8.038773189704400579e+01
-1.924603500188726457e+01 8.039506830804400295e+01
-1.899041524688726668e+01 8.040234467604400947e+01
-1.873479371388742720e+01 8.040956106504400225e+01
-1.847917061688730200e+01 8.041671752904400705e+01
-1.822354623288737230e+01 8.042381411004400604e+01
-1.796792092088725212e+01 8.043085083704400517e+01
-1.771233001088734227e+01 8.043782678004400566e+01
-1.745669437888744824e+01 8.044474411404399916e+01
-1.720106093688735882e+01 8.045160156304400800e+01
-1.694543130188725399e+01 8.045839908404400376e+01
-1.668976133288737174e+01 8.046513782204399945e+01
-1.643412831488734582e+01 8.047181571404399847e+01
-1.617849825888737314e+01 8.047843362504400488e+01
-1.592287163388727045e+01 8.048499149204400283e+01
-1.566724887088725104e+01 8.049148924504400782e+01
-1.541163025388726915e+01 8.049792680204400597e+01
-1.515601530588736701e+01 8.050430408704400520e+01
-1.490040080288730628e+01 8.051062107804399659e+01
-1.464486347488736051e+01 8.051687578604399675e+01
-1.438931975988742984e+01 8.052307014704400956e+01
-1.413377849588727209e+01 8.052920379404400819e+01
-1.387795402488740315e+01 8.053528331704400500e+01
-1.362204201688740746e+01 8.054130374804400105e+01
-1.336641110088743467e+01 8.054725628004399596e+01
-1.311075794288734819e+01 8.055314785004399880e+01
-1.285508520588740744e+01 8.055897813904400095e+01
-1.259961330488744302e+01 8.056474192604400741e+01
-1.234468295788741621e+01 8.057043151004400272e+01
-1.208826806088740291e+01 8.057609146104400111e+01
-1.183245379488738713e+01 8.058167509404400164e+01
-1.157681312088738146e+01 8.058719166304400972e+01
-1.132112456388739652e+01 8.059264561004400207e+01
-1.106548205288726372e+01 8.059803452404399593e+01
-1.080981729188732920e+01 8.060335941304400365e+01
-1.055415000688725691e+01 8.060861938804400495e+01
-1.029847502988735819e+01 8.061381404604399847e+01
-1.004277635988722928e+01 8.061894316204400468e+01
-9.787104558887394390e+00 8.062400514804400586e+01
-9.531449591887339423e+00 8.062899960204400429e+01
-9.275779080887277317e+00 8.063392649804400492e+01
-9.020100150887346402e+00 8.063878498504399772e+01
-8.764415291887361903e+00 8.064357425704400839e+01
-8.510332533887266848e+00 8.064826404204400490e+01
-8.253069573887332311e+00 8.065294109504399955e+01
-7.997358706887269797e+00 8.065751777604400274e+01
-7.741688600887244753e+00 8.066202081704400939e+01
-7.485998178887428800e+00 8.066645024004400000e+01
-7.230300613887437500e+00 8.067080466504400249e+01
-6.974627357887301038e+00 8.067508234104400344e+01
-6.718926688887393972e+00 8.067928281604400809e+01
-6.463236452887429984e+00 8.068340404404399635e+01
-6.207537020887401447e+00 8.068744481404399949e+01
-5.952134291887376527e+00 8.069139878204400418e+01
-5.696155875887314757e+00 8.069527753704400652e+01
-5.440444980887321869e+00 8.069906621504399880e+01
-5.184774711887429000e+00 8.070276623804400629e+01
-4.929106366887425317e+00 8.070637590704400566e+01
-4.673418965887266019e+00 8.070989302604399995e+01
-4.417688333887270780e+00 8.071331517504400210e+01
-4.161980881887246575e+00 8.071663847604399677e+01
-3.906349992887443001e+00 8.071985902004399804e+01
-3.650657639887357142e+00 8.072297494404399743e+01
-3.394856476887242458e+00 8.072598271904399780e+01
-3.139284933887382500e+00 8.072887400304399819e+01
-2.883532369887405800e+00 8.073164851004399623e+01
-2.627882754887367334e+00 8.073429754104400047e+01
-2.372188936887313027e+00 8.073681638504400837e+01
-2.116292847887224049e+00 8.073919927404399743e+01
-1.860795265887362548e+00 8.074143263804400306e+01
-1.605097586887439975e+00 8.074351251104400262e+01
-1.349399100887411551e+00 8.074542621204400916e+01
-1.093880441887393973e+00 8.074715982804400483e+01
-8.380882648872909346e-01 8.074870121604399742e+01
-5.823337928872558411e-01 8.075003007504400898e+01
-3.265836658874274323e-01 8.075112449504399592e+01
-7.090894888728022094e-02 8.075195683804400915e+01
1.848112221126133048e-01 8.075249276504399631e+01
4.405215151126061213e-01 8.075268686604400159e+01
6.962278461126618634e-01 8.075250121304399897e+01
9.519329651125747471e-01 8.075197253304399680e+01
1.207705740112770654e+00 8.075114610204400378e+01
1.463460630112705330e+00 8.075005711704400824e+01
1.719198802112770208e+00 8.074873323204400322e+01
1.974924293112563900e+00 8.074719670304399699e+01
2.230640193112605196e+00 8.074546577604399999e+01
2.486348691112708842e+00 8.074355563904400412e+01
2.742051392112727193e+00 8.074147909504399934e+01
2.997749484112602225e+00 8.073924706404400808e+01
3.253443852112751777e+00 8.073686894904400901e+01
3.509135160112747620e+00 8.073435291404400971e+01
3.764823910112737870e+00 8.073170610604400110e+01
4.020510484112775451e+00 8.072893482104400675e+01
4.276195171112759930e+00 8.072604463804400154e+01
4.531878194112606728e+00 8.072304053204400986e+01
4.787559722112574967e+00 8.071992695704400944e+01
5.043239886112643511e+00 8.071670792004400141e+01
5.298918785112674890e+00 8.071338703904400802e+01
5.554596494112558069e+00 8.070996759604400950e+01
5.810273071112589172e+00 8.070645257504399694e+01
6.065948559112768201e+00 8.070284469804400374e+01
6.321622988112777897e+00 8.069914645704400868e+01
6.577296385112560095e+00 8.069536013404400876e+01
6.832968763112659438e+00 8.069148783204400388e+01
7.088640134112721647e+00 8.068753148504400485e+01
7.344310504112683269e+00 8.068349287904399603e+01
7.599979876112739952e+00 8.067937366704400404e+01
7.855648251112653746e+00 8.067517537904400626e+01
8.111315627112672288e+00 8.067089943404400287e+01
8.366982001112601708e+00 8.066654715204400361e+01
8.622647369112710791e+00 8.066211975804399970e+01
8.878311724112618819e+00 8.065761839504399688e+01
9.133932526112685579e+00 8.065304489304399738e+01
9.389600071112736757e+00 8.064839862804400639e+01
9.645266038112650264e+00 8.064368138404400099e+01
9.900930470112653481e+00 8.063889402504399584e+01
1.015659329611258777e+01 8.063403736304400127e+01
1.041225479011273869e+01 8.062911214604400811e+01
1.066791484311266736e+01 8.062411908604400423e+01
1.092357348111255355e+01 8.061905884204399797e+01
1.117923072611261937e+01 8.061393203104400129e+01
1.143488659711266386e+01 8.060873923304400535e+01
1.169054111111273464e+01 8.060348098604400491e+01
1.194619428311267306e+01 8.059815779604400632e+01
1.220184612511257960e+01 8.059277013404400236e+01
1.245749664811256530e+01 8.058731844104400466e+01
1.271314586011277292e+01 8.058180312804400103e+01
1.296879376811267370e+01 8.057622457604399813e+01
1.322444037911264836e+01 8.057058314404400789e+01
1.348008569711265459e+01 8.056487916104400426e+01
1.373569220611267205e+01 8.055911378604400852e+01
1.399133323411257201e+01 8.055328565104400695e+01
1.424697292611273092e+01 8.054739582304399903e+01
1.450261127911272574e+01 8.054144454504400130e+01
1.475824829311255648e+01 8.053543203904399661e+01
1.501388396511270962e+01 8.052935851004400547e+01
1.526951829311275155e+01 8.052322414404400774e+01
1.552515127111274573e+01 8.051702910904400312e+01
1.578078289711271331e+01 8.051077355904399724e+01
1.603641311711277240e+01 8.050445763004400135e+01
1.629204205911270265e+01 8.049808144104400753e+01
1.654766960011266974e+01 8.049164510004399631e+01
1.680329575711272128e+01 8.048514869904400371e+01
1.705892054111274092e+01 8.047859231504399702e+01
1.731454396511259120e+01 8.047197601404400302e+01
1.757016587211256820e+01 8.046529985104400851e+01
1.782578643011271424e+01 8.045856386004400917e+01
1.808140556611266447e+01 8.045176807204400404e+01
1.833702326711255637e+01 8.044491250104400137e+01
1.859263952211273363e+01 8.043799715204400513e+01
1.884825432011263047e+01 8.043102201904400772e+01
1.910386764711262231e+01 8.042398708204400748e+01
1.935947948911262984e+01 8.041689231504400937e+01
1.961508983411255258e+01 8.040973767704400643e+01
1.987069866911275540e+01 8.040252312004400892e+01
2.012630597511275710e+01 8.039524858604400492e+01
2.038191173811270573e+01 8.038791400604399939e+01
2.063751594311275994e+01 8.038051930104400356e+01
2.089311857211265533e+01 8.037306438304399592e+01
2.114871960811257168e+01 8.036554915804400423e+01
2.140431903311269934e+01 8.035797351704400171e+01
2.165991682911277394e+01 8.035033734704400388e+01
2.191551297711276902e+01 8.034264052404400047e+01
2.217110745811265815e+01 8.033488291504400536e+01
2.242670025111266341e+01 8.032706438004400695e+01
2.268229133611276893e+01 8.031918477004400359e+01
2.293788069111275263e+01 8.031124392504399623e+01
2.319346829611259864e+01 8.030324168104399973e+01
2.344905412811277756e+01 8.029517786204399954e+01
2.370463816511261257e+01 8.028705228504399827e+01
2.396022038211259542e+01 8.027886476004400151e+01
2.421580075711273139e+01 8.027061508804399637e+01
2.447137926611259218e+01 8.026230306104400825e+01
2.472695588311268011e+01 8.025392846404400871e+01
2.498253058311257746e+01 8.024549107404399706e+01
2.523810334111277598e+01 8.023699065904399674e+01
2.549367413011265171e+01 8.022842698104400938e+01
2.574924292511269641e+01 8.021979979104399661e+01
2.600480969611277260e+01 8.021110883404399772e+01
2.626037441811268991e+01 8.020235384704400872e+01
2.651593706111276560e+01 8.019353455904399652e+01
2.677149759711261368e+01 8.018465069004400902e+01
2.702705599611277876e+01 8.017570195204400818e+01
2.728261223011264747e+01 8.016668805104400519e+01
2.753816626711255822e+01 8.015760868104399606e+01
2.779371807711260089e+01 8.014846353204400486e+01
2.804926762911264859e+01 8.013925228304400150e+01
2.830481489111258497e+01 8.012997460604400146e+01
2.856035983011275903e+01 8.012063016304399810e+01
2.881590241411259967e+01 8.011121861104400921e+01
2.907144261011268327e+01 8.010173959404400534e+01
2.932698038411268726e+01 8.009219275204399935e+01
2.958251570111275441e+01 8.008257771404400671e+01
2.983804865411258334e+01 8.007289409404400260e+01
3.009357895611270806e+01 8.006314151604399854e+01
3.034910669411266326e+01 8.005331957704400736e+01
3.060458787911267109e+01 8.004342957804399816e+01
3.086010912711259380e+01 8.003346775104400024e+01
3.111562771711265896e+01 8.002343531904399754e+01
3.137114361111258631e+01 8.001333184704400026e+01
3.162665677111277773e+01 8.000315689304400735e+01
3.188216716011271501e+01 7.999291000404400620e+01
3.213767473811259379e+01 7.998259071904399775e+01
3.239317946511260971e+01 7.997219856604399979e+01
3.264868130211272046e+01 7.996173306204400433e+01
3.290418020511270925e+01 7.995119371704400635e+01
3.315967613411277171e+01 7.994058002704400678e+01
3.341516904511269104e+01 7.992989148204399896e+01
3.367065889411270518e+01 7.991912755604400331e+01
3.392614563711259734e+01 7.990828771804400787e+01
3.418162922711263718e+01 7.989737142204400300e+01
3.443710961911261847e+01 7.988637811304400316e+01
3.469258676411260467e+01 7.987530722304400399e+01
3.494806061511263806e+01 7.986415817504399683e+01
3.520353112111257587e+01 7.985293037704400376e+01
3.545899823111273008e+01 7.984162322904400355e+01
3.571446189611270938e+01 7.983023611504400208e+01
3.596992206011265125e+01 7.981876840904399728e+01
3.622537867211264029e+01 7.980721947304400032e+01
3.648083167511259717e+01 7.979558865304400683e+01
3.673628101311265937e+01 7.978387528504400450e+01
3.699172650711267352e+01 7.977207869604400514e+01
3.724716834711267666e+01 7.976019818204400735e+01
3.750260634811257887e+01 7.974823304304399585e+01
3.775804044611260224e+01 7.973618255904399632e+01
3.801347058011270974e+01 7.972404599404400471e+01
3.826889668511267928e+01 7.971182260004400177e+01
3.852431869611274351e+01 7.969951161004399864e+01
3.877973654511271207e+01 7.968711224504400548e+01
3.903515016511261138e+01 7.967462370704400598e+01
3.929055948511273755e+01 7.966204518604399709e+01
3.954596443311271514e+01 7.964937585004400944e+01
3.980136493511264462e+01 7.963661485504400162e+01
4.005676091611263701e+01 7.962376133604399797e+01
4.031215229911259712e+01 7.961081441204400733e+01
4.056753900611266772e+01 7.959777318204400842e+01
4.082292095411258970e+01 7.958463673004399652e+01
4.107829806211276491e+01 7.957140411604400754e+01
4.133367024511272803e+01 7.955807438304400137e+01
4.158903741511272756e+01 7.954464655504399673e+01
4.184439948311256785e+01 7.953111963204399615e+01
4.209975635811275652e+01 7.951749259504400413e+01
4.235510794611269603e+01 7.950376440304400205e+01
4.261045415111271950e+01 7.948993399304400498e+01
4.286579487411273703e+01 7.947600027704400816e+01
4.312113001411267987e+01 7.946196214604400154e+01
4.337645946711273837e+01 7.944781846504400846e+01
4.363178312711266926e+01 7.943356807504400763e+01
4.388710088411272636e+01 7.941920979004400749e+01
4.414241262611272987e+01 7.940474240104400394e+01
4.439771823711276966e+01 7.939016466804400807e+01
4.465301759811273996e+01 7.937547532504400749e+01
4.490831058811255616e+01 7.936067307704399809e+01
4.516359708111264126e+01 7.934575660004399822e+01
4.541887694911275730e+01 7.933072454004400242e+01
4.567415005911271919e+01 7.931557550904400955e+01
4.592941627511260094e+01 7.930030809004399828e+01
4.618467545711274624e+01 7.928492083204400842e+01
4.643992746111263159e+01 7.926941224804400576e+01
4.669517213711270642e+01 7.925378081704400302e+01
4.695040933411274864e+01 7.923802498104400627e+01
4.720563889411261016e+01 7.922214314604400442e+01
4.746086065511263996e+01 7.920613367704400787e+01
4.771607444911256835e+01 7.918999489904400946e+01
4.797128010611260152e+01 7.917372509804400238e+01
4.822647744711258611e+01 7.915732251404399733e+01
4.848166628911263842e+01 7.914078534504400864e+01
4.873684644411270028e+01 7.912411174204400766e+01
4.899201771611257072e+01 7.910729981004399747e+01
4.924717990411255641e+01 7.909034760304400891e+01
4.950233280211256215e+01 7.907325312704399778e+01
4.975747619511258790e+01 7.905601433204400053e+01
5.001260986111270768e+01 7.903862911704399608e+01
5.026773357111261475e+01 7.902109532304400830e+01
5.052284708911275857e+01 7.900341073204400288e+01
5.077795016911255743e+01 7.898557306804400469e+01
5.103304256011261941e+01 7.896757998804400813e+01
5.128812399811255318e+01 7.894942908704400963e+01
5.154323683611261231e+01 7.893111481904399795e+01
5.179829455311261199e+01 7.891264083004399765e+01
5.205334047211255211e+01 7.889400138704399978e+01
5.230837429211265999e+01 7.887519379504399808e+01
5.256339570111259718e+01 7.885621528404399783e+01
5.281840437611259631e+01 7.883706299704400067e+01
5.307339998011258331e+01 7.881773399404400493e+01
5.332838216511260043e+01 7.879822524604399803e+01
5.358335057011260005e+01 7.877853363004400933e+01
5.383830481811270374e+01 7.875865592604399978e+01
5.409324451811272638e+01 7.873858881204400006e+01
5.434816926311265206e+01 7.871832886304400745e+01
5.460307863111262350e+01 7.869787254004400268e+01
5.485797218011276755e+01 7.867721619104399622e+01
5.511284945211269815e+01 7.865635604404400283e+01
5.536770996911269549e+01 7.863528819904399825e+01
5.562255323111259031e+01 7.861400862404400414e+01
5.587737872011263107e+01 7.859251315004399885e+01
5.613218589011268023e+01 7.857079746304400203e+01
5.638697417711256321e+01 7.854885709504399927e+01
5.664174298611266067e+01 7.852668742204400587e+01
5.689649169811269758e+01 7.850428364804400871e+01
5.715121966611269499e+01 7.848164080504400886e+01
5.740592620911257882e+01 7.845875373704400602e+01
5.766061061711258162e+01 7.843561709504400881e+01
5.791527214311264515e+01 7.841222532304399806e+01
5.816991000711260540e+01 7.838857265004399721e+01
5.842452338611275309e+01 7.836465307704399663e+01
5.867911141811265452e+01 7.834046036304400218e+01
5.893367319611257926e+01 7.831598801204400218e+01
5.918820776411263296e+01 7.829122926104400904e+01
5.944271411711275732e+01 7.826617706004400077e+01
5.969719119611255564e+01 7.824082405704400855e+01
5.995163788311270991e+01 7.821516258004400868e+01
6.020605299711274938e+01 7.818918461904399919e+01
6.046043529011268447e+01 7.816288179804399761e+01
6.071478344211260492e+01 7.813624536204400783e+01
6.096909605711272206e+01 7.810926614304399607e+01
6.122337165111258628e+01 7.808193453604400247e+01
6.147760865311266798e+01 7.805424047304400403e+01
6.173180539211267615e+01 7.802617338404400016e+01
6.198596009111275862e+01 7.799772216904399613e+01
6.224007085811268780e+01 7.796887515504400312e+01
6.249413567611264853e+01 7.793962005604400645e+01
6.274815238911270399e+01 7.790994392604400787e+01
6.300211869511264240e+01 7.787983311104400741e+01
6.325603212911261153e+01 7.784927319304399873e+01
6.350989004611261635e+01 7.781824892504400282e+01
6.376368960711266709e+01 7.778674417004400254e+01
6.401742775911276340e+01 7.775474182304400017e+01
6.427110120911271451e+01 7.772222372804399981e+01
6.452470640811276326e+01 7.768917058504399620e+01
6.477823951311262363e+01 7.765556185004400902e+01
6.503169636211265470e+01 7.762137562104400956e+01
6.528507243811264971e+01 7.758658850504400561e+01
6.553836282311277728e+01 7.755117547404400113e+01
6.579156215311269307e+01 7.751510970604400086e+01
6.604466456711276123e+01 7.747836239504400169e+01
6.629766363711274835e+01 7.744090254504399695e+01
6.655055230111275932e+01 7.740269672704400250e+01
6.680332277411258701e+01 7.736370880704400577e+01
6.705596645011274859e+01 7.732389963104400010e+01
6.730847377711262425e+01 7.728322666404400820e+01
6.756083413211268862e+01 7.724164356404399712e+01
6.781303564111277637e+01 7.719909969704400510e+01
6.806506498411255279e+01 7.715553955904400141e+01
6.831690715711266648e+01 7.711090210004400092e+01
6.856854526611260781e+01 7.706511990804399659e+01
6.881995975911269170e+01 7.701811832904400035e+01
6.907112871711257185e+01 7.696981418304400790e+01
6.932202670811267353e+01 7.692011448704400323e+01
6.957262428411269184e+01 7.686891472804400394e+01
6.982288710311269142e+01 7.681609677804399894e+01
7.007281554111256128e+01 7.676151725104399759e+01
7.032227842511275639e+01 7.670504055604399696e+01
7.057126126311260350e+01 7.664648013804399795e+01
7.081969447111265481e+01 7.658562979604400311e+01
7.106749316511269399e+01 7.652224743404400442e+01
7.131455175511274547e+01 7.645604599004400370e+01
7.156073688411271405e+01 7.638668104604400355e+01
7.180586582411257268e+01 7.631373726604400076e+01
7.204971045911275951e+01 7.623669921004400862e+01
7.229200029411259720e+01 7.615490680504400700e+01
7.253232732511270342e+01 7.606752068904400232e+01
7.277010763311255914e+01 7.597343440304400985e+01
7.300446978911264750e+01 7.587114477304400850e+01
7.315086913711257921e+01 7.566995812304399749e+01
7.327868980311274072e+01 7.544846467804400447e+01
7.340654549811262086e+01 7.522699101904400720e+01
7.353440868511262352e+01 7.500552119704400411e+01
7.366225573611274058e+01 7.478404151104400910e+01
7.379006614911264705e+01 7.456254006404400059e+01
7.391782193911268450e+01 7.434100642204400344e+01
7.404550718311276114e+01 7.411943134504400632e+01
7.417310764911263732e+01 7.389780658704400196e+01
7.430061051311264464e+01 7.367612471904399740e+01
7.442800412711272884e+01 7.345437900904400408e+01
7.455527783111261897e+01 7.323256330404400671e+01
7.468242180411272102e+01 7.301067194404400595e+01
7.480942693311277480e+01 7.278869969204400547e+01
7.493626150111259676e+01 7.256668232804400986e+01
7.506295948011262453e+01 7.234454185504399959e+01
7.518949392111272800e+01 7.212230790704400363e+01
7.531585758511261020e+01 7.189997654304400498e+01
7.544204355011271446e+01 7.167754403304400057e+01
7.556804516411267514e+01 7.145500683304400980e+01
7.569385600211268184e+01 7.123236156704400912e+01
7.581946983011272323e+01 7.100960500704400147e+01
7.594488057011272986e+01 7.078673406304400828e+01
7.607008226911267457e+01 7.056374577604400145e+01
7.619506906911266242e+01 7.034063731104400574e+01
7.631985725111263719e+01 7.011736641904400358e+01
7.644440139511272037e+01 6.989400146504399913e+01
7.656871431711266496e+01 6.967050683004400469e+01
7.669279048311256020e+01 6.944687980704399877e+01
7.681662436711263808e+01 6.922311775904400122e+01
7.694021043111257541e+01 6.899921812604399918e+01
7.706354302111259358e+01 6.877517858104400261e+01
7.718661653311261261e+01 6.855099670204400297e+01
7.730942515711268470e+01 6.832667041504400629e+01
7.743196295711260291e+01 6.810219783204399846e+01
7.755422380811256744e+01 6.787757733904400936e+01
7.767620141211256168e+01 6.765280755204400975e+01
7.779788949511276996e+01 6.742788693104400011e+01
7.791928280911275806e+01 6.720281190604400479e+01
7.804035214511264940e+01 6.697762336604399991e+01
7.816111803211271081e+01 6.675226962104400741e+01
7.828160157811277031e+01 6.652669704604400636e+01
7.840188001811276308e+01 6.630074547504399618e+01
7.852177476711273130e+01 6.607473535404400877e+01
7.864130264311262408e+01 6.584862108804399838e+01
7.876047347511263297e+01 6.562236950104400535e+01
7.887932013111259266e+01 6.539590270304400121e+01
7.899780270911270463e+01 6.516928079504400273e+01
7.911592255211263591e+01 6.494248514504400305e+01
7.923367489911271377e+01 6.471550829504400326e+01
7.935105448711266263e+01 6.448834329004399990e+01
7.946805637511266696e+01 6.426098207104399762e+01
7.958465652811270274e+01 6.403345338004400844e+01
7.970087568311265613e+01 6.380569810404399789e+01
7.981669869211265222e+01 6.357772644504400716e+01
7.993211841411272189e+01 6.334953243304400416e+01
8.004712327511271042e+01 6.312111831704400799e+01
8.016169286611267353e+01 6.289250351504399816e+01
8.027582757111264300e+01 6.266366547304400569e+01
8.038951794311270760e+01 6.243460045704399874e+01
8.050275365511271275e+01 6.220530582704400047e+01
8.061554280611272816e+01 6.197574061404399970e+01
8.072782925711277358e+01 6.174599406604400542e+01
8.083962956111264475e+01 6.151600667104399633e+01
8.095093163911275269e+01 6.128577623304400390e+01
8.106172318011277866e+01 6.105530015204399774e+01
8.117199180811263659e+01 6.082457503404400256e+01
8.128172492111258407e+01 6.059359695504400634e+01
8.139090958711273061e+01 6.036236160804399731e+01
8.149953245911257227e+01 6.013086442704400270e+01
8.160757969911270493e+01 5.989910068204400773e+01
8.171502079111274952e+01 5.966710047904400938e+01
8.182187924211262953e+01 5.943477565204399582e+01
8.192811501611259928e+01 5.920217385104400876e+01
8.203371196611266214e+01 5.896928979804400228e+01
8.213865845611263694e+01 5.873610649404400874e+01
8.224293088411269537e+01 5.850263171904400394e+01
8.234651272211277728e+01 5.826885576104400855e+01
8.244936978511265124e+01 5.803480710804400644e+01
8.255152340011255774e+01 5.780038536104400748e+01
8.265292728511263931e+01 5.756564169404400388e+01
8.275355932211260779e+01 5.733057016504400849e+01
8.285339669411274599e+01 5.709516385504400660e+01
8.295241562211259634e+01 5.685941529504400194e+01
8.305059117511274280e+01 5.662331671804400912e+01
8.314789713711257946e+01 5.638686017504400638e+01
8.324429260911261963e+01 5.615007040204400823e+01
8.333977894411265197e+01 5.591286421104400972e+01
8.343430727711262307e+01 5.567527768104400820e+01
8.352784548111259255e+01 5.543730165704400292e+01
8.362035943511256164e+01 5.519892721504400868e+01
8.371181317811266354e+01 5.496014492204400881e+01
8.380216855511258700e+01 5.472094536604400616e+01
8.389138512911273438e+01 5.448131895004399894e+01
8.397942001011261937e+01 5.424125586704400348e+01
8.406622765611274417e+01 5.400074609704400075e+01
8.415175965911276990e+01 5.375977939304399911e+01
8.423596446411266925e+01 5.351834538104399996e+01
8.431878727311260491e+01 5.327643307004400697e+01
8.440016940211268093e+01 5.303403183204400761e+01
8.448004831011263605e+01 5.279113037404400188e+01
8.455835689711267378e+01 5.254771772604399871e+01
8.463502345211264810e+01 5.230378214104399603e+01
8.470997082911259213e+01 5.205931221204400572e+01
8.478311610011274979e+01 5.181429639304400325e+01
8.485436991011266628e+01 5.156872317704400643e+01
8.492363580811257862e+01 5.132258120604400631e+01
8.499080947511271233e+01 5.107585939204400916e+01
8.505577785511269440e+01 5.082854708204399685e+01
8.511841816711267938e+01 5.058063426304400423e+01
8.517859677211259850e+01 5.033211181704400872e+01
8.523616788511259301e+01 5.008297185504400773e+01
8.529097209611273911e+01 4.983320812304400249e+01
8.534283466511266170e+01 4.958281653304399583e+01
8.539156357411258114e+01 4.933179581804400016e+01
8.543694726211271018e+01 4.908014837704399724e+01
8.547875202711276188e+01 4.882788134904400579e+01
8.551671899111266839e+01 4.857500810904400623e+01
8.555056068911272860e+01 4.832154950304399676e+01
8.557995693811272986e+01 4.806753682804399830e+01
8.560455025811262431e+01 4.781301425704400287e+01
8.562393783011276582e+01 4.755808394704399689e+01
8.563767694911263106e+01 4.730275016904400331e+01
8.564525999411267776e+01 4.704716022504400996e+01
8.564611935011276955e+01 4.679146016504400052e+01
8.563961602111277216e+01 4.653584306104400525e+01
8.562503444811255804e+01 4.628060488904399961e+01
8.560156348511264923e+01 4.602599032904400644e+01
8.556830469311267962e+01 4.577247157104400799e+01
8.552426212611277379e+01 4.552060617404400489e+01
8.546834939611272830e+01 4.527111231204399644e+01
8.539940743611265361e+01 4.502490648804399598e+01
8.523955573411268460e+01 4.491141770104400166e+01
8.498636108611259488e+01 4.494718738604400698e+01
8.473295468111274431e+01 4.498143210304399986e+01
8.447937456411256107e+01 4.501436695104399632e+01
8.422564847811264599e+01 4.504616026104400817e+01
8.397179798011262619e+01 4.507694660204400350e+01
8.371783998811275751e+01 4.510683558804400661e+01
8.346378788911266611e+01 4.513591793204400915e+01
8.320965290511259127e+01 4.516426966604400661e+01
8.295544405511265040e+01 4.519195532304399876e+01
8.270116892811262232e+01 4.521903020904400705e+01
8.244683392711277747e+01 4.524554215404400281e+01
8.219244449411263531e+01 4.527153286104400820e+01
8.193800530111258240e+01 4.529703894704400113e+01
8.168352045211264567e+01 4.532209276804400133e+01
8.142899326511275149e+01 4.534672311504400000e+01
8.117442696811264113e+01 4.537095568304400217e+01
8.091985620711267302e+01 4.539481059304399935e+01
8.066522877511266643e+01 4.541831381004399759e+01
8.041057043011261385e+01 4.544148196904400550e+01
8.015588313611266358e+01 4.546433222204400693e+01
7.990116890811265193e+01 4.548688019204399779e+01
7.964642905911256321e+01 4.550914022904400724e+01
7.939166516111259853e+01 4.553112546804399585e+01
7.913687854511255182e+01 4.555284801704399911e+01
7.888207054011269292e+01 4.557431904104400644e+01
7.862724199411269410e+01 4.559554890304400487e+01
7.837239406911277229e+01 4.561654718404400910e+01
7.811752770211256802e+01 4.563732280104400729e+01
7.786264375211277411e+01 4.565788406104400110e+01
7.760774301711268208e+01 4.567823871704399608e+01
7.735282623211270447e+01 4.569839401904400233e+01
7.709789408211264572e+01 4.571835675604400251e+01
7.684294720111262222e+01 4.573813330004399802e+01
7.658798618311271866e+01 4.575772963704400809e+01
7.633301157911256496e+01 4.577715140104400859e+01
7.607802390411262650e+01 4.579640390004399819e+01
7.582302364211255963e+01 4.581549214604400788e+01
7.556801124511258649e+01 4.583442087104400287e+01
7.531298713911274945e+01 4.585319455604400218e+01
7.505795172111271540e+01 4.587181744104400138e+01
7.480290536711260074e+01 4.589029354904400293e+01
7.454784843211274392e+01 4.590862669804400298e+01
7.429278124911257919e+01 4.592682051604400328e+01
7.403770413411263007e+01 4.594487845404400161e+01
7.378261738311272211e+01 4.596280379604399968e+01
7.352752128111256980e+01 4.598059967304399720e+01
7.327241609211256446e+01 4.599826907004400312e+01
7.301730207011274842e+01 4.601581483604400091e+01
7.276217945511262997e+01 4.603323969404399918e+01
7.250704847711273260e+01 4.605054624604400715e+01
7.225190935111260160e+01 4.606773698204399636e+01
7.199676228511276577e+01 4.608481428504400412e+01
7.174160747311276509e+01 4.610178043804400261e+01
7.148644510411264719e+01 4.611863763204399902e+01
7.123132136311261320e+01 4.613538495404399953e+01
7.097614810711257860e+01 4.615203022104400077e+01
7.072096791311270181e+01 4.616857257604399933e+01
7.046578114411255456e+01 4.618501386504399875e+01
7.021058782511255458e+01 4.620135588604399857e+01
6.995538810411272834e+01 4.621760036004400263e+01
6.970018212211272157e+01 4.623374894304400584e+01
6.944497001911264533e+01 4.624980323104399815e+01
6.918975192411272701e+01 4.626576475904400354e+01
6.893452796611273925e+01 4.628163501004399905e+01
6.867929826311257102e+01 4.629741541104399971e+01
6.842406293411255547e+01 4.631310734204400603e+01
6.816882209211263444e+01 4.632871213204400362e+01
6.791357584411258586e+01 4.634423106604400289e+01
6.765832429511266355e+01 4.635966538404400694e+01
6.740306754611270890e+01 4.637501628504399775e+01
6.714780552111261613e+01 4.639028493904400818e+01
6.689253858111266027e+01 4.640547245004400168e+01
6.663726670111265094e+01 4.642057990804400447e+01
6.638198996611259872e+01 4.643560836304399686e+01
6.612670845711255652e+01 4.645055883004400243e+01
6.587142225411258778e+01 4.646543229304400313e+01
6.561613143211258148e+01 4.648022970304400303e+01
6.536083606411267510e+01 4.649495198304400390e+01
6.510553622111257255e+01 4.650960002804400517e+01
6.485023197311267040e+01 4.652417470304399671e+01
6.459492338411274659e+01 4.653867684904400903e+01
6.433961052011255788e+01 4.655310728004400289e+01
6.408429344011261719e+01 4.656746678804400119e+01
6.382897220611272360e+01 4.658175613904400336e+01
6.357364687511272905e+01 4.659597607704399991e+01
6.331831750211273402e+01 4.661012732504400446e+01
6.306298414211261161e+01 4.662421058504399696e+01
6.280764684711272139e+01 4.663822653604400159e+01
6.255230566511255574e+01 4.665217584204400225e+01
6.229696064911269104e+01 4.666605914404399869e+01
6.204161184411265140e+01 4.667987706704400352e+01
6.178625929611263246e+01 4.669363021804400660e+01
6.153090304911262365e+01 4.670731918604400335e+01
6.127554314711261441e+01 4.672094454504400574e+01
6.102017963011263646e+01 4.673450685104400293e+01
6.076481253811272154e+01 4.674800664604400424e+01
6.050944191111267401e+01 4.676144445704400709e+01
6.025406778611255731e+01 4.677482079704400064e+01
5.999869020011266230e+01 4.678813616304400114e+01
5.974330918711262939e+01 4.680139104004400963e+01
5.948792478211277057e+01 4.681458590004400833e+01
5.923253701911272628e+01 4.682772120104399960e+01
5.897714592811263401e+01 4.684079738904399903e+01
5.872175154211259951e+01 4.685381489904399643e+01
5.846635389011277084e+01 4.686677415304400540e+01
5.821095300211260337e+01 4.687967556104399591e+01
5.795554890611271048e+01 4.689251952504400833e+01
5.770014163011256869e+01 4.690530643204400008e+01
5.744473120111257458e+01 4.691803666204400258e+01
5.718931764411269114e+01 4.693071058404400731e+01
5.693390098611263284e+01 4.694332855704399776e+01
5.667848125111260060e+01 4.695589092804399911e+01
5.642305846511277423e+01 4.696839803804400049e+01
5.616763265011269368e+01 4.698085021904400094e+01
5.591220383111277670e+01 4.699324779004400909e+01
5.565677203111255267e+01 4.700559106504400120e+01
5.540133727311268785e+01 4.701788034904400604e+01
5.514589958111270107e+01 4.703011593804400547e+01
5.489045897811257646e+01 4.704229812004400912e+01
5.463501548711275291e+01 4.705442717504399752e+01
5.437956913411272808e+01 4.706650337604399681e+01
5.412411994111272406e+01 4.707852698804400404e+01
5.386862274111268789e+01 4.709050038204399868e+01
5.361316413211267218e+01 4.710241975004400672e+01
5.335770244011274599e+01 4.711428729404400428e+01
5.310223766211271368e+01 4.712610325204400397e+01
5.284676979711258582e+01 4.713786785504400711e+01
5.259129884111263209e+01 4.714958132704400384e+01
5.233582478911267799e+01 4.716124388604400508e+01
5.208034763411257018e+01 4.717285574604400722e+01
5.182486736911261005e+01 4.718441711104399872e+01
5.156938398611265484e+01 4.719592818104399612e+01
5.131389747511258292e+01 4.720738915104399780e+01
5.105840782611272743e+01 4.721880020904400510e+01
5.080291502911273938e+01 4.723016153704399755e+01
5.054741907311273508e+01 4.724147331404400063e+01
5.029191994611261407e+01 4.725273570904400344e+01
5.003641764111267776e+01 4.726394889004400568e+01
4.978091214511260887e+01 4.727511301704400637e+01
4.952540345111270881e+01 4.728622824704400784e+01
4.926988186511272261e+01 4.729729514804400026e+01
4.901436795811270031e+01 4.730831297504400368e+01
4.875885080311269348e+01 4.731928234404399802e+01
4.850333040711262811e+01 4.733020338904400148e+01
4.824780696411272629e+01 4.734107623304400647e+01
4.799228025311259671e+01 4.735190101204399582e+01
4.773675043811277874e+01 4.736267784004400028e+01
4.748121759811266429e+01 4.737340683304400102e+01
4.722570032211257285e+01 4.738408732704399995e+01
4.697019284411277340e+01 4.739471968004400537e+01
4.671468315511270930e+01 4.740530450104400018e+01
4.645917126411274012e+01 4.741584189004400685e+01
4.620365718111276010e+01 4.742633194204400127e+01
4.594814091811264234e+01 4.743677474904400526e+01
4.569262248411274641e+01 4.744717040004400133e+01
4.543710189011272860e+01 4.745751897704400335e+01
4.518157914611271053e+01 4.746782056104400738e+01
4.492605426311257588e+01 4.747807522804400548e+01
4.467052725211266306e+01 4.748828304904399999e+01
4.441499812411262837e+01 4.749844409304400017e+01
4.415946688911259344e+01 4.750855842404399709e+01
4.390393356011264814e+01 4.751862610404400300e+01
4.364839814711268673e+01 4.752864718804400468e+01
4.339286066511277795e+01 4.753862173204400676e+01
4.313732112511257810e+01 4.754854978504400265e+01
4.288177954111262125e+01 4.755843139204399961e+01
4.262623592711275933e+01 4.756826659704400129e+01
4.237069030011258519e+01 4.757805544004399678e+01
4.211514267611261175e+01 4.758779795504399601e+01
4.185959307211265923e+01 4.759749417604400890e+01
4.160404150811274349e+01 4.760714413104400933e+01
4.134848800511264244e+01 4.761674784604400656e+01
4.109293258611256761e+01 4.762630534204400590e+01
4.083737527711269877e+01 4.763581663904400898e+01
4.058181610711272924e+01 4.764528175204399929e+01
4.032625510611256914e+01 4.765470069404400988e+01
4.007069231011274724e+01 4.766407347204400935e+01
3.981512775911261315e+01 4.767340009204400531e+01
3.955956149611262163e+01 4.768268055604400502e+01
3.930399357211268807e+01 4.769191486304400485e+01
3.904842404411266443e+01 4.770110300904400447e+01
3.879285297411257716e+01 4.771024498404399594e+01
3.853728043711276996e+01 4.771934077804399976e+01
3.828170651511260303e+01 4.772839037704400766e+01
3.802613130011269504e+01 4.773739376104400378e+01
3.777055490011258598e+01 4.774635090904399704e+01
3.751497743611258784e+01 4.775526179604399601e+01
3.725939904211264775e+01 4.776412639404399840e+01
3.700381987311271814e+01 4.777294467004399792e+01
3.674824010011258224e+01 4.778171658804400579e+01
3.649265991311273183e+01 4.779044211004399756e+01
3.623707959111271748e+01 4.779912119004400495e+01
3.598149915611276128e+01 4.780775378804399622e+01
3.572592321511257296e+01 4.781633971004400507e+01
3.547036750411263029e+01 4.782487838804399871e+01
3.521481010311259752e+01 4.783337051304400234e+01
3.495925122111276551e+01 4.784181602604400041e+01
3.470369050111258957e+01 4.785021488504399656e+01
3.444812799811262494e+01 4.785856703104400367e+01
3.419256365911274997e+01 4.786687240504400620e+01
3.393699743411258396e+01 4.787513094504400613e+01
3.368142927011268739e+01 4.788334258604400873e+01
3.342585911211273242e+01 4.789150726204400144e+01
3.317028690511261857e+01 4.789962490004400308e+01
3.291471258711277414e+01 4.790769542804400771e+01
3.265913609511272853e+01 4.791571876904400540e+01
3.240355736111274609e+01 4.792369484404400737e+01
3.214802176611266304e+01 4.793162216404400056e+01
3.189247770111256841e+01 4.793950225304399737e+01
3.163692434611272120e+01 4.794733504304400640e+01
3.138140263811266095e+01 4.795511919304399839e+01
3.112582219411257256e+01 4.796285735204399714e+01
3.087023693211273212e+01 4.797054777204400011e+01
3.061464663211273773e+01 4.797819035504400631e+01
3.035901577811256402e+01 4.798578604604399800e+01
3.010346560711269603e+01 4.799333114504399589e+01
2.984786984911266927e+01 4.800082928004400173e+01
2.959226998611262616e+01 4.800827910504399654e+01
2.933666613411270419e+01 4.801568049804400573e+01
2.908105841011257553e+01 4.802303333204400815e+01
2.882544692011271081e+01 4.803033747804400377e+01
2.856983176411273462e+01 4.803759280504399953e+01
2.831421302711265753e+01 4.804479917904400565e+01
2.805859078311260646e+01 4.805195646004399634e+01
2.780296509111263958e+01 4.805906451004400992e+01
2.754733599811271461e+01 4.806612318504400605e+01
2.729170353511273106e+01 4.807313233904400818e+01
2.703606772011272597e+01 4.808009182304400042e+01
2.678042855911263587e+01 4.808700148504399863e+01
2.652478615111277804e+01 4.809386116704399683e+01
2.626914020411260253e+01 4.810067071804400030e+01
2.601349086011265399e+01 4.810742997204400240e+01
2.575783806211262572e+01 4.811413876504400378e+01
2.550214390511274587e+01 4.812079791104400783e+01
2.524649268411263847e+01 4.812740504404399644e+01
2.499083632811272082e+01 4.813396124404400211e+01
2.473517485711255404e+01 4.814046632904400269e+01
2.447950826011270919e+01 4.814692011504399716e+01
2.422383651611272626e+01 4.815332241404399838e+01
2.396815958011262637e+01 4.815967303504400832e+01
2.371247739111259989e+01 4.816597178304400018e+01
2.345678987311276842e+01 4.817221846104399674e+01
2.320109693911268778e+01 4.817841286704400261e+01
2.294539849611265936e+01 4.818455479504400785e+01
2.268969444211262498e+01 4.819064403604400582e+01
2.243398475311261109e+01 4.819668037604400013e+01
2.217826918311271811e+01 4.820266360004400497e+01
2.192254785511255477e+01 4.820859348104400510e+01
2.166682072811255466e+01 4.821446979204399952e+01
2.141108790411277596e+01 4.822029229904400438e+01
2.115534962611269520e+01 4.822606075904400313e+01
2.089960634411255569e+01 4.823177492204399641e+01
2.064385883911273822e+01 4.823743452604399806e+01
2.038815567811258234e+01 4.824303826404400297e+01
2.013248290511256755e+01 4.824858621404399628e+01
1.987680891811265838e+01 4.825407881804400745e+01
1.962113372711274906e+01 4.825951581504399712e+01
1.936545734311272327e+01 4.826489694104400030e+01
1.910977977611270262e+01 4.827022192604400175e+01
1.885410103611258137e+01 4.827549049604400011e+01
1.859842113511268735e+01 4.828070237204400428e+01
1.834274008411267687e+01 4.828585726904400133e+01
1.808705789711262923e+01 4.829095490004399949e+01
1.783137458511265550e+01 4.829599497004400632e+01
1.757569016211260760e+01 4.830097718004400065e+01
1.732000464211256485e+01 4.830590122504399631e+01
1.706431804011259601e+01 4.831076679704399623e+01
1.680863037011255301e+01 4.831557358004400271e+01
1.655294165011270024e+01 4.832032125404400347e+01
1.629725189611264113e+01 4.832500949404399648e+01
1.604156112711262949e+01 4.832963796604400386e+01
1.578586936211268998e+01 4.833420633504400143e+01
1.553017662111261465e+01 4.833871425804400701e+01
1.527448292611262382e+01 4.834316138504399873e+01
1.501878830211268046e+01 4.834754736104400763e+01
1.476309277211276871e+01 4.835187182604400391e+01
1.450739629511264006e+01 4.835613441304400340e+01
1.425169907011269110e+01 4.836033474704400703e+01
1.399600101711263100e+01 4.836447244804399759e+01
1.374030217311275059e+01 4.836854713004400708e+01
1.348460257711263743e+01 4.837255840104400306e+01
1.322890227211274627e+01 4.837650585904400202e+01
1.297320130211261180e+01 4.838038909804400589e+01
1.271749971911259358e+01 4.838420770404400173e+01
1.246179757611258587e+01 4.838796125604400800e+01
1.220609493311263627e+01 4.839164932504399985e+01
1.195039185611272892e+01 4.839527147504399807e+01
1.169469070911264730e+01 4.839882723104400952e+01
1.143899960711274666e+01 4.840231603604399879e+01
1.118330759411270314e+01 4.840573758404400451e+01
1.092761467711267009e+01 4.840909140904400942e+01
1.067192086611276913e+01 4.841237703604400622e+01
1.041622617211265656e+01 4.841559398204400111e+01
1.016053060511268136e+01 4.841874175604399966e+01
9.904834177112716631e+00 4.842181985604399586e+01
9.649136898112656624e+00 4.842482777504400815e+01
9.393438908112612395e+00 4.842776499204400409e+01
9.137740010112620936e+00 4.843063098204400774e+01
8.882040305112751000e+00 4.843342520804399953e+01
8.626339810112595430e+00 4.843614712204400519e+01
8.370638538112698868e+00 4.843879617004400018e+01
8.114936503112685884e+00 4.844137178304400493e+01
7.859233719112636685e+00 4.844387338704400747e+01
7.603530202112607661e+00 4.844630039304399816e+01
7.347825966112679019e+00 4.844865220404400930e+01
7.092121028112670977e+00 4.845092821104400116e+01
6.836415405112631127e+00 4.845312779404400771e+01
6.580709112112628212e+00 4.845525032104400509e+01
6.325002167112699247e+00 4.845729515104400775e+01
6.069294589112643301e+00 4.845926162704400042e+01
5.813586394112745914e+00 4.846114908204400251e+01
5.557877603112557630e+00 4.846295683604400040e+01
5.302168234112570211e+00 4.846468419704400787e+01
5.046458308112561575e+00 4.846633045904400205e+01
4.790747844112558163e+00 4.846789490104400500e+01
4.535036865112771487e+00 4.846937679204400240e+01
4.279325391112762667e+00 4.847077538304399980e+01
4.023613446112732639e+00 4.847208991304400172e+01
3.767901051112686694e+00 4.847331960504399717e+01
3.512188232112577246e+00 4.847446366804400952e+01
3.256475012112615808e+00 4.847552129404400034e+01
3.000761418112744217e+00 4.847649165904400093e+01
2.745047474112708663e+00 4.847737392304399862e+01
2.489333208112667783e+00 4.847816723104399728e+01
2.233618743112685046e+00 4.847887070704400969e+01
1.977903882112569844e+00 4.847948346104399775e+01
1.722188795112571169e+00 4.848000458204400331e+01
1.466473510112620060e+00 4.848043314204400644e+01
1.210758058112616053e+00 4.848076819404400339e+01
9.550424691126966348e-01 4.848100876804400627e+01
6.993267761127401894e-01 4.848115387904400109e+01
4.434520791126591033e-01 4.848120251804400027e+01
1.877334501126018407e-01 4.848115394504399944e+01
-6.798514188739196440e-02 4.848100890804400365e+01
-3.237036668874122003e-01 4.848076841604400045e+01
-5.794220928873425880e-01 4.848043345604399690e+01
-8.351403878872940556e-01 4.848000499604400204e+01
-1.090858522887345972e+00 4.847948398104399814e+01
-1.346576466887371426e+00 4.847887134204400184e+01
-1.602294052887317521e+00 4.847816798704400298e+01
-1.858011474887406367e+00 4.847737480804400434e+01
-2.113728609887346899e+00 4.847649267804399642e+01
-2.369445430887425097e+00 4.847552245404399685e+01
-2.625161912887223004e+00 4.847446497604400406e+01
-2.880878028887253528e+00 4.847332106504400429e+01
-3.136593755887305157e+00 4.847209153104400059e+01
-3.392309066887436053e+00 4.847077716404400860e+01
-3.648023941887402977e+00 4.846937874104399668e+01
-3.903738355887242939e+00 4.846789702304400294e+01
-4.159452287887405397e+00 4.846633275704400035e+01
-4.415165715887440889e+00 4.846468667704399991e+01
-4.670878618887344125e+00 4.846295950204400071e+01
-4.926590978887305461e+00 4.846115193604400417e+01
-5.182302772887340758e+00 4.845926467404400739e+01
-5.438013984887391850e+00 4.845729839404400252e+01
-5.693724594887442869e+00 4.845525376404400220e+01
-5.949434584887229427e+00 4.845313143804399658e+01
-6.205143936887396627e+00 4.845093206104399997e+01
-6.460852635887420981e+00 4.844865626204399689e+01
-6.716560662887276045e+00 4.844630466104399602e+01
-6.972268002887347826e+00 4.844387786804399809e+01
-7.227974639887350783e+00 4.844137648004399921e+01
-7.483680558887443546e+00 4.843880108404400175e+01
-7.739385744887329999e+00 4.843615225504400712e+01
-7.995090182887396146e+00 4.843343056204400909e+01
-8.250793860887315034e+00 4.843063655904400377e+01
-8.506496762887254093e+00 4.842777079304400445e+01
-8.762198874887362265e+00 4.842483380004399862e+01
-9.017900184887311710e+00 4.842182610904400519e+01
-9.273600680887229331e+00 4.841874823704399944e+01
-9.529300349887252608e+00 4.841560069204400918e+01
-9.784999178887291649e+00 4.841238397604399779e+01
-1.004069715688723541e+01 4.840909858004400235e+01
-1.029639427188743817e+01 4.840574498704400241e+01
-1.055209051288733413e+01 4.840232367104400169e+01
-1.080778586888726700e+01 4.839883509904400682e+01
-1.106348032888735311e+01 4.839527973004400963e+01
-1.131917388288724347e+01 4.839165801304400816e+01
-1.157486651988728177e+01 4.838797039304400016e+01
-1.183055823088733582e+01 4.838421730404400023e+01
-1.208624900388730516e+01 4.838039917404400114e+01
-1.234193883188726382e+01 4.837651642504400229e+01
-1.259762770488731753e+01 4.837256946804400570e+01
-1.285331561188735527e+01 4.836855871204400614e+01
-1.310900254588722369e+01 4.836448455504400101e+01
-1.336468849688725591e+01 4.836034739004399796e+01
-1.362037345688730916e+01 4.835614760404399703e+01
-1.387605741788724067e+01 4.835188557604399762e+01
-1.413174036988738358e+01 4.834756167904400570e+01
-1.438742230688734658e+01 4.834317628104400910e+01
-1.464310321888723543e+01 4.833872974104400555e+01
-1.489878309888735153e+01 4.833422241504399608e+01
-1.515446193988731416e+01 4.832965465104400948e+01
-1.541013973388743530e+01 4.832502679104399590e+01
-1.566581647288734480e+01 4.832033917404400825e+01
-1.592149215088733349e+01 4.831559212904400624e+01
-1.617716675888726741e+01 4.831078598304399918e+01
-1.643284029188743034e+01 4.830592105504400990e+01
-1.668851274188722300e+01 4.830099766104400771e+01
-1.694418410188740154e+01 4.829601611004400752e+01
-1.719985436588734729e+01 4.829097670504400241e+01
-1.745552352688736164e+01 4.828587974504399938e+01
-1.771119157788729126e+01 4.828072552404400142e+01
-1.796685851388741639e+01 4.827551433204399700e+01
-1.822252432788735632e+01 4.827024645104400236e+01
-1.847818901288741245e+01 4.826492216004400859e+01
-1.873385256288742085e+01 4.825954173404400649e+01
-1.898951497388742382e+01 4.825410544104400401e+01
-1.924517623688728918e+01 4.824861354704400185e+01
-1.950083634888727602e+01 4.824306631104400367e+01
-1.975649530188724157e+01 4.823746398904400223e+01
-2.001215309088723870e+01 4.823180683104399691e+01
-2.026780970988733088e+01 4.822609508404400458e+01
-2.052346515388734360e+01 4.822032899104399917e+01
-2.077911941688734032e+01 4.821450878804400020e+01
-2.103477249288738449e+01 4.820863471004400935e+01
-2.129042437788729103e+01 4.820270698604400650e+01
-2.154603127788726624e+01 4.819672687004400302e+01
-2.180167921588730451e+01 4.819069257004400697e+01
-2.205732590988731090e+01 4.818460528904400064e+01
-2.231297135388734887e+01 4.817846523904400158e+01
-2.256861554188725449e+01 4.817227263004400584e+01
-2.282425846888730803e+01 4.816602766604400188e+01
-2.307990012888734555e+01 4.815973055004400294e+01
-2.333554051588743050e+01 4.815338147704400740e+01
-2.359117962488738840e+01 4.814698064204399941e+01
-2.384681745088727212e+01 4.814052823504400180e+01
-2.410245398688738305e+01 4.813402444104400502e+01
-2.435808922888730876e+01 4.812746944404399585e+01
-2.461372316988735065e+01 4.812086342204399614e+01
-2.486935580588732364e+01 4.811420655004400260e+01
-2.512498713088729119e+01 4.810749900004400104e+01
-2.538061713788732732e+01 4.810074094004400536e+01
-2.563624582388723638e+01 4.809393253404400070e+01
-2.589187318188731979e+01 4.808707394404400759e+01
-2.614749920588741361e+01 4.808016532804400356e+01
-2.640312389188733277e+01 4.807320683904400482e+01
-2.665874723488735754e+01 4.806619862804400611e+01
-2.691436935488735571e+01 4.805914084004400877e+01
-2.716998999788728497e+01 4.805203362504400388e+01
-2.742560928088727223e+01 4.804487712204399941e+01
-2.768122719788738095e+01 4.803767146704400659e+01
-2.793684374388743663e+01 4.803041679404400099e+01
-2.819245891188728592e+01 4.802311323604399718e+01
-2.844807269888741530e+01 4.801576091904399846e+01
-2.870368509688722725e+01 4.800835996904400815e+01
-2.895929610188744618e+01 4.800091050604400778e+01
-2.921490570788722607e+01 4.799341265004400725e+01
-2.947051390888731248e+01 4.798586651504400891e+01
-2.972612069888731412e+01 4.797827221304400780e+01
-2.998172607388727329e+01 4.797062985304400229e+01
-3.023733002588727459e+01 4.796293954104400825e+01
-3.049293255088736032e+01 4.795520138004400224e+01
-3.074853364288736657e+01 4.794741546904400309e+01
-3.100413329488736736e+01 4.793958190504400818e+01
-3.125973150288740499e+01 4.793170078104400034e+01
-3.151532825888733669e+01 4.792377218804399774e+01
-3.177092355788744271e+01 4.791579621404400768e+01
-3.202651739488732119e+01 4.790777294204400505e+01
-3.228210976188728409e+01 4.789970245404400373e+01
-3.253770065388738431e+01 4.789158482904400671e+01
-3.279329006488723053e+01 4.788342014204400243e+01
-3.304887798888734096e+01 4.787520846604400049e+01
-3.330446441788734546e+01 4.786694986904400650e+01
-3.356004934788728633e+01 4.785864441904399769e+01
-3.381563277088724817e+01 4.785029217804400048e+01
-3.407121468188728386e+01 4.784189320804399870e+01
-3.432679507188726120e+01 4.783344756504399697e+01
-3.458237393688722250e+01 4.782495530504399994e+01
-3.483795126888725235e+01 4.781641647904400827e+01
-3.509352706188741422e+01 4.780783113404400808e+01
-3.534910130888732738e+01 4.779919931804400335e+01
-3.560467400288729323e+01 4.779052107204400102e+01
-3.586024513588739637e+01 4.778179643604400439e+01
-3.611581470288723494e+01 4.777302544704400589e+01
-3.637138269488735887e+01 4.776420813804399756e+01
-3.662694910588737685e+01 4.775534453904400323e+01
-3.688251392888736291e+01 4.774643467904400040e+01
-3.713807715488741223e+01 4.773747858204400529e+01
-3.739363877788736090e+01 4.772847626804400534e+01
-3.764919878888730409e+01 4.771942775804400583e+01
-3.790475718188730525e+01 4.771033306504399718e+01
-3.816031394888722161e+01 4.770119220304400187e+01
-3.841586908088737573e+01 4.769200518004400635e+01
-3.867142256988739746e+01 4.768277200204400401e+01
-3.892697440888736082e+01 4.767349267304400939e+01
-3.918252458888736101e+01 4.766416719204400465e+01
-3.943807310188725523e+01 4.765479555604400730e+01
-3.969361993988735549e+01 4.764537775804400610e+01
-3.994916509388730219e+01 4.763591378904399676e+01
-4.020470855388742848e+01 4.762640363604400306e+01
-4.046025031388734305e+01 4.761684728204400585e+01
-4.071579036188740019e+01 4.760724470804400710e+01
-4.097132869088744656e+01 4.759759589204399788e+01
-4.122686529088736052e+01 4.758790080804399736e+01
-4.148240015288723725e+01 4.757815942504400653e+01
-4.173793326688740990e+01 4.756837171104400852e+01
-4.199346462388729151e+01 4.755853763104400400e+01
-4.224899421288722579e+01 4.754865714404400023e+01
-4.250452202488730791e+01 4.753873020704399721e+01
-4.276004804988741625e+01 4.752875677504400187e+01
-4.301557227688743978e+01 4.751873679604400991e+01
-4.327109469588725688e+01 4.750867021704399917e+01
-4.352661529688742803e+01 4.749855698204400767e+01
-4.378213406788739803e+01 4.748839702804400531e+01
-4.403765099788728321e+01 4.747819029204400465e+01
-4.429316607588742727e+01 4.746793670504399643e+01
-4.454867929188725384e+01 4.745763619404399947e+01
-4.480419063288735515e+01 4.744728868504400054e+01
-4.505970008688740336e+01 4.743689409704400362e+01
-4.531520764288728742e+01 4.742645234604400173e+01
-4.557071328788737219e+01 4.741596334504400545e+01
-4.582621701088731925e+01 4.740542700104400353e+01
-4.608171879788727665e+01 4.739484322004400951e+01
-4.633721863588738188e+01 4.738421190104399727e+01
-4.659271651288730709e+01 4.737353293904399720e+01
-4.684821241488742771e+01 4.736280622704400400e+01
-4.710370632788743706e+01 4.735203165104400114e+01
-4.735919823988723465e+01 4.734120909504400743e+01
-4.761468813488744445e+01 4.733033843604400204e+01
-4.787017599988729444e+01 4.731941954804399586e+01
-4.812566181888740857e+01 4.730845230104399946e+01
-4.838114557888724221e+01 4.729743655904400157e+01
-4.863662726288742988e+01 4.728637218204400483e+01
-4.889210685688743752e+01 4.727525902304400063e+01
-4.914758434388744490e+01 4.726409693504400877e+01
-4.940305970888738329e+01 4.725288576004400909e+01
-4.965853293488743248e+01 4.724162533904400618e+01
-4.991400400488731748e+01 4.723031550604400763e+01
-5.016947290288743488e+01 4.721895609104400648e+01
-5.042493961088729293e+01 4.720754691704399875e+01
-5.068040411088730934e+01 4.719608780304400852e+01
-5.093586638588743654e+01 4.718457856104400605e+01
-5.119132641588743127e+01 4.717301899804400023e+01
-5.144678418288725652e+01 4.716140891404400293e+01
-5.170223966788734060e+01 4.714974810604400091e+01
-5.195769285188742970e+01 4.713803636104400141e+01
-5.221314371288730172e+01 4.712627346304400078e+01
-5.246859223188738497e+01 4.711445918704400526e+01
-5.272403838788744679e+01 4.710259330404400657e+01
-5.297948215888726509e+01 4.709067557604400633e+01
-5.323492352288729990e+01 4.707870576004400220e+01
-5.349036245888731855e+01 4.706668360504400539e+01
-5.374579894288734749e+01 4.705460885404400528e+01
-5.400123295188740258e+01 4.704248124004399756e+01
-5.425666446288727229e+01 4.703030049204400598e+01
-5.451209344988723160e+01 4.701806632904400374e+01
-5.476751988988729636e+01 4.700577846404399907e+01
-5.502294375588729736e+01 4.699343659904400283e+01
-5.527836502288727161e+01 4.698104043104400773e+01
-5.553378366288728785e+01 4.696858964704399853e+01
-5.578919964988739366e+01 4.695608392504399831e+01
-5.604461295488744099e+01 4.694352293604400472e+01
-5.630002354988727120e+01 4.693090633904400022e+01
-5.655543140588741835e+01 4.691823378504400921e+01
-5.681083649288729021e+01 4.690550491704399860e+01
-5.706623877888722518e+01 4.689271936604400537e+01
-5.732163823388731316e+01 4.687987675304400170e+01
-5.757703482388723160e+01 4.686697668904400871e+01
-5.783242851788730832e+01 4.685401877504399692e+01
-5.808781928088723134e+01 4.684100260104399638e+01
-5.834320707788737082e+01 4.682792774304400041e+01
-5.859859187388741475e+01 4.681479376804399806e+01
-5.885397363088731026e+01 4.680160023104400580e+01
-5.910935231288743807e+01 4.678834667304400341e+01
-5.936472788088730113e+01 4.677503262204400869e+01
-5.962010029488732243e+01 4.676165759504399944e+01
-5.987546951388725347e+01 4.674822109504400203e+01
-6.013083549688730045e+01 4.673472260804400946e+01
-6.038619820088723600e+01 4.672116160804399954e+01
-6.064155758188729806e+01 4.670753755504399862e+01
-6.089691359488728040e+01 4.669384989204399972e+01
-6.115226619188723589e+01 4.668009804504400506e+01
-6.140761532588743421e+01 4.666628142504400500e+01
-6.166296094788725668e+01 4.665239942704400278e+01
-6.191830300688724265e+01 4.663845142604399996e+01
-6.217364144988727048e+01 4.662443678004400738e+01
-6.242897622488743536e+01 4.661035482804400942e+01
-6.268430727488743059e+01 4.659620489004400667e+01
-6.293963454288740422e+01 4.658198626404400500e+01
-6.319495797088728750e+01 4.656769822904399803e+01
-6.345027749788727078e+01 4.655334004004400583e+01
-6.370559306188732762e+01 4.653891093104400056e+01
-6.396090459788723592e+01 4.652441011304399865e+01
-6.421621203888724949e+01 4.650983677104400726e+01
-6.447151531688740533e+01 4.649519006504399954e+01
-6.472681436088731743e+01 4.648046913004399983e+01
-6.498210909688731363e+01 4.646567307104400868e+01
-6.523739944988727757e+01 4.645080096804400682e+01
-6.549268534088736260e+01 4.643585186804399711e+01
-6.574796668988727788e+01 4.642082479004400852e+01
-6.600324341288722962e+01 4.640571871804399962e+01
-6.625851542188723897e+01 4.639053260404399737e+01
-6.651378262788733764e+01 4.637526536404399735e+01
-6.676904493888736170e+01 4.635991588004399944e+01
-6.702430225588722124e+01 4.634448299204400712e+01
-6.727955448088727053e+01 4.632896550204399944e+01
-6.753480150988724517e+01 4.631336217204400896e+01
-6.779004323388738840e+01 4.629767171604400744e+01
-6.804527954188728245e+01 4.628189280604399869e+01
-6.830051031688725516e+01 4.626602406404400369e+01
-6.855573543988742813e+01 4.625006406304400741e+01
-6.881095478288733602e+01 4.623401132204399744e+01
-6.906616821588744415e+01 4.621786430504400300e+01
-6.932137560288737177e+01 4.620162142004400607e+01
-6.957657680088726693e+01 4.618528100904400446e+01
-6.983177166288731996e+01 4.616884135504400888e+01
-7.008696003488734050e+01 4.615230066904400985e+01
-7.034214175388723334e+01 4.613565709204399923e+01
-7.059731665288740032e+01 4.611890869004400884e+01
-7.085248455388722277e+01 4.610205344904400704e+01
-7.110764527488726117e+01 4.608508927104399788e+01
-7.136279862088730397e+01 4.606801396804399928e+01
-7.161794439088743047e+01 4.605082526004400734e+01
-7.187308237288738155e+01 4.603352076504400259e+01
-7.212821234388724179e+01 4.601609799604399598e+01
-7.238333394988734426e+01 4.599855436004399678e+01
-7.263844720188734527e+01 4.598088712304399905e+01
-7.289355170288735053e+01 4.596309344504400940e+01
-7.314864718188727011e+01 4.594517034404400135e+01
-7.340373335188741066e+01 4.592711469404400759e+01
-7.365880990788735971e+01 4.590892321404400889e+01
-7.391387653188729701e+01 4.589059245504400053e+01
-7.416893288388740757e+01 4.587211879404399895e+01
-7.442397860488739525e+01 4.585349841804399773e+01
-7.467901331488741334e+01 4.583472730704400533e+01
-7.493403660988741422e+01 4.581580122604400174e+01
-7.518904806088738724e+01 4.579671570104400757e+01
-7.544404721088739052e+01 4.577746600304399749e+01
-7.569903357188735527e+01 4.575804712804399799e+01
-7.595400662488731314e+01 4.573845377304400017e+01
-7.620896581288724292e+01 4.571868031204400040e+01
-7.646391054088729788e+01 4.569872076604400490e+01
-7.671884016988741450e+01 4.567856877204400234e+01
-7.697375401188736532e+01 4.565821754904399654e+01
-7.722865132788723486e+01 4.563765985804400316e+01
-7.748353131688730855e+01 4.561688795604399616e+01
-7.773839311788736950e+01 4.559589354904400693e+01
-7.799323579388732242e+01 4.557466773204400567e+01
-7.824805832588725707e+01 4.555320092704400281e+01
-7.850285960688728437e+01 4.553148280804400372e+01
-7.875763842388727198e+01 4.550950221704400178e+01
-7.901239345188736252e+01 4.548724706904400250e+01
-7.926712323088730727e+01 4.546470423804400696e+01
-7.952182615388727527e+01 4.544185942804399758e+01
-7.977650044088744608e+01 4.541869702104399664e+01
-8.003114396588733825e+01 4.539519991604400673e+01
-8.028575477588736931e+01 4.537134926504400312e+01
-8.054033028788734327e+01 4.534712429704400449e+01
-8.079486771988734972e+01 4.532250197604400910e+01
-8.104936392288726665e+01 4.529745665404399801e+01
-8.130381531288725228e+01 4.527195963304400550e+01
-8.155821778688726909e+01 4.524597863704400424e+01
-8.181256660988736940e+01 4.521947714904399618e+01
-8.206685628288727230e+01 4.519241358704400113e+01
-8.232108036488733660e+01 4.516474026304400979e+01
-8.257523123188724412e+01 4.513640204604399742e+01
-8.282929977188740622e+01 4.510733462804400062e+01
-8.308327495788734041e+01 4.507746222404399816e+01
-8.333714326588727772e+01 4.504669448204400339e+01
-8.359088783688724789e+01 4.501492223404400761e+01
-8.384448726588738054e+01 4.498201149604400939e+01
-8.409791377688742386e+01 4.494779477104400200e+01
-8.435113035788725711e+01 4.491205798904400126e+01
-8.451408417388728367e+01 4.502063555004400541e+01
-8.458323361188735134e+01 4.526680137804400772e+01
-8.463933023888733942e+01 4.551627196504399819e+01
-8.468353484688731214e+01 4.576812656204400298e+01
-8.471693599688722998e+01 4.602164425604399867e+01
-8.474053176988735459e+01 4.627626517304400977e+01
-8.475522434188741272e+01 4.653155718904400828e+01
