-1.034168055018873815e+02 3.127163177804399652e+01
-1.033358418868874082e+02 3.157288691204399811e+01
-1.032269872078872481e+02 3.186560635104400774e+01
-1.031077676018873603e+02 3.215428508804400565e+01
-1.029827537008872582e+02 3.244050763604400345e+01
-1.028539401488873750e+02 3.272504235104399584e+01
-1.027224057788873210e+02 3.300833026504400891e+01
-1.025888104718873706e+02 3.329065251604400544e+01
-1.024535919718873060e+02 3.357220126004399674e+01
-1.023170580458872223e+02 3.385311439904400288e+01
-1.021794343088874371e+02 3.413349549904400249e+01
-1.020408921448874366e+02 3.441342405604400767e+01
-1.019015651448873427e+02 3.469296294004399783e+01
-1.017615598038873372e+02 3.497216283304400974e+01
-1.016209626028873458e+02 3.525106528804400341e+01
-1.014798448808873559e+02 3.552970487804400079e+01
-1.013382662838873216e+02 3.580811072604400636e+01
-1.011962772728872437e+02 3.608630763704400124e+01
-1.010539209768873548e+02 3.636431694104400947e+01
-1.009112345178872943e+02 3.664215728604399658e+01
-1.007682503738873834e+02 3.691984459204400082e+01
-1.006249973948874299e+02 3.719739208504400096e+01
-1.004815003178873098e+02 3.747481284404400981e+01
-1.003377790518872530e+02 3.775212242304399979e+01
-1.001938525878874202e+02 3.802933232904400995e+01
-1.000441706898872667e+02 3.829854631104400653e+01
-9.973376125088742583e+01 3.833270219404400336e+01
-9.942251607088741139e+01 3.835877623204400777e+01
-9.911096407088729165e+01 3.838092832804400700e+01
-9.879924700588725273e+01 3.840064082404400381e+01
-9.848737286688736958e+01 3.841864885704400479e+01
-9.817546252588743982e+01 3.843537274404400250e+01
-9.786349597588736060e+01 3.845108805204399971e+01
-9.755148538588736074e+01 3.846598260204400788e+01
-9.723943911888744651e+01 3.848019208404400615e+01
-9.692736324288733840e+01 3.849381830804399840e+01
-9.661526238488744411e+01 3.850693998804399598e+01
-9.630314025488740981e+01 3.851961946704400930e+01
-9.599099998588729932e+01 3.853190711904400700e+01
-9.567884438888739851e+01 3.854384433704400692e+01
-9.536667614488732170e+01 3.855546562204399663e+01
-9.505449798888724899e+01 3.856680008204399712e+01
-9.474231288788740812e+01 3.857787253504400837e+01
-9.442928856588736153e+01 3.858873302904400759e+01
-9.411718596088729782e+01 3.859933925904400098e+01
-9.380575063088730303e+01 3.860971784004399865e+01
-9.349388739088743705e+01 3.861991984004400535e+01
-9.318199096588722341e+01 3.862994464304399855e+01
-9.286921857788723855e+01 3.863982996004399695e+01
-9.255704125588744091e+01 3.864953927704399916e+01
-9.224518208688726872e+01 3.865909106204399848e+01
-9.193278412088733376e+01 3.866851970104400493e+01
-9.162049273288738505e+01 3.867781295904400451e+01
-9.130818006388739150e+01 3.868698156204399652e+01
-9.099617066688728073e+01 3.869602241104399809e+01
-9.068383527288727919e+01 3.870495947504400647e+01
-9.037220843088738320e+01 3.871376862404400754e+01
-9.005935741288743657e+01 3.872250910804400803e+01
-8.974713828588727438e+01 3.873113328404400590e+01
-8.943526681988731752e+01 3.873965363204399637e+01
-8.912145895188740496e+01 3.874813573704400937e+01
-8.880914585288741137e+01 3.875649028304400190e+01
-8.849690261888730447e+01 3.876475940804400011e+01
-8.818666069988734080e+01 3.877289589204400500e+01
-8.787442678888731962e+01 3.878100739204400327e+01
-8.756219002088727166e+01 3.878904423904400289e+01
-8.724995058788744018e+01 3.879700901304400418e+01
-8.693770886288729116e+01 3.880490413604400146e+01
-8.662546784388740662e+01 3.881273182004400724e+01
-8.631117105788729305e+01 3.882054514004400403e+01
-8.600097240488724992e+01 3.882819377804399608e+01
-8.568873076888729656e+01 3.883583170204400403e+01
-8.537639106888735796e+01 3.884341253204399891e+01
-8.506421450888723257e+01 3.885093167504400924e+01
-8.475091474588742813e+01 3.885842149904399889e+01
-8.443819815188743405e+01 3.886584263204400713e+01
-8.412754972788724217e+01 3.887316200004400457e+01
-8.381447258088741137e+01 3.888048687704400663e+01
-8.350304899188739682e+01 3.888772289704400009e+01
-8.319079563388726228e+01 3.889492924004400720e+01
-8.287769219388741249e+01 3.890210720404400035e+01
-8.256410962488729410e+01 3.890924915904400905e+01
-8.225198010688740169e+01 3.891631243704399878e+01
-8.194188994488735034e+01 3.892328558604400257e+01
-8.162891566588740488e+01 3.893028016204399933e+01
-8.131606602788741611e+01 3.893722932904400125e+01
-8.100409264588728320e+01 3.894411753304400747e+01
-8.069273811388728745e+01 3.895095165004400428e+01
-8.038047664188724184e+01 3.895776597504399774e+01
-8.006821429488735475e+01 3.896454138904400111e+01
-7.975595109088743584e+01 3.897127868704400555e+01
-7.944368704988727359e+01 3.897797863504399629e+01
-7.913142218788738091e+01 3.898464196604400911e+01
-7.881915652388732951e+01 3.899126939104399980e+01
-7.850689007288741550e+01 3.899786158904400679e+01
-7.819462284988725287e+01 3.900441921804400636e+01
-7.788235487088735454e+01 3.901094291004400816e+01
-7.757008614788736622e+01 3.901743327604400235e+01
-7.725781669688734610e+01 3.902389090604400224e+01
-7.694554652788741578e+01 3.903031636604400489e+01
-7.663327565588741663e+01 3.903671020704400974e+01
-7.632100408988725349e+01 3.904307295704400360e+01
-7.600872498788743314e+01 3.904940526904400144e+01
-7.569684782888742802e+01 3.905569939204400498e+01
-7.538422384288736566e+01 3.906197893804400678e+01
-7.507203621088723366e+01 3.906822056304400803e+01
-7.475999391088743096e+01 3.907443061304400089e+01
-7.444735562188742506e+01 3.908062421604400072e+01
-7.413419527088734640e+01 3.908680017704399745e+01
-7.382280786388736260e+01 3.909291381104399932e+01
-7.351051909288725028e+01 3.909901813204400867e+01
-7.319825277288731513e+01 3.910509535104399959e+01
-7.288597418888724633e+01 3.911114651704400558e+01
-7.257368897788722961e+01 3.911717187604399726e+01
-7.226141761988736789e+01 3.912317138504400305e+01
-7.194903622188729742e+01 3.912914775104400178e+01
-7.163685200888738791e+01 3.913509543504400767e+01
-7.132454961188722109e+01 3.914102077504399801e+01
-7.101229082288722338e+01 3.914692100104400652e+01
-7.070002315988739383e+01 3.915279741004400194e+01
-7.038751081888739236e+01 3.915865470304400731e+01
-7.007445733588741632e+01 3.916449863304400481e+01
-6.976211611588740880e+01 3.917030609804400854e+01
-6.944982083888743318e+01 3.917608984004399986e+01
-6.913642823588742203e+01 3.918187117904400907e+01
-6.882508879188725359e+01 3.918759235204400682e+01
-6.851342830788729543e+01 3.919329742004400430e+01
-6.820151552888722790e+01 3.919898530104400436e+01
-6.788938924288726184e+01 3.920465547304399934e+01
-6.757715275788740428e+01 3.921030625104400258e+01
-6.726489966288744426e+01 3.921593614904399772e+01
-6.695260137088729380e+01 3.922154589104400202e+01
-6.664028940588735850e+01 3.922713511404400322e+01
-6.632793726888729680e+01 3.923270449104400370e+01
-6.601563527288743671e+01 3.923825260904399670e+01
-6.570334000188739765e+01 3.924378043904400215e+01
-6.539105252688722203e+01 3.924928815104399860e+01
-6.507877077488723216e+01 3.925477596504400424e+01
-6.476653595188730606e+01 3.926024333904400976e+01
-6.445426504188725403e+01 3.926569190204399717e+01
-6.414199268588726000e+01 3.927112121404400114e+01
-6.382971645988726550e+01 3.927653148104400316e+01
-6.351743442688729147e+01 3.928192289504400492e+01
-6.320514484888730067e+01 3.928729564004400743e+01
-6.289280662488744156e+01 3.929265057104400682e+01
-6.257903435688734817e+01 3.929801145404400131e+01
-6.226674397588743659e+01 3.930332862004399885e+01
-6.195446631488738376e+01 3.930862735404400610e+01
-6.164219476288729993e+01 3.931390790604400820e+01
-6.132992500888730092e+01 3.931917048304400453e+01
-6.101765455488742873e+01 3.932441525604400567e+01
-6.070538204688722317e+01 3.932964237204400604e+01
-6.039310681188743501e+01 3.933485196504400960e+01
-6.008062616488740559e+01 3.934004751804400257e+01
-5.976854715888742930e+01 3.934521906804400260e+01
-5.945626280688742327e+01 3.935037680504400726e+01
-5.914397579788732173e+01 3.935551747104400988e+01
-5.883168613988726747e+01 3.936064117404400520e+01
-5.851939403988734512e+01 3.936574801304399784e+01
-5.820709969488729030e+01 3.937083808504399940e+01
-5.789480329488736743e+01 3.937591148404399632e+01
-5.758250501788728570e+01 3.938096830304399987e+01
-5.727020502588737827e+01 3.938600863004400310e+01
-5.695790346988741248e+01 3.939103255404400272e+01
-5.664564298188741986e+01 3.939603947804400264e+01
-5.633333313088741079e+01 3.940103093604400897e+01
-5.602102286788743868e+01 3.940600622504400974e+01
-5.570871217688744537e+01 3.941096542304400430e+01
-5.539640105088727751e+01 3.941590860904400984e+01
-5.508408948988738985e+01 3.942083585604400753e+01
-5.477177750088725361e+01 3.942574723804399639e+01
-5.445946509588742401e+01 3.943064282404399989e+01
-5.414715228688731941e+01 3.943552268104400582e+01
-5.383483909088744213e+01 3.944038687604400195e+01
-5.352252552388739559e+01 3.944523547104400052e+01
-5.321021160188723798e+01 3.945006852604400649e+01
-5.289789734188724424e+01 3.945488610204400004e+01
-5.258558276288744082e+01 3.945968825404399638e+01
-5.227326787888722492e+01 3.946447503704399651e+01
-5.196095270688732626e+01 3.946924650404400836e+01
-5.164863726388733767e+01 3.947400270504400055e+01
-5.133632156288734905e+01 3.947874368904400910e+01
-5.102400561988741856e+01 3.948346950104399866e+01
-5.071168944688741931e+01 3.948818018804399799e+01
-5.039937305788743060e+01 3.949287579004399618e+01
-5.008705646488732555e+01 3.949755635004400744e+01
-4.977473967888744255e+01 3.950222190504400999e+01
-4.946242271188742734e+01 3.950687249304399984e+01
-4.915010557488739096e+01 3.951150814904400477e+01
-4.883778827588724880e+01 3.951612890604400263e+01
-4.852547082488734986e+01 3.952073479404400302e+01
-4.821315322988738217e+01 3.952532584504400859e+01
-4.790083550088723996e+01 3.952990208404399652e+01
-4.758937968888739078e+01 3.953445096904400202e+01
-4.727700781088736903e+01 3.953899848704399744e+01
-4.696492267688739730e+01 3.954352710604399590e+01
-4.665156337488741656e+01 3.954805942604400570e+01
-4.633924520888734833e+01 3.955256196204400965e+01
-4.602679177588737502e+01 3.955705175404399654e+01
-4.571640371288725646e+01 3.956149733204399865e+01
-4.540343492088726407e+01 3.956596521704400971e+01
-4.508931419888739356e+01 3.957043476004400873e+01
-4.477765222488727659e+01 3.957485468904400250e+01
-4.446474273988741288e+01 3.957927765804400622e+01
-4.415367052188724983e+01 3.958366011104399718e+01
-4.384160613588727529e+01 3.958804197404400327e+01
-4.352837672388744750e+01 3.959242552604399634e+01
-4.321605765588736858e+01 3.959678170604399838e+01
-4.290373852888723150e+01 3.960112327404399934e+01
-4.259201721088737713e+01 3.960544195904400055e+01
-4.227910011188731687e+01 3.960976256504400794e+01
-4.196624686488729594e+01 3.961406761204399629e+01
-4.165476641388744383e+01 3.961833918204399652e+01
-4.134213230088738555e+01 3.962261192804400878e+01
-4.102952376688739378e+01 3.962686964304400306e+01
-4.071705352688735502e+01 3.963111078804399767e+01
-4.040471129788733151e+01 3.963533550804400818e+01
-4.009241995688734050e+01 3.963954484004399603e+01
-3.978030227288735432e+01 3.964373712804400895e+01
-3.946758059088728032e+01 3.964792276404399729e+01
-3.915463927888725948e+01 3.965209652304400834e+01
-3.884188008188738195e+01 3.965625301904400146e+01
-3.852928041688727490e+01 3.966039255104399786e+01
-3.821677792188728517e+01 3.966451593204399728e+01
-3.790434251088726114e+01 3.966862354204400276e+01
-3.759195323788725318e+01 3.967271563004399582e+01
-3.727959551288739704e+01 3.967679236004400423e+01
-3.696725905588726846e+01 3.968085383204400785e+01
-3.665493634788725785e+01 3.968490010704400106e+01
-3.634262164888735924e+01 3.968893122204400470e+01
-3.603031059088738175e+01 3.969294718804400190e+01
-3.571800015388743077e+01 3.969694800204399598e+01
-3.540568881888742681e+01 3.970093363404400577e+01
-3.509337670388725883e+01 3.970490403404400581e+01
-3.478106559188739766e+01 3.970885912704400766e+01
-3.446875885888738367e+01 3.971279881604399975e+01
-3.415646140488723859e+01 3.971672298304400783e+01
-3.384417981288737565e+01 3.972063149004399918e+01
-3.353192303188728829e+01 3.972452416504400219e+01
-3.321970378488725828e+01 3.972840079204399899e+01
-3.290754063488742531e+01 3.973226107904400806e+01
-3.259546035388729024e+01 3.973610463804399728e+01
-3.228353749888736957e+01 3.973993049604399630e+01
-3.197172172988729244e+01 3.974373921904400220e+01
-3.166018685288730694e+01 3.974752863504400580e+01
-3.134769059988724393e+01 3.975131372404399599e+01
-3.103536145388733303e+01 3.975508067304400583e+01
-3.072311318688724668e+01 3.975883045604400934e+01
-3.041092946888733195e+01 3.976256319104400916e+01
-3.009892950888723817e+01 3.976627738304399884e+01
-2.978644887688727749e+01 3.976998082104400112e+01
-2.947389548488735045e+01 3.977366853104400946e+01
-2.915950312188732596e+01 3.977736109504400019e+01
-2.884931109088728363e+01 3.978098766804400555e+01
-2.853699092388723102e+01 3.978462229704400954e+01
-2.822452833588744170e+01 3.978824157804400841e+01
-2.791221286088733677e+01 3.979184204404400305e+01
-2.760002966888731635e+01 3.979542376804400305e+01
-2.728761642288731082e+01 3.979899077804400065e+01
-2.697718221488725021e+01 3.980251787204400671e+01
-2.666319657088723716e+01 3.980606762204399729e+01
-2.635071468088739266e+01 3.980958256904399661e+01
-2.603842570888735963e+01 3.981307746404399950e+01
-2.572610459788728576e+01 3.981655469604400821e+01
-2.541378337788722774e+01 3.982001375704400914e+01
-2.510146218488733894e+01 3.982345449404400028e+01
-2.478914074588732319e+01 3.982687675204400080e+01
-2.447681919588734445e+01 3.983028036704399710e+01
-2.416449753388741328e+01 3.983366517204400736e+01
-2.385217575788732347e+01 3.983703099404399950e+01
-2.353985386788730239e+01 3.984037765504400852e+01
-2.322753186088738175e+01 3.984370497204400863e+01
-2.291520973788732363e+01 3.984701275304399815e+01
-2.260288749488739768e+01 3.985030080504400019e+01
-2.229056513188737654e+01 3.985356892504400150e+01
-2.197824264688728135e+01 3.985681690404400968e+01
-2.166592003888735007e+01 3.986004452804399989e+01
-2.135359730488738705e+01 3.986325157404399988e+01
-2.104127444488739229e+01 3.986643781304400136e+01
-2.072895145588739751e+01 3.986960300804400958e+01
-2.041662833688741330e+01 3.987274691504400437e+01
-2.010430508588723342e+01 3.987586928204400749e+01
-1.979198170088733377e+01 3.987896984704400438e+01
-1.947965817988728077e+01 3.988204834104399765e+01
-1.916733451988733350e+01 3.988510448604399983e+01
-1.885501071988727517e+01 3.988813799204400823e+01
-1.854268677788735431e+01 3.989114856204400894e+01
-1.823036269188736469e+01 3.989413588904400854e+01
-1.791803845788734861e+01 3.989709965204400532e+01
-1.760571407588730608e+01 3.990003952304400059e+01
-1.729338954288726882e+01 3.990295515904399792e+01
-1.698106485488727913e+01 3.990584620704400720e+01
-1.666874001188733700e+01 3.990871230104400524e+01
-1.635641500988725738e+01 3.991155306104400324e+01
-1.604408984488730994e+01 3.991436809204400049e+01
-1.573176451788725849e+01 3.991715698804399892e+01
-1.541943902488736917e+01 3.991991932404400245e+01
-1.510711336288744810e+01 3.992265466104400673e+01
-1.479478752888729964e+01 3.992536254404400609e+01
-1.448246151988741026e+01 3.992804249704400377e+01
-1.417013533388734636e+01 3.993069403004400897e+01
-1.385780896788736705e+01 3.993331662904400048e+01
-1.354548241888727667e+01 3.993590976204400533e+01
-1.323315568388733432e+01 3.993847287604400265e+01
-1.292082875988734436e+01 3.994100539304400854e+01
-1.260850164388733852e+01 3.994350671204399816e+01
-1.229617433288734851e+01 3.994597620604400845e+01
-1.198384682288741665e+01 3.994841322304399966e+01
-1.167156055488743682e+01 3.995081676304400276e+01
-1.135922937588742521e+01 3.995318677704399590e+01
-1.104689816488729726e+01 3.995552217204399881e+01
-1.073456691488735437e+01 3.995782217004399683e+01
-1.042223561688723699e+01 3.996008595704400079e+01
-1.010990426388724650e+01 3.996231268004400761e+01
-9.797572846887250719e+00 3.996450144504400726e+01
-9.485241358887323671e+00 3.996665131404400029e+01
-9.172909790887333159e+00 3.996876130204400113e+01
-8.860578134887363788e+00 3.997083037404399875e+01
-8.548246383887262212e+00 3.997285744304400623e+01
-8.235914528887350983e+00 3.997484136304400693e+01
-7.923582562887248493e+00 3.997678092704400399e+01
-7.611250477887268495e+00 3.997867486104399859e+01
-7.298918266887256756e+00 3.998052182004400379e+01
-6.986585804887398332e+00 3.998232038104400488e+01
-6.674253342887312535e+00 3.998406903904400167e+01
-6.361920727887253157e+00 3.998576619804400423e+01
-6.049587953887283653e+00 3.998741016304400375e+01
-5.737255015887229526e+00 3.998899913504399706e+01
-5.424921907887381600e+00 3.999053119604400308e+01
-5.112588623887348582e+00 3.999200430304399845e+01
-4.800255159887400147e+00 3.999341627404400867e+01
-4.487921511887351222e+00 3.999476477404400043e+01
-4.175587674887254686e+00 3.999604730204400482e+01
-3.863253647887348485e+00 3.999726117204400566e+01
-3.550919428887426399e+00 3.999840349404399831e+01
-3.238585015887282204e+00 3.999947115104400552e+01
-2.926250411887338920e+00 4.000046077404400080e+01
-2.613915617887358600e+00 4.000136871504400915e+01
-2.301580638887288366e+00 4.000219100904399738e+01
-1.989245482887271210e+00 4.000292333604400596e+01
-1.676910157887222086e+00 4.000356097704400327e+01
-1.364574678887437331e+00 4.000409875904399826e+01
-1.052239154887446348e+00 4.000453099004400315e+01
-7.399033588873760170e-01 4.000485138604400959e+01
-4.275675168873373511e-01 4.000505297804400584e+01
-1.152316468873674782e-01 4.000512800404399627e+01
1.971040891126552563e-01 4.000506837304399710e+01
5.094399321126832358e-01 4.000487688504399841e+01
8.217757251125579199e-01 4.000456169604400714e+01
1.134111258112681098e+00 4.000413013104400761e+01
1.446446727112571606e+00 4.000358879204399898e+01
1.758782032112604865e+00 4.000294365204399583e+01
2.071117156112733504e+00 4.000220014004399616e+01
2.383452091112586935e+00 4.000136320004399693e+01
2.695786825112747032e+00 4.000043736004400330e+01
3.008121355112563400e+00 3.999942676804400321e+01
3.320455677112760462e+00 3.999833524604400736e+01
3.632789789112677248e+00 3.999716631604400163e+01
3.945123691112768505e+00 3.999592323704399632e+01
4.257457386112775133e+00 3.999460903004400336e+01
4.569790875112686557e+00 3.999322650004400259e+01
4.882124162112687848e+00 3.999177826004400060e+01
5.194457250112747282e+00 3.999026674804400727e+01
5.506790145112574031e+00 3.998869424104400139e+01
5.819122852112569966e+00 3.998706287004399940e+01
6.131455376112682210e+00 3.998537463404400683e+01
6.443787723112619936e+00 3.998363141204400506e+01
6.756119900112763865e+00 3.998183497004400522e+01
7.068452055112685706e+00 3.997998696904400617e+01
7.380783945112681543e+00 3.997808898104399589e+01
7.693115691112608623e+00 3.997614248604399734e+01
8.005447300112619402e+00 3.997414888604400574e+01
8.317778780112631054e+00 3.997210950604400637e+01
8.630110140112774886e+00 3.997002560404399674e+01
8.942441387112749496e+00 3.996789837204400442e+01
9.254772529112697654e+00 3.996572894304399881e+01
9.567103575112751557e+00 3.996351839404400152e+01
9.879434533112599226e+00 3.996126774804400839e+01
1.019176541111261081e+01 3.995897798204400431e+01
1.050409621711270169e+01 3.995665002604400229e+01
1.081642696011277671e+01 3.995428476604399748e+01
1.112875764811275126e+01 3.995188305104400683e+01
1.144108828811255130e+01 3.994944568804400831e+01
1.175337436011255754e+01 3.994697380804400666e+01
1.206570131611266383e+01 3.994446747504400719e+01
1.237802805811275952e+01 3.994192772004400638e+01
1.269035459111256436e+01 3.993935522304400365e+01
1.300268091711273932e+01 3.993675063604399611e+01
1.331500704011255998e+01 3.993411458204400333e+01
1.362733296311267672e+01 3.993144766304399695e+01
1.393965868811261366e+01 3.992875045404400680e+01
1.425198421911255586e+01 3.992602350804399691e+01
1.456430955911269898e+01 3.992326735704399709e+01
1.487663471111255653e+01 3.992048251304400708e+01
1.518895967811255154e+01 3.991766946804399652e+01
1.550128446211266287e+01 3.991482869704400116e+01
1.581360906611263140e+01 3.991196065704400553e+01
1.612593349611262283e+01 3.990906578604399613e+01
1.643825775011265478e+01 3.990614450904399746e+01
1.675058183211268670e+01 3.990319723604400792e+01
1.706290574611267630e+01 3.990022436104399617e+01
1.737522949311261300e+01 3.989722626404400785e+01
1.768755307711268188e+01 3.989420331404400599e+01
1.799987649911264498e+01 3.989115586504399857e+01
1.831219976311268738e+01 3.988808426004399621e+01
1.862452287011257113e+01 3.988498883204400158e+01
1.893684582211272982e+01 3.988186989904400548e+01
1.924916862311266641e+01 3.987872777204400165e+01
1.956149127411259769e+01 3.987556275004399708e+01
1.987381377711272989e+01 3.987237512404399808e+01
2.018613613511257654e+01 3.986916517304400998e+01
2.049845834911258180e+01 3.986593316804400899e+01
2.081078042211271395e+01 3.986267937404400641e+01
2.112310235511273504e+01 3.985940404204400522e+01
2.143542415011262392e+01 3.985610742104400117e+01
2.174774580911258681e+01 3.985278974904400684e+01
2.206006733411260257e+01 3.984945125604400573e+01
2.237238872611266061e+01 3.984609216604400217e+01
2.268470998811272921e+01 3.984271269704400709e+01
2.299703112011258099e+01 3.983931305904400233e+01
2.330935212411264956e+01 3.983589345504400114e+01
2.362167300211268639e+01 3.983245408304399859e+01
2.393399375511268090e+01 3.982899513404400693e+01
2.424631438411262252e+01 3.982551679504400965e+01
2.455863489111271747e+01 3.982201924504400381e+01
2.487095527611273837e+01 3.981850265804399669e+01
2.518327554111266409e+01 3.981496720404400946e+01
2.549559568811270083e+01 3.981141304804400249e+01
2.580791571611263180e+01 3.980784034704400653e+01
2.612023562711266322e+01 3.980424925704400607e+01
2.643255542211255715e+01 3.980063992704400277e+01
2.674487510211275776e+01 3.979701250304400162e+01
2.705719466711258292e+01 3.979336712404399634e+01
2.736951411811270418e+01 3.978970392804400547e+01
2.768183345511266680e+01 3.978602304604400786e+01
2.799415267911268757e+01 3.978232460704400353e+01
2.830647179011276648e+01 3.977860873604400638e+01
2.861896694011267073e+01 3.977487344104400790e+01
2.893100744611257369e+01 3.977112640304400770e+01
2.924342844911262773e+01 3.976735771004400988e+01
2.955602117111271809e+01 3.976356994604400086e+01
2.986806566311275901e+01 3.975977197304399624e+01
3.018020919511269540e+01 3.975595604904400204e+01
3.049254602911270240e+01 3.975212110004400756e+01
3.080502064111266236e+01 3.974826787604399669e+01
3.111733874111274645e+01 3.974440010104400756e+01
3.142965672711267189e+01 3.974051594104400920e+01
3.174177333011272140e+01 3.973661800104400754e+01
3.205408359311269351e+01 3.973270143304399937e+01
3.236703985411264739e+01 3.972876058104399988e+01
3.267906626411269144e+01 3.972481538804400714e+01
3.299114125911256679e+01 3.972085362604400416e+01
3.330334057111264201e+01 3.971687439404399811e+01
3.361565515511261992e+01 3.971287786004400289e+01
3.392805156511263931e+01 3.970886450404400136e+01
3.424004385911263171e+01 3.970484065804400586e+01
3.455171599811257011e+01 3.970080535704400404e+01
3.486357399211266284e+01 3.969675211904400669e+01
3.517559704711271706e+01 3.969268124604400327e+01
3.548772061211258233e+01 3.968859361704400612e+01
3.579991234511277298e+01 3.968448969504400736e+01
3.611214983611267826e+01 3.968036981604400637e+01
3.642441777811274051e+01 3.967623422804400946e+01
3.673670558911277340e+01 3.967208311104400309e+01
3.704900562711264911e+01 3.966791661004400282e+01
3.736131219611257848e+01 3.966373484204400768e+01
3.767362117811268263e+01 3.965953790104400412e+01
3.798593003611273389e+01 3.965532585804400867e+01
3.829823791411268985e+01 3.965109876204400052e+01
3.861054565811269867e+01 3.964685663504400281e+01
3.892285571911276065e+01 3.964259947504400827e+01
3.923517199111262244e+01 3.963832725804400070e+01
3.954749973511258077e+01 3.963403993904400124e+01
3.985984581211261002e+01 3.962973744704400758e+01
4.017221943411260554e+01 3.962541967704400747e+01
4.048463354411256887e+01 3.962108646604400519e+01
4.079710679511259741e+01 3.961673756904400534e+01
4.110966627211274727e+01 3.961237261604399862e+01
4.142238283311263558e+01 3.960799061704400970e+01
4.173523548211261414e+01 3.960359186104400919e+01
4.204849684611264138e+01 3.959917248604399731e+01
4.236036564011266137e+01 3.959475798804400881e+01
4.267255963611256675e+01 3.959032413304400677e+01
4.298489591011258426e+01 3.958587349604400174e+01
4.329731606711271752e+01 3.958140689704400472e+01
4.360983902511276256e+01 3.957692405604400676e+01
4.392254769411266579e+01 3.957242376504400738e+01
4.423466957211263662e+01 3.956791716904400857e+01
4.454706181311263435e+01 3.956339191304400060e+01
4.486108807211263638e+01 3.955882810504400027e+01
4.517169605411260136e+01 3.955429929104400344e+01
4.548310153011271950e+01 3.954974418304399819e+01
4.579632994111267408e+01 3.954514758404400254e+01
4.610934184211265574e+01 3.954053930104400649e+01
4.642194334911260967e+01 3.953592221704400345e+01
4.673326607511268094e+01 3.953130926704400849e+01
4.704561710811259445e+01 3.952666626504399972e+01
4.735791284911266530e+01 3.952200923304400249e+01
4.767016885711274199e+01 3.951733792504400355e+01
4.798415437611271273e+01 3.951262573104399678e+01
4.829625139111277576e+01 3.950792693704400449e+01
4.860717691311270983e+01 3.950323094204399865e+01
4.891949255311266143e+01 3.949849901504400407e+01
4.923103368211269526e+01 3.949376387904399621e+01
4.954422989711275704e+01 3.948898851104399910e+01
4.985768489411276505e+01 3.948419403204400169e+01
5.016894808311263887e+01 3.947941802904399822e+01
5.048106802811258831e+01 3.947461378504399931e+01
5.079338250211259265e+01 3.946979138004400056e+01
5.110569673911260224e+01 3.946495376604400462e+01
5.141801072711274401e+01 3.946010090104400092e+01
5.173032445111272182e+01 3.945523274104400002e+01
5.204263789611269431e+01 3.945034924104400886e+01
5.235495104611260331e+01 3.944545035104400199e+01
5.266726388611260745e+01 3.944053602304400385e+01
5.297957639911265915e+01 3.943560620504399594e+01
5.329188856811271080e+01 3.943066084104400204e+01
5.360420037511272540e+01 3.942569987604400694e+01
5.391651180411264477e+01 3.942072325204399874e+01
5.422882283811264870e+01 3.941573090804399726e+01
5.454113346311265786e+01 3.941072278204400448e+01
5.485344366311261410e+01 3.940569880704400418e+01
5.516575342811262317e+01 3.940065891904400530e+01
5.547806275211274851e+01 3.939560304504399824e+01
5.579037163311255654e+01 3.939053111604400215e+01
5.610268007611267649e+01 3.938544305504400711e+01
5.641498809911269063e+01 3.938033878604400684e+01
5.672724705811270951e+01 3.937521902904400406e+01
5.703954681711257990e+01 3.937008222904400156e+01
5.735184501111262989e+01 3.936492899604400009e+01
5.766414149011262680e+01 3.935975924404399962e+01
5.797643609211269222e+01 3.935457288904400741e+01
5.828872864011265165e+01 3.934936984004400529e+01
5.860101894511268483e+01 3.934415000604400348e+01
5.891330681011260140e+01 3.933891329304400131e+01
5.922559203111273973e+01 3.933365960504400505e+01
5.953787459911274027e+01 3.932838883904400973e+01
5.985015409811268228e+01 3.932310089504400707e+01
6.016243055111277727e+01 3.931779566404399873e+01
6.047470399511263395e+01 3.931247303404400384e+01
6.078697469211266480e+01 3.930713288504399827e+01
6.109924329111260022e+01 3.930177508804399622e+01
6.141151110211268360e+01 3.929639949704400692e+01
6.172378054711276718e+01 3.929100594704399896e+01
6.203605581111270340e+01 3.928559423304400866e+01
6.234834336111276798e+01 3.928016411104400163e+01
6.266216564111260823e+01 3.927468883604400673e+01
6.297311833111263013e+01 3.926924522604400636e+01
6.328552823311275688e+01 3.926375751904400602e+01
6.359774685311259645e+01 3.925825441004400318e+01
6.391013471611273644e+01 3.925272939504399972e+01
6.422252317511271258e+01 3.924718528604400092e+01
6.453491218911273108e+01 3.924162192304400776e+01
6.484730170811263861e+01 3.923603914104400303e+01
6.516043291511260804e+01 3.923042345704399736e+01
6.547275820311261896e+01 3.922480245604400295e+01
6.578504189211258790e+01 3.921916228604399635e+01
6.609731497311264548e+01 3.921350220804400522e+01
6.640957916711255393e+01 3.920782200404400442e+01
6.672180007511275335e+01 3.920212211304399830e+01
6.703406306011271454e+01 3.919640077704400483e+01
6.734632330811274414e+01 3.919065861004399665e+01
6.765858705211263668e+01 3.918489528604399652e+01
6.797086026911262024e+01 3.917911048004400243e+01
6.828314759411256318e+01 3.917330388004400277e+01
6.859545109811261909e+01 3.916747521704400015e+01
6.890776733511262364e+01 3.916162431904400876e+01
6.922008333011268633e+01 3.915575118604400018e+01
6.953243588111268991e+01 3.914985487404400999e+01
6.984472754811264394e+01 3.914393697004400963e+01
7.015697055611263977e+01 3.913799699304399837e+01
7.046914651311277566e+01 3.913203503704400532e+01
7.078119314311271637e+01 3.912605203404400811e+01
7.109284891011276386e+01 3.912005277404399806e+01
7.140475384411257664e+01 3.911402466104399878e+01
7.171612704911268565e+01 3.910798251804399683e+01
7.203061535411262639e+01 3.910185496104399760e+01
7.234180612411256561e+01 3.909576663604400437e+01
7.265481299211256783e+01 3.908961734304399727e+01
7.296748345211273090e+01 3.908344884904400374e+01
7.327905668611271039e+01 3.907727598904399713e+01
7.359216671211271432e+01 3.907104615904400191e+01
7.390341338911258617e+01 3.906482668104399636e+01
7.421586117111274916e+01 3.905855601804400123e+01
7.452809954511263868e+01 3.905226195304400960e+01
7.484029866011275089e+01 3.904594067804400481e+01
7.515242938611260115e+01 3.903959237404400540e+01
7.546320802811266049e+01 3.903324290804400221e+01
7.577688025911271552e+01 3.902680487204399640e+01
7.608963734311265625e+01 3.902035568804400611e+01
7.640029645611258502e+01 3.901391969904400980e+01
7.671470251111264815e+01 3.900737507004400584e+01
7.702598904611255648e+01 3.900086412304399630e+01
7.733928932011264124e+01 3.899427911804400537e+01
7.765150067311270732e+01 3.898768457004401000e+01
7.796203655611276417e+01 3.898109273004399711e+01
7.827515886211273255e+01 3.897441239004400870e+01
7.858745508911266597e+01 3.896771545304400775e+01
7.889975256211261012e+01 3.896098367304399801e+01
7.921205028811260718e+01 3.895421640604399727e+01
7.952434773711257776e+01 3.894741297604400643e+01
7.983664461911263288e+01 3.894057267104400921e+01
8.014894067111259801e+01 3.893369475304400851e+01
8.046123566111265291e+01 3.892677845504400125e+01
8.077352938711266006e+01 3.891982297504399924e+01
8.108582154011270404e+01 3.891282748204400832e+01
8.139811216911272140e+01 3.890579110304400956e+01
8.171040106811261694e+01 3.889871293204400615e+01
8.202268812511266560e+01 3.889159202404400162e+01
8.233497324611272461e+01 3.888442739004399584e+01
8.264725634611255600e+01 3.887721799904400655e+01
8.295953735211270441e+01 3.886996277204400485e+01
8.327181620011270979e+01 3.886266058104399690e+01
8.358255970611259045e+01 3.885534644904400636e+01
8.389684847111271893e+01 3.884789907804400855e+01
8.420824079311256583e+01 3.884046965704399668e+01
8.452014031611275868e+01 3.883297620204400857e+01
8.483189126711255312e+01 3.882543295204399669e+01
8.514473632011259951e+01 3.881780808804400351e+01
8.545715195511257889e+01 3.881013697804399953e+01
8.577000221611257302e+01 3.880239672804400186e+01
8.608177696211265584e+01 3.879462312104399757e+01
8.639450261511257168e+01 3.878676380504400356e+01
8.670674994611255215e+01 3.877885259404399676e+01
8.701899534011255355e+01 3.877087548404399797e+01
8.733200909711268878e+01 3.876281034004399828e+01
8.764369751311261325e+01 3.875470895804400584e+01
8.795546228511267373e+01 3.874653285304400185e+01
8.826751414011260977e+01 3.873827373704399690e+01
8.858000519711259813e+01 3.872992450404400699e+01
8.889221128011269002e+01 3.872150143804400102e+01
8.920427746511273881e+01 3.871299757904399996e+01
8.951642838311255446e+01 3.870440338904400335e+01
8.982854998711269445e+01 3.869571829404399921e+01
9.014077153011277233e+01 3.868693469304400878e+01
9.045231523211265312e+01 3.867807046604400512e+01
9.076401416311256298e+01 3.866909755704399743e+01
9.107608496311269164e+01 3.866000446804400781e+01
9.138825905011259465e+01 3.865079334004400380e+01
9.170046369111270224e+01 3.864146032504400807e+01
9.201267063211258801e+01 3.863199977604399749e+01
9.232486635911260464e+01 3.862240502204400627e+01
9.263705122611264642e+01 3.861266827104400079e+01
9.294924577311263647e+01 3.860278028504400538e+01
9.326151997711264130e+01 3.859272924504399782e+01
9.357422750711276649e+01 3.858249273104399890e+01
9.388745115511261474e+01 3.857205529404400579e+01
9.419959376711273080e+01 3.856145727204400941e+01
9.451176657511274470e+01 3.855064682604400161e+01
9.482392809011258805e+01 3.853960820504400431e+01
9.513625199911263053e+01 3.852831540704400481e+01
9.544821502711266703e+01 3.851676487404400007e+01
9.576019039611270500e+01 3.850491679104399623e+01
9.607245245811265022e+01 3.849272912904400812e+01
9.638435102511272135e+01 3.848019030704399768e+01
9.669644797011261517e+01 3.846723326604400484e+01
9.700874334011274414e+01 3.845380230104400709e+01
9.732077320911258767e+01 3.843984904204400266e+01
9.763277427811277676e+01 3.842527640304400904e+01
9.794473964811260203e+01 3.840997070804399982e+01
9.825665956511267041e+01 3.839377823704400328e+01
9.856851948311265232e+01 3.837648216404400614e+01
9.888025932911256177e+01 3.835776124904400319e+01
9.919192592711266343e+01 3.833708761904399864e+01
9.950338067911258122e+01 3.831351282904400080e+01
9.981440424511271203e+01 3.828490012404400034e+01
1.000615258391126758e+02 3.815685188104400538e+01
1.002050929211125663e+02 3.787946535504400458e+01
1.003480850801127531e+02 3.760178400104400964e+01
1.004905166451126775e+02 3.732381114304399716e+01
1.006323979681126843e+02 3.704555196604400180e+01
1.007737342971127532e+02 3.676701608904400587e+01
1.009145309611126891e+02 3.648820753404400818e+01
1.010547713661126750e+02 3.620916856604399925e+01
1.011944954871126470e+02 3.592982326904400736e+01
1.013336827341127560e+02 3.565021043404399848e+01
1.014723292341125784e+02 3.537032970904400031e+01
1.016104287081125790e+02 3.509017911104400866e+01
1.017479719761127512e+02 3.480975544604400795e+01
1.018849466881127341e+02 3.452905403704400555e+01
1.020213368971126897e+02 3.424806854404400269e+01
1.021571224801126050e+02 3.396679073204400368e+01
1.022922783911126885e+02 3.368521015504400395e+01
1.024267736621125664e+02 3.340331374104400197e+01
1.025605700701126466e+02 3.312108523504400637e+01
1.026936203101127489e+02 3.283850445104400251e+01
1.028258654801125545e+02 3.255554622204400061e+01
1.029572314871127787e+02 3.227217894704399725e+01
1.030876237901125592e+02 3.198836250504400880e+01
1.032169195821125527e+02 3.170404486204400030e+01
1.033449550821126763e+02 3.141915758704399764e+01
1.034715049531126283e+02 3.113360738604400524e+01
1.035962453281127296e+02 3.084726220604400737e+01
1.037186820971126622e+02 3.055992479204400070e+01
1.038379935061125821e+02 3.027127649504400608e+01
1.039526136971126675e+02 2.998073656504399764e+01
1.040587072261126309e+02 2.968699362604399994e+01
1.041362741211126490e+02 2.938507973104400151e+01
1.038421938391125536e+02 2.932827419604400632e+01
1.035329920301126663e+02 2.928410066804400458e+01
1.032237926951127633e+02 2.923991248704400903e+01
1.029146042941127348e+02 2.919569768704400303e+01
1.026054195571126115e+02 2.915144243704399685e+01
1.022962418221125631e+02 2.910713476604399830e+01
1.019870723221127378e+02 2.906276270904400860e+01
1.016779125891126228e+02 2.901831461704399828e+01
1.013687638731126412e+02 2.897377903904400398e+01
1.010596274651125555e+02 2.892914474304400585e+01
1.007505046661127039e+02 2.888440068304400654e+01
1.004413968381125528e+02 2.883953597504400079e+01
1.001323583021126638e+02 2.879454759304400113e+01
9.982330668311266209e+01 2.874941272504399592e+01
9.951428102411256305e+01 2.870412631004400339e+01
9.920522265511277737e+01 2.865866902704399877e+01
9.889602622411263155e+01 2.861301455704399643e+01
9.858834018011276612e+01 2.856739690104400609e+01
9.827813791211275429e+01 2.852120746104399984e+01
9.796935397911266818e+01 2.847502035904400941e+01
9.766053613211266793e+01 2.842860906404399657e+01
9.735171488311272014e+01 2.838196736604400883e+01
9.704291587311269041e+01 2.833508832704400504e+01
9.673396549211275897e+01 2.828793450404400289e+01
9.642533315911265390e+01 2.824056671404400731e+01
9.611679072511270761e+01 2.819293930904400725e+01
9.580811876711260311e+01 2.814500706004400854e+01
9.549956710811267158e+01 2.809679727604400057e+01
9.519102249711255581e+01 2.804828078804399638e+01
9.488252398411265176e+01 2.799945194904400125e+01
9.457407252311264756e+01 2.795029896604400221e+01
9.426567169111268640e+01 2.790081022804400845e+01
9.395732513411263653e+01 2.785097388904399907e+01
9.364903628011262526e+01 2.780077780004400267e+01
9.334080839611266356e+01 2.775020949304399664e+01
9.303273131511269867e+01 2.769927055604399868e+01
9.272469257811263788e+01 2.764792884804400330e+01
9.241693155511262603e+01 2.759621061304400769e+01
9.210915510511273396e+01 2.754405242504400064e+01
9.180137193811270890e+01 2.749144054904400036e+01
9.149365298811272851e+01 2.743837158404400611e+01
9.118599598111273963e+01 2.738482925004400670e+01
9.087840634911259485e+01 2.733079806304399995e+01
9.057089059011269683e+01 2.727626217504399619e+01
9.026345521111267090e+01 2.722120515804400043e+01
8.995610601411277685e+01 2.716560982804399771e+01
8.964890549311263612e+01 2.710946874004400797e+01
8.934159308811268829e+01 2.705271418804400696e+01
8.903449209711271806e+01 2.699538513704399634e+01
8.872748503111262153e+01 2.693743863404399974e+01
8.842060082411268240e+01 2.687885791004400460e+01
8.811386259311262847e+01 2.681962430104400141e+01
8.780724719311257331e+01 2.675970917604399801e+01
8.750095324811269393e+01 2.669912664504400368e+01
8.719438473511269194e+01 2.663773140404400408e+01
8.688810987211269321e+01 2.657560833004400536e+01
8.658206390211267944e+01 2.651271581404400024e+01
8.627629179711271945e+01 2.644903301504400872e+01
8.597069610411273288e+01 2.638450765804400078e+01
8.566528637311267858e+01 2.631910756304399968e+01
8.536007226011275861e+01 2.625279867204400830e+01
8.505508617411265959e+01 2.618554990704400609e+01
8.475028531111257735e+01 2.611731126704400197e+01
8.444572059111266071e+01 2.604805102504400338e+01
8.414140694711255719e+01 2.597772694004400762e+01
8.383732781211261909e+01 2.590628641604399718e+01
8.353411034511265143e+01 2.583382831304399474e+01
8.323019672811261671e+01 2.575992240204399764e+01
8.292688740111276502e+01 2.568482103804399230e+01
8.262405321711258921e+01 2.560843135004401461e+01
8.232159829011271768e+01 2.553066179204401465e+01
8.201944080611275467e+01 2.545141703604400618e+01
8.171776028511277445e+01 2.537066430404399853e+01
8.141639126811270444e+01 2.528827241704399853e+01
8.111564804711275656e+01 2.520423378204401388e+01
8.081533740511264341e+01 2.511839302604400359e+01
8.051557099411257923e+01 2.503066980504399908e+01
8.021639398411258526e+01 2.494095509504398933e+01
7.991785764411275750e+01 2.484912991404399918e+01
7.962001966511257933e+01 2.475506381004399259e+01
7.932294524711261374e+01 2.465861328404400865e+01
7.902670847311270563e+01 2.455961995204401660e+01
7.873139392511262713e+01 2.445790834204399289e+01
7.843709908911256434e+01 2.435328342304399030e+01
7.814393628411272630e+01 2.424552728204400864e+01
7.785203454511275822e+01 2.413439485504400750e+01
7.756155720911266371e+01 2.401961472404400411e+01
7.727267779811273840e+01 2.390087227204401188e+01
7.698561170411272769e+01 2.377781243704399117e+01
7.670061791511267302e+01 2.365002878404399667e+01
7.641801051111275456e+01 2.351705318604399508e+01
7.613817458911267977e+01 2.337834318704400971e+01
7.586158790611267477e+01 2.323326630204400089e+01
7.558885083511273706e+01 2.308108058604400981e+01
7.532072847311275154e+01 2.292091087804399763e+01
7.505821063911258761e+01 2.275172045404400478e+01
7.480259847111261706e+01 2.257227906504400039e+01
7.455563064711265042e+01 2.238113164304400016e+01
7.431988887111270969e+01 2.217678430804400591e+01
7.409732874511274758e+01 2.195774236304399096e+01
7.388443345711272059e+01 2.172929926304399828e+01
7.367964837811274492e+01 2.149312466804400401e+01
7.348316961311257955e+01 2.125059330404400271e+01
7.329407003211264282e+01 2.100171330004400261e+01
7.311245953811277332e+01 2.074776973404399882e+01
7.293773714011268794e+01 2.048908324004401038e+01
7.276929249911273700e+01 2.022583636504398896e+01
7.260697099711256897e+01 1.995884758404400827e+01
7.245046166811272315e+01 1.968866993304399671e+01
7.229917865511271202e+01 1.941530227804400965e+01
7.215291316111262176e+01 1.913933081004401515e+01
7.201127332411266480e+01 1.886095166904399889e+01
7.187395134511262995e+01 1.858045140904400228e+01
7.174060217511265591e+01 1.829797486104399695e+01
7.161098642611256082e+01 1.801382753104400081e+01
7.148487701511277237e+01 1.772829739104400915e+01
7.136179654111271020e+01 1.744103481704399883e+01
7.124176886611263626e+01 1.715279735704399400e+01
7.112440729411270013e+01 1.686333650504400339e+01
7.100953863511273312e+01 1.657286239804400907e+01
7.089695746111266317e+01 1.628146712304399557e+01
7.078652374911263223e+01 1.598937586304398906e+01
7.067799379011268002e+01 1.569650382104399000e+01
7.057117403611260897e+01 1.540285658304401295e+01
7.046603026911276402e+01 1.510885207104399797e+01
7.036226858411265539e+01 1.481415703304401177e+01
7.025984000811268970e+01 1.451909661804401708e+01
7.015857301511260857e+01 1.422362490404401569e+01
7.005834310311257696e+01 1.392780625504400405e+01
6.995903295411272893e+01 1.363170495504400037e+01
6.986051021011263629e+01 1.333531985704399858e+01
6.976266468111276708e+01 1.303869683304401406e+01
6.966539199211257483e+01 1.274188233904399681e+01
6.956858929911260248e+01 1.244491164804401251e+01
6.947216069011261652e+01 1.214782657004400335e+01
6.937601463711263250e+01 1.185066888604399082e+01
6.928005644811270258e+01 1.155345797604400104e+01
6.918419318311276811e+01 1.125620691604399326e+01
6.908833343011275474e+01 1.095892284004401063e+01
6.899246090211255478e+01 1.066183585104400322e+01
6.889641822711274699e+01 1.036472952204400144e+01
6.880007160011274436e+01 1.006745377204399006e+01
6.870347645711268569e+01 9.770434727044005285e+00
6.860650854711258262e+01 9.473536459043998548e+00
6.850909720611258535e+01 9.176782175043996403e+00
6.841117255511272788e+01 8.880191660044005175e+00
6.831266593111269003e+01 8.583783133043993985e+00
6.821350793211269092e+01 8.287567942044006486e+00
6.811363696311269678e+01 7.991576477043991211e+00
6.801300666311277610e+01 7.695879487044009259e+00
6.791155193711261973e+01 7.400488026044000911e+00
6.780924720911258419e+01 7.105523506043993187e+00
6.770594882011261006e+01 6.810764912043992148e+00
6.760162713711275728e+01 6.516318913043988026e+00
6.749625448911257308e+01 6.222291722043990170e+00
6.738976139111269958e+01 5.928668861044001481e+00
6.728210862111274082e+01 5.635517466044006163e+00
6.717321185611268675e+01 5.342780139044008614e+00
6.706303282411255395e+01 5.050523369044014110e+00
6.695151923411259531e+01 4.758773540043988781e+00
6.683861958011272009e+01 4.467557591043997967e+00
6.672428311411255208e+01 4.176903049043999339e+00
6.660845983111272517e+01 3.886838057044001538e+00
6.649110045711273642e+01 3.597391403044013281e+00
6.637215643811265409e+01 3.308592551043999741e+00
6.625157994111265225e+01 3.020471665043998222e+00
6.612932384611264069e+01 2.733059630044009758e+00
6.600534176111256102e+01 2.446388078044008374e+00
6.587958802311260342e+01 2.160489402043991980e+00
6.575201737911271493e+01 1.875396043043991101e+00
6.562258697911266836e+01 1.591144863044007041e+00
6.549125254411256947e+01 1.307768606043992365e+00
6.535797150211266171e+01 1.025302871044004194e+00
6.522270211011260699e+01 7.437840840439939871e-01
6.508540348211255377e+01 4.632494900440058405e-01
6.494603562411276698e+01 1.837371550440131951e-01
6.480455940411258098e+01 -9.471415095600900502e-02
6.466093678611269979e+01 -3.720645909560011955e-01
6.451513047511258492e+01 -6.482740279560068597e-01
6.436710396211270790e+01 -9.233019969559854712e-01
6.421672788111260388e+01 -1.197276690955988654e+00
6.406415730811255571e+01 -1.469811114956002696e+00
6.390926625311277576e+01 -1.741033581956003884e+00
6.375202354711274211e+01 -2.010899562955985154e+00
6.359239935711258340e+01 -2.279363830955987602e+00
6.343036524211271399e+01 -2.546380496956005324e+00
6.326589421211275521e+01 -2.811903055956009645e+00
6.309896078911270934e+01 -3.075884425955991652e+00
6.292954106211260523e+01 -3.338277006955991943e+00
6.275761275211272050e+01 -3.599032720955990250e+00
6.258315527111273013e+01 -3.858103081955989389e+00
6.240614977711271649e+01 -4.115439253955998744e+00
6.222657923611274100e+01 -4.370992116955989992e+00
6.204442847211277012e+01 -4.624712342956002864e+00
6.185968422611273354e+01 -4.876550465956001723e+00
6.167233520111273037e+01 -5.126456965956010414e+00
6.148237211511269606e+01 -5.374382348956005195e+00
6.128978773711270378e+01 -5.620277235955996709e+00
6.109457693411269474e+01 -5.864092455955984384e+00
6.089673670111261572e+01 -6.105779129956006024e+00
6.069626619411275215e+01 -6.345288773955986450e+00
6.049316675511255426e+01 -6.582573392955993974e+00
6.028744193011272046e+01 -6.817585573955995848e+00
6.007909748911271208e+01 -7.050278589956008979e+00
5.986814142811277861e+01 -7.280606494956004759e+00
5.965458398411266216e+01 -7.508524214955998310e+00
5.943843762311263390e+01 -7.733987652955989667e+00
5.921971703911259510e+01 -7.956953772955984938e+00
5.899843905811263767e+01 -8.177380779955996104e+00
5.877565052611276997e+01 -8.396281416955986288e+00
5.855201681011277515e+01 -8.614314520955986154e+00
5.832645146511259782e+01 -8.830342663956002980e+00
5.809796028411261659e+01 -9.043265923955999597e+00
5.786567948211273915e+01 -9.252059536956011243e+00
5.762893052411260442e+01 -9.455773031955999386e+00
5.738721829811271391e+01 -9.653568868956000415e+00
5.714023489811262380e+01 -9.844738895955998714e+00
5.688785022811276804e+01 -1.002871583595600669e+01
5.663009049411272144e+01 -1.020507919895598548e+01
5.636711001611257643e+01 -1.037355338495598289e+01
5.609916027811260619e+01 -1.053399854795600277e+01
5.582655956911258954e+01 -1.068639585895598998e+01
5.554962093711270654e+01 -1.083085180095599753e+01
5.526878364311261294e+01 -1.096749845195600415e+01
5.498439318111269358e+01 -1.109658107895600665e+01
5.469680994311266886e+01 -1.121837556195600882e+01
5.440637414611256872e+01 -1.133318755295599090e+01
5.411340075111257875e+01 -1.144133984095600454e+01
5.381817803811264866e+01 -1.154316193995600770e+01
5.352095962011259189e+01 -1.163898476995601072e+01
5.322193630111274842e+01 -1.172914270195599329e+01
5.292134060211270707e+01 -1.181393818995599077e+01
5.261935834011256929e+01 -1.189366859595600090e+01
5.231615189511268227e+01 -1.196861729095599003e+01
5.201185130111258559e+01 -1.203905510795598843e+01
5.170655028511265527e+01 -1.210524041895598657e+01
5.140045532211257751e+01 -1.216738921595600686e+01
5.109361102911276475e+01 -1.222573463795600901e+01
5.078610339711264032e+01 -1.228048340395599780e+01
5.047800843711257812e+01 -1.233182838295599026e+01
5.016939324911260201e+01 -1.237994944195600056e+01
4.986031713811263444e+01 -1.242501426495599048e+01
4.955083267711262351e+01 -1.246717915995600379e+01
4.924098630911277041e+01 -1.250658989495599371e+01
4.893081950511265177e+01 -1.254338240695599893e+01
4.862036900811273199e+01 -1.257768357795600878e+01
4.830966754911270300e+01 -1.260961189495600365e+01
4.799874427011269518e+01 -1.263927809495598353e+01
4.768762538811262175e+01 -1.266678572795601099e+01
4.737633379411255419e+01 -1.269223177295600635e+01
4.706489026511263774e+01 -1.271570705695600623e+01
4.675331324411268952e+01 -1.273729676195600291e+01
4.644156722311259955e+01 -1.275708399395600168e+01
4.612975644011277154e+01 -1.277513807395598633e+01
4.581785270911274210e+01 -1.279153232195599799e+01
4.550586818311268189e+01 -1.280633314795599631e+01
4.519381475711276153e+01 -1.281960308195598941e+01
4.488170217511270721e+01 -1.283140114695598299e+01
4.456953923411271035e+01 -1.284178304795599956e+01
4.425733388311260796e+01 -1.285080141095599515e+01
4.394509323911262300e+01 -1.285850599795600147e+01
4.363282399811265577e+01 -1.286494389495598512e+01
4.332053189011259065e+01 -1.287015971195600628e+01
4.300822184411259741e+01 -1.287419573695601116e+01
4.269589548711275029e+01 -1.287709211095599926e+01
4.238356004311259539e+01 -1.287888687895599560e+01
4.207121939811264610e+01 -1.287961623995599325e+01
4.175892778011262862e+01 -1.287963732595599708e+01
4.144659358711265895e+01 -1.287963732595599708e+01
4.113425927811255178e+01 -1.287963732595599708e+01
4.082187991111260317e+01 -1.287963732595599708e+01
4.050954196811272823e+01 -1.287963732595599708e+01
4.019720378711264175e+01 -1.287963732595599708e+01
3.988486552011255526e+01 -1.287963732595599708e+01
3.957252717911256923e+01 -1.287963732595599708e+01
3.926018877111260963e+01 -1.287963732595599708e+01
3.894785029911264473e+01 -1.287963732595599708e+01
3.863551176411266397e+01 -1.287963732595599708e+01
3.832317316211270963e+01 -1.287963732595599708e+01
3.801083448511263896e+01 -1.287963732595599708e+01
3.769849572211256827e+01 -1.287963732595599708e+01
3.738615685711266678e+01 -1.287963732595599708e+01
3.707381787211267010e+01 -1.287963732595599708e+01
3.676147874611257294e+01 -1.287963732595599708e+01
3.644913945311265024e+01 -1.287963732595599708e+01
3.613679997011269052e+01 -1.287963732595599708e+01
3.582446026811277306e+01 -1.287963732595599708e+01
3.551212032111271810e+01 -1.287963732595599708e+01
3.519978010911273714e+01 -1.287963732595599708e+01
3.488743960611265038e+01 -1.287963732595599708e+01
3.457509879911259532e+01 -1.287963732595599708e+01
3.426293137911267195e+01 -1.287963732595599708e+01
3.395061064211273560e+01 -1.287963732595599708e+01
3.363828994911256132e+01 -1.287963732595599708e+01
3.332596909611271485e+01 -1.287963732595599708e+01
3.301364827411276792e+01 -1.287963732595599708e+01
3.270132757011270996e+01 -1.287963732595599708e+01
3.238893834011270201e+01 -1.287963732595599708e+01
3.207660244311256292e+01 -1.287963732595599708e+01
3.176426622311265646e+01 -1.287963732595599708e+01
3.145192967911276583e+01 -1.287963732595599708e+01
3.113959281111266364e+01 -1.287963732595599708e+01
3.082725548111267244e+01 -1.287963732595599708e+01
3.051491787211267592e+01 -1.287963732595599708e+01
3.020257989311272695e+01 -1.287963732595599708e+01
2.989024152911275678e+01 -1.287963732595599708e+01
2.957790275511257505e+01 -1.287963732595599708e+01
2.926556354811265237e+01 -1.287963732595599708e+01
2.895322388111259215e+01 -1.287963732595599708e+01
2.864088372311272224e+01 -1.287963732595599708e+01
2.832854304011272006e+01 -1.287963732595599708e+01
2.801620179711272840e+01 -1.287963732595599708e+01
2.770385995711268379e+01 -1.287963732595599708e+01
2.739151748011255449e+01 -1.287963732595599708e+01
2.707917432611276354e+01 -1.287963732595599708e+01
2.676688117311260839e+01 -1.287963732595599708e+01
2.645454381611267536e+01 -1.287963732595599708e+01
2.614220634511258368e+01 -1.287963732595599708e+01
2.582986874411272993e+01 -1.287963732595599708e+01
2.551753100111255890e+01 -1.287963732595599708e+01
2.520519309911270511e+01 -1.287963732595599708e+01
2.489285502411263451e+01 -1.287963732595599708e+01
2.458051676011274367e+01 -1.287963732595599708e+01
2.426817829011275762e+01 -1.287963732595599708e+01
2.395583959811261821e+01 -1.287963732595599708e+01
2.364346013711275418e+01 -1.287963732595599708e+01
2.333112662911258894e+01 -1.287963732595599708e+01
2.301879229111256109e+01 -1.287963732595599708e+01
2.270645713511277108e+01 -1.287963732595599708e+01
2.239395934411260214e+01 -1.287963732595599708e+01
2.208178711811257244e+01 -1.287963732595599708e+01
2.176939427011262751e+01 -1.287963732595599708e+01
2.145698084111273829e+01 -1.287963732595599708e+01
2.114458108411264448e+01 -1.287963732595599708e+01
2.083223876811263153e+01 -1.287963732595599708e+01
2.051990381311276224e+01 -1.287963732595599708e+01
2.020757429911265035e+01 -1.287963732595599708e+01
1.989524825411268694e+01 -1.287963732595599708e+01
1.958292419611262858e+01 -1.287963732595599708e+01
1.927060110411258620e+01 -1.287963732595599708e+01
1.895827829911269191e+01 -1.287963732595599708e+01
1.864599612711259624e+01 -1.287963732595599708e+01
1.833366128311268994e+01 -1.287963732595599708e+01
1.802132878211256184e+01 -1.287963732595599708e+01
1.770899792311257670e+01 -1.287963732595599708e+01
1.739666796511261282e+01 -1.287963732595599708e+01
1.708433136311265343e+01 -1.287963732595599708e+01
1.677198213111256564e+01 -1.287963732595599708e+01
1.645963133411265744e+01 -1.287963732595599708e+01
1.614727926311257988e+01 -1.287963732595599708e+01
1.583492621911255860e+01 -1.287963732595599708e+01
1.552257247211269764e+01 -1.287963732595599708e+01
1.521021826211273087e+01 -1.287963732595599708e+01
1.489786379511275349e+01 -1.287963732595599708e+01
1.458550924511274438e+01 -1.287963732595599708e+01
1.427315475711276171e+01 -1.287963732595599708e+01
1.396080053911265217e+01 -1.287963732595599708e+01
1.364844646411262197e+01 -1.287963732595599708e+01
1.333609278211275573e+01 -1.287963732595599708e+01
1.302373954511273091e+01 -1.287963732595599708e+01
1.271138679911274316e+01 -1.287963732595599708e+01
1.239903457911264972e+01 -1.287963732595599708e+01
1.208668291811255635e+01 -1.287963732595599708e+01
1.177433183911267456e+01 -1.287963732595599708e+01
1.146198136111257604e+01 -1.287963732595599708e+01
1.114963149811256748e+01 -1.287963732595599708e+01
1.083728225711257487e+01 -1.287963732595599708e+01
1.052489208011257737e+01 -1.287963732595599708e+01
1.021254930711262254e+01 -1.287963732595599708e+01
9.900206589112768185e+00 -1.287963732595599708e+01
9.587863982112649452e+00 -1.287963732595599708e+01
9.275521528112731673e+00 -1.287963732595599708e+01
8.963179264112623557e+00 -1.287963732595599708e+01
8.650837221112679387e+00 -1.287963732595599708e+01
8.338495422112655930e+00 -1.287963732595599708e+01
8.026153887112569052e+00 -1.287963732595599708e+01
7.713812631112715756e+00 -1.287963732595599708e+01
7.401471665112750564e+00 -1.287963732595599708e+01
7.089130996112600336e+00 -1.287963732595599708e+01
6.776790629112666942e+00 -1.287963732595599708e+01
6.464450567112691282e+00 -1.287963732595599708e+01
6.152110809112683931e+00 -1.287963732595599708e+01
5.839771353112666041e+00 -1.287963732595599708e+01
5.527432195112679914e+00 -1.287963732595599708e+01
5.215093330112551051e+00 -1.287963732595599708e+01
4.902754751112580855e+00 -1.287963732595599708e+01
4.590458077112599788e+00 -1.287963732595599708e+01
4.278112260112776788e+00 -1.287963732595599708e+01
3.965767735112705417e+00 -1.287963732595599708e+01
3.653424417112602463e+00 -1.287963732595599708e+01
3.341082219112705864e+00 -1.287963732595599708e+01
3.028741052112592591e+00 -1.287963732595599708e+01
2.716400830112717379e+00 -1.287963732595599708e+01
2.404061462112678349e+00 -1.287963732595599708e+01
2.091722856112766316e+00 -1.287963732595599708e+01
1.779384837112558015e+00 -1.287963732595599708e+01
1.467047530112550957e+00 -1.287963732595599708e+01
1.154710682112692011e+00 -1.287963732595599708e+01
8.423742091127326415e-01 -1.287963732595599708e+01
5.300380231126939901e-01 -1.287963732595599708e+01
2.177020831125549560e-01 -1.287963732595599708e+01
-9.463385888733560902e-02 -1.287963732595599708e+01
-4.069698008872261741e-01 -1.287963732595599708e+01
-7.193057408873653191e-01 -1.287963732595599708e+01
-1.031641925887414546e+00 -1.287963732595599708e+01
-1.343978397887384491e+00 -1.287963732595599708e+01
-1.656315243887264588e+00 -1.287963732595599708e+01
-1.968652547887303372e+00 -1.287963732595599708e+01
-2.280990560887347307e+00 -1.287963732595599708e+01
-2.593329160887322793e+00 -1.287963732595599708e+01
-2.905668520887446427e+00 -1.287963732595599708e+01
-3.218008733887416817e+00 -1.287963732595599708e+01
-3.530349887887440197e+00 -1.287963732595599708e+01
-3.842692071887257477e+00 -1.287963732595599708e+01
-4.155035372887312839e+00 -1.287963732595599708e+01
-4.467379878887357769e+00 -1.287963732595599708e+01
-4.779725673887413429e+00 -1.287963732595599708e+01
-5.092022439887331053e+00 -1.287963732595599708e+01
-5.404361013887354126e+00 -1.287963732595599708e+01
-5.716699873887308492e+00 -1.287963732595599708e+01
-6.029039025887358072e+00 -1.287963732595599708e+01
-6.341378474887222616e+00 -1.287963732595599708e+01
-6.653718226887293419e+00 -1.287963732595599708e+01
-6.966058281887343107e+00 -1.287963732595599708e+01
-7.278398641887350529e+00 -1.287963732595599708e+01
-7.590739303887347411e+00 -1.287963732595599708e+01
-7.903080262887386631e+00 -1.287963732595599708e+01
-8.215421510887326306e+00 -1.287963732595599708e+01
-8.527763038887259839e+00 -1.287963732595599708e+01
-8.840104829887367899e+00 -1.287963732595599708e+01
-9.152446866887375521e+00 -1.287963732595599708e+01
-9.464789124887319716e+00 -1.287963732595599708e+01
-9.777131572887300948e+00 -1.287963732595599708e+01
-1.008947417688722403e+01 -1.287963732595599708e+01
-1.040181689188733749e+01 -1.287963732595599708e+01
-1.071415966588728175e+01 -1.287963732595599708e+01
-1.102654963488743256e+01 -1.287963732595599708e+01
-1.133889884988724539e+01 -1.287963732595599708e+01
-1.165124868788729096e+01 -1.287963732595599708e+01
-1.196359913888744764e+01 -1.287963732595599708e+01
-1.227595018988739817e+01 -1.287963732595599708e+01
-1.258830182388732233e+01 -1.287963732595599708e+01
-1.290065401788723598e+01 -1.287963732595599708e+01
-1.321300673788727131e+01 -1.287963732595599708e+01
-1.352535994988733314e+01 -1.287963732595599708e+01
-1.383771360888744262e+01 -1.287963732595599708e+01
-1.415006766188725074e+01 -1.287963732595599708e+01
-1.446242186388730211e+01 -1.287963732595599708e+01
-1.477477633888742226e+01 -1.287963732595599708e+01
-1.508713088088728860e+01 -1.287963732595599708e+01
-1.539948534788726597e+01 -1.287963732595599708e+01
-1.571183956588737551e+01 -1.287963732595599708e+01
-1.602419333088727171e+01 -1.287963732595599708e+01
-1.633654640588741813e+01 -1.287963732595599708e+01
-1.664889852188724717e+01 -1.287963732595599708e+01
-1.696124938088740919e+01 -1.287963732595599708e+01
-1.727359868988736480e+01 -1.287963732595599708e+01
-1.758593608788731899e+01 -1.287963732595599708e+01
-1.789826603588738863e+01 -1.287963732595599708e+01
-1.821059685588733146e+01 -1.287963732595599708e+01
-1.852292927088723218e+01 -1.287963732595599708e+01
-1.883526396988730767e+01 -1.287963732595599708e+01
-1.914754692688728710e+01 -1.287963732595599708e+01
-1.945986976388729772e+01 -1.287963732595599708e+01
-1.977219285588734010e+01 -1.287963732595599708e+01
-2.008451686188726626e+01 -1.287963732595599708e+01
-2.039684277288728254e+01 -1.287963732595599708e+01
-2.070917203088737324e+01 -1.287963732595599708e+01
-2.102150657688724777e+01 -1.287963732595599708e+01
-2.133384837788725008e+01 -1.287963732595599708e+01
-2.164624475688736993e+01 -1.287963732595599708e+01
-2.195865515588724293e+01 -1.287963732595599708e+01
-2.227105972188741134e+01 -1.287963732595599708e+01
-2.258324077788728346e+01 -1.287963732595599708e+01
-2.289565652888740033e+01 -1.287963732595599708e+01
-2.320799657388732840e+01 -1.287963732595599708e+01
-2.352033616588727227e+01 -1.287963732595599708e+01
-2.383267528388722667e+01 -1.287963732595599708e+01
-2.414506033588730816e+01 -1.287963732595599708e+01
-2.445740525588729497e+01 -1.287963732595599708e+01
-2.476975024188726593e+01 -1.287963732595599708e+01
-2.508209527288744312e+01 -1.287963732595599708e+01
-2.539444032288741937e+01 -1.287963732595599708e+01
-2.570678535588734803e+01 -1.287963732595599708e+01
-2.601913033288741417e+01 -1.287963732595599708e+01
-2.633147520688743271e+01 -1.287963732595599708e+01
-2.664381992788725029e+01 -1.287963732595599708e+01
-2.695616444388741684e+01 -1.287963732595599708e+01
-2.726850870288734541e+01 -1.287963732595599708e+01
-2.758081421288733281e+01 -1.287963732595599708e+01
-2.789316323988731483e+01 -1.287963732595599708e+01
-2.820551117788744477e+01 -1.287963732595599708e+01
-2.851785825988730494e+01 -1.287963732595599708e+01
-2.883020446888730248e+01 -1.287963732595599708e+01
-2.914254960888723645e+01 -1.287963732595599708e+01
-2.945489383188731836e+01 -1.287963732595599708e+01
-2.976723714188727854e+01 -1.287963732595599708e+01
-3.007957953788735495e+01 -1.287963732595599708e+01
-3.039203414788738655e+01 -1.287963732595599708e+01
-3.070435689788740774e+01 -1.287963732595599708e+01
-3.101667873088734950e+01 -1.287963732595599708e+01
-3.132899976188735991e+01 -1.287963732595599708e+01
-3.164097318488728661e+01 -1.287963732595599708e+01
-3.195331095288742063e+01 -1.287963732595599708e+01
-3.226587604788727504e+01 -1.287963732595599708e+01
-3.257823344888737438e+01 -1.287963732595599708e+01
-3.289061031988734385e+01 -1.287963732595599708e+01
-3.320288966788729113e+01 -1.287963732595599708e+01
-3.351520818688726422e+01 -1.287963732595599708e+01
-3.382748498088739098e+01 -1.287963732595599708e+01
-3.413980951088723259e+01 -1.287963732595599708e+01
-3.445212846088742253e+01 -1.287963732595599708e+01
-3.476436623888724853e+01 -1.287963732595599708e+01
-3.507670705688741464e+01 -1.287963732595599708e+01
-3.538904757088738506e+01 -1.287963732595599708e+01
-3.570138779288726028e+01 -1.287963732595599708e+01
-3.601372774988743686e+01 -1.287963732595599708e+01
-3.632606746088725913e+01 -1.287963732595599708e+01
-3.663840695288735105e+01 -1.287963732595599708e+01
-3.695074625188743767e+01 -1.287963732595599708e+01
-3.726308538388724401e+01 -1.287963732595599708e+01
-3.757542437388741519e+01 -1.287963732595599708e+01
-3.788776324188728495e+01 -1.287963732595599708e+01
-3.820010200688733448e+01 -1.287963732595599708e+01
-3.851244068588738401e+01 -1.287963732595599708e+01
-3.882477928888732777e+01 -1.287963732595599708e+01
-3.913711782488729796e+01 -1.287963732595599708e+01
-3.944945629588727343e+01 -1.287963732595599708e+01
-3.976179470488722245e+01 -1.287963732595599708e+01
-4.007413304588743586e+01 -1.287963732595599708e+01
-4.038647131288729497e+01 -1.287963732595599708e+01
-4.069880949488737087e+01 -1.287963732595599708e+01
-4.101114743988722466e+01 -1.287963732595599708e+01
-4.132352700788732136e+01 -1.287963732595599708e+01
-4.163586132688732278e+01 -1.287963732595599708e+01
-4.194819552888742464e+01 -1.287963732595599708e+01
-4.226048685988729403e+01 -1.287961624295598995e+01
-4.257282752288728034e+01 -1.287888700295599165e+01
-4.288516299088740880e+01 -1.287709253595599534e+01
-4.319748937588741455e+01 -1.287419666395598483e+01
-4.350979948088723859e+01 -1.287016135795599325e+01
-4.382209160488736188e+01 -1.286494650095599468e+01
-4.413436087088729209e+01 -1.285850982595599135e+01
-4.444660154988736167e+01 -1.285080674695601033e+01
-4.475880694888741118e+01 -1.284179020395600901e+01
-4.507096995488740276e+01 -1.283141046395599005e+01
-4.538308262388744652e+01 -1.281961493095599280e+01
-4.569513616188731930e+01 -1.280634793495599411e+01
-4.600712082988724205e+01 -1.279155048895600544e+01
-4.631902488688723452e+01 -1.277516009495599292e+01
-4.663083583688734279e+01 -1.275711040395600548e+01
-4.694258317788734303e+01 -1.273732806295600994e+01
-4.725416030488730712e+01 -1.271574395095601062e+01
-4.756560401288737694e+01 -1.269227494495598307e+01
-4.787689588288725417e+01 -1.266683592195599317e+01
-4.818801515288731707e+01 -1.263933612195600631e+01
-4.849893898688736726e+01 -1.260967863695600499e+01
-4.880964118188734346e+01 -1.257775999695599012e+01
-4.912009262888722105e+01 -1.254346955195600799e+01
-4.943026063588735042e+01 -1.250668890895599361e+01
-4.974010851988731474e+01 -1.246729128295598343e+01
-5.004959479888742635e+01 -1.242514085995600226e+01
-5.035867312888734659e+01 -1.238009198795600696e+01
-5.066729099188722785e+01 -1.233198848895600008e+01
-5.097538915088733802e+01 -1.228066282395599274e+01
-5.128290059188742589e+01 -1.222593527795598334e+01
-5.158974940988736080e+01 -1.216761314595601107e+01
-5.189584971488733345e+01 -1.210548988595598985e+01
-5.220115617788741247e+01 -1.203933273795598780e+01
-5.250546578688744148e+01 -1.196892513695598836e+01
-5.280868051788723960e+01 -1.189400993695599595e+01
-5.311067239988727806e+01 -1.181431608995600868e+01
-5.341127927788733132e+01 -1.172956042295598422e+01
-5.371031572688724509e+01 -1.163944571395600747e+01
-5.400755026188738839e+01 -1.154366939595598751e+01
-5.430279107588734178e+01 -1.144189761695599827e+01
-5.459578489588733419e+01 -1.133379952095600629e+01
-5.488624377988725200e+01 -1.121904556695599808e+01
-5.517385315688733272e+01 -1.109731278495598872e+01
-5.545827302788728730e+01 -1.096829524095599595e+01
-5.573914314988741125e+01 -1.083171656595598620e+01
-5.601612220488726734e+01 -1.068732854095600260e+01
-5.628876133388729386e+01 -1.053500305095599288e+01
-5.655675242988735363e+01 -1.037462964295599477e+01
-5.681977635688730288e+01 -1.020622564195599580e+01
-5.707758057288737064e+01 -1.002992902595599389e+01
-5.733000908488742198e+01 -9.846013475955999183e+00
-5.757703364288744297e+01 -9.654897465955997404e+00
-5.781878197888744353e+01 -9.457146288956010949e+00
-5.805555943088728554e+01 -9.253466274955997051e+00
-5.828786021988724997e+01 -9.044691845956009502e+00
-5.851636220588733295e+01 -8.831770461955983365e+00
-5.874191752988730286e+01 -8.615735190956002043e+00
-5.896552592188726294e+01 -8.397679064956008688e+00
-5.918827575088738513e+01 -8.178741588956000896e+00
-5.940954687188735761e+01 -7.958309734956004355e+00
-5.962826064888730571e+01 -7.735338447955997232e+00
-5.984440019588731730e+01 -7.509869604956009859e+00
-6.005795079988723728e+01 -7.281946274955999776e+00
-6.026889998088739731e+01 -7.051612593956009256e+00
-6.047723749188725151e+01 -6.818913667955997404e+00
-6.068295532188739116e+01 -6.583895478956010017e+00
-6.088604769688726037e+01 -6.346604786955993838e+00
-6.108651106388737162e+01 -6.107089034956005413e+00
-6.128434407788739691e+01 -5.865396245955992960e+00
-6.147954758588724644e+01 -5.621574931955991339e+00
-6.167212459388741763e+01 -5.375673989955999765e+00
-6.186208024088722368e+01 -5.127742614955992373e+00
-6.204942176088724182e+01 -4.877830202956006111e+00
-6.223415844688742027e+01 -4.625986260955984086e+00
-6.241630160288735851e+01 -4.372260322956010192e+00
-6.259586449788724849e+01 -4.116701863955996465e+00
-6.277286231788724535e+01 -3.859360219955989102e+00
-6.294731210888738815e+01 -3.600284515955991971e+00
-6.311923272388725081e+01 -3.339523587955995687e+00
-6.328864476388724825e+01 -3.077125924955994130e+00
-6.345557052088742012e+01 -2.813139593956010209e+00
-6.362003391688739384e+01 -2.547612195955992753e+00
-6.378206044288725707e+01 -2.280590800955992314e+00
-6.394167710088726153e+01 -2.012121905956008483e+00
-6.409891234388732073e+01 -1.742251386955985692e+00
-6.425379601288722142e+01 -1.471024458956009751e+00
-6.440635928488740092e+01 -1.198485639956005100e+00
-6.455672633988723419e+01 -9.245099399560110509e-01
-6.470474687688732729e+01 -6.494756099559999551e-01
-6.485056302088736402e+01 -3.732297149560117600e-01
-6.499418021388731859e+01 -9.587154195600146311e-02
-6.513565054088729767e+01 1.825864640439924524e-01
-6.527501229588727938e+01 4.621049380440063192e-01
-6.541230463688742702e+01 7.426451440439898466e-01
-6.554756760788740166e+01 1.024169100043990754e+00
-6.568084212388743026e+01 1.306639612043994036e+00
-6.581216994788741204e+01 1.590020298044009239e+00
-6.594159366188722515e+01 1.874275578044005686e+00
-6.606915737588741422e+01 2.159372334044006969e+00
-6.619490429188743974e+01 2.445274493043995356e+00
-6.631886146388723091e+01 2.731907216043992115e+00
-6.644111242988736876e+01 3.019325811044011765e+00
-6.656168271488735400e+01 3.307450692043999219e+00
-6.668062039388740914e+01 3.596253220043990062e+00
-6.679797329288743413e+01 3.885703229043996565e+00
-6.691378995488724968e+01 4.175771252044000015e+00
-6.702811964588744331e+01 4.466428495043998304e+00
-6.714101235788729127e+01 4.757646811043996671e+00
-6.725251882588730723e+01 5.049398669043994481e+00
-6.736269054288726466e+01 5.341657126043997117e+00
-6.747157978388730726e+01 5.634395792043988216e+00
-6.757923963088722985e+01 5.927588795044015590e+00
-6.768572400588726623e+01 6.221210747044010780e+00
-6.779108770588726429e+01 6.515236701043987999e+00
-6.789538644988732585e+01 6.809642115043998523e+00
-6.799867692188735191e+01 7.104402807044009727e+00
-6.810101682688735991e+01 7.399494906043996956e+00
-6.820246495188729341e+01 7.694894810043989786e+00
-6.830308123388743979e+01 7.990579131043999972e+00
-6.840292682888724585e+01 8.286524639043989282e+00
-6.850206419988734297e+01 8.582708210043989538e+00
-6.860055719788732631e+01 8.879106758044002845e+00
-6.869847116788736230e+01 9.175697172044010586e+00
-6.879587304888735844e+01 9.472456245044014622e+00
-6.889283148988732819e+01 9.769360594044002255e+00
-6.898942676588734457e+01 1.006641673104400070e+01
-6.908566769088741921e+01 1.036340424704400220e+01
-6.918173080588729817e+01 1.066061330404400564e+01
-6.927773005488728586e+01 1.095813480204401458e+01
-6.937361157588742344e+01 1.125553015004399526e+01
-6.946947301288736298e+01 1.155282091604399852e+01
-6.956541664688728588e+01 1.185003376104401696e+01
-6.966152778488725517e+01 1.214713236404401187e+01
-6.975789609488737142e+01 1.244408270304398911e+01
-6.985460900488732250e+01 1.274083188804399924e+01
-6.995186509388730656e+01 1.303765263904401195e+01
-7.004968010888723029e+01 1.333424269804399387e+01
-7.014819204988742740e+01 1.363065750104399854e+01
-7.024749664188738052e+01 1.392680680204401256e+01
-7.034769729588737164e+01 1.422260627804399746e+01
-7.044893966888724890e+01 1.451807630204399402e+01
-7.055134355488729625e+01 1.481313866004398960e+01
-7.065505061388734021e+01 1.510775519904399289e+01
-7.076020541088740856e+01 1.540187003804399524e+01
-7.086699831988738651e+01 1.569552512404399636e+01
-7.097550041588732483e+01 1.598840655604399785e+01
-7.108589956488725647e+01 1.628049407404401450e+01
-7.119841916488729794e+01 1.657182169304400077e+01
-7.131325388288740896e+01 1.686230570404399032e+01
-7.143058320088738355e+01 1.715178576104401031e+01
-7.155062005488724708e+01 1.744014545504398939e+01
-7.167359438688725959e+01 1.772726417504401297e+01
-7.179974453988728555e+01 1.801299283604399193e+01
-7.192928900088730870e+01 1.829709100104400932e+01
-7.206259258488734076e+01 1.857958188004400313e+01
-7.219994554588737401e+01 1.886025595904399665e+01
-7.234148304788726591e+01 1.913854575604401020e+01
-7.248768284688725316e+01 1.941450988304399061e+01
-7.263885730588725664e+01 1.968780271704400775e+01
-7.279536899588737242e+01 1.995810738304399479e+01
-7.295754797188732255e+01 2.022498708704401338e+01
-7.312582841688725921e+01 2.048811148804401228e+01
-7.330059406688741319e+01 2.074699677904399664e+01
-7.348225496088724640e+01 2.100113667404400530e+01
-7.367110876188729662e+01 2.124982118804399533e+01
-7.386764509688731550e+01 2.149255293104400266e+01
-7.407226257788732937e+01 2.172866074804400682e+01
-7.428502690888734605e+01 2.195709366604401680e+01
-7.450575593988736500e+01 2.217548456004399782e+01
-7.473990080888728471e+01 2.238483681004399273e+01
-7.498156656788722785e+01 2.258268844604401693e+01
-7.523028743888738745e+01 2.277159833504398989e+01
-7.548477423888738258e+01 2.295267565604399351e+01
-7.574403943688724894e+01 2.312682365704401377e+01
-7.600734371688730562e+01 2.329480700804398907e+01
-7.627409843988738203e+01 2.345725865004399679e+01
-7.654383506688731131e+01 2.361471312504400544e+01
-7.681617374988735492e+01 2.376762471604399707e+01
-7.709080387988723260e+01 2.391638337604399567e+01
-7.736746785288727324e+01 2.406132588904401359e+01
-7.764594989188725549e+01 2.420274518204399783e+01
-7.792606748588735854e+01 2.434089761004400998e+01
-7.820766521688727835e+01 2.447600897804400688e+01
-7.849060921088738496e+01 2.460827900004400703e+01
-7.877480166388744465e+01 2.473789348204400085e+01
-7.906011009988736760e+01 2.486499674804400684e+01
-7.934646025188743579e+01 2.498973782204399186e+01
-7.963377473788722227e+01 2.511224530704399172e+01
-7.992195320388731261e+01 2.523262231004400746e+01
-8.021099182788742610e+01 2.535099824204399965e+01
-8.050081500888740038e+01 2.546746006504400839e+01
-8.079135579588722749e+01 2.558208821704400293e+01
-8.108256304088735078e+01 2.569496040604400378e+01
-8.137444610488722674e+01 2.580616913704400872e+01
-8.166692017788744806e+01 2.591576338304400906e+01
-8.196000057588724985e+01 2.602382343504400808e+01
-8.225354879788727658e+01 2.613036726504400065e+01
-8.254756347488722668e+01 2.623545866804400362e+01
-8.284218721488736037e+01 2.633920643004400119e+01
-8.313736142888723180e+01 2.644164236204400709e+01
-8.343286522688725881e+01 2.654274011104399733e+01
-8.372881826388737636e+01 2.664258773804399993e+01
-8.402518419388724169e+01 2.674121593304400335e+01
-8.432195101488736100e+01 2.683866075804399998e+01
-8.461905527288735129e+01 2.693493896904399776e+01
-8.491653484388729112e+01 2.703009787804400332e+01
-8.521438260688722721e+01 2.712416756204400770e+01
-8.551253000688728889e+01 2.721715689004400929e+01
-8.581103259288732943e+01 2.730911166904400034e+01
-8.610989146188734367e+01 2.740005844404400648e+01
-8.640902284088741681e+01 2.748999658504399690e+01
-8.670855054688735208e+01 2.757898629504400390e+01
-8.700870742688738346e+01 2.766711631104399771e+01
-8.730838168288727275e+01 2.775408285104400363e+01
-8.760873278288744359e+01 2.784024341304400707e+01
-8.790936228588742551e+01 2.792549958504400820e+01
-8.821018569688743582e+01 2.800984450204400389e+01
-8.851122009788736023e+01 2.809329923304400722e+01
-8.881251187888727827e+01 2.817589153504400201e+01
-8.911402998888723914e+01 2.825762671104399715e+01
-8.941576486388743206e+01 2.833851521204400115e+01
-8.971770771088739593e+01 2.841856689604399833e+01
-9.002169289988722767e+01 2.849827147504400671e+01
-9.032224970388728025e+01 2.857621290204400566e+01
-9.062477114288725488e+01 2.865380756704399801e+01
-9.092748603088733717e+01 2.873060277404400154e+01
-9.123038880188727262e+01 2.880660556404400552e+01
-9.153347451988742023e+01 2.888182250404400975e+01
-9.183674151688722986e+01 2.895626034504400081e+01
-9.213999645688744522e+01 2.902987894004400005e+01
-9.244361294488743397e+01 2.910277494304399681e+01
-9.274725974788742633e+01 2.917487400904400374e+01
-9.305129562588734871e+01 2.924626581904399814e+01
-9.335544511988740624e+01 2.931688928704400610e+01
-9.365987917988735489e+01 2.938678756504400269e+01
-9.396446807488740660e+01 2.945593362104399660e+01
-9.426922549388740435e+01 2.952433322904400370e+01
-9.457415065788740094e+01 2.959198830404400837e+01
-9.487924694388738089e+01 2.965890115304399899e+01
-9.518445627988734259e+01 2.972506028904400921e+01
-9.548987020888733923e+01 2.979048616604400479e+01
-9.579526568488739713e+01 2.985513160304400060e+01
-9.610099654688741566e+01 2.991907109004399956e+01
-9.640778773488722209e+01 2.998245120204400394e+01
-9.671310009388724893e+01 3.004474874904400394e+01
-9.701924788888726425e+01 3.010643766604400184e+01
-9.732558364088725966e+01 3.016738231804400527e+01
-9.763209588188732369e+01 3.022757724704399607e+01
-9.793854530188735907e+01 3.028697270704400069e+01
-9.824546556088733951e+01 3.034566770204399688e+01
-9.855243422988741031e+01 3.040357603104399686e+01
-9.885946713788729312e+01 3.046069627004399649e+01
-9.916667621788741371e+01 3.051704375804399660e+01
-9.947403214688728212e+01 3.057260670304400207e+01
-9.978153203488744794e+01 3.062737767804399880e+01
-1.000892034828872852e+02 3.068135395404399901e+01
-1.003969330868873726e+02 3.073450767304400699e+01
-1.007048624608873411e+02 3.078685453004399619e+01
-1.010129285118873099e+02 3.083837399404400514e+01
-1.013211308388874272e+02 3.088905570204400419e+01
-1.016294693238873492e+02 3.093888855604400590e+01
-1.019379439898872874e+02 3.098786065904400289e+01
-1.022465548168872260e+02 3.103595924204400092e+01
-1.025552991468873074e+02 3.108317022404399665e+01
-1.028641808678873417e+02 3.112947956704400099e+01
-1.031732045028872449e+02 3.117487225504400783e+01
