-1.090715849638872328e+02 1.088432023104400059e+01
-1.090715374108874016e+02 1.096840312404401629e+01
-1.090713841308872247e+02 1.105248591004399827e+01
-1.090711247148873895e+02 1.113656845704400666e+01
-1.090707587458873036e+02 1.122065062804401236e+01
-1.090702858058872948e+02 1.130473228804399355e+01
-1.090697054678873315e+02 1.138881329704400969e+01
-1.090690173018874134e+02 1.147289351504400656e+01
-1.090682208718873767e+02 1.155697280104399738e+01
-1.090673157358873482e+02 1.164105101104399864e+01
-1.090663014458872908e+02 1.172512799904399117e+01
-1.090651775498874372e+02 1.180920361804399477e+01
-1.090639435888874118e+02 1.189327772004401140e+01
-1.090625990988873468e+02 1.197735015204401066e+01
-1.090611436098874378e+02 1.206142076204400837e+01
-1.090595766448872723e+02 1.214548939604401312e+01
-1.090578977208874107e+02 1.222955589504400109e+01
-1.090561063518873084e+02 1.231362010204401258e+01
-1.090542020418874358e+02 1.239768185404400924e+01
-1.090521842908873964e+02 1.248174098904399898e+01
-1.090500525918873223e+02 1.256579734104400359e+01
-1.090478064318874090e+02 1.264985074204400917e+01
-1.090454452908872440e+02 1.273390102204399454e+01
-1.090429686438873773e+02 1.281794800904401654e+01
-1.090403759578873064e+02 1.290199152804399318e+01
-1.090376666948872639e+02 1.298603140104401632e+01
-1.090348403078873503e+02 1.307006744904398943e+01
-1.090318962448872639e+02 1.315409949004398982e+01
-1.090288339468872323e+02 1.323812733804399500e+01
-1.090256528478873292e+02 1.332215080604399304e+01
-1.090223523758872375e+02 1.340616970504399319e+01
-1.090189319498874170e+02 1.349018384004401128e+01
-1.090153909848872331e+02 1.357419301604400630e+01
-1.090117288848873045e+02 1.365819703404400798e+01
-1.090079450498873825e+02 1.374219569404399977e+01
-1.090040388718873032e+02 1.382618878904401072e+01
-1.090000097338872251e+02 1.391017611304400248e+01
-1.089958570148873491e+02 1.399415745504398956e+01
-1.089915800828873103e+02 1.407813260004400036e+01
-1.089871783008872512e+02 1.416210133204401700e+01
-1.089826510228874099e+02 1.424606342904399980e+01
-1.089779975958874161e+02 1.433001866904399435e+01
-1.089732173588874389e+02 1.441396682404399598e+01
-1.089683096418872879e+02 1.449790766204401393e+01
-1.089632737698872802e+02 1.458184095004401115e+01
-1.089581090558874052e+02 1.466576644904401405e+01
-1.089528148098872293e+02 1.474968391804401335e+01
-1.089473903288873657e+02 1.483359311104399580e+01
-1.089418378598872437e+02 1.491744966304401032e+01
-1.089361509438874123e+02 1.500134008104399186e+01
-1.089303316478873853e+02 1.508522143004401528e+01
-1.089243792378874218e+02 1.516909345104400586e+01
-1.089182929698874318e+02 1.525295587504399464e+01
-1.089120720928873993e+02 1.533680843404400207e+01
-1.089057158468874036e+02 1.542065085104400168e+01
-1.088992234618874022e+02 1.550448284704401658e+01
-1.088925941598874374e+02 1.558830414004401632e+01
-1.088858271538874192e+02 1.567211443904400880e+01
-1.088789216468873633e+02 1.575591345204401250e+01
-1.088718768328873807e+02 1.583970088004400623e+01
-1.088646918968872228e+02 1.592347642204398994e+01
-1.088573660148874183e+02 1.600723976704401252e+01
-1.088498983528872373e+02 1.609099060404400916e+01
-1.088422880648874411e+02 1.617472861404399964e+01
-1.088345342988872630e+02 1.625845347304399979e+01
-1.088266361908874273e+02 1.634216485104400363e+01
-1.088185928678873893e+02 1.642586241304400119e+01
-1.088104034438874237e+02 1.650954581904400698e+01
-1.088020670268874142e+02 1.659321472304401368e+01
-1.087935827118873817e+02 1.667686877104401333e+01
-1.087849495838872258e+02 1.676050760604400125e+01
-1.087761667168874169e+02 1.684413086204401111e+01
-1.087672331748873944e+02 1.692773816804401577e+01
-1.087581480108873961e+02 1.701132914804401253e+01
-1.087489102668873215e+02 1.709490341704400862e+01
-1.087395189728874243e+02 1.717846058304400003e+01
-1.087299731478873923e+02 1.726200025104401448e+01
-1.087202718018872361e+02 1.734552201304398977e+01
-1.087104139298873520e+02 1.742902546004401643e+01
-1.087003985168873328e+02 1.751251017104399921e+01
-1.086902245368873423e+02 1.759597572004400945e+01
-1.086798909508872271e+02 1.767942167304400414e+01
-1.086693967078874152e+02 1.776284758704400701e+01
-1.086587407438873356e+02 1.784625301304399159e+01
-1.086479219848874322e+02 1.792963749204400870e+01
-1.086369393418873983e+02 1.801300055804401268e+01
-1.086257917148872707e+02 1.809634173604399621e+01
-1.086144779898872343e+02 1.817966054304400814e+01
-1.086029970408873737e+02 1.826295648504401470e+01
-1.085913477288872286e+02 1.834622906204398873e+01
-1.085795289008873965e+02 1.842947776304399099e+01
-1.085675393908872479e+02 1.851270206804400686e+01
-1.085553780188874384e+02 1.859590144704401382e+01
-1.085430435908874074e+02 1.867907536104399924e+01
-1.085305348998874138e+02 1.876222326004400998e+01
-1.085178507238874204e+02 1.884534458404399970e+01
-1.085049898288872896e+02 1.892843876204400999e+01
-1.084919509628873016e+02 1.901150521504399649e+01
-1.084787328618874085e+02 1.909454334904401662e+01
-1.084653342458872771e+02 1.917755256204401348e+01
-1.084517538218873938e+02 1.926053223904401079e+01
-1.084379902778873088e+02 1.934348175404400649e+01
-1.084240422908873711e+02 1.942640046904401174e+01
-1.084099085198874377e+02 1.950928773204401523e+01
-1.083955876088872969e+02 1.959214288204401555e+01
-1.083810781858873611e+02 1.967496524304399941e+01
-1.083663788628873021e+02 1.975775412504401629e+01
-1.083514882358874161e+02 1.984050882804399407e+01
-1.083364048838872691e+02 1.992322863504401198e+01
-1.083211273698872787e+02 2.000591281704399194e+01
-1.083056542408873497e+02 2.008856063004401449e+01
-1.082899840248873602e+02 2.017117131704401345e+01
-1.082741152338873576e+02 2.025374410304399930e+01
-1.082580463628873417e+02 2.033627820104399575e+01
-1.082417758878872860e+02 2.041877280704400732e+01
-1.082253022678873435e+02 2.050122710104400880e+01
-1.082086239448873926e+02 2.058364024704400208e+01
-1.081917393408872954e+02 2.066601139304401613e+01
-1.081746468608873215e+02 2.074833966904401450e+01
-1.081573448908872592e+02 2.083062418804399840e+01
-1.081398317978873251e+02 2.091286404504398888e+01
-1.081221059298872547e+02 2.099505831704399839e+01
-1.081041656158874389e+02 2.107720606404399177e+01
-1.080860091658873330e+02 2.115930632504401387e+01
-1.080676348688872963e+02 2.124135812004399781e+01
-1.080490409948874344e+02 2.132336044904400296e+01
-1.080302257938873822e+02 2.140531229204401598e+01
-1.080111874968874304e+02 2.148721260804398980e+01
-1.079919243118874306e+02 2.156906033704399306e+01
-1.079724344278874355e+02 2.165085439204401041e+01
-1.079527160138872546e+02 2.173259366904400736e+01
-1.079327672148874058e+02 2.181427703904401483e+01
-1.079125861578872332e+02 2.189590335004399435e+01
-1.078921709458872442e+02 2.197747142604399073e+01
-1.078715196618872483e+02 2.205898006604400052e+01
-1.078506303668872874e+02 2.214042804604400771e+01
-1.078295010988874196e+02 2.222181411504399762e+01
-1.078081298748872427e+02 2.230313699604400313e+01
-1.077865146888872800e+02 2.238439538604399104e+01
-1.077646535108873991e+02 2.246558795504401473e+01
-1.077425442918874410e+02 2.254671334304399011e+01
-1.077201849548873156e+02 2.262777016404399433e+01
-1.076975734048873505e+02 2.270875700204399550e+01
-1.076747074868873710e+02 2.278967252704399016e+01
-1.076515851248872764e+02 2.287051502104401379e+01
-1.076282041168873889e+02 2.295128310104399816e+01
-1.076045622698872535e+02 2.303197522804399000e+01
-1.075806573708873088e+02 2.311258982804400830e+01
-1.075564871788873802e+02 2.319312529604400197e+01
-1.075320494308872981e+02 2.327357999104401642e+01
-1.075073418388873847e+02 2.335395223904399131e+01
-1.074823620918872962e+02 2.343424032704399451e+01
-1.074571078528874182e+02 2.351444250804399871e+01
-1.074315767598872640e+02 2.359455699704400899e+01
-1.074057664298872510e+02 2.367458197004401654e+01
-1.073796744508874212e+02 2.375451556504401651e+01
-1.073532983878873779e+02 2.383435587804399347e+01
-1.073266357828874220e+02 2.391410096704399280e+01
-1.072996841498872413e+02 2.399374884504399574e+01
-1.072724409798872216e+02 2.407329748304400141e+01
-1.072449037398873202e+02 2.415274481004399831e+01
-1.072170698718873041e+02 2.423208870804398885e+01
-1.071889367918874427e+02 2.431132701504401439e+01
-1.071605018918873498e+02 2.439045752004400924e+01
-1.071317625408873369e+02 2.446947796704401412e+01
-1.071027160818873085e+02 2.454838604804399438e+01
-1.070733598338874231e+02 2.462717940804401451e+01
-1.070436910928873999e+02 2.470585563904398896e+01
-1.070137071298872229e+02 2.478441228104401262e+01
-1.069834051928873464e+02 2.486284682204399132e+01
-1.069527825068873312e+02 2.494115669404399682e+01
-1.069218362728874467e+02 2.501933927504398980e+01
-1.068905636688872960e+02 2.509739188404401489e+01
-1.068589618528873757e+02 2.517531178504401623e+01
-1.068270279578873101e+02 2.525309618004399681e+01
-1.067947590968873897e+02 2.533074221304400453e+01
-1.067621523628874343e+02 2.540824696404399674e+01
-1.067292048248872902e+02 2.548560745304399688e+01
-1.066959135348874383e+02 2.556282063204400856e+01
-1.066622755248874341e+02 2.563988339104400893e+01
-1.066282878068872719e+02 2.571679255304400158e+01
-1.065939473768873427e+02 2.579354487004400198e+01
-1.065592512108873393e+02 2.587013702804401305e+01
-1.065241962698873408e+02 2.594656564004399968e+01
-1.064887795008873468e+02 2.602282724904399913e+01
-1.064529978318873304e+02 2.609891832404400702e+01
-1.064168481808873707e+02 2.617483526004400574e+01
-1.063803274528872294e+02 2.625057437204399946e+01
-1.063434325388872708e+02 2.632613190304400064e+01
-1.063061603218872619e+02 2.640150401604400088e+01
-1.062685076748873030e+02 2.647668679204400632e+01
-1.062304714628873512e+02 2.655167623304400593e+01
-1.061920485458874168e+02 2.662646825704399589e+01
-1.061532357758873673e+02 2.670105870004400117e+01
-1.061140300058872867e+02 2.677544331204400407e+01
-1.060744280838873124e+02 2.684961775504400805e+01
-1.060344268598873327e+02 2.692357760604400596e+01
-1.059940231848872259e+02 2.699731835204400454e+01
-1.059532139148872716e+02 2.707083539104399961e+01
-1.059119959118872316e+02 2.714412402804400415e+01
-1.058703660438872589e+02 2.721717947904400603e+01
-1.058283211928873584e+02 2.728999686404399938e+01
-1.057858582508874292e+02 2.736257121104399914e+01
-1.057429741258874287e+02 2.743489745204399810e+01
-1.056996657438873513e+02 2.750697042404399895e+01
-1.056559300508874344e+02 2.757878486504399973e+01
-1.056117640178874240e+02 2.765033541804400841e+01
-1.055671646398872667e+02 2.772161662804400351e+01
-1.055221289428872637e+02 2.779262294004399791e+01
-1.054766539828873988e+02 2.786334870104400352e+01
-1.054307368548872432e+02 2.793378815904399914e+01
-1.053843746908873413e+02 2.800393546004400491e+01
-1.053375646638873491e+02 2.807378465304400095e+01
-1.052903039978872926e+02 2.814332968704400173e+01
-1.052425899618874041e+02 2.821256440904400620e+01
-1.051944198818873133e+02 2.828148256904400171e+01
-1.051457911398874217e+02 2.835007781904400304e+01
-1.050967011808872371e+02 2.841834370804400578e+01
-1.050471475148873992e+02 2.848627369404400156e+01
-1.049971277248873207e+02 2.855386113204400544e+01
-1.049466394658872446e+02 2.862109928504399647e+01
-1.048956804738872393e+02 2.868798132104400622e+01
-1.048442485688873944e+02 2.875450031604400181e+01
-1.047923416598873132e+02 2.882064925404399958e+01
-1.047399577508874131e+02 2.888642103004400497e+01
-1.046870949408873344e+02 2.895180845304400918e+01
-1.046337514358874046e+02 2.901680424604400343e+01
-1.045799255498872640e+02 2.908140105104399709e+01
-1.045256157108873936e+02 2.914559143204400016e+01
-1.044708204638872644e+02 2.920936787604399854e+01
-1.044155384818872676e+02 2.927272279804400057e+01
-1.043597685648873608e+02 2.933564854604399841e+01
-1.043035096468872212e+02 2.939813740204400005e+01
-1.042467608038872982e+02 2.946018158704400491e+01
-1.041895212558874277e+02 2.952177326904400445e+01
-1.041317903738874406e+02 2.958290456404400004e+01
-1.040735676838873474e+02 2.964356754104400693e+01
-1.040148528738872642e+02 2.970375423204400533e+01
-1.039556457948874026e+02 2.976345663204399727e+01
-1.038959464718872709e+02 2.982266671104400757e+01
-1.038357551028872763e+02 2.988137641504400221e+01
-1.037750720658872865e+02 2.993957767604400999e+01
-1.037138978698873757e+02 2.999726246904400284e+01
-1.036522332338874435e+02 3.005442274504400757e+01
-1.035900791308874318e+02 3.011105040504399710e+01
-1.035274366998873461e+02 3.016713739204399758e+01
-1.034638601188873395e+02 3.022118315004399847e+01
-1.033805437298873926e+02 3.020985833004399979e+01
-1.032972285178872767e+02 3.019852477904400700e+01
-1.032139145638872719e+02 3.018718190704400683e+01
-1.031306020828873784e+02 3.017582915804399590e+01
-1.030472909278873317e+02 3.016446593804400322e+01
-1.029639812718873486e+02 3.015309170804400196e+01
-1.028806731898873181e+02 3.014170592904400792e+01
-1.027973667548873777e+02 3.013030807104399855e+01
-1.027140620388874481e+02 3.011889761604400917e+01
-1.026307591138872226e+02 3.010747405504400831e+01
-1.025474580498873252e+02 3.009603688904400087e+01
-1.024641589168872429e+02 3.008458563004400332e+01
-1.023808617808874146e+02 3.007311979704400073e+01
-1.022975667108873381e+02 3.006163891704400726e+01
-1.022142737728872248e+02 3.005014252704400235e+01
-1.021309830318872969e+02 3.003863017204400876e+01
-1.020476945528873216e+02 3.002710140204399636e+01
-1.019644084008872937e+02 3.001555577804400343e+01
-1.018811245098872291e+02 3.000399284704400316e+01
-1.017978431878872811e+02 2.999241221704400573e+01
-1.017145643808873388e+02 2.998081345104399986e+01
-1.016312881478872328e+02 2.996919613304400798e+01
-1.015480145508874443e+02 2.995755985704400359e+01
-1.014647436498873390e+02 2.994590421804400648e+01
-1.013814755038874296e+02 2.993422882104400173e+01
-1.012982101748872878e+02 2.992253327404399954e+01
-1.012149477188872311e+02 2.991081719004399986e+01
-1.011316881968872963e+02 2.989908018704400661e+01
-1.010484316648873460e+02 2.988732188804399925e+01
-1.009651781818874383e+02 2.987554192104400386e+01
-1.008819278058874147e+02 2.986373991904400782e+01
-1.007986805928873650e+02 2.985191551704400581e+01
-1.007154365998873686e+02 2.984006835604400010e+01
-1.006321958848872669e+02 2.982819808004400386e+01
-1.005489585028873876e+02 2.981630433804400582e+01
-1.004657245108873553e+02 2.980438677904400890e+01
-1.003824939638872706e+02 2.979244506004400250e+01
-1.002992669198874296e+02 2.978047883904400805e+01
-1.002160434328872611e+02 2.976848777804400470e+01
-1.001328235578873205e+02 2.975647154004400363e+01
-1.000496073528872216e+02 2.974442979404400944e+01
-9.996639487088731357e+01 2.973236221004400193e+01
-9.988318616788723148e+01 2.972026846004399658e+01
-9.979998129888730318e+01 2.970814822104399866e+01
-9.971678032088738064e+01 2.969600117104400283e+01
-9.963358328688735810e+01 2.968382698904400741e+01
-9.955039025288732546e+01 2.967162535804399681e+01
-9.946720127388738319e+01 2.965939596404400902e+01
-9.938401640588739383e+01 2.964713849304399673e+01
-9.930083570288724104e+01 2.963485263504399825e+01
-9.921765922088724210e+01 2.962253807904400560e+01
-9.913448701588725953e+01 2.961019451904400057e+01
-9.905131914088741496e+01 2.959782164804400395e+01
-9.896815565488731181e+01 2.958541916304400843e+01
-9.888499660988730966e+01 2.957298676204399612e+01
-9.880184206488723930e+01 2.956052414204400236e+01
-9.871869207388743916e+01 2.954803100504400959e+01
-9.863554669288731702e+01 2.953550705104400720e+01
-9.855240597788741752e+01 2.952295198504400275e+01
-9.846926998688735466e+01 2.951036550904400713e+01
-9.838613877388723949e+01 2.949774732904400310e+01
-9.830301239788735757e+01 2.948509715104400186e+01
-9.821989091488734402e+01 2.947241468204400405e+01
-9.813677438188727820e+01 2.945969963004399972e+01
-9.805366285588723940e+01 2.944695170304400733e+01
-9.797055639588728582e+01 2.943417061304400306e+01
-9.788745505788727996e+01 2.942135606804400538e+01
-9.780435890088728002e+01 2.940850777904400104e+01
-9.772126798388734414e+01 2.939562545904399826e+01
-9.763818236388732430e+01 2.938270881904399801e+01
-9.755510210088726808e+01 2.936975757204400850e+01
-9.747202725488722308e+01 2.935677143104400955e+01
-9.738895788388725805e+01 2.934375010804400574e+01
-9.730589404888741001e+01 2.933069331804399837e+01
-9.722283580988727181e+01 2.931760077504399931e+01
-9.713978322788733522e+01 2.930447219304400619e+01
-9.705673636288742046e+01 2.929130728604400247e+01
-9.697369527588733717e+01 2.927810576804400000e+01
-9.689066002988732862e+01 2.926486735404400008e+01
-9.680763068688742123e+01 2.925159175804400036e+01
-9.672460730788742467e+01 2.923827869504400212e+01
-9.664158995788733364e+01 2.922492787904400302e+01
-9.655857869888740197e+01 2.921153902404400071e+01
-9.647557359488740758e+01 2.919811184504399648e+01
-9.639257470988735577e+01 2.918464605604400219e+01
-9.630958210988723067e+01 2.917114136904400823e+01
-9.622659585788727554e+01 2.915759749804399803e+01
-9.614361602088723657e+01 2.914401415604400825e+01
-9.606068569488724052e+01 2.913039813204400730e+01
-9.597772026288743064e+01 2.911673523404400044e+01
-9.589476147288741004e+01 2.910303200904400001e+01
-9.581180939488734793e+01 2.908928816604399969e+01
-9.572886409588744527e+01 2.907550341704400410e+01
-9.564592564488742710e+01 2.906167747204399632e+01
-9.556299411288722467e+01 2.904781004004399847e+01
-9.548006956788725574e+01 2.903390083004400424e+01
-9.539715208188744100e+01 2.901994955104400731e+01
-9.531424172588725696e+01 2.900595591004400831e+01
-9.523133857188730644e+01 2.899191961304400422e+01
-9.514844269188728276e+01 2.897784036604400626e+01
-9.506555415988731284e+01 2.896371787404400777e+01
-9.498267304888730678e+01 2.894955184104399848e+01
-9.489979943388738093e+01 2.893534197004400710e+01
-9.481693338888743483e+01 2.892108796304400187e+01
-9.473407499088733630e+01 2.890678952104400423e+01
-9.465122431588741847e+01 2.889244634504400722e+01
-9.456838143988733236e+01 2.887805813204400351e+01
-9.448554644188737939e+01 2.886362458204399672e+01
-9.440271940088740621e+01 2.884914539004400069e+01
-9.431990039488727007e+01 2.883462025204400447e+01
-9.423708950488725122e+01 2.882004886204400407e+01
-9.415428681088741314e+01 2.880543091404400968e+01
-9.407149239488734338e+01 2.879076609804400277e+01
-9.398870633888731163e+01 2.877605410504399686e+01
-9.390592872688733905e+01 2.876129462404399817e+01
-9.382315964188723001e+01 2.874648734204400569e+01
-9.374039916988743926e+01 2.873163194604400417e+01
-9.365764739488730584e+01 2.871672811904400646e+01
-9.357490440488726335e+01 2.870177554504400064e+01
-9.349217028688730124e+01 2.868677390604399591e+01
-9.340944512788740894e+01 2.867172288004400116e+01
-9.332672901888730621e+01 2.865662214704400412e+01
-9.324402204888741608e+01 2.864147138204400278e+01
-9.316132430988744773e+01 2.862627026004400932e+01
-9.307863589288734829e+01 2.861101845504400387e+01
-9.299595689088727113e+01 2.859571563704400887e+01
-9.291328739788735902e+01 2.858036147704400776e+01
-9.283062750988727885e+01 2.856495564004400478e+01
-9.274797732088740077e+01 2.854949779404400090e+01
-9.266533692988735993e+01 2.853398760104400367e+01
-9.258270643288727797e+01 2.851842472304400644e+01
-9.250008593088722364e+01 2.850280882004400951e+01
-9.241747552288728684e+01 2.848713955004400589e+01
-9.233487530988730896e+01 2.847141656704400248e+01
-9.225228539588732701e+01 2.845563952604400981e+01
-9.216970588288739918e+01 2.843980807704400604e+01
-9.208713687588732455e+01 2.842392186904400830e+01
-9.200457848088734636e+01 2.840798054804400863e+01
-9.192203080488724254e+01 2.839198376004399904e+01
-9.183949395688722461e+01 2.837593114604399602e+01
-9.175696804488728731e+01 2.835982234604399821e+01
-9.167445318088738304e+01 2.834365699704400754e+01
-9.159194947688723687e+01 2.832743473304400084e+01
-9.150945704588724539e+01 2.831115518704400813e+01
-9.142697600288732929e+01 2.829481798804400228e+01
-9.134450646388739870e+01 2.827842276304400571e+01
-9.126204854588735316e+01 2.826196913804400879e+01
-9.117960236688730902e+01 2.824545673204400487e+01
-9.109716804888734032e+01 2.822888516604400877e+01
-9.101474571288730431e+01 2.821225405504399930e+01
-9.093233548088727503e+01 2.819556301304400847e+01
-9.084993747988727364e+01 2.817881165104400054e+01
-9.076755183388735304e+01 2.816199957504400686e+01
-9.068517866988730702e+01 2.814512639004399830e+01
-9.060281811888734183e+01 2.812819169804400588e+01
-9.052047031088744689e+01 2.811119509804400707e+01
-9.043813537788736312e+01 2.809413618404400381e+01
-9.035581345488725447e+01 2.807701454904400862e+01
-9.027350467588729543e+01 2.805982978304400888e+01
-9.019120917988738029e+01 2.804258147004399859e+01
-9.010892710588740329e+01 2.802526919304399655e+01
-9.002665859388724812e+01 2.800789253104400700e+01
-8.994440378688722149e+01 2.799045106004400907e+01
-8.986216282988738158e+01 2.797294435204400997e+01
-8.977993586788733182e+01 2.795537197604400603e+01
-8.969772304988731548e+01 2.793773349604400380e+01
-8.961552452588733786e+01 2.792002847504400620e+01
-8.953334044888737253e+01 2.790225646904400492e+01
-8.945117097088740366e+01 2.788441703304400221e+01
-8.936901624988735193e+01 2.786650971704399637e+01
-8.928687644288737602e+01 2.784853406804400322e+01
-8.920475170988737545e+01 2.783048962704400253e+01
-8.912264221388744545e+01 2.781237593404399888e+01
-8.904054811888744325e+01 2.779419252204399982e+01
-8.895846959088743233e+01 2.777593892104400197e+01
-8.887640680088742329e+01 2.775761465904400893e+01
-8.879435991788744786e+01 2.773921925604400940e+01
-8.871232911588725756e+01 2.772075223004399902e+01
-8.863031457088726484e+01 2.770221309504400153e+01
-8.854831646088740627e+01 2.768360135904400465e+01
-8.846633496688735931e+01 2.766491652604400997e+01
-8.838437027288722447e+01 2.764615809604400454e+01
-8.830242256188734018e+01 2.762732556504400350e+01
-8.822049202488727815e+01 2.760841842204399654e+01
-8.813857885088731337e+01 2.758943615304400510e+01
-8.805668323488742999e+01 2.757037823804400034e+01
-8.797480537188738481e+01 2.755124415404399940e+01
-8.789294546088734705e+01 2.753203337204399759e+01
-8.781110370488744366e+01 2.751274535604400739e+01
-8.772928030788733622e+01 2.749337956804400562e+01
-8.764747547788732618e+01 2.747393546204399684e+01
-8.756568942488723906e+01 2.745441249004400674e+01
-8.748392236188732340e+01 2.743481009404399629e+01
-8.740217450788730957e+01 2.741512771604399745e+01
-8.732044608088739324e+01 2.739536478704400224e+01
-8.723873730388726244e+01 2.737552073604400960e+01
-8.715704840488723448e+01 2.735559498504400722e+01
-8.707537961188739928e+01 2.733558695104400726e+01
-8.699373115788733912e+01 2.731549604404399645e+01
-8.691210328088726556e+01 2.729532166704400709e+01
-8.683049621988737954e+01 2.727506322104400738e+01
-8.674891021988736384e+01 2.725472009604399659e+01
-8.666734552588735596e+01 2.723429167804400208e+01
-8.658580239088740882e+01 2.721377734804400461e+01
-8.650428106788734794e+01 2.719317647704400542e+01
-8.642278181788736902e+01 2.717248843304400907e+01
-8.634130490188744034e+01 2.715171257404399796e+01
-8.625985058688723939e+01 2.713084825404399680e+01
-8.617841914388731084e+01 2.710989481904400122e+01
-8.609701084888723699e+01 2.708885160704400619e+01
-8.601562597888727169e+01 2.706771795104400269e+01
-8.593426481988734622e+01 2.704649317504400585e+01
-8.585292765888738131e+01 2.702517659604400535e+01
-8.577161478788724480e+01 2.700376752404400804e+01
-8.569032650488742320e+01 2.698226526104400591e+01
-8.560906311288744064e+01 2.696066910204400813e+01
-8.552782491588726543e+01 2.693897833304400535e+01
-8.544661222888743168e+01 2.691719223304400543e+01
-8.536542536588734720e+01 2.689531007204399771e+01
-8.528426477888723412e+01 2.687333114804400225e+01
-8.520313054488741500e+01 2.685125464704400144e+01
-8.512202311788740872e+01 2.682907984804400314e+01
-8.504094283588727876e+01 2.680680598704400097e+01
-8.495989004188726312e+01 2.678443229304400575e+01
-8.487886508488730897e+01 2.676195798404400250e+01
-8.479786832088728943e+01 2.673938227104400767e+01
-8.471690010888727329e+01 2.671670435504400132e+01
-8.463596081688723416e+01 2.669392342804400187e+01
-8.455505081788732014e+01 2.667103867104400194e+01
-8.447417049088738850e+01 2.664804925804399716e+01
-8.439332022188722249e+01 2.662495435004400690e+01
-8.431250040288722403e+01 2.660175310104399671e+01
-8.423171143288726626e+01 2.657844465304400217e+01
-8.415095371888736508e+01 2.655502813804400830e+01
-8.407022767188726675e+01 2.653150267804400642e+01
-8.398953371388728328e+01 2.650786738304400103e+01
-8.390887227088722966e+01 2.648412135504399600e+01
-8.382824377888726985e+01 2.646026368204400114e+01
-8.374764867988727701e+01 2.643629344204400411e+01
-8.366708742488725647e+01 2.641220970204400942e+01
-8.358656047088737751e+01 2.638801151704400638e+01
-8.350606828588723829e+01 2.636369792904400811e+01
-8.342561134388728306e+01 2.633926797004400555e+01
-8.334519012888739553e+01 2.631472065804400984e+01
-8.326480513388736426e+01 2.629005500104400994e+01
-8.318445685788736910e+01 2.626526999204399715e+01
-8.310414581288722502e+01 2.624036461204400439e+01
-8.302387251888734454e+01 2.621533782904400312e+01
-8.294363750388737344e+01 2.619018859704399915e+01
-8.286344130788728535e+01 2.616491585804399733e+01
-8.278328447988741345e+01 2.613951853904400480e+01
-8.270316757988729250e+01 2.611399555304400621e+01
-8.262309117688727156e+01 2.608834580004399584e+01
-8.254305585188734540e+01 2.606256816304400559e+01
-8.246306219688739247e+01 2.603666151304400955e+01
-8.238311081488740228e+01 2.601062470404400528e+01
-8.230320231988724800e+01 2.598445657604399628e+01
-8.222333733888734741e+01 2.595815595304399892e+01
-8.214351651088730932e+01 2.593172164204399621e+01
-8.206374048688729772e+01 2.590515243504400189e+01
-8.198400992988734970e+01 2.587844710904400358e+01
-8.190432551788734372e+01 2.585160442104401568e+01
-8.182468793988726929e+01 2.582462311304399805e+01
-8.174509789988741204e+01 2.579750191104400869e+01
-8.166555611688744420e+01 2.577023952004401508e+01
-8.158606332288735530e+01 2.574283463004400119e+01
-8.150662026388744152e+01 2.571528591004400255e+01
-8.142722770388735398e+01 2.568759201404401438e+01
-8.134788641988728841e+01 2.565975157304399090e+01
-8.126859720588726077e+01 2.563176320204399872e+01
-8.118936087188734518e+01 2.560362549504401386e+01
-8.111017824488743599e+01 2.557533702504400708e+01
-8.103105016988723719e+01 2.554689634604400794e+01
-8.095197750688743099e+01 2.551830199204400174e+01
-8.087296113688734067e+01 2.548955247304400018e+01
-8.079400195888723601e+01 2.546064627904399913e+01
-8.071510088988742382e+01 2.543158188004400699e+01
-8.063625886788730668e+01 2.540235772104401235e+01
-8.055747706888740822e+01 2.537297230704399453e+01
-8.047875628888726851e+01 2.534342397104398970e+01
-8.040009751588735298e+01 2.531371108404400161e+01
-8.032150176788735507e+01 2.528383200004401488e+01
-8.024297008688739652e+01 2.525378504404400815e+01
-8.016450353888734526e+01 2.522356851904399377e+01
-8.008610320988731246e+01 2.519318070204400328e+01
-8.000777021488732998e+01 2.516261984304401267e+01
-7.992950568888744556e+01 2.513188416604401709e+01
-7.985131079488741079e+01 2.510097186904400246e+01
-7.977318672288737389e+01 2.506988112204399499e+01
-7.969513468788744603e+01 2.503861006604401496e+01
-7.961715593488742115e+01 2.500715681304399141e+01
-7.953925173488727296e+01 2.497551945004400409e+01
-7.946142339088731887e+01 2.494369602804400188e+01
-7.938367223388735283e+01 2.491168457404401693e+01
-7.930599962688728510e+01 2.487948308004399678e+01
-7.922840696488736967e+01 2.484708950804400729e+01
-7.915089567688727357e+01 2.481450178904401582e+01
-7.907346722288724550e+01 2.478171781904399040e+01
-7.899612309988737024e+01 2.474873546404398894e+01
-7.891886484188734130e+01 2.471555255304400589e+01
-7.884169401588741266e+01 2.468216688304400463e+01
-7.876461223088739416e+01 2.464857621504401664e+01
-7.868762113288738647e+01 2.461477827304400989e+01
-7.861072240988727344e+01 2.458077074704399934e+01
-7.853391768388740957e+01 2.454655124204398930e+01
-7.845720894988738792e+01 2.451211747004398944e+01
-7.838059790288724571e+01 2.447746695304400077e+01
-7.830408640488730043e+01 2.444259722804400781e+01
-7.822767636388738310e+01 2.440750579004401288e+01
-7.815136973488728245e+01 2.437219009504400447e+01
-7.807516852388738471e+01 2.433664755704398885e+01
-7.799907478888729884e+01 2.430087554804399019e+01
-7.792309063988744811e+01 2.426487139504399693e+01
-7.784721824088722997e+01 2.422863238504399419e+01
-7.777145981188726864e+01 2.419215575604400215e+01
-7.769581763388731588e+01 2.415543870504399138e+01
-7.762029404488743012e+01 2.411847838004399591e+01
-7.754489144488724151e+01 2.408127188304399624e+01
-7.746961229888728440e+01 2.404381626804399730e+01
-7.739445913788739517e+01 2.400610854004401062e+01
-7.731943455788740494e+01 2.396814565604401537e+01
-7.724454122888727170e+01 2.392992452204399001e+01
-7.716978189188733950e+01 2.389144199304399763e+01
-7.709515936188739715e+01 2.385269487104400810e+01
-7.702067653088732868e+01 2.381367990804400847e+01
-7.694633637088730893e+01 2.377439379904399175e+01
-7.687214193888729596e+01 2.373483318804400710e+01
-7.679809637188731131e+01 2.369499466104400653e+01
-7.672420289988730246e+01 2.365487475104399095e+01
-7.665046483788722753e+01 2.361446993104399894e+01
-7.657688560288733015e+01 2.357377662104400429e+01
-7.650346870088736750e+01 2.353279117704400392e+01
-7.643021774188736117e+01 2.349150990104399739e+01
-7.635713643888738034e+01 2.344992903204399681e+01
-7.628422861088728268e+01 2.340804475004401297e+01
-7.621149818788734365e+01 2.336585317404399120e+01
-7.613894921588729403e+01 2.332335036204401035e+01
-7.606658585688722951e+01 2.328053230704401244e+01
-7.599441239588730923e+01 2.323739494304399500e+01
-7.592243324388726933e+01 2.319393413804399984e+01
-7.585065294288727955e+01 2.315014569704399605e+01
-7.577907616888722941e+01 2.310602536104400428e+01
-7.570770773988732572e+01 2.306156880704401146e+01
-7.563655261488742099e+01 2.301677164704400980e+01
-7.556561590388736249e+01 2.297162942804399677e+01
-7.549490287188740467e+01 2.292613763304399299e+01
-7.542441893988728907e+01 2.288029168004399594e+01
-7.535416969788724373e+01 2.283408692204400836e+01
-7.528416090388731163e+01 2.278751864904398872e+01
-7.521439849188726612e+01 2.274058208604401443e+01
-7.514488857888744633e+01 2.269327239604399438e+01
-7.507563746888735068e+01 2.264558467904399208e+01
-7.500665166188736066e+01 2.259751397404400564e+01
-7.493793785688734488e+01 2.254905526004401395e+01
-7.486950295988725657e+01 2.250020345604400518e+01
-7.480135409288726578e+01 2.245095342504399127e+01
-7.473349859688727292e+01 2.240129997304399012e+01
-7.466594404288724718e+01 2.235123785604400837e+01
-7.459869823688740098e+01 2.230076177504400903e+01
-7.453176922788742331e+01 2.224986638604400468e+01
-7.446516531388732574e+01 2.219854629804399337e+01
-7.439889505288732607e+01 2.214679607904400882e+01
-7.433296726988731962e+01 2.209461026104401071e+01
-7.426739106088729159e+01 2.204198333904400897e+01
-7.420217580688739645e+01 2.198890978304399368e+01
-7.413733117888722290e+01 2.193538403604401310e+01
-7.407286714588730092e+01 2.188140052504400046e+01
-7.400879398388741492e+01 2.182695366604400533e+01
-7.394512228388742869e+01 2.177203786904399863e+01
-7.388186296188740698e+01 2.171664754804399422e+01
-7.381902726288734584e+01 2.166077712804400335e+01
-7.375662677488725194e+01 2.160442105304400684e+01
-7.369467342988735936e+01 2.154757379704400932e+01
-7.363317951688731000e+01 2.149022987504400817e+01
-7.357215768988743321e+01 2.143238385304400140e+01
-7.351162087988740268e+01 2.137403027304401348e+01
-7.345158269188726763e+01 2.131516404104399953e+01
-7.339205678488741569e+01 2.125577983604401311e+01
-7.333305732888737793e+01 2.119587256104401263e+01
-7.327459888988727243e+01 2.113543724104400212e+01
-7.321669643088733892e+01 2.107446904104401142e+01
-7.315936531488722494e+01 2.101296328104399436e+01
-7.310262130988729723e+01 2.095091546104399072e+01
-7.304648059188724574e+01 2.088832127404398875e+01
-7.299095971188734211e+01 2.082517660704399987e+01
-7.293607560988738214e+01 2.076147756104398923e+01
-7.288184572088738378e+01 2.069722061204399211e+01
-7.282828639788743885e+01 2.063240363904401420e+01
-7.277524749788739200e+01 2.056715978504399800e+01
-7.272262247888733100e+01 2.050158159804399816e+01
-7.267040890988727142e+01 2.043567530204398963e+01
-7.261860428888729757e+01 2.036944703404401480e+01
-7.256720605988738271e+01 2.030290283904400894e+01
-7.251621160488724627e+01 2.023604867704401045e+01
-7.246561825588736383e+01 2.016889041404400018e+01
-7.241542329688735435e+01 2.010143383004401585e+01
-7.236562396288735499e+01 2.003368461304401649e+01
-7.231621744588727552e+01 1.996564835904399615e+01
-7.226720089888743814e+01 1.989733057404399119e+01
-7.221857144088738778e+01 1.982873667604400225e+01
-7.217032615388728800e+01 1.975987198904400088e+01
-7.212246209188737112e+01 1.969074175004399763e+01
-7.207497627788728778e+01 1.962135110604401689e+01
-7.202786571288737605e+01 1.955170511204400441e+01
-7.198112737388731830e+01 1.948180873804400903e+01
-7.193477674288732260e+01 1.941169504804400958e+01
-7.188877414488723616e+01 1.934131346404399210e+01
-7.184313459688740977e+01 1.927069590304401459e+01
-7.179785500688734601e+01 1.919984698704399761e+01
-7.175293227388732475e+01 1.912877125204400386e+01
-7.170836328688727690e+01 1.905747315104400741e+01
-7.166414492688744531e+01 1.898595705204400019e+01
-7.162027407088743303e+01 1.891422724304399594e+01
-7.157674759088735073e+01 1.884228792904400507e+01
-7.153356235588734080e+01 1.877014323804399965e+01
-7.149071523388732885e+01 1.869779721504400527e+01
-7.144820309688742554e+01 1.862525383004401647e+01
-7.140602281388731853e+01 1.855251697604398942e+01
-7.136417126188729299e+01 1.847959046804399463e+01
-7.132264531988738554e+01 1.840647805104399026e+01
-7.128144187288734202e+01 1.833318339104400252e+01
-7.124055781388727837e+01 1.825971008604400936e+01
-7.119999004388722597e+01 1.818606166304400062e+01
-7.115973547188735893e+01 1.811224157604399920e+01
-7.111979101588730146e+01 1.803825321304401541e+01
-7.108015360788743919e+01 1.796409989304399346e+01
-7.104082018888738048e+01 1.788978487004399653e+01
-7.100178771288727830e+01 1.781531133304400782e+01
-7.096305314588738611e+01 1.774068240604401581e+01
-7.092461347088732282e+01 1.766590115004399308e+01
-7.088646568088728372e+01 1.759097056604400677e+01
-7.084860678688727376e+01 1.751589359304401228e+01
-7.081103381388737716e+01 1.744067311104399209e+01
-7.077374380288728162e+01 1.736531194304399150e+01
-7.073671612488732308e+01 1.728977660704399000e+01
-7.069998314488742608e+01 1.721414180004398986e+01
-7.066352435088737138e+01 1.713837443404401029e+01
-7.062733685088727498e+01 1.706247710904401060e+01
-7.059141777088728986e+01 1.698645237304401689e+01
-7.055576425488737868e+01 1.691030272204400831e+01
-7.052037346488731373e+01 1.683403060204400958e+01
-7.048524258088735905e+01 1.675763841004399524e+01
-7.045036880288733983e+01 1.668112849404400322e+01
-7.041574934688736676e+01 1.660450315504400010e+01
-7.038138145088731790e+01 1.652776464604400530e+01
-7.034726236888735684e+01 1.645091517604399201e+01
-7.031338937488743568e+01 1.637395690904401135e+01
-7.027975976288729498e+01 1.629689196604400081e+01
-7.024637084488739447e+01 1.621972242404399367e+01
-7.021321995088732137e+01 1.614245032104400934e+01
-7.018030443188735035e+01 1.606507765104399255e+01
-7.014762165688733830e+01 1.598760637104399507e+01
-7.011516901288740655e+01 1.591003839504401185e+01
-7.008294390788722694e+01 1.583237560404398891e+01
-7.005094376588743899e+01 1.575461983704400382e+01
-7.001916603188732324e+01 1.567677289904401050e+01
-6.998760816888733416e+01 1.559883655904400257e+01
-6.995626765788728108e+01 1.552081255004401328e+01
-6.992514199788723772e+01 1.544270257204399854e+01
-6.989422870788729369e+01 1.536450829104398963e+01
-6.986352532188737996e+01 1.528623134104401515e+01
-6.983302939488743277e+01 1.520787332304399797e+01
-6.980273849588724033e+01 1.512943580704398983e+01
-6.977265026488743160e+01 1.505092046104400083e+01
-6.974276221188728186e+01 1.497232855104400073e+01
-6.971307200688733019e+01 1.489366167504400096e+01
-6.968357728988729605e+01 1.481492128604401159e+01
-6.965427571488743297e+01 1.473610880904399778e+01
-6.962516495788730708e+01 1.465722564104399339e+01
-6.959624270488728826e+01 1.457827315204400520e+01
-6.956750666388728632e+01 1.449925268904399900e+01
-6.953895455388732216e+01 1.442016557004399147e+01
-6.951058411188722630e+01 1.434101309104400457e+01
-6.948239308788737389e+01 1.426179652304401202e+01
-6.945437924988726763e+01 1.418251711204399612e+01
-6.942654037788742016e+01 1.410317608304399073e+01
-6.939887426688727601e+01 1.402377463804398872e+01
-6.937137872588726850e+01 1.394431395504400939e+01
-6.934405157888744498e+01 1.386479519404400662e+01
-6.931689066288726053e+01 1.378521949104398914e+01
-6.928989382588741819e+01 1.370558796404401392e+01
-6.926305893188731488e+01 1.362590170804401168e+01
-6.923638385588736810e+01 1.354616180104400769e+01
-6.920986648488741366e+01 1.346636930104401131e+01
-6.918350471988736672e+01 1.338652524904401275e+01
-6.915729646988728518e+01 1.330663066504399694e+01
-6.913123965988728514e+01 1.322668655304400431e+01
-6.910533222188740865e+01 1.314669390104398872e+01
-6.907957209988734348e+01 1.306665367804399125e+01
-6.905395724988733264e+01 1.298656683704399484e+01
-6.902848563588730713e+01 1.290643431604399893e+01
-6.900315523188731959e+01 1.282625703804399109e+01
-6.897796402188731690e+01 1.274603590804400710e+01
-6.895290999788738873e+01 1.266577181904401073e+01
-6.892799116288728101e+01 1.258546564904401066e+01
-6.890320552488736894e+01 1.250511826104400370e+01
-6.887855110188723984e+01 1.242473050504401044e+01
-6.885402591988730592e+01 1.234430321804399000e+01
-6.882962800888725496e+01 1.226383722304399271e+01
-6.880535541088732998e+01 1.218333333104399685e+01
-6.878120616988729807e+01 1.210279234304400120e+01
-6.875717833788729649e+01 1.202221504404400321e+01
-6.873326997288739904e+01 1.194160221004401023e+01
-6.870947913688740982e+01 1.186095460504401444e+01
-6.868580389788729690e+01 1.178027298304400006e+01
-6.866224232788744075e+01 1.169955808704401079e+01
-6.863879250288727008e+01 1.161881064904400773e+01
-6.861545250288730813e+01 1.153803139204399031e+01
-6.859222041288734317e+01 1.145722102904400685e+01
-6.856909431688740142e+01 1.137638026404400193e+01
-6.854607230388722883e+01 1.129550979104399744e+01
-6.852315246588722175e+01 1.121461029604401460e+01
-6.850033289388733238e+01 1.113368245704398873e+01
-6.847761168088726436e+01 1.105272694404399658e+01
-6.845498692188738232e+01 1.097174441704399328e+01
-6.843245671088737936e+01 1.089073553304399411e+01
-6.841001914188740329e+01 1.080970093604400972e+01
-6.838767230688739573e+01 1.072864126804401508e+01
-6.836541429988727714e+01 1.064755716204399505e+01
-6.834324320888725879e+01 1.056644924404400854e+01
-6.832115712388730344e+01 1.048531813704400406e+01
-6.829915412988742673e+01 1.040416445404400747e+01
-6.827723230888722128e+01 1.032298880604400892e+01
-6.825538973788724206e+01 1.024179179604399792e+01
-6.823362449188738310e+01 1.016057402604400295e+01
-6.821193464088736391e+01 1.007933608904400558e+01
-6.819031824588722657e+01 9.998078576044008514e+00
-6.816877336688725109e+01 9.916802074043999937e+00
-6.814729805288737907e+01 9.835507165043992472e+00
-6.812589034888736705e+01 9.754194429043991477e+00
-6.810454828988730469e+01 9.672864442044016187e+00
-6.808326990388735567e+01 9.591517777044003878e+00
-6.806205320688735583e+01 9.510155005043998244e+00
-6.804089620888743184e+01 9.428776694043989437e+00
-6.801979690688739311e+01 9.347383411044006607e+00
-6.799875328688739273e+01 9.265975721044014790e+00
-6.797776332388724541e+01 9.184554188043989598e+00
-6.795682497788737919e+01 9.103119373043995211e+00
-6.793593619888741841e+01 9.021671840044007240e+00
-6.791509491988739455e+01 8.940212149044015177e+00
-6.789429905988725977e+01 8.858740862044015785e+00
-6.787354651988738397e+01 8.777258542043995249e+00
-6.785283518788736501e+01 8.695765752043996599e+00
-6.783216293088725024e+01 8.614263054044016599e+00
-6.781152759788727735e+01 8.532751015043999132e+00
-6.779092701988741965e+01 8.451230203043991196e+00
-6.777035900488743891e+01 8.369701186044011365e+00
-6.774982134188729788e+01 8.288164537043996916e+00
-6.772931179488722364e+01 8.206620832043995506e+00
-6.770882810488723180e+01 8.125070649044005222e+00
-6.768836798888736439e+01 8.043514573044006966e+00
-6.766792913788725627e+01 7.961953190043998596e+00
-6.764750921388730376e+01 7.880387093043991875e+00
-6.762710585188727919e+01 7.798816880043999866e+00
-6.760671665588728274e+01 7.717243155044001490e+00
-6.758633920188725597e+01 7.635666531043994176e+00
-6.756597102888730433e+01 7.554087622043993200e+00
-6.754560964488740638e+01 7.472507055043990043e+00
-6.752525252088724983e+01 7.390925464044015847e+00
-6.750489709388733672e+01 7.309343492044006574e+00
-6.748454074288741822e+01 7.227761735043997326e+00
-6.746418068988731420e+01 7.146180312044008609e+00
-6.744381438988733635e+01 7.064600468044004877e+00
-6.742343911188726224e+01 6.983022887044000093e+00
-6.740305207988734537e+01 6.901448265043995001e+00
-6.738265046788723112e+01 6.819877309044016123e+00
-6.736223139988732100e+01 6.738310744044013312e+00
-6.734179194988740846e+01 6.656749305044001197e+00
-6.732132913588742440e+01 6.575193748043999697e+00
-6.730083991788723097e+01 6.493644842044004939e+00
-6.728032119888729312e+01 6.412103377043989916e+00
-6.725976981788738840e+01 6.330570161043993060e+00
-6.723918255088727847e+01 6.249046021043993981e+00
-6.721855610488722732e+01 6.167531808044002695e+00
-6.719788711688732974e+01 6.086028395043995509e+00
-6.717717214888733679e+01 6.004536678043989717e+00
-6.715640768888732737e+01 5.923057582044008562e+00
-6.713559014288733806e+01 5.841592056043992010e+00
-6.711471583088740545e+01 5.760141079043989087e+00
-6.709378098688733871e+01 5.678705663044012475e+00
-6.707278175388722730e+01 5.597286850044013384e+00
-6.705171417688728752e+01 5.515885717043999215e+00
-6.703057419988743959e+01 5.434503379044001825e+00
-6.700935766488731815e+01 5.353140989043992271e+00
-6.698806029888731928e+01 5.271799743043998454e+00
-6.696667771788742130e+01 5.190480878044012591e+00
-6.694520541288733284e+01 5.109185682043999144e+00
-6.692363875288737063e+01 5.027915488044015113e+00
-6.690197296988725384e+01 4.946671685044008449e+00
-6.688021054088738993e+01 4.865483185044012338e+00
-6.685833120388741690e+01 4.784294760043990458e+00
-6.683633759788739326e+01 4.703137318044013249e+00
-6.681422435588723374e+01 4.622012494044013486e+00
-6.679198594288726554e+01 4.540921994043997323e+00
-6.676961664388744566e+01 4.459867600043991409e+00
-6.674711055788742442e+01 4.378851177043997289e+00
-6.672446158588735443e+01 4.297874678043995367e+00
-6.670166342288729311e+01 4.216940148043987868e+00
-6.667870954488734014e+01 4.136049734044006776e+00
-6.665559319888728851e+01 4.055205689044014683e+00
-6.663230738888722726e+01 3.974410379044001296e+00
-6.660884486088724543e+01 3.893666295043998637e+00
-6.658519809388729982e+01 3.812976059043989174e+00
-6.656135928088741593e+01 3.732342433044009589e+00
-6.653732031188741303e+01 3.651768331043995452e+00
-6.651307275888729009e+01 3.571256832044013230e+00
-6.648860785688742681e+01 3.490811187044015718e+00
-6.646391648388743079e+01 3.410434838044010597e+00
-6.643898913788729033e+01 3.330131430043990370e+00
-6.641381591488737968e+01 3.249904828044008376e+00
-6.638838648688732746e+01 3.169759135043988429e+00
-6.636269007188724345e+01 3.089698709043999791e+00
-6.633671540688732193e+01 3.009728190044000051e+00
-6.631045071688726011e+01 2.929852514043999712e+00
-6.628388368488725746e+01 2.850076949043994112e+00
-6.625700141088731243e+01 2.770407117044014988e+00
-6.622979037888734410e+01 2.690849027044008857e+00
-6.620223637188740895e+01 2.611408996043990349e+00
-6.617432459688728841e+01 2.532094166044003281e+00
-6.614603937288728730e+01 2.452911793043994315e+00
-6.611736426388728205e+01 2.373869824043992161e+00
-6.608828197088740808e+01 2.294976807044007749e+00
-6.605877427488729836e+01 2.216241955044011114e+00
-6.602882196588728902e+01 2.137675209044004099e+00
-6.599840477688729834e+01 2.059287310043997898e+00
-6.596750130188723915e+01 1.981089887043992137e+00
-6.593608891388743132e+01 1.903095545044009684e+00
-6.590414342988736962e+01 1.825317390044005395e+00
-6.587164022288737897e+01 1.747772055044009010e+00
-6.583855169788733974e+01 1.670474016044010357e+00
-6.580484959088738606e+01 1.593441560043998395e+00
-6.577050363888741913e+01 1.516694049043990633e+00
-6.573548168588735052e+01 1.440252690043990258e+00
-6.569974953988725019e+01 1.364140763043990789e+00
-6.566327081688740464e+01 1.288383865044010479e+00
-6.562600678188726988e+01 1.213010207043992539e+00
-6.558791616688739623e+01 1.138050929043998183e+00
-6.554895500088736071e+01 1.063540483043993179e+00
-6.550907641488737454e+01 9.895170630439900084e-01
-6.546823045088734716e+01 9.160230900440062829e-01
-6.542636387988744673e+01 8.431057850440020207e-01
-6.538341996088723818e+01 7.708177170439960424e-01
-6.533933851488740174e+01 6.992179420440145510e-01
-6.529405539888733756e+01 6.283721780440025828e-01
-6.524750271588726491e+01 5.583542650440158628e-01
-6.519960872188738676e+01 4.892471140439902388e-01
-6.515029792088733984e+01 4.211439240440022491e-01
-6.523437126488732929e+01 4.199021620439957747e-01
-6.531844509188744041e+01 4.186933940439978574e-01
-6.540251937388728720e+01 4.175161850440070044e-01
-6.548659408388738257e+01 4.163692000440157859e-01
-6.557066919788729820e+01 4.152511950439923272e-01
-6.565474469488725617e+01 4.141610110440006043e-01
-6.573882040788743097e+01 4.130975650440114055e-01
-6.582289654088725683e+01 4.120598390439902392e-01
-6.590697298288722550e+01 4.110468800440110204e-01
-6.599104971588729995e+01 4.100577930439890384e-01
-6.607512672488741146e+01 4.090917350440002043e-01
-6.615920399588725331e+01 4.081479130439895631e-01
-6.624328151588741775e+01 4.072255760439980055e-01
-6.632735927388733899e+01 4.063240160440095838e-01
-6.641143725488740301e+01 4.054425630440043893e-01
-6.649551545088723969e+01 4.045805820439902778e-01
-6.657959385188740953e+01 4.037374720440134457e-01
-6.666367244888732557e+01 4.029126590440050837e-01
-6.674775123288731038e+01 4.021056020440021417e-01
-6.683183019588722118e+01 4.013157830439972873e-01
-6.691590933188734880e+01 4.005427090440030202e-01
-6.699998863388731252e+01 3.997859120439948288e-01
-6.708406809488741374e+01 3.990449440439924889e-01
-6.716814770888726116e+01 3.983193770440032200e-01
-6.725222747088736241e+01 3.976088030439932641e-01
-6.733630737688730505e+01 3.969128300440154522e-01
-6.742038741988739048e+01 3.962310860439963722e-01
-6.750446759688742304e+01 3.955632100440020782e-01
-6.758854790288722825e+01 3.949088600440113783e-01
-6.767262833488729257e+01 3.942677070440077092e-01
-6.775670888888743093e+01 3.936394330440002864e-01
-6.784078956088723089e+01 3.930237340439923788e-01
-6.792487034788740630e+01 3.924203200440097294e-01
-6.800895124688730675e+01 3.918289080440040539e-01
-6.809303225588740816e+01 3.912492280439885395e-01
-6.817711337188728749e+01 3.906810200440127279e-01
-6.826119459188743122e+01 3.901240330440025605e-01
-6.834527591388740575e+01 3.895780240439983277e-01
-6.842935733488724281e+01 3.890427620439986800e-01
-6.851343885488739716e+01 3.885180200439883880e-01
-6.859752060488739289e+01 3.880035800439991522e-01
-6.868160233088741506e+01 3.874992340440137628e-01
-6.876568415088735264e+01 3.870047780440011298e-01
-6.884976606288722678e+01 3.865200160440160904e-01
-6.893384806588727542e+01 3.860447580439931858e-01
-6.901793015888728178e+01 3.855788210439918817e-01
-6.910201234088725641e+01 3.851220260440009202e-01
-6.918609460988744786e+01 3.846742020440097054e-01
-6.927017696488741194e+01 3.842351810440043369e-01
-6.935425940588737603e+01 3.838048010439927271e-01
-6.943834193188735071e+01 3.833829060440046010e-01
-6.952242454188734655e+01 3.829693440439989605e-01
-6.960650723488737412e+01 3.825639670440061924e-01
-6.969059000988744401e+01 3.821666310440143821e-01
-6.977467286688732884e+01 3.817771980440050061e-01
-6.985875580488726655e+01 3.813955310440058089e-01
-6.994283882388725715e+01 3.810215000439989286e-01
-7.002692192388730064e+01 3.806549760440127717e-01
-7.011100510288741816e+01 3.802958360440122920e-01
-7.019508836188737178e+01 3.799439590439981362e-01
-7.027917170088738885e+01 3.795992260440066435e-01
-7.036325511788726317e+01 3.792615250440001251e-01
-7.044733861388743890e+01 3.789307420439904650e-01
-7.053142218888723392e+01 3.786067700440007844e-01
-7.061550584188734092e+01 3.782895020439973610e-01
-7.069958957388729459e+01 3.779788370439967071e-01
-7.078367338288734345e+01 3.776746730439974886e-01
-7.086775727088723897e+01 3.773769120440129132e-01
-7.095184123688744648e+01 3.770854600440138871e-01
-7.103592528188727329e+01 3.768002230439997380e-01
-7.112000940388742265e+01 3.765211090440054864e-01
-7.120409360488741868e+01 3.762480320440027004e-01
-7.128817788388727195e+01 3.759809030439946742e-01
-7.137226224088743720e+01 3.757196390440065148e-01
-7.145630190188734332e+01 3.754642910440104675e-01
-7.154038460188729687e+01 3.752145120440097958e-01
-7.162446733088739848e+01 3.749703560440018624e-01
-7.170855009088739962e+01 3.747317450440157405e-01
-7.179263287988732145e+01 3.744986050440097802e-01
-7.187671569888738077e+01 3.742708620439991751e-01
-7.196079854588737135e+01 3.740484440440063896e-01
-7.204488142188728261e+01 3.738312800440148909e-01
-7.212896432488736309e+01 3.736193020440048418e-01
-7.221304725588737483e+01 3.734124420440132486e-01
-7.229713021488731783e+01 3.732106350439885478e-01
-7.238121319988744062e+01 3.730138160439928630e-01
-7.246529621188727788e+01 3.728219220440103232e-01
-7.254937925088728434e+01 3.726348910440144824e-01
-7.263346231488725380e+01 3.724526630440145869e-01
-7.271754540588739246e+01 3.722751780439914615e-01
-7.280162852188726674e+01 3.721023780439900452e-01
-7.288571166288733139e+01 3.719342060440162800e-01
-7.296979482888735902e+01 3.717706070439981136e-01
-7.305387801988734964e+01 3.716115260440056023e-01
-7.313796123588730325e+01 3.714569090440129617e-01
-7.322204447588723042e+01 3.713067030440122540e-01
-7.330612773988735853e+01 3.711608580439922367e-01
-7.339021102788723283e+01 3.710193220439912398e-01
-7.347429433988730807e+01 3.708820460440158673e-01
-7.355837767488736745e+01 3.707489810440158795e-01
-7.364246103388740039e+01 3.706200790440157267e-01
-7.372654441588741747e+01 3.704952950440081327e-01
-7.381062782088741869e+01 3.703745800439997016e-01
-7.389471124888740405e+01 3.702578920440082744e-01
-7.397879469888738413e+01 3.701451840439908825e-01
-7.406287817288733777e+01 3.700364140439937888e-01
-7.414696166788729670e+01 3.699315390439885665e-01
-7.423104518588723977e+01 3.698305170439930567e-01
-7.431512872588740493e+01 3.697333060439966790e-01
-7.439921228788733742e+01 3.696398660439961237e-01
-7.448329587188726464e+01 3.695501580440059275e-01
-7.456737947788741394e+01 3.694641420439943591e-01
-7.465146310488734116e+01 3.693817790440043769e-01
-7.473554675388726309e+01 3.693030320440009451e-01
-7.481963042388741769e+01 3.692278630440164466e-01
-7.490371411488735021e+01 3.691562370439946950e-01
-7.498779782788727744e+01 3.690881160439964948e-01
-7.507188156088744790e+01 3.690234660440119274e-01
-7.515596531588738571e+01 3.689622530440026527e-01
-7.524004909088733939e+01 3.689044410440083244e-01
-7.532413288588730893e+01 3.688499970440084486e-01
-7.540821670288727319e+01 3.687988870439931066e-01
-7.549230053888726388e+01 3.687510810439953435e-01
-7.557638439588725987e+01 3.687065440440158159e-01
-7.566046827388726115e+01 3.686652460440023038e-01
-7.574455217088728887e+01 3.686271560439984274e-01
-7.582863608788733245e+01 3.685922430439909636e-01
-7.591272002488739190e+01 3.685604760439951111e-01
-7.599680398188723984e+01 3.685318270439943422e-01
-7.608088795788734160e+01 3.685062660439932802e-01
-7.616497195388723185e+01 3.684837640440143947e-01
-7.624905596888737591e+01 3.684642940440021608e-01
-7.633314000388730847e+01 3.684478260439896236e-01
-7.641722405688727804e+01 3.684343330440065234e-01
-7.650130812888727405e+01 3.684237890440151819e-01
-7.658539222088728593e+01 3.684161670439884961e-01
-7.666947633088733483e+01 3.684114390439952036e-01
-7.675356045888742074e+01 3.684095820439943214e-01
-7.683764460588730572e+01 3.684105680439977437e-01
-7.692172877088722771e+01 3.684143730440034847e-01
-7.700581295388741410e+01 3.684209710440022878e-01
-7.708989715488741012e+01 3.684303390440100134e-01
-7.717398137388744317e+01 3.684424520440068296e-01
-7.725806560988729643e+01 3.684572870440085968e-01
-7.734214986388741409e+01 3.684748190439954829e-01
-7.742623413488735196e+01 3.684950260440011949e-01
-7.751031842288733742e+01 3.685178840439953252e-01
-7.759440272788737047e+01 3.685433720440010052e-01
-7.767848704888723432e+01 3.685714670440056739e-01
-7.776257138688737314e+01 3.686021470440146164e-01
-7.784665574088734274e+01 3.686353900440046960e-01
-7.793074010988738110e+01 3.686711750439990443e-01
-7.801482449488725024e+01 3.687094810439923709e-01
-7.809890889588740492e+01 3.687502870440078073e-01
-7.818299331088741155e+01 3.687935730440010662e-01
-7.826707774188724898e+01 3.688393180439952790e-01
-7.835116218688739309e+01 3.688875020440030017e-01
-7.843524664588738915e+01 3.689381060439977933e-01
-7.851933111988722658e+01 3.689911090440027852e-01
-7.860341560688738127e+01 3.690464930440093827e-01
-7.868750010688739849e+01 3.691042390439911447e-01
-7.877158461988727822e+01 3.691643270439890490e-01
-7.885566914488725843e+01 3.692267390439945007e-01
-7.893975368288732852e+01 3.692914570439989053e-01
-7.902383823288727172e+01 3.693584630439936678e-01
-7.910792279288733653e+01 3.694277380440091907e-01
-7.919200736488727443e+01 3.694992660440157284e-01
-7.927609194688733396e+01 3.695730280440152615e-01
-7.936017653888728773e+01 3.696490070439886200e-01
-7.944426113988737370e+01 3.697271870439913233e-01
-7.952834574988736449e+01 3.698075490439969304e-01
-7.961243036888726010e+01 3.698900780439935421e-01
-7.969651499488730906e+01 3.699747570439904099e-01
-7.978059962788728399e+01 3.700615700440146316e-01
-7.986468426788741226e+01 3.701505010440080401e-01
-7.994876891388724971e+01 3.702415330440083086e-01
-8.003285356488726165e+01 3.703346510440035377e-01
-8.011693822088744810e+01 3.704298390439924038e-01
-8.020102287988737544e+01 3.705270820439914292e-01
-8.028510754288726048e+01 3.706263640439992901e-01
-8.036919220688736232e+01 3.707276710439935119e-01
-8.045327687288744301e+01 3.708309880439906170e-01
-8.053736153988728574e+01 3.709362990439892815e-01
-8.062144620588736643e+01 3.710435900439954526e-01
-8.070553086988724090e+01 3.711528470440150773e-01
-8.078961553288735331e+01 3.712640550440078346e-01
-8.087370019088729123e+01 3.713772010439975180e-01
-8.095778484588726087e+01 3.714922690440112252e-01
-8.104186936188733625e+01 3.716092470440053308e-01
-8.112595398888737463e+01 3.717281200439963573e-01
-8.121008280988729666e+01 3.718489390440133935e-01
-8.129416870388735106e+01 3.719715660440094940e-01
-8.137825462388735787e+01 3.720960470440097811e-01
-8.146234056988731709e+01 3.722223710439884758e-01
-8.154642654088723930e+01 3.723505240440083686e-01
-8.163051253688735187e+01 3.724804920439901412e-01
-8.171459855888741686e+01 3.726122640439932798e-01
-8.179868460488722803e+01 3.727458260439953097e-01
-8.188277067488724015e+01 3.728811660440094489e-01
-8.196685676888722583e+01 3.730182710440026472e-01
-8.205094288688741244e+01 3.731571290439881228e-01
-8.213502902888734525e+01 3.732977290439969398e-01
-8.221911519288727277e+01 3.734400560439887773e-01
-8.230320138088740123e+01 3.735841010440019705e-01
-8.238728758988730760e+01 3.737298500440140447e-01
-8.247137382088743607e+01 3.738772920439992209e-01
-8.255546007288734245e+01 3.740264150439991386e-01
-8.263954634588725412e+01 3.741772080440164405e-01
-8.272363263988739845e+01 3.743296590440075011e-01
-8.280771895288734186e+01 3.744837570440033847e-01
-8.289180528488731170e+01 3.746394900439888875e-01
-8.297589163488731856e+01 3.747968470439950739e-01
-8.305997800288736244e+01 3.749558180440140109e-01
-8.314406438888744333e+01 3.751163900440126486e-01
-8.322815079088735502e+01 3.752785530440114758e-01
-8.331223720788733544e+01 3.754422970440025598e-01
-8.339632363988738462e+01 3.756076090440096937e-01
-8.348041008588728573e+01 3.757744810440037941e-01
-8.356449654488727674e+01 3.759429000440086543e-01
-8.364858301588736822e+01 3.761128580439951907e-01
-8.373266949788734337e+01 3.762843420440156184e-01
-8.381675599088742956e+01 3.764573430439945856e-01
-8.390084249188743115e+01 3.766318500439915784e-01
-8.398492899988735871e+01 3.768078530439986640e-01
-8.406901551488743962e+01 3.769853420440079095e-01
-8.415310203588722970e+01 3.771643080440008067e-01
-8.423718855988744281e+01 3.773447390439905735e-01
-8.432127508688739681e+01 3.775266260440155452e-01
-8.440536161488734024e+01 3.777099590440109456e-01
-8.448944814188729424e+01 3.778947280439972634e-01
-8.457353466688726940e+01 3.780809230439949875e-01
-8.465762118888727628e+01 3.782685360440034561e-01
-8.474170770488734661e+01 3.784575550440074654e-01
-8.482579421388726360e+01 3.786479720440063534e-01
-8.490988071388727576e+01 3.788397760440027628e-01
-8.499396720188741483e+01 3.790329590439960317e-01
-8.507805367888744286e+01 3.792275110440066488e-01
-8.516214013988741272e+01 3.794234230440161060e-01
-8.524622658488732441e+01 3.796206850439880487e-01
-8.533031301088743703e+01 3.798192880439892338e-01
-8.541439941688730642e+01 3.800192230440011532e-01
-8.549848579988741903e+01 3.802204810440052984e-01
-8.558257215888733072e+01 3.804230520439937369e-01
-8.566665849188728998e+01 3.806269280439942282e-01
-8.575074479788730741e+01 3.808320980440094150e-01
-8.583483107488740416e+01 3.810385550439996383e-01
-8.591891732188736341e+01 3.812462900440032332e-01
-8.600300353988740198e+01 3.814552930440122669e-01
-8.608708972788730307e+01 3.816655550440082312e-01
-8.617117588688728347e+01 3.818770690440083104e-01
-8.625526201988731145e+01 3.820898240440151472e-01
-8.633934812988735530e+01 3.823038120439996579e-01
-8.642343422088737270e+01 3.825190240440001777e-01
-8.650752030088727906e+01 3.827354520440160446e-01
-8.659160637988742337e+01 3.829530870440003287e-01
-8.667569247088744078e+01 3.831719200439913653e-01
-8.675977859188736829e+01 3.833919430439884923e-01
-8.684386476688740686e+01 3.836131470440016233e-01
-8.692795102588723921e+01 3.838355230440122501e-01
-8.701203741088733068e+01 3.840590630439912889e-01
-8.709612397688732699e+01 3.842837590439949214e-01
-8.718016446988730195e+01 3.845094770439907439e-01
-8.726424561588731876e+01 3.847364430440045613e-01
-8.734832626688734081e+01 3.849645360440085984e-01
-8.743240638788728347e+01 3.851937480440021933e-01
-8.751648594388728952e+01 3.854240710440131057e-01
-8.760056490688742770e+01 3.856554960439944058e-01
-8.768464325088729083e+01 3.858880150440022749e-01
-8.776872096388723321e+01 3.861216180440003587e-01
-8.785279822688738705e+01 3.863562980440058414e-01
-8.793687485888739275e+01 3.865920460440002149e-01
-8.802095107888743541e+01 3.868288540440112389e-01
-8.810502710188728770e+01 3.870667140440098297e-01
-8.818910329688736738e+01 3.873056180439953256e-01
-8.827318026188726208e+01 3.875455600440027570e-01
-8.835725893488728389e+01 3.877865340440103115e-01
-8.844134072188734308e+01 3.880285350440140224e-01
-8.852542740988741343e+01 3.882715610440066190e-01
-8.860951936888744740e+01 3.885156030439980146e-01
-8.869366713288735582e+01 3.887608010440140038e-01
-8.877781064788740650e+01 3.890069720440003653e-01
-8.886189428388723854e+01 3.892539440440139220e-01
-8.894598903088734687e+01 3.895019160439965322e-01
-8.903007647088742260e+01 3.897508240439997440e-01
-8.911416382488727095e+01 3.900006810439997640e-01
-8.919814219688731782e+01 3.902511540439939086e-01
-8.928232398188737307e+01 3.905031660439981511e-01
-8.936638403088744553e+01 3.907557360440130356e-01
-8.945044182388727450e+01 3.910092140440035724e-01
-8.953446077588722574e+01 3.912634780440094051e-01
-8.961854387588726922e+01 3.915188320439988434e-01
-8.970262427388723836e+01 3.917750640439969789e-01
-8.978670498988725512e+01 3.920321760440110825e-01
-8.987078686788726145e+01 3.922901590439942243e-01
-8.995487031188730498e+01 3.925490070440098567e-01
-9.003895525488741214e+01 3.928087100439932033e-01
-9.012304152088739784e+01 3.930692580439931749e-01
-9.020712890688736252e+01 3.933306410440018386e-01
-9.029121721388736432e+01 3.935928490440112615e-01
-9.037530625588732391e+01 3.938558720440135108e-01
-9.045939587488732059e+01 3.941196990440112291e-01
-9.054348593088724328e+01 3.943843200439964836e-01
-9.062757630888739868e+01 3.946497260440076094e-01
-9.071166690888725270e+01 3.949159050440009811e-01
-9.079575756488742400e+01 3.951828480440149338e-01
-9.087984841988730977e+01 3.954505440439952668e-01
-9.096393926688728016e+01 3.957189830439908906e-01
-9.104803006788728226e+01 3.959881540440044478e-01
-9.113212079088742712e+01 3.962580460440101593e-01
-9.121621140688733931e+01 3.965286490440000922e-01
-9.130030189388725148e+01 3.967999510440158861e-01
-9.138439223188737515e+01 3.970719420439927649e-01
-9.146848240488742476e+01 3.973446100440007900e-01
-9.155257239888732101e+01 3.976179450440036067e-01
-9.163666220588737588e+01 3.978919340439965868e-01
-9.172075181788744658e+01 3.981665650439929482e-01
-9.180484122788737977e+01 3.984418280440131799e-01
-9.188893043388742399e+01 3.987177090440063854e-01
-9.197301943288738357e+01 3.989941980439930536e-01
-9.205710822288727968e+01 3.992712800439897070e-01
-9.214119680488732911e+01 3.995489440439989881e-01
-9.222528517988729391e+01 3.998271770440162687e-01
-9.230941669688735374e+01 4.001061090440025669e-01
-9.239350113788731278e+01 4.003854280439889113e-01
-9.247758565488737759e+01 4.006652750439905208e-01
-9.256167022888729434e+01 4.009456390440100382e-01
-9.264575484188725341e+01 4.012265020440104468e-01
-9.272983947788742398e+01 4.015078530439943894e-01
-9.281392412588724028e+01 4.017896740440101144e-01
-9.289800877288729453e+01 4.020719510440067257e-01
-9.298209340888723773e+01 4.023546690440007456e-01
-9.306617802588738186e+01 4.026378110440014257e-01
-9.315026261588735679e+01 4.029213610440074422e-01
-9.323434717388744275e+01 4.032053020439996249e-01
-9.331843169288725903e+01 4.034896160439978008e-01
-9.340251616888730268e+01 4.037742860440112214e-01
-9.348660059688739921e+01 4.040592950439922948e-01
-9.357068497588733180e+01 4.043446220439925742e-01
-9.365476930088738072e+01 4.046302490440034649e-01
-9.373885357088732917e+01 4.049161550439912549e-01
-9.382293778388742567e+01 4.052023210440147682e-01
-9.390702193788723662e+01 4.054887260440118713e-01
-9.399110603188722735e+01 4.057753470439984245e-01
-9.407519006488740843e+01 4.060621610439902884e-01
-9.415927403788731453e+01 4.063491470440105946e-01
-9.424335794888742157e+01 4.066362800440110892e-01
-9.432744179788727479e+01 4.069235340440109372e-01
-9.441152558588731836e+01 4.072108850440081529e-01
-9.449560931288732490e+01 4.074983060440040550e-01
-9.457969297888729443e+01 4.077857680439926913e-01
-9.466377658488744373e+01 4.080732430440143776e-01
-9.474786013088731806e+01 4.083607020440063184e-01
-9.483194361888735102e+01 4.086481130439942877e-01
-9.491602704788732581e+01 4.089354430440146349e-01
-9.500011042088743807e+01 4.092226600440078688e-01
-9.508419373788723306e+01 4.095097270439957970e-01
-9.516827699888739289e+01 4.097966090440074982e-01
-9.525236020688743110e+01 4.100832660440112409e-01
-9.533644336188734769e+01 4.103696600440109865e-01
-9.542052646588734888e+01 4.106557460439994589e-01
-9.550456796388738212e+01 4.109413410440077019e-01
-9.558865433588738370e+01 4.112266910439921208e-01
-9.567274045788730064e+01 4.115115960439930110e-01
-9.575682633988725456e+01 4.117960020440130098e-01
-9.584091198988738824e+01 4.120798570440051822e-01
-9.592499741988734741e+01 4.123631040440038920e-01
-9.600908263488730654e+01 4.126456820440005391e-01
-9.609316764588737669e+01 4.129275270439898282e-01
-9.617725246188723531e+01 4.132085730440160365e-01
-9.626133709088725254e+01 4.134887470439985169e-01
-9.634542154088734378e+01 4.137679730440020354e-01
-9.642950582088741385e+01 4.140461710439915510e-01
-9.651359006288743103e+01 4.143232540440060507e-01
-9.659767397988724724e+01 4.145991300439952898e-01
-9.668175776088736484e+01 4.148736990439936267e-01
-9.676584141288725505e+01 4.151468560440030320e-01
-9.684992493988733031e+01 4.154184860439891214e-01
-9.693400834688731038e+01 4.156884670439915386e-01
-9.701809164088734860e+01 4.159566670440135727e-01
-9.710217482488741325e+01 4.162229400440076166e-01
-9.718625790588743030e+01 4.164871330440000907e-01
-9.727034088788735744e+01 4.167490740439909747e-01
-9.735442377688735860e+01 4.170085790439934659e-01
-9.743850657888737032e+01 4.172654440440048962e-01
-9.752258929788735031e+01 4.175194460439961563e-01
-9.760667194088722454e+01 4.177703390440108411e-01
-9.769075451188740544e+01 4.180178510439980233e-01
-9.777483701888735368e+01 4.182616780439893933e-01
-9.785891946588725432e+01 4.185014800439994520e-01
-9.794300201688741936e+01 4.187368780440003935e-01
-9.802708441388739402e+01 4.189674400440133173e-01
-9.811116677788726292e+01 4.191926770440084216e-01
-9.819524911688739621e+01 4.194120300440140614e-01
-9.827933143488729684e+01 4.196248520439944674e-01
-9.836341374188731379e+01 4.198303930440083764e-01
-9.844749604388738362e+01 4.200277700440147033e-01
-9.853157829288733183e+01 4.202159380440086967e-01
-9.861566064688730648e+01 4.203936390439928505e-01
-9.869974299088738690e+01 4.205593400440073015e-01
-9.878382570988736688e+01 4.207111410439943189e-01
-9.886791034388733124e+01 4.208466400440038502e-01
-9.895199496088724800e+01 4.209627210439912393e-01
-9.903607952488727051e+01 4.210552260439890393e-01
-9.912016416988734591e+01 4.211183970440111057e-01
-9.920424878288730497e+01 4.211438470439923254e-01
-9.928833250788733267e+01 4.214801670439947134e-01
-9.937236842888722776e+01 4.225488900439977602e-01
-9.945643316188733252e+01 4.243241160440043291e-01
-9.954048077588726073e+01 4.267798700440146309e-01
-9.962450662288728154e+01 4.298927950439968004e-01
-9.970850650888741029e+01 4.336415600440084450e-01
-9.979247662588744561e+01 4.380066480439943621e-01
-9.987641349788731304e+01 4.429701720439986889e-01
-9.996031392888738765e+01 4.485157140439917089e-01
-1.000441749628873254e+02 4.546281850440145877e-01
-1.001279938538872898e+02 4.612937020440022184e-01
-1.002117680268872277e+02 4.684994780440085993e-01
-1.002954950628872552e+02 4.762337290439966342e-01
-1.003791726698872822e+02 4.844855880440086526e-01
-1.004627986638874404e+02 4.932450290440038021e-01
-1.005463709558873120e+02 5.025028030439948612e-01
-1.006298875328872668e+02 5.122503750440039472e-01
-1.007133464488874210e+02 5.224798720440155808e-01
-1.007967458128873091e+02 5.331840370440084076e-01
-1.008800837738874066e+02 5.443561830440153404e-01
-1.009633585148873749e+02 5.559901540439959877e-01
-1.010465682488872403e+02 5.680802950440118071e-01
-1.011297112038873252e+02 5.806214150439921173e-01
-1.012127856218873490e+02 5.936087600439912126e-01
-1.012957897478872269e+02 6.070379920440125421e-01
-1.013787218308872866e+02 6.209051560439882156e-01
-1.014615801118872582e+02 6.352066680439911739e-01
-1.015443628208874429e+02 6.499392920439952537e-01
-1.016270681758873593e+02 6.651001200440014305e-01
-1.017096943728874407e+02 6.806865620440014641e-01
-1.017922395868874332e+02 6.966963250440010302e-01
-1.018747019638873894e+02 7.131274050439906365e-01
-1.019570796178872456e+02 7.299780720439905668e-01
-1.020393706328872554e+02 7.472468600440145270e-01
-1.021215730498874450e+02 7.649325580439942929e-01
-1.022036848698873541e+02 7.830341990440097266e-01
-1.022857040488872258e+02 8.015510530439933223e-01
-1.023676284908873981e+02 8.204826190440137612e-01
-1.024494560518873527e+02 8.398286200440161497e-01
-1.025311845298874118e+02 8.595889940440024635e-01
-1.026128116638873848e+02 8.797638920439958543e-01
-1.026943351298872926e+02 9.003536700440115670e-01
-1.027757525368874099e+02 9.213588850440139755e-01
-1.028570614248873767e+02 9.427802950440018481e-01
-1.029382592608873779e+02 9.646188490440004148e-01
-1.030193434318873074e+02 9.868756910439906438e-01
-1.031003112448872230e+02 1.009552150044014995e+00
-1.031811599208874100e+02 1.032649747043989708e+00
-1.032618865898872969e+02 1.056170182044012806e+00
-1.033424882888872958e+02 1.080115343044013132e+00
-1.034229619568872636e+02 1.104487298044005472e+00
-1.035033044248872898e+02 1.129288297044012568e+00
-1.035835124218874057e+02 1.154520769044011574e+00
-1.036635825578873096e+02 1.180187326044005447e+00
-1.037435113278872336e+02 1.206290758043990552e+00
-1.038232950988873995e+02 1.232834035043992360e+00
-1.039029301098873361e+02 1.259820311043994723e+00
-1.039824124628873392e+02 1.287252916043996054e+00
-1.040617381178873870e+02 1.315135366043988840e+00
-1.041409028838872359e+02 1.343471359044001945e+00
-1.042199024148873718e+02 1.372264778044012035e+00
-1.042987322008872866e+02 1.401519689043993155e+00
-1.043773875588873921e+02 1.431240349044002658e+00
-1.044558636268872647e+02 1.461431199043999429e+00
-1.045341553568873110e+02 1.492096876044001208e+00
-1.046122574998873347e+02 1.523242206043988078e+00
-1.046901646048872294e+02 1.554872211043998975e+00
-1.047678710008873963e+02 1.586992109043989574e+00
-1.048453707908874435e+02 1.619607319044006788e+00
-1.049226578408874389e+02 1.652723458043993121e+00
-1.049997257678873552e+02 1.686346350044004128e+00
-1.050765679258874457e+02 1.720482025043991614e+00
-1.051531773958874396e+02 1.755136719044002591e+00
-1.052295469698873944e+02 1.790316883043998830e+00
-1.053056691418873356e+02 1.826029176044016156e+00
-1.053815360838872834e+02 1.862280478043998544e+00
-1.054571396398873162e+02 1.899077883044014259e+00
-1.055324713018873695e+02 1.936428706044011294e+00
-1.056075221988873523e+02 1.974340483044016326e+00
-1.056822830728874010e+02 2.012820974043989075e+00
-1.057567442638873558e+02 2.051878161044014881e+00
-1.058308956878872209e+02 2.091520252044005268e+00
-1.059047268158873862e+02 2.131755682044000899e+00
-1.059782266518872689e+02 2.172593107044007432e+00
-1.060513837098873751e+02 2.214041411044006757e+00
-1.061241859898872804e+02 2.256109699044002603e+00
-1.061966209508872794e+02 2.298807297043992115e+00
-1.062686754868872754e+02 2.342143749043997580e+00
-1.063403358908873884e+02 2.386128809044008925e+00
-1.064115878408874210e+02 2.430772443043990982e+00
-1.064824163548873344e+02 2.476084813043995858e+00
-1.065528057668872748e+02 2.522076276044002974e+00
-1.066227396938872403e+02 2.568757369043992433e+00
-1.066922010918873980e+02 2.616138865044006501e+00
-1.067611717608874073e+02 2.664231436043990264e+00
-1.068296332328872609e+02 2.713046272044009832e+00
-1.068975658118874321e+02 2.762594431043992493e+00
-1.069649489948873793e+02 2.812887129044013612e+00
-1.070317613468873219e+02 2.863935653043994556e+00
-1.070979804608872996e+02 2.915751330044002110e+00
-1.071635829158873889e+02 2.968345495043990034e+00
-1.072285442448873596e+02 3.021729451043994708e+00
-1.072928388918873566e+02 3.075914428044000282e+00
-1.073564401808873185e+02 3.130911533044012707e+00
-1.074193202768873903e+02 3.186731698044012795e+00
-1.074814501578873092e+02 3.243385619044004464e+00
-1.075427995818874365e+02 3.300883692044009443e+00
-1.076033370638874089e+02 3.359235936044000503e+00
-1.076630298558872596e+02 3.418451916044005223e+00
-1.077218439298873705e+02 3.478540655044013441e+00
-1.077797439748873671e+02 3.539510539044015580e+00
-1.078366933918873087e+02 3.601369212044004620e+00
-1.078926543098872912e+02 3.664123468044009790e+00
-1.079475876018872782e+02 3.727779129043994111e+00
-1.080014529248873600e+02 3.792340924043997141e+00
-1.080542087678872463e+02 3.857812350044013350e+00
-1.081058125128874394e+02 3.924195541044013247e+00
-1.081562205238873844e+02 3.991491119044012770e+00
-1.082053882438873984e+02 4.059698045044000558e+00
-1.082532703898872910e+02 4.128813577044012639e+00
-1.082998208118874004e+02 4.198832691044002807e+00
-1.083449931198874197e+02 4.269748615043993389e+00
-1.083887405518873379e+02 4.341552203043987923e+00
-1.084310162758874299e+02 4.414231934044010153e+00
-1.084717736368872352e+02 4.487773792044008836e+00
-1.085109664168873564e+02 4.562161159043994552e+00
-1.085485491278872701e+02 4.637374730044000692e+00
-1.085844773108873937e+02 4.713392452043989600e+00
-1.086187078598872517e+02 4.790189489043995330e+00
-1.086511993578873785e+02 4.867738215043998729e+00
-1.086819124098873885e+02 4.946008250044001464e+00
-1.087108099828873833e+02 5.024966515044012816e+00
-1.087378577428873427e+02 5.104577341044005401e+00
-1.087630243698874324e+02 5.184802611044005083e+00
-1.087862818638872682e+02 5.265601932044005729e+00
-1.088076058148873813e+02 5.346932855044001620e+00
-1.088269756808874149e+02 5.428751282044003368e+00
-1.088443748538872455e+02 5.511011174043999539e+00
-1.088597910048874269e+02 5.593665616044005695e+00
-1.088732160728872600e+02 5.676666677044010179e+00
-1.088846463518872838e+02 5.759965852043989365e+00
-1.088940824948874138e+02 5.843514396044013459e+00
-1.089015294688874178e+02 5.927263661044007925e+00
-1.089071561338873266e+02 6.011155967044003567e+00
-1.089124052458873280e+02 6.095073699044006865e+00
-1.089176077738872550e+02 6.178994323044007864e+00
-1.089227562248872232e+02 6.262918292043990753e+00
-1.089278445928873111e+02 6.346845732044015698e+00
-1.089328680308873913e+02 6.430777171044012697e+00
-1.089378225358872783e+02 6.514712696043999607e+00
-1.089427047818873575e+02 6.598652447044002223e+00
-1.089475119778873591e+02 6.682596526043993457e+00
-1.089522417478873990e+02 6.766544906044003049e+00
-1.089568920768874136e+02 6.850497860044014509e+00
-1.089614612068873498e+02 6.934455273043993451e+00
-1.089659476158873872e+02 7.018417152044007956e+00
-1.089703499688873194e+02 7.102383489044000520e+00
-1.089746670878873260e+02 7.186354266043990968e+00
-1.089788979238873594e+02 7.270329453044012347e+00
-1.089830415408873137e+02 7.354309011043993927e+00
-1.089870971078873367e+02 7.438293269044009115e+00
-1.089910638628873016e+02 7.522282264044007682e+00
-1.089949410778874039e+02 7.606275436044000138e+00
-1.089987281078874162e+02 7.690272720043991761e+00
-1.090024243578872643e+02 7.774274049044008983e+00
-1.090060292698873923e+02 7.858279350043999578e+00
-1.090095423238873877e+02 7.942288546044010467e+00
-1.090129630298874304e+02 8.026301561043993615e+00
-1.090162909168872716e+02 8.110318160044016622e+00
-1.090195255518873978e+02 8.194338505044015619e+00
-1.090226665058873436e+02 8.278362402043995871e+00
-1.090257133718873206e+02 8.362389764043996365e+00
-1.090286657548874132e+02 8.446420499043995278e+00
-1.090315232718873517e+02 8.530454515043999209e+00
-1.090342855488872260e+02 8.614491718044007484e+00
-1.090369522208872581e+02 8.698532011043994316e+00
-1.090395229288873793e+02 8.782575298044008605e+00
-1.090419973188872405e+02 8.866621480043988868e+00
-1.090443750408873598e+02 8.950670457043997885e+00
-1.090466557488873036e+02 9.034722127044005902e+00
-1.090488390988872993e+02 9.118776389044001007e+00
-1.090509247488873257e+02 9.202833139044003019e+00
-1.090529123558873721e+02 9.286892272044013907e+00
-1.090548015798873962e+02 9.370953681043999950e+00
-1.090565920778873874e+02 9.455017260044002114e+00
-1.090582835078873245e+02 9.539082900044007829e+00
-1.090598755268874243e+02 9.623150492044004523e+00
-1.090613677878872636e+02 9.707219923043993504e+00
-1.090627599438873290e+02 9.791291084043990622e+00
-1.090640516458874458e+02 9.875363859044000492e+00
-1.090652425408872546e+02 9.959438136044013845e+00
-1.090663322738873262e+02 1.004351379704399960e+01
-1.090673204848873752e+02 1.012759072704400864e+01
-1.090682068138873433e+02 1.021166880704399205e+01
-1.090689908948872358e+02 1.029574791704399672e+01
-1.090696723568873381e+02 1.037982793704401274e+01
-1.090702508288872536e+02 1.046390874504399449e+01
-1.090707259328873420e+02 1.054799021704400275e+01
-1.090710972868873228e+02 1.063207222904401306e+01
-1.090713645038874233e+02 1.071615465404400425e+01
-1.090715271948874374e+02 1.080023736404399415e+01
