-1.208421073768873271e+02 -2.334436912495598904e+01
-1.208409462148873104e+02 -2.290633827895598529e+01
-1.208390835518873132e+02 -2.246840684895599338e+01
-1.208364529728873435e+02 -2.203086415295598499e+01
-1.208329677178873567e+02 -2.159169100195600777e+01
-1.208285642278872842e+02 -2.115269237695599713e+01
-1.208232013208873354e+02 -2.071636504195600992e+01
-1.208167500468873072e+02 -2.027828056795598854e+01
-1.208091465238873639e+02 -1.984002328295599682e+01
-1.208003225708873174e+02 -1.940233243395599061e+01
-1.207901795458873835e+02 -1.896445542995598998e+01
-1.207786335048872957e+02 -1.852658782495601031e+01
-1.207655914118873284e+02 -1.808864251295599956e+01
-1.207509610148873094e+02 -1.765067003095600739e+01
-1.207346566138873527e+02 -1.721294318895598963e+01
-1.207165876878872837e+02 -1.677558786095599430e+01
-1.206966320628873177e+02 -1.633807846595598789e+01
-1.206746913588872872e+02 -1.590057895595600712e+01
-1.206506647018873650e+02 -1.546321422195600803e+01
-1.206244434258873639e+02 -1.502599664795599210e+01
-1.205959147268873153e+02 -1.458892152995599645e+01
-1.205649631768873746e+02 -1.415199504395599206e+01
-1.205314764358873276e+02 -1.371530331595599250e+01
-1.204953328818873501e+02 -1.327884044795598584e+01
-1.204563585688873104e+02 -1.284207439795599726e+01
-1.204145338188873779e+02 -1.240620819795600482e+01
-1.203696866398873340e+02 -1.197073583395598462e+01
-1.203216724568873701e+02 -1.153554698695600678e+01
-1.202703655078873339e+02 -1.110074345395599948e+01
-1.202156246228873329e+02 -1.066631322795601022e+01
-1.201573043428873575e+02 -1.023224388195600909e+01
-1.200952454388873889e+02 -9.798459526956008858e+00
-1.200293024608873225e+02 -9.365016197956009592e+00
-1.199594304048873141e+02 -8.932586854955985700e+00
-1.198854395268872963e+02 -8.500896150956009478e+00
-1.198071638888873736e+02 -8.069873051955994470e+00
-1.197245405208873876e+02 -7.640001386955987961e+00
-1.196372867438873868e+02 -7.210627738955992960e+00
-1.195453326458872993e+02 -6.782214066955988052e+00
-1.194485719698873822e+02 -6.354989493955998547e+00
-1.193468454098872940e+02 -5.928933689956012110e+00
-1.192400161948873460e+02 -5.504128705955992906e+00
-1.191279539088873776e+02 -5.080674581956004410e+00
-1.190105322908872836e+02 -4.658676065956002255e+00
-1.188876300068873775e+02 -4.238242617955990887e+00
-1.187591314328873864e+02 -3.819488255956003719e+00
-1.186249274468872841e+02 -3.402531346956011227e+00
-1.184849162368873863e+02 -2.987494320955989657e+00
-1.183390040918873751e+02 -2.574503298955989727e+00
-1.181870839498873806e+02 -2.163628865955986136e+00
-1.180291118998873685e+02 -1.755089952955984911e+00
-1.178650076778873768e+02 -1.348980159956000291e+00
-1.176947148628873379e+02 -9.454310949560074118e-01
-1.175181686498872864e+02 -5.445316009559924009e-01
-1.173353671958873861e+02 -1.464870379560075098e-01
-1.171462698668872804e+02 2.486135300439961948e-01
-1.169508675928873913e+02 6.406382290440142402e-01
-1.167491628088873199e+02 1.029459676044012229e+00
-1.165411697578873031e+02 1.414954952044012559e+00
-1.163269147328873601e+02 1.797005634044011702e+00
-1.161064358038873365e+02 2.175498639044007199e+00
-1.159525650908873899e+02 2.283486931043994694e+00
-1.159284629408873002e+02 1.846167291043996572e+00
-1.158847002298873008e+02 1.410354615044013160e+00
-1.158252488468872912e+02 9.763950020439999822e-01
-1.157522027298873013e+02 5.445110500440073498e-01
-1.156666954758873658e+02 1.148840430440138810e-01
-1.155693101898872897e+02 -3.121962709560086591e-01
-1.154602434268873026e+02 -7.364238109559841927e-01
-1.153393981038873903e+02 -1.157435529955990416e+00
-1.152064315818873297e+02 -1.574770693955998224e+00
-1.150607684898873799e+02 -1.987851917955993697e+00
-1.149016009128873179e+02 -2.395934538955999393e+00
-1.147278811238873573e+02 -2.798029830956012098e+00
-1.145382742628873416e+02 -3.192873864955999785e+00
-1.143311461708872798e+02 -3.578759500956011586e+00
-1.141044464438872978e+02 -3.953510305956002391e+00
-1.138558011138873667e+02 -4.314023299956006419e+00
-1.135824292818873005e+02 -4.656121221955999978e+00
-1.132812735928873167e+02 -4.974087831955984917e+00
-1.129497319558873301e+02 -5.259879593955987254e+00
-1.125860402878873288e+02 -5.503366815955986091e+00
-1.121927084758872866e+02 -5.695718584955984376e+00
-1.118165082928873630e+02 -5.918674757955984411e+00
-1.114970985868873754e+02 -6.217113575956006777e+00
-1.112596992158873377e+02 -6.584107481956011476e+00
-1.111146848518873753e+02 -6.996504298955984247e+00
-1.110529634058872830e+02 -7.429317227956006242e+00
-1.110571352728872512e+02 -7.866995754956009002e+00
-1.111111303808872321e+02 -8.301433553956002243e+00
-1.112027789518872964e+02 -8.729722966955989705e+00
-1.113233686808873131e+02 -9.150817814955985341e+00
-1.114667163908873704e+02 -9.564697733955995318e+00
-1.116283882658872812e+02 -9.971767930955991233e+00
-1.118051217668873392e+02 -1.037252773795600547e+01
-1.119944656938873209e+02 -1.076748826595598985e+01
-1.121944840848872786e+02 -1.115702515095600234e+01
-1.124038671008873393e+02 -1.154187705695599675e+01
-1.126212992038873040e+02 -1.192215211695599919e+01
-1.128458396328873619e+02 -1.229820681495598933e+01
-1.130767666228873054e+02 -1.267042685295598403e+01
-1.133134164518873490e+02 -1.303903368295598852e+01
-1.135552531108873495e+02 -1.340425521295600220e+01
-1.138018263988873855e+02 -1.376629367895600353e+01
-1.140520121638873547e+02 -1.412582567395600108e+01
-1.142997668638873279e+02 -1.448703017995600817e+01
-1.145431420568873477e+02 -1.485120145695600513e+01
-1.147810520978873114e+02 -1.521896634095600120e+01
-1.150120029388872922e+02 -1.559114056195599574e+01
-1.152339416388873019e+02 -1.596896660695600190e+01
-1.154433912348873150e+02 -1.635350319995600898e+01
-1.156353541748873681e+02 -1.674722754695599747e+01
-1.158004620918873684e+02 -1.715281990895599051e+01
-1.159201426068872820e+02 -1.757383881695599825e+01
-1.159510982078873553e+02 -1.800920965395599183e+01
-1.158010336838872831e+02 -1.841425147595600720e+01
-1.154483351018873805e+02 -1.866501849195600471e+01
-1.150231857628872945e+02 -1.876478366995598890e+01
-1.145857957458873102e+02 -1.878353659995599401e+01
-1.141486554898872896e+02 -1.875736268095599257e+01
-1.137126782318873097e+02 -1.871589153195600375e+01
-1.132750965948873159e+02 -1.869512451595599600e+01
-1.128374465188873614e+02 -1.868006924095598720e+01
-1.123995485028872849e+02 -1.866764513595600761e+01
-1.119616817198872809e+02 -1.865683316795599467e+01
-1.115236642088872827e+02 -1.864713381195599595e+01
-1.110853217898872458e+02 -1.863826068595599850e+01
-1.106476380118874090e+02 -1.863005223595598636e+01
-1.102098375548873150e+02 -1.862236950895598397e+01
-1.097718507968872359e+02 -1.861512321395599656e+01
-1.093337963398873285e+02 -1.860824940495598412e+01
-1.088957990598873380e+02 -1.860169895495599235e+01
-1.084577994998873578e+02 -1.859543053995599848e+01
-1.080197492768872394e+02 -1.858941095795600518e+01
-1.075817390528872579e+02 -1.858361474895599486e+01
-1.071437263368872550e+02 -1.857801908495599719e+01
-1.067057111828873417e+02 -1.857260522495599275e+01
-1.062676936438874122e+02 -1.856735719395598494e+01
-1.058296350128873087e+02 -1.856226079995599321e+01
-1.053916082438874469e+02 -1.855730496095600301e+01
-1.049535791058873997e+02 -1.855247883695599853e+01
-1.045155476628873998e+02 -1.854777323695600444e+01
-1.040774795138872264e+02 -1.854317966395601047e+01
-1.036394453098873214e+02 -1.853869160095598545e+01
-1.032014091608872945e+02 -1.853430216895600324e+01
-1.027633710958872939e+02 -1.853000552295600301e+01
-1.023253311658872349e+02 -1.852579637995600592e+01
-1.018872894408872867e+02 -1.852166994795598498e+01
-1.014492460198873118e+02 -1.851762186395600907e+01
-1.010112010258873738e+02 -1.851364814195599706e+01
-1.005731546608873828e+02 -1.850974512995600207e+01
-1.001351069658873598e+02 -1.850590947095599859e+01
-9.969712183988730203e+01 -1.850213861195598497e+01
-9.925906927488739484e+01 -1.849842857695600173e+01
-9.882101601988728135e+01 -1.849477729295600170e+01
-9.838296211688742687e+01 -1.849118230095598392e+01
-9.794490777988738728e+01 -1.848764131395600430e+01
-9.750573941788724142e+01 -1.848414339195599609e+01
-9.706879855088726572e+01 -1.848071296295600519e+01
-9.663074402888736358e+01 -1.847732174395599714e+01
-9.619268973388733457e+01 -1.847397679395598402e+01
-9.575463598688742195e+01 -1.847067647295600068e+01
-9.531658261088722384e+01 -1.846741923795599405e+01
-9.487852955988722670e+01 -1.846420363395600361e+01
-9.444046845688734493e+01 -1.846102822995598558e+01
-9.400247927188723907e+01 -1.845789230495600464e+01
-9.356445313288730858e+01 -1.845479385095600833e+01
-9.312642890088744707e+01 -1.845173198895599853e+01
-9.268905402388730863e+01 -1.844871006995600737e+01
-9.225046235888743240e+01 -1.844571422795598892e+01
-9.181214698988736700e+01 -1.844275378195598591e+01
-9.137451833488734110e+01 -1.843983045495599526e+01
-9.093640034888738910e+01 -1.843693547395599808e+01
-9.049665566588731735e+01 -1.843406069595599206e+01
-9.006091538888739478e+01 -1.843124187695599403e+01
-8.962289741488729078e+01 -1.842843742795599837e+01
-8.918487971688722382e+01 -1.842566142295598297e+01
-8.874686207788744241e+01 -1.842291315195600987e+01
-8.830884432588726440e+01 -1.842019193995599835e+01
-8.787082633288736133e+01 -1.841749713795599064e+01
-8.743280800388737362e+01 -1.841482812395599922e+01
-8.699478926888735941e+01 -1.841218430595600353e+01
-8.655677007888738217e+01 -1.840956511195599887e+01
-8.611875040288731498e+01 -1.840696999495600039e+01
-8.568073022288734819e+01 -1.840439842995598951e+01
-8.524270953188732847e+01 -1.840184991195599196e+01
-8.480330525688731313e+01 -1.839931601495598557e+01
-8.436451815088724970e+01 -1.839680786595599216e+01
-8.392882972888736504e+01 -1.839433892295599549e+01
-8.349081469788728782e+01 -1.839187795295600836e+01
-8.305279881788732155e+01 -1.838943777595599727e+01
-8.261457527688725122e+01 -1.838701685295600896e+01
-8.217655133288729985e+01 -1.838461704495600202e+01
-8.173687164588744736e+01 -1.838222791095600428e+01
-8.130049782488725896e+01 -1.837987594095599775e+01
-8.086246329588738035e+01 -1.837753390795600694e+01
-8.042442886888733256e+01 -1.837521046395599456e+01
-7.998639454588732178e+01 -1.837290528295599756e+01
-7.954579804388725961e+01 -1.837060472295598856e+01
-7.911032647588734790e+01 -1.836834845995599608e+01
-7.867229262688732661e+01 -1.836609621895598821e+01
-7.823425895288727361e+01 -1.836386103995599228e+01
-7.779622548088735812e+01 -1.836164264895600695e+01
-7.735819273688724707e+01 -1.835944077895598525e+01
-7.692015933488727342e+01 -1.835725516495600118e+01
-7.648212680788736861e+01 -1.835508556195600249e+01
-7.604409487288734226e+01 -1.835293172595598321e+01
-7.560606351688733184e+01 -1.835079342095599486e+01
-7.516803313288727395e+01 -1.834867041795598652e+01
-7.473007207688732478e+01 -1.834656282295600249e+01
-7.429197682788725388e+01 -1.834446944395600099e+01
-7.385395204288732884e+01 -1.834239105295600325e+01
-7.341593591488725679e+01 -1.834032714895599270e+01
-7.297775525988726031e+01 -1.833827672595600689e+01
-7.253991929388729432e+01 -1.833624196595599187e+01
-7.210191910488737221e+01 -1.833422030895599164e+01
-7.166393830188729908e+01 -1.833221242695600495e+01
-7.122597417388732310e+01 -1.833021813095598418e+01
-7.078802229388742262e+01 -1.832823722795600929e+01
-7.035007812188740672e+01 -1.832626952995599368e+01
-6.991213810688731201e+01 -1.832431485895600076e+01
-6.947391855988729503e+01 -1.832237180195599535e+01
-6.903152904288725722e+01 -1.832042314995598531e+01
-6.859766471388724085e+01 -1.831852448595600436e+01
-6.815963409288741559e+01 -1.831661993795600551e+01
-6.772115878488733642e+01 -1.831472574095599271e+01
-6.728350514788729697e+01 -1.831284721295600093e+01
-6.684554471488735317e+01 -1.831097935495600382e+01
-6.640754624388722505e+01 -1.830912319795598364e+01
-6.596952380088731616e+01 -1.830727867595598468e+01
-6.553150112888732792e+01 -1.830544576695598380e+01
-6.509347809488730263e+01 -1.830362434895599222e+01
-6.465545476988739892e+01 -1.830181430795599340e+01
-6.421754063588736017e+01 -1.830001597495601118e+01
-6.377964981688722901e+01 -1.829822888295601047e+01
-6.334174788888725516e+01 -1.829645278295600974e+01
-6.290383380088741205e+01 -1.829468756595599643e+01
-6.246590777788736659e+01 -1.829293313095598705e+01
-6.202797030488744667e+01 -1.829118938095598423e+01
-6.159002195088731924e+01 -1.828945622195598730e+01
-6.115206329688743381e+01 -1.828773356195600286e+01
-6.071322308688735347e+01 -1.828601791495600537e+01
-6.027515999688733928e+01 -1.828431567695599824e+01
-5.983712885188737118e+01 -1.828262383795600954e+01
-5.939909956688728698e+01 -1.828094219495599759e+01
-5.896106917988726082e+01 -1.827927065295600073e+01
-5.852303867588733510e+01 -1.827760913595599845e+01
-5.808510536688726233e+01 -1.827595792995600732e+01
-5.764705755988728697e+01 -1.827431616195599418e+01
-5.720627178888724984e+01 -1.827267402095600346e+01
-5.676923566688736855e+01 -1.827105556995599045e+01
-5.633288433288743136e+01 -1.826944924195601061e+01
-5.589481254988726278e+01 -1.826784614695600339e+01
-5.545682171288734708e+01 -1.826625286595600528e+01
-5.501879020688733135e+01 -1.826466888995599902e+01
-5.457884728188736290e+01 -1.826308745495600760e+01
-5.414030005188732275e+01 -1.826152040395598419e+01
-5.370469488088741628e+01 -1.825997306395601072e+01
-5.326675248488726311e+01 -1.825842660795601091e+01
-5.282912338688737464e+01 -1.825689040195598523e+01
-5.239059830388731598e+01 -1.825536016695599528e+01
-5.195011116188737788e+01 -1.825383221795598843e+01
-5.151453319988735302e+01 -1.825233024795599590e+01
-5.107650042588733186e+01 -1.825082874095599550e+01
-5.063851196188733184e+01 -1.824933628995600543e+01
-5.020048140388729507e+01 -1.824785255395599393e+01
-4.976245078488722129e+01 -1.824637763295598347e+01
-4.932442010488733786e+01 -1.824491148395600248e+01
-4.888638936388741740e+01 -1.824345406595600139e+01
-4.844835856088724313e+01 -1.824200534095598414e+01
-4.801032769588726978e+01 -1.824056526895600427e+01
-4.757229676888726999e+01 -1.823913381395598776e+01
-4.713426577988724375e+01 -1.823771094195600995e+01
-4.669623472788742902e+01 -1.823629661895600407e+01
-4.625820361188738161e+01 -1.823489081295599590e+01
-4.582017243388730776e+01 -1.823349349395599006e+01
-4.538214119188722862e+01 -1.823210463195599118e+01
-4.494410988588737155e+01 -1.823072419995600058e+01
-4.450607851488729239e+01 -1.822935217195600899e+01
-4.406804707988743530e+01 -1.822798852195600716e+01
-4.363001557988735613e+01 -1.822663322895598981e+01
-4.319198401488728223e+01 -1.822528626995600121e+01
-4.275395238388722419e+01 -1.822394762495599707e+01
-4.231592068688740937e+01 -1.822261727595599723e+01
-4.187788892388738304e+01 -1.822129520395600366e+01
-4.143985709388738314e+01 -1.821998139395600447e+01
-4.099971720988736479e+01 -1.821866956895598832e+01
-4.056379323188724584e+01 -1.821737850395598457e+01
-4.012562434588738824e+01 -1.821608899795600678e+01
-3.968777884888726248e+01 -1.821480865395599835e+01
-3.924969724488727252e+01 -1.821353582395599346e+01
-3.881170230888727701e+01 -1.821227144395598430e+01
-3.837369357888741206e+01 -1.821101521695598535e+01
-3.793560000388737308e+01 -1.820976693695598669e+01
-3.749756265088734608e+01 -1.820852700495601084e+01
-3.705953503688732553e+01 -1.820729528695599697e+01
-3.662150244688740486e+01 -1.820607174395598804e+01
-3.618258851488729988e+01 -1.820485395395598971e+01
-3.574338695188743031e+01 -1.820364360195600284e+01
-3.530740424488743656e+01 -1.820245027495599288e+01
-3.486740676688731355e+01 -1.820125420495600110e+01
-3.443140255388738069e+01 -1.820007716995598912e+01
-3.399340169288728930e+01 -1.819890295495599730e+01
-3.355530376988730268e+01 -1.819773672495600181e+01
-3.311507615788735848e+01 -1.819657314695598416e+01
-3.267922208388739591e+01 -1.819542936395600918e+01
-3.223846203488727724e+01 -1.819428105795600459e+01
-3.180088649388738986e+01 -1.819314937695600065e+01
-3.136510565788734084e+01 -1.819203060895600288e+01
-3.092707210288739361e+01 -1.819091439995600012e+01
-3.048903846988736177e+01 -1.818980658295600961e+01
-3.005100475888724532e+01 -1.818870718695600885e+01
-2.961297096988727162e+01 -1.818761624495598994e+01
-2.917493710188722389e+01 -1.818653378995600178e+01
-2.873690315488732949e+01 -1.818545985995598357e+01
-2.829886912788737163e+01 -1.818439449395600604e+01
-2.786083501988736089e+01 -1.818333773395599451e+01
-2.742280083188728668e+01 -1.818228962495598466e+01
-2.698476656188739753e+01 -1.818125021295600163e+01
-2.654673220988723870e+01 -1.818021955095599651e+01
-2.610869777588726492e+01 -1.817919769095598781e+01
-2.567066325888725942e+01 -1.817818468895600859e+01
-2.523262865788723275e+01 -1.817718060595601060e+01
-2.479459397388740172e+01 -1.817618550495600971e+01
-2.435655920488733273e+01 -1.817519945295600792e+01
-2.391852435088725315e+01 -1.817422251895598606e+01
-2.348048941188739036e+01 -1.817325477895599306e+01
-2.304245438588731076e+01 -1.817229631095599984e+01
-2.260441927388723116e+01 -1.817134719695599188e+01
-2.216638407488738949e+01 -1.817040752495600486e+01
-2.172834878888733101e+01 -1.816947738495599651e+01
-2.129031341388730425e+01 -1.816855687495601046e+01
-2.085227794988730921e+01 -1.816764609495598393e+01
-2.041424239788733530e+01 -1.816674515295599690e+01
-1.997620675488741426e+01 -1.816585416095600181e+01
-1.953817102188730814e+01 -1.816497323795599073e+01
-1.910013519788725489e+01 -1.816410250795598813e+01
-1.866209928188726508e+01 -1.816324210195600131e+01
-1.822406327488732813e+01 -1.816239215895600978e+01
-1.778602717488723783e+01 -1.816155282395598647e+01
-1.734799098088723213e+01 -1.816072425095600806e+01
-1.690995469488728986e+01 -1.815990660195600981e+01
-1.647191831188723654e+01 -1.815910004795600230e+01
-1.603388183388727839e+01 -1.815830476895598622e+01
-1.559584526088741718e+01 -1.815752095395600918e+01
-1.515780859088744315e+01 -1.815674880595599916e+01
-1.471977182388735805e+01 -1.815598853595599849e+01
-1.428168724388723554e+01 -1.815524028795599065e+01
-1.384135105588728898e+01 -1.815450063495600830e+01
-1.340566797088735207e+01 -1.815378132295600722e+01
-1.296761199488736516e+01 -1.815307092095599728e+01
-1.252960839788733161e+01 -1.815237374795600545e+01
-1.209155513588729214e+01 -1.815168994195599339e+01
-1.165350122388730547e+01 -1.815101990395598364e+01
-1.121541495888726736e+01 -1.815036392695600398e+01
-1.077750987788744119e+01 -1.814972268895598972e+01
-1.033687224688736883e+01 -1.814909244295600388e+01
-9.901360739887367757e+00 -1.814848471995600221e+01
-9.463322738887372410e+00 -1.814788914995600067e+01
-9.025322424887407990e+00 -1.814730982995598652e+01
-8.587246404887254769e+00 -1.814674712495599351e+01
-8.149208068887391576e+00 -1.814620173495600852e+01
-7.710878409887244267e+00 -1.814567386195599852e+01
-7.273087666887421143e+00 -1.814516513295600930e+01
-6.834199430887282212e+00 -1.814467438195600835e+01
-6.397428143887226248e+00 -1.814420588995599815e+01
-5.959014979887286678e+00 -1.814375641595600541e+01
-5.520975999887412833e+00 -1.814332901795600606e+01
-5.082936903887401492e+00 -1.814292428695600279e+01
-4.644897692887242080e+00 -1.814254330395598913e+01
-4.206858362887431646e+00 -1.814218726195599629e+01
-3.768818914887277494e+00 -1.814185748095599138e+01
-3.330779346887255521e+00 -1.814155542695598911e+01
-2.892739658887365728e+00 -1.814128273695598637e+01
-2.454699848887401892e+00 -1.814104124595598933e+01
-2.016552281887414644e+00 -1.814083297895598434e+01
-1.578586451887248332e+00 -1.814066041495598824e+01
-1.140736991887423502e+00 -1.814052617495599407e+01
-7.025769278872655565e-01 -1.814043324395601076e+01
-2.640960288874236173e-01 -1.814038530295599116e+01
1.786450261127459638e-01 -1.814038386695600025e+01
6.168752211127059848e-01 -1.814042874795600824e+01
1.055180074112569200e+00 -1.814051891995600840e+01
1.493223623112554632e+00 -1.814065065995600889e+01
1.930741485112604350e+00 -1.814082066195598486e+01
2.368854085112672259e+00 -1.814102666495600147e+01
2.806893902112562067e+00 -1.814126604895599826e+01
3.244933598112594630e+00 -1.814153675795600407e+01
3.682973174112759374e+00 -1.814183694395600810e+01
4.121012630112601549e+00 -1.814216495495600157e+01
4.559051966112575904e+00 -1.814251931795598693e+01
4.997091186112640138e+00 -1.814289870195599974e+01
5.435130288112588026e+00 -1.814330190895600481e+01
5.873169276112604642e+00 -1.814372784995600796e+01
6.311208149112700561e+00 -1.814417553295598395e+01
6.749246909112627257e+00 -1.814464405495598953e+01
7.187285556112612106e+00 -1.814513258695600939e+01
7.625324093112623380e+00 -1.814564036795599122e+01
8.063362399112575574e+00 -1.814616669795600501e+01
8.501400743112581537e+00 -1.814671092895599713e+01
8.939438973112656228e+00 -1.814727246195599264e+01
9.377477091112551122e+00 -1.814785074395598485e+01
9.815515099112699815e+00 -1.814844525895600214e+01
1.025355299811263698e+01 -1.814905552595598692e+01
1.069159079011256885e+01 -1.814968109895599468e+01
1.112962847511272280e+01 -1.815032155995598373e+01
1.156766605511262291e+01 -1.815097651895598574e+01
1.200570353111271338e+01 -1.815164560895598811e+01
1.244374090511274566e+01 -1.815232848795599807e+01
1.288177817611273035e+01 -1.815302483295599245e+01
1.331981534611264628e+01 -1.815373434195601021e+01
1.375785241511272083e+01 -1.815445672995599580e+01
1.419588938411271606e+01 -1.815519172795600866e+01
1.463392625611260023e+01 -1.815593908395598532e+01
1.507196302911262187e+01 -1.815669855795599119e+01
1.550999970511275983e+01 -1.815746992395600046e+01
1.594803628511277616e+01 -1.815825297095599922e+01
1.638607276911267263e+01 -1.815904749495598480e+01
1.682410915811266250e+01 -1.815985330595600544e+01
1.726214545011276869e+01 -1.816067022295598576e+01
1.770018165011271094e+01 -1.816149807595598986e+01
1.813821775611273779e+01 -1.816233669995600053e+01
1.857625377011260071e+01 -1.816318594295600519e+01
1.901428969111276501e+01 -1.816404565795599524e+01
1.945232552111275481e+01 -1.816491570595599114e+01
1.989036126011257011e+01 -1.816579595595598562e+01
2.032839690811266564e+01 -1.816668628195600377e+01
2.076643246711256552e+01 -1.816758656595598609e+01
2.120446793611273506e+01 -1.816849669495599073e+01
2.164250331711269837e+01 -1.816941656095599456e+01
2.208053860911269339e+01 -1.817034606395600349e+01
2.251857381411269898e+01 -1.817128510495598448e+01
2.295660893111272571e+01 -1.817223359395600824e+01
2.339464396211275243e+01 -1.817319144195599279e+01
2.383267890711255177e+01 -1.817415856795599893e+01
2.427071376711256789e+01 -1.817513489295600948e+01
2.470874854111258401e+01 -1.817612034095600393e+01
2.514678323111257896e+01 -1.817711484195598359e+01
2.558481783711255275e+01 -1.817811832995599275e+01
2.602285236011272218e+01 -1.817913074095599768e+01
2.646088679911264308e+01 -1.818015201395598979e+01
2.689892115611274903e+01 -1.818118209295599286e+01
2.733695543111258530e+01 -1.818222092395600953e+01
2.777498962511259606e+01 -1.818326845595601071e+01
2.821302373811255393e+01 -1.818432464295599971e+01
2.865105777011268628e+01 -1.818538943795599039e+01
2.908909172311274460e+01 -1.818646279995599002e+01
2.952764331511258433e+01 -1.818754597295600206e+01
2.996515939011266028e+01 -1.818863506895598903e+01
3.040319310611272385e+01 -1.818973390395601086e+01
3.084116872911255314e+01 -1.819084101495599270e+01
3.127926030411259717e+01 -1.819195681495600070e+01
3.171729378711262370e+01 -1.819308083295598522e+01
3.215313855811274379e+01 -1.819420751295598393e+01
3.259073877211272929e+01 -1.819534701495598483e+01
3.302851798111265680e+01 -1.819649526895599934e+01
3.346653966611262376e+01 -1.819765243295600499e+01
3.390746006411274038e+01 -1.819882559695599866e+01
3.434549309411255535e+01 -1.819999934995598778e+01
3.478352605111268758e+01 -1.820118133295599705e+01
3.522155893511268232e+01 -1.820237153595599011e+01
3.565959174611276694e+01 -1.820356994895598746e+01
3.609762448411271407e+01 -1.820477656295599900e+01
3.653565715111272993e+01 -1.820599137295599235e+01
3.697368974511260831e+01 -1.820721437395599196e+01
3.741172226911277221e+01 -1.820844556195598329e+01
3.784975472211277747e+01 -1.820968493695599477e+01
3.828778710411262409e+01 -1.821093249895599797e+01
3.872581941711274567e+01 -1.821218824995600016e+01
3.916385166011269803e+01 -1.821345219495600531e+01
3.960188383411269797e+01 -1.821472433695601012e+01
4.003991594011273492e+01 -1.821600468295599740e+01
4.047794797711259207e+01 -1.821729324295600350e+01
4.091597994611271361e+01 -1.821859002495600066e+01
4.135401184711264477e+01 -1.821989504095600410e+01
4.179204368211259180e+01 -1.822120830495600785e+01
4.223007545011256525e+01 -1.822252982895599871e+01
4.266810715111256513e+01 -1.822385962995599584e+01
4.310613878611258087e+01 -1.822519772495599000e+01
4.354417035611260189e+01 -1.822654413295600762e+01
4.398220186011263877e+01 -1.822789887295598987e+01
4.442023329911268092e+01 -1.822926196895599560e+01
4.485826467411271778e+01 -1.823063344195600166e+01
4.529629598411275992e+01 -1.823201331695599947e+01
4.573432723111255882e+01 -1.823340161995599829e+01
4.617235841311259037e+01 -1.823479837895598621e+01
4.661038953311259547e+01 -1.823620362295599762e+01
4.704842058911259528e+01 -1.823761738195599946e+01
4.748645158211257922e+01 -1.823903968695600497e+01
4.792448251311276408e+01 -1.824047057295598506e+01
4.836251338211269513e+01 -1.824191007395600650e+01
4.880054418911259972e+01 -1.824335822595600121e+01
4.923857493411270525e+01 -1.824481506795598307e+01
4.967660561811277375e+01 -1.824628063795600497e+01
5.011463624111257786e+01 -1.824775497795599222e+01
5.055266680311257232e+01 -1.824923812995598382e+01
5.099065511611257762e+01 -1.825072999395598572e+01
5.142868789911273097e+01 -1.825223091195599068e+01
5.186672053411263050e+01 -1.825374077695599340e+01
5.230475302211272037e+01 -1.825525964095598397e+01
5.274278536611274149e+01 -1.825678755195599479e+01
5.318081756711268326e+01 -1.825832456395599479e+01
5.361884962711275193e+01 -1.825987072895600249e+01
5.405688154811269897e+01 -1.826142610395598354e+01
5.449491333211273059e+01 -1.826299074595598881e+01
5.493294498011260885e+01 -1.826456471295600181e+01
5.537097649511275677e+01 -1.826614806695599214e+01
5.580900787811270902e+01 -1.826774086995598623e+01
5.624703913211266126e+01 -1.826934318595598938e+01
5.668507025711261349e+01 -1.827095508195600360e+01
5.712310125611276135e+01 -1.827257662595599186e+01
5.756113213111262894e+01 -1.827420788795600970e+01
5.799916288311266044e+01 -1.827584894095599566e+01
5.843719351511259674e+01 -1.827749985895599139e+01
5.887522402711266523e+01 -1.827916071695599953e+01
5.931325442211260679e+01 -1.828083159495599830e+01
5.975128470111263823e+01 -1.828251257295599430e+01
6.018931486611273840e+01 -1.828420373295600143e+01
6.062734491911265877e+01 -1.828590516095599128e+01
6.106537486111261614e+01 -1.828761694395601012e+01
6.150340469511257879e+01 -1.828933917195598724e+01
6.194143442111277409e+01 -1.829107193695600131e+01
6.237946404211271556e+01 -1.829281533295599615e+01
6.281749356011260943e+01 -1.829456945795598699e+01
6.325552297311270422e+01 -1.829633441095600688e+01
6.369355228711270911e+01 -1.829811029495598973e+01
6.413158150111263467e+01 -1.829989721495599042e+01
6.456961061711268712e+01 -1.830169527895600368e+01
6.500763963711261795e+01 -1.830350459795599249e+01
6.544566856211264394e+01 -1.830532528495598399e+01
6.588369739411274395e+01 -1.830715745895599866e+01
6.632172613511266945e+01 -1.830900123795601075e+01
6.675975478511264782e+01 -1.831085674595598789e+01
6.719778334611265791e+01 -1.831272410995600808e+01
6.763581182011267856e+01 -1.831460345895598607e+01
6.807384020711270978e+01 -1.831649492895598996e+01
6.851186851011271983e+01 -1.831839865395599531e+01
6.894989672911270873e+01 -1.832031477795598562e+01
6.938792486611265531e+01 -1.832224344395598337e+01
6.982595292211277638e+01 -1.832418480195599386e+01
7.026398089811260661e+01 -1.832613900395600126e+01
7.070200879511259018e+01 -1.832810620895600096e+01
7.114003661511270593e+01 -1.833008657695600618e+01
7.157806435911271592e+01 -1.833208027395599515e+01
7.201609202711262014e+01 -1.833408747295598573e+01
7.245411954711272529e+01 -1.833610834895600306e+01
7.289214711011260306e+01 -1.833814308195599097e+01
7.333017458111277165e+01 -1.834019185995600765e+01
7.376820196611271285e+01 -1.834225487295600487e+01
7.420622927411255887e+01 -1.834433231895599192e+01
7.464425651211269042e+01 -1.834642440095601046e+01
7.508228368711257872e+01 -1.834853132895599970e+01
7.552031080811258335e+01 -1.835065331595600924e+01
7.595833788211263027e+01 -1.835279058695599019e+01
7.639636477611276177e+01 -1.835494336795599679e+01
7.683439167411262360e+01 -1.835711189695598478e+01
7.727241850711271809e+01 -1.835929641595600970e+01
7.771044527511259048e+01 -1.836149717695599293e+01
7.814847197711270610e+01 -1.836371443695600192e+01
7.858649861511258905e+01 -1.836594846395598779e+01
7.902452518711271523e+01 -1.836819953395598759e+01
7.946255169611259817e+01 -1.837046793095601060e+01
7.990057813911272433e+01 -1.837275394995600664e+01
8.033860451911260725e+01 -1.837505789395598299e+01
8.077663083311273340e+01 -1.837738007895600845e+01
8.121465708311262688e+01 -1.837972082795599249e+01
8.165268326811275301e+01 -1.838208047795600919e+01
8.209070938711266763e+01 -1.838445937795600571e+01
8.252873544011259810e+01 -1.838685788695599399e+01
8.296676142611255500e+01 -1.838927637995598730e+01
8.340478734511276571e+01 -1.839171524195600682e+01
8.384281319311259040e+01 -1.839417487495600767e+01
8.428083897311267947e+01 -1.839665569495599584e+01
8.471886468211260990e+01 -1.839915813395600708e+01
8.515689031811263021e+01 -1.840168263995599318e+01
8.559491588211272983e+01 -1.840422967895599982e+01
8.603294136911273426e+01 -1.840679973495599597e+01
8.647096677911264351e+01 -1.840939331195599493e+01
8.690899211011270609e+01 -1.841201093295600799e+01
8.734701735911272635e+01 -1.841465314495599159e+01
8.778504252311273603e+01 -1.841732051595599273e+01
8.822306760111274571e+01 -1.842001363795600355e+01
8.866109258811258087e+01 -1.842273312895599702e+01
8.909911748211271743e+01 -1.842547963495599106e+01
8.953714227911274293e+01 -1.842825383095600955e+01
8.997516697411271025e+01 -1.843105641995600763e+01
9.041319156511264055e+01 -1.843388814095598605e+01
9.085134376011257018e+01 -1.843675060495598927e+01
9.128859991511268390e+01 -1.843963785295599678e+01
9.172677623311261641e+01 -1.844256272695599819e+01
9.216471494811258935e+01 -1.844551846395600592e+01
9.260266011611275871e+01 -1.844850762195599714e+01
9.304058070811271364e+01 -1.845153097095598582e+01
9.347858628211275800e+01 -1.845459031195599664e+01
9.391659817311261804e+01 -1.845768619795600785e+01
9.435461883011276996e+01 -1.846081980295599578e+01
9.479264827511275371e+01 -1.846399234595600092e+01
9.523068536811257445e+01 -1.846720511195599101e+01
9.566872877311271850e+01 -1.847045945595598937e+01
9.610677720111272038e+01 -1.847375681895599087e+01
9.654482943211274915e+01 -1.847709872895600824e+01
9.698288465711272011e+01 -1.848048681495600931e+01
9.742094183111277061e+01 -1.848392281195600617e+01
9.785900033111266794e+01 -1.848740857095600632e+01
9.829705940411264464e+01 -1.849094607195598883e+01
9.873511868511269540e+01 -1.849453743595600486e+01
9.917317768811273027e+01 -1.849818493695599386e+01
9.961123604811274390e+01 -1.850189102195599844e+01
1.000492934541126147e+02 -1.850565832395599841e+01
1.004873496451126016e+02 -1.850948968795600535e+01
1.009254043941126042e+02 -1.851338818895598592e+01
1.013634575071126278e+02 -1.851735716795599274e+01
1.018015088191125983e+02 -1.852140025495600639e+01
1.022395581811127272e+02 -1.852552141295601018e+01
1.026776054601126020e+02 -1.852972497695600396e+01
1.031156505371125718e+02 -1.853401570895599093e+01
1.035536932981127052e+02 -1.853839885595598957e+01
1.039917336341125633e+02 -1.854288022195601116e+01
1.044297714391125851e+02 -1.854746625795598902e+01
1.048678066001126012e+02 -1.855216416295598947e+01
1.053058390001127123e+02 -1.855698201495599164e+01
1.057438685101126907e+02 -1.856192892595601052e+01
1.061818949851127059e+02 -1.856701523895600303e+01
1.066199182591126942e+02 -1.857225277695599175e+01
1.070579381331127138e+02 -1.857765514995600142e+01
1.074959543721127488e+02 -1.858323816495598635e+01
1.079339666891126512e+02 -1.858902035495600558e+01
1.083719747251125796e+02 -1.859502368295599695e+01
1.088099780301127453e+02 -1.860127450895600987e+01
1.092480157841126243e+02 -1.860780553495598610e+01
1.096860025941126082e+02 -1.861465524095598312e+01
1.101239829401127395e+02 -1.862187451295599772e+01
1.105619553631127587e+02 -1.862952838195599270e+01
1.109999178121127557e+02 -1.863770363895599758e+01
1.114378672551127352e+02 -1.864652063495600487e+01
1.118757989191126967e+02 -1.865615487195600508e+01
1.123137046271127133e+02 -1.866688060895600643e+01
1.127515685061126192e+02 -1.867917232495599933e+01
1.131893527071127323e+02 -1.869399990695600877e+01
1.136269180171125868e+02 -1.871415463695601034e+01
1.140629929111126444e+02 -1.875447947595600340e+01
1.144999627261127557e+02 -1.878293264595600931e+01
1.149374541971126860e+02 -1.876800755495600015e+01
1.153644549351127466e+02 -1.867541134795598623e+01
1.157258997101126283e+02 -1.843667226195600506e+01
1.158909305501127278e+02 -1.803782836595598837e+01
1.158683586011125612e+02 -1.760207595695598570e+01
1.157527039371125852e+02 -1.717998700795598666e+01
1.155898515381125549e+02 -1.677350053195598889e+01
1.153993573601126741e+02 -1.637913387795600784e+01
1.151909478861126104e+02 -1.599409326995601077e+01
1.149697790291127717e+02 -1.561582597795600691e+01
1.147394315091126487e+02 -1.524326861595599780e+01
1.145020239501125729e+02 -1.487517803895599400e+01
1.142590794651126203e+02 -1.451071866395599841e+01
1.140117041771125628e+02 -1.414925307195599657e+01
1.137615783211127223e+02 -1.378968606595600477e+01
1.135147726611126586e+02 -1.342781144695598528e+01
1.132726679991126844e+02 -1.306276867595599356e+01
1.130357117511126148e+02 -1.269436016495600938e+01
1.128044326871127510e+02 -1.232235805395600892e+01
1.125794657021127136e+02 -1.194650683295600402e+01
1.123615872341127329e+02 -1.156653359995598862e+01
1.121517098291126899e+02 -1.118206735695599718e+01
1.119510075381127194e+02 -1.079276415995599336e+01
1.117609122131125901e+02 -1.039816255195600547e+01
1.115832814631126553e+02 -9.997801990955991869e+00
1.114205208171127310e+02 -9.591170393955991358e+00
1.112758296901127437e+02 -9.177767804956005193e+00
1.111535508641125602e+02 -8.757186719955996068e+00
1.110597247581127363e+02 -8.329397129955992796e+00
1.110028612341125722e+02 -7.895297229955986928e+00
1.109948893521125797e+02 -7.457623609955988719e+00
1.110517253381127034e+02 -7.023820295956000770e+00
1.111908401491126028e+02 -6.609369322955985560e+00
1.114221922281126922e+02 -6.238735097956010556e+00
1.117368072901127221e+02 -5.935526507955985132e+00
1.121101863371125660e+02 -5.707777177955990489e+00
1.125043499271126279e+02 -5.517168755955993653e+00
1.128700898421125771e+02 -5.276779686955991089e+00
1.132037164991127725e+02 -4.993291594955992174e+00
1.135066909571126530e+02 -4.677155790955993986e+00
1.137817535981126298e+02 -4.336393885956000283e+00
1.140319014141126104e+02 -3.976904556955987324e+00
1.142599502241126288e+02 -3.602929767955999729e+00
1.144682647001125702e+02 -3.217695035955984828e+00
1.146589482741126744e+02 -2.823374870956002702e+00
1.148336564211127211e+02 -2.421706796955988672e+00
1.149937256691126208e+02 -2.014022968955999637e+00
1.151402644581126538e+02 -1.601212792956005826e+00
1.152740627391127077e+02 -1.184119111955994397e+00
1.153957128091126947e+02 -7.633276829560038390e-01
1.155055743191126680e+02 -3.393061309560045924e-01
1.156037615241125991e+02 8.756886304399745524e-02
1.156901033701126948e+02 5.169948090440066313e-01
1.157640559081126526e+02 9.487242160440125804e-01
1.158245269801125801e+02 1.382542761043992430e+00
1.158695083641126189e+02 1.818231571044008676e+00
1.158952077531126292e+02 2.255461895043992193e+00
1.160356313351126687e+02 2.199543816044012168e+00
1.162564097541126671e+02 1.821283258043990161e+00
1.164709936361126097e+02 1.439418635044005912e+00
1.166793198571127164e+02 1.054103753043988734e+00
1.168813617691126296e+02 6.654561330439883182e-01
1.170771047981127708e+02 2.735976470439986930e-01
1.172665465371126743e+02 -1.213462469559949547e-01
1.174496967281127695e+02 -5.192472859559991161e-01
1.176265771281126149e+02 -9.199751979560069071e-01
1.177972212671127750e+02 -1.323398480956001988e+00
1.179616741081127316e+02 -1.729385169956004331e+00
1.181199916171127029e+02 -2.137803572955989218e+00
1.182722402611125858e+02 -2.548523006956004089e+00
1.184184963511127648e+02 -2.961414233955992792e+00
1.185588455441125575e+02 -3.376350453956008302e+00
1.186933820591125937e+02 -3.793207582956001467e+00
1.188222079201125894e+02 -4.211864588955990918e+00
1.189454323151126687e+02 -4.632204217956002346e+00
1.190631707881125863e+02 -5.054113160956007711e+00
1.191755445031126897e+02 -5.477482376956005261e+00
1.192826795051126396e+02 -5.902207313955984525e+00
1.193847060811127108e+02 -6.328188458955993134e+00
1.194817578371126388e+02 -6.755330490955999245e+00
1.195739709941126989e+02 -7.183542029955988006e+00
1.196614841671126328e+02 -7.612737455955994825e+00
1.197444375501127638e+02 -8.042835992955986057e+00
1.198229723651127756e+02 -8.473761653955989459e+00
1.198972303461126216e+02 -8.905443147955992345e+00
1.199673532761126467e+02 -9.337813754955988088e+00
1.200334825671125714e+02 -9.770811256955994395e+00
1.200957662251126408e+02 -1.020443054795600801e+01
1.201543302621126372e+02 -1.063852462295599821e+01
1.202093190171127048e+02 -1.107308568095598389e+01
1.202608689301126219e+02 -1.150806762795599525e+01
1.203091145461126530e+02 -1.194342797695600211e+01
1.203541883081125548e+02 -1.237912761395600114e+01
1.203962203921126388e+02 -1.281513061595600789e+01
1.204353385691127301e+02 -1.325140405195600124e+01
1.204716682181127112e+02 -1.368791944695598772e+01
1.205053322961126128e+02 -1.412465400495599965e+01
1.205364503731125865e+02 -1.456157865295600118e+01
1.205651395931127468e+02 -1.499866986595600338e+01
1.205915143941127212e+02 -1.543590702495600908e+01
1.206156864231127770e+02 -1.587327133595599093e+01
1.206377645601126574e+02 -1.631074631795598862e+01
1.206578548861126023e+02 -1.674831701095598646e+01
1.206760607091126190e+02 -1.718597008795600800e+01
1.206924826061127192e+02 -1.762369429895599637e+01
1.207072185361126344e+02 -1.806148322695599973e+01
1.207203635881126615e+02 -1.849932717095600765e+01
1.207319998521127786e+02 -1.893680217695600732e+01
1.207422473271126933e+02 -1.937510232495600349e+01
1.207511639401125763e+02 -1.981304368595598930e+01
1.207588444661126346e+02 -2.025102257695598951e+01
1.207653657911126288e+02 -2.068863552495599833e+01
1.207708232461125704e+02 -2.112699014995598645e+01
1.207752824101126521e+02 -2.156529327695599818e+01
1.207788156171125706e+02 -2.200301954495600398e+01
1.207815044931126636e+02 -2.244111739995599919e+01
1.207834163311127327e+02 -2.287906922995600212e+01
1.207846201111127016e+02 -2.331648606195599882e+01
1.207851850311126896e+02 -2.375337395795600060e+01
1.207844312601126262e+02 -2.419204929595599651e+01
1.207787319811125712e+02 -2.463080847895599845e+01
1.207684398921126672e+02 -2.506841352995598982e+01
1.207542116591126273e+02 -2.550744548495600839e+01
1.207366830141127707e+02 -2.594491428895599938e+01
1.207162326851126295e+02 -2.638217787595598907e+01
1.206931964431126403e+02 -2.681912247395598570e+01
1.206678363131125593e+02 -2.725583526195600825e+01
1.206403416151127317e+02 -2.769275466295599131e+01
1.206109026071126777e+02 -2.812966945095598703e+01
1.205796714501125848e+02 -2.856655325395598766e+01
1.205467810891125851e+02 -2.900334206195600473e+01
1.205122193731127140e+02 -2.944155767795598422e+01
1.204764026161126935e+02 -2.987719622195598390e+01
1.204391128831126139e+02 -3.031399515095600350e+01
1.204005572471126584e+02 -3.075033219995600575e+01
1.203607706101127519e+02 -3.118655729195600657e+01
1.203198429921126831e+02 -3.162232185495599879e+01
1.202778166721125785e+02 -3.205773686895599894e+01
1.202346488011126553e+02 -3.249369501795598580e+01
1.201904210861126217e+02 -3.292974509795598692e+01
1.201451622471127507e+02 -3.336594373995600904e+01
1.200989015471125754e+02 -3.380230421295598831e+01
1.200517625581126708e+02 -3.423794681795598649e+01
1.200037552101126153e+02 -3.467305321995598888e+01
1.199548334181127416e+02 -3.510826115495598287e+01
1.199050292291126993e+02 -3.554346594495598310e+01
1.198543723061125661e+02 -3.597857277395598885e+01
1.198028807071125925e+02 -3.641357436695599858e+01
1.197505689821126111e+02 -3.684847845295598745e+01
1.196974509221127505e+02 -3.728328547295600970e+01
1.196435330741126677e+02 -3.771804203195600280e+01
1.195888375401125927e+02 -3.815265860295599509e+01
1.195333687911127640e+02 -3.858717802395599961e+01
1.194771354351126433e+02 -3.902159996195598524e+01
1.194201449871125646e+02 -3.945592398695600878e+01
1.193624039371125605e+02 -3.989014956895599084e+01
1.193039178041127002e+02 -4.032427608195598623e+01
1.192446911891127570e+02 -4.075830280195600608e+01
1.191847278161126837e+02 -4.119222890895599676e+01
1.191240305681126870e+02 -4.162605348695601037e+01
1.190626015401126665e+02 -4.205977538995600185e+01
1.190004420011126172e+02 -4.249339369495598362e+01
1.189375525041126025e+02 -4.292690709495599322e+01
1.188739328491126912e+02 -4.336031426095598817e+01
1.188095764811126287e+02 -4.379365146695599265e+01
1.187444933851127757e+02 -4.422683898695601101e+01
1.186786752391126925e+02 -4.465991568395600098e+01
1.186121190061126640e+02 -4.509287978295600396e+01
1.185448209531126054e+02 -4.552572938095599397e+01
1.184767804561127491e+02 -4.595843836195598442e+01
1.184079905021126820e+02 -4.639101712095600760e+01
1.183384485441127367e+02 -4.682344337395599609e+01
1.182681322761125671e+02 -4.725581199695599821e+01
1.181970449401126757e+02 -4.768805450295599258e+01
1.181251783141127021e+02 -4.812016920795599617e+01
1.180525235521127456e+02 -4.855215334995600074e+01
1.179790710751126994e+02 -4.898400364195600787e+01
1.179048105121126468e+02 -4.941571648995599730e+01
1.178297306491127188e+02 -4.984728808095599106e+01
1.177538193921125753e+02 -5.027871440195599462e+01
1.176770637291127173e+02 -5.070999123495599292e+01
1.175994496851126883e+02 -5.114111414395600264e+01
1.175209622801126557e+02 -5.157207845595598883e+01
1.174415994871126827e+02 -5.200280359995599611e+01
1.173613149941127745e+02 -5.243344247995599972e+01
1.172801056491126133e+02 -5.286390666295599772e+01
1.171979518811127150e+02 -5.329419017495598609e+01
1.171148292651126326e+02 -5.372430481195598873e+01
1.170307218071125703e+02 -5.415421106595599099e+01
1.169456027591127736e+02 -5.458391693195599714e+01
1.168594466591126206e+02 -5.501341481295600033e+01
1.167722263111127745e+02 -5.544269656895599496e+01
1.166839038491125962e+02 -5.587179595295600620e+01
1.165944668231125547e+02 -5.630061319195598912e+01
1.165038720571126873e+02 -5.672918671195600382e+01
1.164120839371126408e+02 -5.715750561895600868e+01
1.163190643451126220e+02 -5.758555791095599830e+01
1.162247722921127320e+02 -5.801333097195600885e+01
1.161291637811125952e+02 -5.844081092895598317e+01
1.160321914741126079e+02 -5.886798272795599019e+01
1.159338043611126636e+02 -5.929482998695598894e+01
1.158339473321125865e+02 -5.972133507895600246e+01
1.157325609121126604e+02 -6.014747824095599071e+01
1.156295805901127665e+02 -6.057323816795599214e+01
1.155249363571127219e+02 -6.099859132995598543e+01
1.154185520441126869e+02 -6.142351176295599657e+01
1.153103445731126726e+02 -6.184797073195599637e+01
1.152002230951125625e+02 -6.227193631895599424e+01
1.150880879751126145e+02 -6.269537293795599453e+01
1.149738296051125985e+02 -6.311824075295598391e+01
1.148573269941126114e+02 -6.354049497295599735e+01
1.147384461071126793e+02 -6.396208500295600174e+01
1.146170378981126419e+02 -6.438295326195600410e+01
1.144929462811126655e+02 -6.480299922095599641e+01
1.143659613891125559e+02 -6.522222500895600206e+01
1.142359680521126961e+02 -6.564023673895599131e+01
1.141025566391127199e+02 -6.605748047595599814e+01
1.139655602881126129e+02 -6.647349574595600075e+01
1.138246437861126310e+02 -6.688820813895600281e+01
1.136794436061125566e+02 -6.730144749395600456e+01
1.135295214501125542e+02 -6.771304458295600170e+01
1.133744100581125736e+02 -6.812265567595599691e+01
1.132134914381127260e+02 -6.853002509295600930e+01
1.130460646221127377e+02 -6.893470964995600525e+01
1.128711736861126269e+02 -6.933637121395599934e+01
1.126878196631126343e+02 -6.973411115995600085e+01
1.124945656751127103e+02 -7.012713318595598366e+01
1.122896101121125980e+02 -7.051417993895600489e+01
1.120705652661127374e+02 -7.089342922995598428e+01
1.118340442881126933e+02 -7.126231591995599501e+01
1.115758234991126869e+02 -7.161590294395600154e+01
1.112892564551125929e+02 -7.194681585795601109e+01
1.109651667531125554e+02 -7.224089129395599684e+01
1.105929959691125646e+02 -7.246999499895599683e+01
1.101721765421125951e+02 -7.258324106595600256e+01
1.097343805171126974e+02 -7.257812408295600903e+01
1.092978912591127596e+02 -7.254243730095600995e+01
1.088647842891126061e+02 -7.247755807995599753e+01
1.084371037351127711e+02 -7.238313433495599725e+01
1.080167351501127655e+02 -7.226032296795600018e+01
1.076047678551126978e+02 -7.211169379095599652e+01
1.072014557171126512e+02 -7.194091847595601052e+01
1.068061803581127265e+02 -7.175224379095598692e+01
1.064176583501126174e+02 -7.154999678395600426e+01
1.060342293641127185e+02 -7.133823301095600300e+01
1.056541238941127290e+02 -7.112054868095600568e+01
1.052756597201126283e+02 -7.090001793095601101e+01
1.048973241241126857e+02 -7.067918314595598872e+01
1.045179735731126698e+02 -7.046018538095600547e+01
1.041366228321126641e+02 -7.024469136595598684e+01
1.037525784291127025e+02 -7.003403748695600939e+01
1.033653702351126071e+02 -6.982925911195599156e+01
1.029747154011127463e+02 -6.963113647895599456e+01
1.025804818371125862e+02 -6.944023516095600712e+01
1.021826542721126430e+02 -6.925694166695600984e+01
1.017813044381126133e+02 -6.908149470295600736e+01
1.013765659621126929e+02 -6.891401247695600318e+01
1.009686139531127651e+02 -6.875451637795600845e+01
1.005576489081127534e+02 -6.860295128595601000e+01
1.001438844001127677e+02 -6.845920281095598625e+01
9.972753792911277060e+01 -6.832311172295598567e+01
9.930882436811276648e+01 -6.819448590495599660e+01
9.888795142111263203e+01 -6.807311009395598944e+01
9.846511668211275037e+01 -6.795875376095600018e+01
9.804050579211258309e+01 -6.785117733995599565e+01
9.761429187711274835e+01 -6.775013723295600698e+01
9.718663468911273640e+01 -6.765538945195598330e+01
9.675768124211259646e+01 -6.756669263495598443e+01
9.632756612111262484e+01 -6.748381014795600663e+01
9.589636839611267760e+01 -6.740650408795599446e+01
9.546429940511262657e+01 -6.733456908495600146e+01
9.503140010811267757e+01 -6.726777920595600335e+01
9.459776407311261437e+01 -6.720592848195599345e+01
9.416347564511266910e+01 -6.714881952495599649e+01
9.372861107611271336e+01 -6.709626364795599329e+01
9.329323895911267073e+01 -6.704808076995598753e+01
9.285742157811256448e+01 -6.700409932595599116e+01
9.242121500811259693e+01 -6.696415597795601116e+01
9.198466993211269482e+01 -6.692809535695599266e+01
9.154783216211268382e+01 -6.689576975395598879e+01
9.111074311711269047e+01 -6.686703878295600134e+01
9.067344025611265579e+01 -6.684176904195598468e+01
9.023595742011258380e+01 -6.681983377095599508e+01
8.979833354511271182e+01 -6.680111283895598717e+01
8.936059859011271556e+01 -6.678549165695599754e+01
8.892273318911276192e+01 -6.677286005195600183e+01
8.848468538711273368e+01 -6.676311377995600083e+01
8.804664362011277490e+01 -6.675555519995600662e+01
8.760861225511263228e+01 -6.674907353595600057e+01
8.717056568211256717e+01 -6.674323426895600164e+01
8.673254435011273245e+01 -6.673783366895600011e+01
8.629445540111265700e+01 -6.673275619395599279e+01
8.585638051611277888e+01 -6.672793105595599172e+01
8.541828894411270312e+01 -6.672330936595599837e+01
8.498019064211263185e+01 -6.671885659395599077e+01
8.454210846611255192e+01 -6.671454721095599893e+01
8.410408772811257450e+01 -6.671036186595600270e+01
8.366621331911261450e+01 -6.670628573795599436e+01
8.322845950611264243e+01 -6.670230599895600676e+01
8.279044559811273984e+01 -6.669840900695598407e+01
8.235211764811270996e+01 -6.669458593695600257e+01
8.191276216611259997e+01 -6.669082372095598998e+01
8.147536964611259691e+01 -6.668714165895599422e+01
8.103737822811268643e+01 -6.668351265795598692e+01
8.059938437811257472e+01 -6.667993725195600518e+01
8.016137527311258282e+01 -6.667641137995599365e+01
7.972338245511269861e+01 -6.667293181195600482e+01
7.928537812811265439e+01 -6.666949524395599269e+01
7.884736581411272027e+01 -6.666609896295599924e+01
7.840934742211271669e+01 -6.666274052895599311e+01
7.797129361311277762e+01 -6.665941751595599385e+01
7.753327585711264192e+01 -6.665612847195600921e+01
7.709525095611257939e+01 -6.665287126295598341e+01
7.665722037911274356e+01 -6.664964425695600880e+01
7.621918466011271676e+01 -6.664644595895600787e+01
7.578114461111255196e+01 -6.664327500095600954e+01
7.534310061811271453e+01 -6.664013012495598787e+01
7.490510241111275036e+01 -6.663701052095601085e+01
7.446706458111276561e+01 -6.663391450795600690e+01
7.402902579711263797e+01 -6.663084136895599840e+01
7.359098650711263190e+01 -6.662779018495598393e+01
7.315294718911269456e+01 -6.662476010295600304e+01
7.271490846811258280e+01 -6.662175032995600077e+01
7.227687104711259281e+01 -6.661876012595598695e+01
7.183883560511259248e+01 -6.661578879895600380e+01
7.140080338611261368e+01 -6.661283570495598383e+01
7.096277565911265128e+01 -6.660990024195598380e+01
7.052475409711274779e+01 -6.660698184595599969e+01
7.008674080911265492e+01 -6.660407998995600565e+01
6.964840001311273454e+01 -6.660119195895600797e+01
6.921119003011273207e+01 -6.659832683795599451e+01
6.877333280211274769e+01 -6.659547249795599555e+01
6.833508046911271094e+01 -6.659263020795600596e+01
6.789709463111267951e+01 -6.658980385995599249e+01
6.745922820711263057e+01 -6.658699210395599266e+01
6.702139683711271800e+01 -6.658419402495599115e+01
6.658356743011273693e+01 -6.658140906695598460e+01
6.614554062011262658e+01 -6.657863564195599793e+01
6.570782861411277054e+01 -6.657587667695599976e+01
6.526988951011259132e+01 -6.657312845495599163e+01
6.483188451211259462e+01 -6.657039171895598884e+01
6.439379017911261371e+01 -6.656766605695599992e+01
6.395561950511256555e+01 -6.656495130195600041e+01
6.351729001011273112e+01 -6.656224670495601003e+01
6.307891490211255814e+01 -6.655955273895600044e+01
6.264228110411255557e+01 -6.655688009895598611e+01
6.220394216811274646e+01 -6.655420747495600153e+01
6.176588675011277019e+01 -6.655154683795601045e+01
6.132777827711271357e+01 -6.654889593995599739e+01
6.088959681611260066e+01 -6.654625447795598348e+01
6.045132446111261970e+01 -6.654362217095598453e+01
6.001295613111261673e+01 -6.654099882095599128e+01
5.957486541711256223e+01 -6.653838649295599339e+01
5.913686768111261927e+01 -6.653578391795599600e+01
5.869886716511274471e+01 -6.653319037195601027e+01
5.826086414311276940e+01 -6.653060571095599585e+01
5.782285896411264048e+01 -6.652802979995598776e+01
5.738485209911260654e+01 -6.652546250595599986e+01
5.694684414911267822e+01 -6.652290370595599711e+01
5.650883579211273400e+01 -6.652035327995599800e+01
5.607082765311275807e+01 -6.651781111395598600e+01
5.563281995111270817e+01 -6.651527709595600868e+01
5.519486156911267472e+01 -6.651275139795600921e+01
5.475688557311269733e+01 -6.651023352795598953e+01
5.431892383111272693e+01 -6.650772356995599921e+01
5.388097505511274221e+01 -6.650522141995600123e+01
5.344302284811266190e+01 -6.650272688995599424e+01
5.300484349311255983e+01 -6.650023862395599394e+01
5.256676207611263862e+01 -6.649775838495600055e+01
5.212875327211264675e+01 -6.649528594395599157e+01
5.169073372311260073e+01 -6.649282075095598543e+01
5.125273977711259477e+01 -6.649036293495601058e+01
5.081488654411265316e+01 -6.648791306495598974e+01
5.037691185311274467e+01 -6.648546960495599478e+01
4.993887480911263310e+01 -6.648303282295600525e+01
4.950070173611271684e+01 -6.648060225095599662e+01
4.906171982511256147e+01 -6.647817411895599093e+01
4.862461270611271402e+01 -6.647576318695598729e+01
4.818579845811274254e+01 -6.647334964095600185e+01
4.774772384811268466e+01 -6.647094690695598729e+01
4.730964698511257893e+01 -6.646855084895599930e+01
4.687156798411257341e+01 -6.646616141995599492e+01
4.643348665811259934e+01 -6.646377857595598471e+01
4.599759180211259491e+01 -6.646141412795600445e+01
4.555957086011272850e+01 -6.645904464295600178e+01
4.512154841211264511e+01 -6.645668162295598336e+01
4.468352441211260384e+01 -6.645432503295600668e+01
4.424549881411263641e+01 -6.645197483695599772e+01
4.380747156611261062e+01 -6.644963100395600009e+01
4.336944261811260048e+01 -6.644729350495600784e+01
4.293141191911269061e+01 -6.644496231195600444e+01
4.249337942011271707e+01 -6.644263739895600906e+01
4.205534507111275389e+01 -6.644031874395599857e+01
4.161730882711259483e+01 -6.643800632495600667e+01
4.117927064511269464e+01 -6.643570012195598906e+01
4.074127142611274621e+01 -6.643340033395600130e+01
4.030322370711274971e+01 -6.643110648595600765e+01
3.986517442911264197e+01 -6.642881881195600613e+01
3.942712354411270326e+01 -6.642653730195598882e+01
3.898907100911270618e+01 -6.642426194495598679e+01
3.855086480311257446e+01 -6.642199194895599135e+01
3.811283045011265358e+01 -6.641972899595600666e+01
3.767479224411255245e+01 -6.641747216895601014e+01
3.723675022811272584e+01 -6.641522147095599848e+01
3.679870445211264496e+01 -6.641297690195600012e+01
3.636065497211262709e+01 -6.641073846595600116e+01
3.592260184911270926e+01 -6.640850616895599501e+01
3.548454515011263766e+01 -6.640628001995600016e+01
3.504648494711256035e+01 -6.640406002895599613e+01
3.460842131511259367e+01 -6.640184620895598755e+01
3.417035433211259488e+01 -6.639963857495598631e+01
3.373228408211258511e+01 -6.639743714395598317e+01
3.329421064911258554e+01 -6.639524193595599399e+01
3.285613411911259618e+01 -6.639305297295598507e+01
3.241805463111273866e+01 -6.639087027995600465e+01
3.197997212711271686e+01 -6.638869388295600515e+01
3.154188683911257840e+01 -6.638652381195601038e+01
3.110379873411267226e+01 -6.638436010095600182e+01
3.066570782311265475e+01 -6.638220278195601054e+01
3.022761494711272690e+01 -6.638005189895599756e+01
2.978931282311265250e+01 -6.637790647695598523e+01
2.935069546111259342e+01 -6.637576605495598869e+01
2.891209544211261573e+01 -6.637363230795600089e+01
2.847351343911265076e+01 -6.637150528795598348e+01
2.803499584611273576e+01 -6.636938527195599136e+01
2.759645483111268049e+01 -6.636727189195599408e+01
2.715793393011273338e+01 -6.636516541795600688e+01
2.671943379011264597e+01 -6.636306591695600332e+01
2.628095505911261398e+01 -6.636097345895601052e+01
2.584545344111262466e+01 -6.635890214895599115e+01
2.540733213411277802e+01 -6.635682543795599031e+01
2.496936692111268030e+01 -6.635475662195599966e+01
2.453139670411275119e+01 -6.635269502395598806e+01
2.409341115211265105e+01 -6.635064068595599451e+01
2.365544278211274332e+01 -6.634859385695600054e+01
2.321741273811272777e+01 -6.634655427395600213e+01
2.277937808211260062e+01 -6.634452231095599473e+01
2.234133801411263676e+01 -6.634249807895599815e+01
2.190329301611274104e+01 -6.634048170295599789e+01
2.146524387111259102e+01 -6.633847331495599065e+01
2.102719140311256751e+01 -6.633647305495600222e+01
2.058913637911274463e+01 -6.633448107095600221e+01
2.015107946811264128e+01 -6.633249751695601049e+01
1.971302124211257478e+01 -6.633052255995599467e+01
1.927496226411273028e+01 -6.632855637295600104e+01
1.883690270411267420e+01 -6.632659913895599857e+01
1.839884309311270272e+01 -6.632465105495600710e+01
1.796078366111265723e+01 -6.632271232495600088e+01
1.752272461411263293e+01 -6.632078317095599118e+01
1.708466612011267216e+01 -6.631886382395600776e+01
1.664660832611258456e+01 -6.631695453495601100e+01
1.620855134811273501e+01 -6.631505556695600490e+01
1.577049541211255068e+01 -6.631316720495598815e+01
1.533244037211266964e+01 -6.631128974795601039e+01
1.489438636811274641e+01 -6.630942352195600620e+01
1.445633344011258536e+01 -6.630756887295598290e+01
1.401828161011263596e+01 -6.630572617295598548e+01
1.358023089411272899e+01 -6.630389582195599019e+01
1.314218129711258420e+01 -6.630207825195600435e+01
1.270413281711267750e+01 -6.630027392895598837e+01
1.226608544611263873e+01 -6.629848335595599451e+01
1.182803916811263711e+01 -6.629670707995600765e+01
1.138995163811256184e+01 -6.629494552395598816e+01
1.095191380911256651e+01 -6.629319970195598444e+01
1.051387622711268754e+01 -6.629147011995598859e+01
1.007583894411260239e+01 -6.628975755395600800e+01
9.637801996112612457e+00 -6.628806285595598524e+01
9.199765413112627854e+00 -6.628638696495599447e+01
8.761729093112590405e+00 -6.628473092295598690e+01
8.323693318112701078e+00 -6.628309588895598381e+01
7.885657946112643479e+00 -6.628148315595601048e+01
7.447622978112632630e+00 -6.627989417695599172e+01
7.009588408112732871e+00 -6.627833059195600640e+01
6.571554228112574059e+00 -6.627679426395599194e+01
6.133520424112758995e+00 -6.627528732495599684e+01
5.695486976112589694e+00 -6.627381222895598967e+01
5.257453864112732411e+00 -6.627237183095598994e+01
4.819456902112562169e+00 -6.627096958995599607e+01
4.381415465112751484e+00 -6.626960922195598869e+01
3.943375889112586741e+00 -6.626829564595598754e+01
3.505337976112570253e+00 -6.626703467495599398e+01
3.067301520112606816e+00 -6.626583351695600754e+01
2.629266318112569500e+00 -6.626470129195598702e+01
2.191232153112706804e+00 -6.626364983295599131e+01
1.753198749112754085e+00 -6.626269497295598399e+01
1.315166048112643038e+00 -6.626185873995601128e+01
8.771336891125531832e-01 -6.626117340995600102e+01
4.391015871127013637e-01 -6.626068977395598836e+01
1.069266112664384689e-03 -6.626049670095599708e+01
-4.369630548873725817e-01 -6.626068971595600487e+01
-8.749951568872245122e-01 -6.626117315995600165e+01
-1.313027516887303792e+00 -6.626185816895599601e+01
-1.751060219887393687e+00 -6.626269396795601097e+01
-2.189093626887314237e+00 -6.626364829495599906e+01
-2.627127794887372580e+00 -6.626469913495600395e+01
-3.065163001887357019e+00 -6.626583066695599200e+01
-3.503199463887257004e+00 -6.626703106595599024e+01
-3.941237383887426837e+00 -6.626829121795600486e+01
-4.379276967887279604e+00 -6.626960392195599070e+01
-4.817318414887439282e+00 -6.627096336995600723e+01
-5.255315356887366285e+00 -6.627236464695599238e+01
-5.693348474887387489e+00 -6.627380404095600852e+01
-6.131381926887287115e+00 -6.627527809495600764e+01
-6.569415736887266100e+00 -6.627678395895600261e+01
-7.007449922887361460e+00 -6.627831917895599645e+01
-7.445484497887435715e+00 -6.627988162595599420e+01
-7.883519472887372537e+00 -6.628146943895600884e+01
-8.321554850887368460e+00 -6.628308097995599724e+01
-8.759590632887411132e+00 -6.628471479695599555e+01
-9.197626960887363978e+00 -6.628636959795599637e+01
-9.635663550887274553e+00 -6.628804422495599624e+01
-1.007370050588741783e+01 -6.628973763795599439e+01
-1.051173779688741838e+01 -6.629144889895599135e+01
-1.094977538588722332e+01 -6.629317715595598770e+01
-1.138781322188737199e+01 -6.629492163495598334e+01
-1.182590081888742084e+01 -6.629668182995598613e+01
-1.226394711288725325e+01 -6.629845672795599398e+01
-1.270199450088733961e+01 -6.630024590595598966e+01
-1.314004299888728333e+01 -6.630204881895599556e+01
-1.357809261288724834e+01 -6.630386496195600898e+01
-1.401614334788740912e+01 -6.630569387195600939e+01
-1.445419519688738497e+01 -6.630753511595600003e+01
-1.489224814588732393e+01 -6.630938829595598349e+01
-1.533030216988726302e+01 -6.631125303795599280e+01
-1.576835723088737673e+01 -6.631312899795599947e+01
-1.620641318888732485e+01 -6.631501585095600149e+01
-1.664447018788740706e+01 -6.631691329595599882e+01
-1.708252800488725143e+01 -6.631882105095598945e+01
-1.752058651988744487e+01 -6.632073885095599053e+01
-1.795864558988722592e+01 -6.632266644695599211e+01
-1.839670504288727670e+01 -6.632460360595598559e+01
-1.883476467488725348e+01 -6.632655010995600264e+01
-1.927282425388733600e+01 -6.632850575095599766e+01
-1.971088325188742374e+01 -6.633047033495600431e+01
-2.014894149488731045e+01 -6.633244367795600738e+01
-2.058699842088725518e+01 -6.633442560595599957e+01
-2.102505345688740590e+01 -6.633641595595599938e+01
-2.146310593288734481e+01 -6.633841457095599026e+01
-2.190115508088723573e+01 -6.634042130395599202e+01
-2.233920007688737996e+01 -6.634243601495600728e+01
-2.277724013588743901e+01 -6.634445857095599308e+01
-2.321527477688727004e+01 -6.634648884895599963e+01
-2.365330479988728030e+01 -6.634852673795600708e+01
-2.409127311688729378e+01 -6.635057186295600218e+01
-2.452925861488728287e+01 -6.635262448695598891e+01
-2.496722877288738118e+01 -6.635468436295599304e+01
-2.540519394588744717e+01 -6.635675144695599670e+01
-2.584331572688728329e+01 -6.635882641995598874e+01
-2.627881245688735135e+01 -6.636089596595599005e+01
-2.671729145588727761e+01 -6.636298666395600776e+01
-2.715579188488726459e+01 -6.636508439695600714e+01
-2.759431309388736508e+01 -6.636718909295601065e+01
-2.803285443688736223e+01 -6.636930068595600574e+01
-2.847137222288728253e+01 -6.637141890595600557e+01
-2.890995459688741676e+01 -6.637354412095598377e+01
-2.934855500588736277e+01 -6.637567605495598855e+01
-2.978717277688741660e+01 -6.637781465495598354e+01
-3.022547174188724739e+01 -6.637995822895598508e+01
-3.066355359188736429e+01 -6.638210721895600841e+01
-3.110163377888733294e+01 -6.638426263595599153e+01
-3.153971164088733303e+01 -6.638642443895599854e+01
-3.197778716688725353e+01 -6.638859259395599111e+01
-3.241586038588724250e+01 -6.639076706995598443e+01
-3.285393111888737394e+01 -6.639294783495600427e+01
-3.329199941488735703e+01 -6.639513486295598454e+01
-3.373006516688741385e+01 -6.639732812995600852e+01
-3.416812830988732230e+01 -6.639952761395599623e+01
-3.460618877988730446e+01 -6.640173329495598864e+01
-3.504424651588732331e+01 -6.640394515595599501e+01
-3.548230145688734183e+01 -6.640616318095598558e+01
-3.592035354688727011e+01 -6.640838735895599143e+01
-3.635840273088723507e+01 -6.641061767895598678e+01
-3.679644895588734244e+01 -6.641285413195600995e+01
-3.723449217388741772e+01 -6.641509671195601072e+01
-3.767253233888726527e+01 -6.641734541595599239e+01
-3.811056940888732925e+01 -6.641960024195600454e+01
-3.854860334588732940e+01 -6.642186118995599031e+01
-3.898663411588739791e+01 -6.642412826295600325e+01
-3.942466168888739730e+01 -6.642640146395598322e+01
-3.986287081388735487e+01 -6.642868176395600699e+01
-4.030091666488732471e+01 -6.643096737595598711e+01
-4.073896124288734200e+01 -6.643325915495600498e+01
-4.117700458388725337e+01 -6.643555711195600111e+01
-4.161500352588740270e+01 -6.643786103495600059e+01
-4.205303870588744530e+01 -6.644017136495600084e+01
-4.249107230188741369e+01 -6.644248792295599060e+01
-4.292910433988726027e+01 -6.644481072795599630e+01
-4.336713484888736048e+01 -6.644713980495600936e+01
-4.380516385688741821e+01 -6.644947517895599276e+01
-4.424319139188736472e+01 -6.645181687595598419e+01
-4.468121748388733749e+01 -6.645416492695599686e+01
-4.511924215888728895e+01 -6.645651936195599774e+01
-4.555726544488737773e+01 -6.645888021495599673e+01
-4.599317387688728331e+01 -6.646123608495599910e+01
-4.643125677688743735e+01 -6.646361019195600761e+01
-4.686933751188729502e+01 -6.646599082795600566e+01
-4.730741603388736394e+01 -6.646837803595599325e+01
-4.774640744488732480e+01 -6.647077686795600471e+01
-4.818531762988726541e+01 -6.647318195895599047e+01
-4.862241149088725933e+01 -6.647558380595600624e+01
-4.906044968788722827e+01 -6.647799761195599899e+01
-4.949859688288728421e+01 -6.648041885295600650e+01
-4.993658570288738474e+01 -6.648284610695600350e+01
-5.037443929788736341e+01 -6.648527955695598735e+01
-5.081243361488731125e+01 -6.648772079895599063e+01
-5.125043297888731786e+01 -6.649016914495598485e+01
-5.168843834988723529e+01 -6.649262467095599050e+01
-5.212644920388737546e+01 -6.649508744495599899e+01
-5.256442357788722575e+01 -6.649755730495598982e+01
-5.300245443688726255e+01 -6.650003485495599875e+01
-5.344048382088743665e+01 -6.650251984795599469e+01
-5.387851199088726162e+01 -6.650501237195598492e+01
-5.431653891088734554e+01 -6.650751251495600513e+01
-5.475456439688736054e+01 -6.651002036695598463e+01
-5.519258820288740708e+01 -6.651253602295599876e+01
-5.563061006888727889e+01 -6.651505958195599533e+01
-5.606862974588733550e+01 -6.651759114595600408e+01
-5.650664700588725964e+01 -6.652013082095598406e+01
-5.694466165988723105e+01 -6.652267871995599080e+01
-5.738267355888723387e+01 -6.652523495895599126e+01
-5.782068258988732623e+01 -6.652779965995600264e+01
-5.825868868388732835e+01 -6.653037294995598927e+01
-5.869669403588744672e+01 -6.653295497395600933e+01
-5.913471643188739790e+01 -6.653554597695600137e+01
-5.957294982388742710e+01 -6.653814725595600521e+01
-6.001071325588731042e+01 -6.654075491295600386e+01
-6.044933413888742280e+01 -6.654337702295600820e+01
-6.088751595188722376e+01 -6.654600601395600279e+01
-6.132555296788740407e+01 -6.654864380195598983e+01
-6.176352424388727513e+01 -6.655129103595598394e+01
-6.220143964688730875e+01 -6.655394795595600499e+01
-6.263939133188722508e+01 -6.655661531495599093e+01
-6.307733594888730977e+01 -6.655929305395599727e+01
-6.351485788788744458e+01 -6.656197882795601117e+01
-6.395308431088727730e+01 -6.656467978795600970e+01
-6.439147598488733593e+01 -6.656739287595598853e+01
-6.482965976988742796e+01 -6.657011602595599697e+01
-6.526777081488734211e+01 -6.657285032095600741e+01
-6.570577732388727554e+01 -6.657559582395600728e+01
-6.614374565388737892e+01 -6.657835322595599337e+01
-6.658112111788722132e+01 -6.658111930295598313e+01
-6.701952000688737598e+01 -6.658390460395600030e+01
-6.745738816788724534e+01 -6.658669960295600276e+01
-6.789525657988741614e+01 -6.658950800795599889e+01
-6.833313513788738192e+01 -6.659233024395598477e+01
-6.877104813288741525e+01 -6.659516685095599087e+01
-6.920904165188738943e+01 -6.659801853495599744e+01
-6.964719087688735044e+01 -6.660088622095599931e+01
-7.008564129188738434e+01 -6.660377133595599730e+01
-7.052325108488724936e+01 -6.660666681495598596e+01
-7.096094366288724586e+01 -6.660957922795600439e+01
-7.139892582988744607e+01 -6.661251050895600656e+01
-7.183704168288744540e+01 -6.661546020695598713e+01
-7.227512807988722443e+01 -6.661842783695598769e+01
-7.271316669588730974e+01 -6.662141391695598713e+01
-7.315120693888724190e+01 -6.662441946995599551e+01
-7.358924816288725879e+01 -6.662744523095599902e+01
-7.402728983788728101e+01 -6.663049198595598455e+01
-7.446533152088744600e+01 -6.663356057995599713e+01
-7.490337284488731484e+01 -6.663665192495599854e+01
-7.534141349388727349e+01 -6.663976700095599881e+01
-7.577945319888743825e+01 -6.664290686795598617e+01
-7.621749172688731733e+01 -6.664607267595599183e+01
-7.665552886988729142e+01 -6.664926567095599808e+01
-7.709356444288727062e+01 -6.665248720995600706e+01
-7.753159827988741881e+01 -6.665573877495600641e+01
-7.796963022988728653e+01 -6.665902198895599895e+01
-7.840766015388743426e+01 -6.666233863495600076e+01
-7.884568802788743369e+01 -6.666569067895599687e+01
-7.928371342788722131e+01 -6.666908029695599680e+01
-7.972169932288733207e+01 -6.667250961595598824e+01
-8.015828413288744514e+01 -6.667597046795600590e+01
-8.059733114688737032e+01 -6.667949667095598443e+01
-8.103583908488730003e+01 -6.668306785995599739e+01
-8.147428631088740758e+01 -6.668669173595600341e+01
-8.191234184588728340e+01 -6.669036993895599608e+01
-8.235034623788732233e+01 -6.669411037695599020e+01
-8.278811708788742862e+01 -6.669791738795601077e+01
-8.322599008788728270e+01 -6.670180085495599087e+01
-8.366397783388737253e+01 -6.670576924795599894e+01
-8.410202983888729023e+01 -6.670983214295600305e+01
-8.454011107688728544e+01 -6.671400142095600927e+01
-8.497819984588744546e+01 -6.671829199795598697e+01
-8.541628317588737218e+01 -6.672272288295599196e+01
-8.585435411988731857e+01 -6.672731884195599150e+01
-8.629241025588743241e+01 -6.673211310595598889e+01
-8.673047219888729842e+01 -6.673715223595598900e+01
-8.716845594288741950e+01 -6.674250317795599585e+01
-8.760653140988728182e+01 -6.674827519295598677e+01
-8.804455529888736010e+01 -6.675465435995599250e+01
-8.848258549888731750e+01 -6.676203494595600318e+01
-8.892062014288734417e+01 -6.677118701095599818e+01
-8.935852003888743411e+01 -6.678267865095600087e+01
-8.979635512788735241e+01 -6.679658762395598615e+01
-9.023403335288725202e+01 -6.681298316095600853e+01
-9.067165549688724013e+01 -6.683194465495600411e+01
-9.110915514788729297e+01 -6.685354871995599524e+01
-9.154651177488739222e+01 -6.687787681595600020e+01
-9.198370303388736602e+01 -6.690501371395600927e+01
-9.242070466588728550e+01 -6.693504760195600056e+01
-9.285749033288738019e+01 -6.696807018595600880e+01
-9.329403143788744046e+01 -6.700417676695599312e+01
-9.373029673588729338e+01 -6.704346628995600099e+01
-9.416625260088738969e+01 -6.708604142695600103e+01
-9.460186234088740775e+01 -6.713200854595598344e+01
-9.503708565488722115e+01 -6.718147763495599634e+01
-9.547187928588726891e+01 -6.723456231395599048e+01
-9.590623873988732839e+01 -6.729138538095600097e+01
-9.634004640788742790e+01 -6.735205862795598364e+01
-9.677327897888739017e+01 -6.741670943095599000e+01
-9.720587922288740401e+01 -6.748546395295599609e+01
-9.763778531088740920e+01 -6.755845028095600924e+01
-9.806893165088735032e+01 -6.763579782695600784e+01
-9.849924787088724543e+01 -6.771763618595599610e+01
-9.892865958888722844e+01 -6.780409401795600388e+01
-9.935708825988734816e+01 -6.789529742095598408e+01
-9.978445161388725637e+01 -6.799136798095599943e+01
-1.002106642468872337e+02 -6.809242033395599947e+01
-1.006356385188873332e+02 -6.819855916195598411e+01
-1.010592858388874333e+02 -6.830987552095598403e+01
-1.014815184348873913e+02 -6.842644235295600197e+01
-1.019022517428872447e+02 -6.854830907395600548e+01
-1.023214075438872328e+02 -6.867549504495599422e+01
-1.027389180198874215e+02 -6.880798177395598714e+01
-1.031547308748874343e+02 -6.894570362595598567e+01
-1.035688157208873577e+02 -6.908853686495598367e+01
-1.039811718378873024e+02 -6.923628676795598835e+01
-1.043918374068873050e+02 -6.938867262795599800e+01
-1.048009002048872276e+02 -6.954531040695599131e+01
-1.052085095248873472e+02 -6.970569288995599777e+01
-1.056148888368872463e+02 -6.986916726395600108e+01
-1.060203482218873319e+02 -7.003491023295600826e+01
-1.064252950168874463e+02 -7.020190113895600348e+01
-1.068302402388873702e+02 -7.036889418995599499e+01
-1.072357973988873141e+02 -7.053439199195599940e+01
-1.076426692228873776e+02 -7.069662432395600149e+01
-1.080516172248873659e+02 -7.085353865795599404e+01
-1.084634095028872594e+02 -7.100281208195599447e+01
-1.088787859638873101e+02 -7.114191033795600561e+01
-1.092982119208872405e+02 -7.126813066495600424e+01
-1.097219917078872982e+02 -7.137882239995599321e+01
-1.101500543478873055e+02 -7.147153787095598432e+01
-1.105819535788872940e+02 -7.154426217195600657e+01
-1.110169041868873023e+02 -7.159560565095600282e+01
-1.114538840968872933e+02 -7.162491869495599417e+01
-1.118913783128872979e+02 -7.162612748495598680e+01
-1.122585268768872879e+02 -7.139958730995599012e+01
-1.125298365088872856e+02 -7.105634432495600095e+01
-1.127534835148873640e+02 -7.067992677295600856e+01
-1.129497401838872861e+02 -7.028838919395599305e+01
-1.131278380508873056e+02 -6.988824844295598382e+01
-1.132928188208873621e+02 -6.948252596095599642e+01
-1.134477649978873046e+02 -6.907286539195598607e+01
-1.135946991348873212e+02 -6.866030692195599272e+01
-1.137351018048872788e+02 -6.824534527595599798e+01
-1.138699551568873289e+02 -6.782860845895598345e+01
-1.140000675868873827e+02 -6.741036887295598490e+01
-1.141260535498873310e+02 -6.699086982395598966e+01
-1.142484021298873245e+02 -6.657029745895599149e+01
-1.143675098928873126e+02 -6.614879779795600712e+01
-1.144837037648873661e+02 -6.572648681195599352e+01
-1.145972568008873509e+02 -6.530345859395600883e+01
-1.147083645288873299e+02 -6.487992637195600309e+01
-1.148173032978873493e+02 -6.445565111495599808e+01
-1.149241864948873513e+02 -6.403090277395600083e+01
-1.150291831208873532e+02 -6.360564229895598487e+01
-1.151324122718872900e+02 -6.317994839195600321e+01
-1.152339873768873417e+02 -6.275385596595600646e+01
-1.153340088908873327e+02 -6.232739533595599823e+01
-1.154325662138873554e+02 -6.190059308895598633e+01
-1.155297392788873481e+02 -6.147347267995598941e+01
-1.156255998598873589e+02 -6.104605490695598746e+01
-1.157202126458873295e+02 -6.061835830095600386e+01
-1.158136361478872800e+02 -6.019039944695600752e+01
-1.159059234568873649e+02 -5.976219324895600948e+01
-1.159971228768873175e+02 -5.933375314995601002e+01
-1.160872784968873361e+02 -5.890509122395599206e+01
-1.161764305598873648e+02 -5.847621878695599662e+01
-1.162646160338873074e+02 -5.804714569295600768e+01
-1.163518688088873319e+02 -5.761788117395599329e+01
-1.164382200458873626e+02 -5.718843369495598949e+01
-1.165236984368872868e+02 -5.675881104195599391e+01
-1.166083396198873174e+02 -5.632897350195599984e+01
-1.166921510238873338e+02 -5.589901384495598791e+01
-1.167751631898873370e+02 -5.546889779095599238e+01
-1.168573969778873902e+02 -5.503863087595598813e+01
-1.169388716728873874e+02 -5.460821823295600552e+01
-1.170196051108873121e+02 -5.417766461995600480e+01
-1.170996137808872959e+02 -5.374697445995599310e+01
-1.171789128848873247e+02 -5.331615208595599142e+01
-1.172575193028873741e+02 -5.288518589595599906e+01
-1.173354399988873524e+02 -5.245411252995600648e+01
-1.174126902108873196e+02 -5.202291748295598950e+01
-1.174892809248872823e+02 -5.159160398395599145e+01
-1.175652222178873103e+02 -5.116017509795599949e+01
-1.176405075868872814e+02 -5.072872418195601085e+01
-1.177151755858873798e+02 -5.029708122695600991e+01
-1.177892193128873828e+02 -4.986533166495598834e+01
-1.178626456288873783e+02 -4.943347800495598676e+01
-1.179354606978873221e+02 -4.900152249295598494e+01
-1.180076700598872890e+02 -4.856946683895600358e+01
-1.180792787778872821e+02 -4.813731145495600572e+01
-1.181502802418872875e+02 -4.770512395295600072e+01
-1.182206936538872810e+02 -4.727281102795600987e+01
-1.182905172908872942e+02 -4.684040222995599834e+01
-1.183597596878873333e+02 -4.640785976695599402e+01
-1.184284161978873158e+02 -4.597522396195600436e+01
-1.184964879258873793e+02 -4.554249584095600767e+01
-1.185639753758873098e+02 -4.510967632895599877e+01
-1.186308784468873796e+02 -4.467676624895599957e+01
-1.186971964308873453e+02 -4.424376633295599959e+01
-1.187629280028873495e+02 -4.381067721595599096e+01
-1.188280712118873339e+02 -4.337749944195599028e+01
-1.188926294638873173e+02 -4.294419304795599146e+01
-1.189565878848873695e+02 -4.251083640695600252e+01
-1.190199481838873794e+02 -4.207739219695599786e+01
-1.190827057388873413e+02 -4.164386063295600593e+01
-1.191448552018873102e+02 -4.121024184895600229e+01
-1.192063904528873195e+02 -4.077653598995598827e+01
-1.192673046238873553e+02 -4.034274278595600549e+01
-1.193275899588873585e+02 -3.990886226295600636e+01
-1.193872378398872911e+02 -3.947489421095599482e+01
-1.194462387128873502e+02 -3.904083833195599595e+01
-1.195045820258873732e+02 -3.860669423795599187e+01
-1.195622561648872875e+02 -3.817246144895599969e+01
-1.196192483688873267e+02 -3.773813938995598960e+01
-1.196755454208873175e+02 -3.730372138295598461e+01
-1.197311130598873774e+02 -3.686935546195599045e+01
-1.197859795938873617e+02 -3.643468707095598802e+01
-1.198401000698873418e+02 -3.599992165795600840e+01
-1.198934093318873124e+02 -3.556542815595599905e+01
-1.199459322928873348e+02 -3.513083153195600516e+01
-1.199976693138873429e+02 -3.469592373895599735e+01
-1.200485931258872938e+02 -3.426070079695600157e+01
-1.200986799858873724e+02 -3.382510426695600358e+01
-1.201478478268873573e+02 -3.338956639795600267e+01
-1.201960719978873726e+02 -3.295400000795598316e+01
-1.202434164728873043e+02 -3.251745141095599934e+01
-1.202894883568873752e+02 -3.208319676395601050e+01
-1.203345797138873081e+02 -3.164809204295599443e+01
-1.203787501358872873e+02 -3.121095503395599735e+01
-1.204215748568873892e+02 -3.077539597995598797e+01
-1.204632604538873579e+02 -3.033866517195599499e+01
-1.205035296418873827e+02 -2.990288862095599143e+01
-1.205423924988872955e+02 -2.946710641595601032e+01
-1.205798022668873841e+02 -2.903075210495600800e+01
-1.206156526438873584e+02 -2.859372477895598763e+01
-1.206498101338873425e+02 -2.815602990095598557e+01
-1.206819532618873723e+02 -2.772000431395599662e+01
-1.207120639418873793e+02 -2.728371387895600719e+01
-1.207399703108873723e+02 -2.684661991095600797e+01
-1.207653842718872852e+02 -2.640932209195599967e+01
-1.207880309688873126e+02 -2.597134116195599063e+01
-1.208074878508872985e+02 -2.553374987495598702e+01
-1.208233285838873030e+02 -2.509582562395598870e+01
-1.208349469618872831e+02 -2.465781717995599820e+01
-1.208415485978873107e+02 -2.422042991995598982e+01
-1.208426336878873713e+02 -2.378283732995600985e+01
