-2.702211785610845709e+02 -6.739712070128835819e+01
-2.700444803779881795e+02 -6.728305358027638761e+01
-2.698677821948918449e+02 -6.716898652976591677e+01
-2.696910839412939254e+02 -6.705491940875393198e+01
-2.695143857581975340e+02 -6.694085228774196139e+01
-2.693376875045996144e+02 -6.682678516672999081e+01
-2.691609893215032798e+02 -6.671271804571802022e+01
-2.689842911384068884e+02 -6.659865092470604964e+01
-2.688075928848089120e+02 -6.648458380369406484e+01
-2.686308947017125774e+02 -6.637051668268209426e+01
-2.684541965186161860e+02 -6.625644956167010946e+01
-2.682774982650183233e+02 -6.614238244065813888e+01
-2.681008000819218751e+02 -6.602831531964616829e+01
-2.679241018283240123e+02 -6.591424819863418350e+01
-2.677474036452276209e+02 -6.580018114812371266e+01
-2.675707054621311727e+02 -6.568611402711174208e+01
-2.673940072085333099e+02 -6.557204690609975728e+01
-2.672173090254369185e+02 -6.545797978508778669e+01
-2.670406108423405271e+02 -6.534391266407581611e+01
-2.668639125887426076e+02 -6.522984554306384553e+01
-2.666872144056462162e+02 -6.511577842205187494e+01
-2.665105162225498816e+02 -6.500171130103987593e+01
-2.663338179689519620e+02 -6.488764418002790535e+01
-2.661571197858555138e+02 -6.477357705901593476e+01
-2.659804215322576511e+02 -6.465950993800396418e+01
-2.658037233491612596e+02 -6.454544281699199360e+01
-2.656270251660649251e+02 -6.443137576648150855e+01
-2.654503269124669487e+02 -6.431730864546953796e+01
-2.652736287293706141e+02 -6.420324152445756738e+01
-2.650969305462742227e+02 -6.408917440344559679e+01
-2.649202322926763600e+02 -6.397510728243360489e+01
-2.647435341095799117e+02 -6.386104016142163431e+01
-2.645668358559820490e+02 -6.374697304040965662e+01
-2.643901376728856576e+02 -6.363290591939768603e+01
-2.642134394897892093e+02 -6.351883879838571545e+01
-2.640367412361913466e+02 -6.340477167737373065e+01
-2.638600430530949552e+02 -6.329070455636176007e+01
-2.636833448699985638e+02 -6.317663743534978238e+01
-2.635066466164006442e+02 -6.306257031433781179e+01
-2.633299484333042528e+02 -6.294850326382732675e+01
-2.631532502502078614e+02 -6.283443614281535616e+01
-2.629749747371266153e+02 -6.272297630815302938e+01
-2.627919195750789640e+02 -6.261941785822788376e+01
-2.626088643425298415e+02 -6.251585933780125259e+01
-2.624258091804821333e+02 -6.241230088787610697e+01
-2.622427539479330107e+02 -6.230874236744947581e+01
-2.620596987858854163e+02 -6.220518391752433729e+01
-2.618766435533362369e+02 -6.210162539709769192e+01
-2.616935883912886425e+02 -6.199806694717254629e+01
-2.615105332292409344e+02 -6.189450842674591513e+01
-2.613274779966918118e+02 -6.179094997682077661e+01
-2.611444228346441605e+02 -6.168739145639414545e+01
-2.609613676020950379e+02 -6.158383300646899983e+01
-2.607783124400474435e+02 -6.148027455654385420e+01
-2.605952572074982641e+02 -6.137671603611720883e+01
-2.604122020454506128e+02 -6.127315758619208452e+01
-2.602291468129014333e+02 -6.116959906576543915e+01
-2.600460916508538389e+02 -6.106604061584029353e+01
-2.598630364183046595e+02 -6.096248209541366236e+01
-2.596799812562570082e+02 -6.085892364548851674e+01
-2.594969260237079425e+02 -6.075536512506187137e+01
-2.593138708616602344e+02 -6.065180667513674706e+01
-2.591308156996126399e+02 -6.054824815471010169e+01
-2.589477604670634605e+02 -6.044468970478495606e+01
-2.587647053050158092e+02 -6.034113118435832490e+01
-2.585816500724666298e+02 -6.023757273443318638e+01
-2.583985949104190354e+02 -6.013401421400654101e+01
-2.582155396778698560e+02 -6.003045576408139539e+01
-2.580324845158222615e+02 -5.992689724365476422e+01
-2.578494292832731389e+02 -5.982333879372961860e+01
-2.576663741212254308e+02 -5.971978027330298744e+01
-2.574833188886763082e+02 -5.961622182337784892e+01
-2.573002637266286570e+02 -5.951266330295120355e+01
-2.571172084940795344e+02 -5.940910485302605792e+01
-2.569341533320318831e+02 -5.930554633259942676e+01
-2.567510980994827605e+02 -5.920198788267428824e+01
-2.565661268477587100e+02 -5.910212512120430262e+01
-2.563760019366285405e+02 -5.901220243625056128e+01
-2.561858770254984279e+02 -5.892227975129679862e+01
-2.559957521848697297e+02 -5.883235706634305728e+01
-2.558056272737395602e+02 -5.874243438138930173e+01
-2.556155023626093623e+02 -5.865251169643556040e+01
-2.554253774514791928e+02 -5.856258901148179774e+01
-2.552352526108504946e+02 -5.847266632652805640e+01
-2.550451276997203252e+02 -5.838274364157430085e+01
-2.548550027885901272e+02 -5.829282095662055951e+01
-2.546648778774600146e+02 -5.820289827166679686e+01
-2.544747530368313164e+02 -5.811297558671305552e+01
-2.542846281257011469e+02 -5.802305290175929997e+01
-2.540945032145709490e+02 -5.793313021680555863e+01
-2.539043783034407795e+02 -5.784320753185179598e+01
-2.537142534628120814e+02 -5.775328484689805464e+01
-2.535241285516819119e+02 -5.766336216194429909e+01
-2.533340036405517992e+02 -5.757343947699055775e+01
-2.531438787999231010e+02 -5.748351679203679510e+01
-2.529537538887929315e+02 -5.739359410708305376e+01
-2.527636289776627336e+02 -5.730367142212929821e+01
-2.525735040665325641e+02 -5.721374873717555687e+01
-2.523833792259038660e+02 -5.712382605222179421e+01
-2.521932543147736965e+02 -5.703390336726805288e+01
-2.520031294036434986e+02 -5.694398068231429733e+01
-2.518130044925133859e+02 -5.685405799736055599e+01
-2.516228796518846877e+02 -5.676413531240679333e+01
-2.514327547407545183e+02 -5.667421262745303778e+01
-2.512426298296243203e+02 -5.658428994249929644e+01
-2.510516821660280584e+02 -5.649633086523064662e+01
-2.508542441346489227e+02 -5.642386167179417811e+01
-2.506568061032697017e+02 -5.635139240785620274e+01
-2.504593680718904807e+02 -5.627892321441972001e+01
-2.502619300405113449e+02 -5.620645395048174464e+01
-2.500644920091321239e+02 -5.613398475704527613e+01
-2.498670539777529029e+02 -5.606151549310730076e+01
-2.496696160168752670e+02 -5.598904629967081803e+01
-2.494721779854960459e+02 -5.591657703573284266e+01
-2.492747399541168249e+02 -5.584410784229637414e+01
-2.490773019227376892e+02 -5.577163857835839877e+01
-2.488798638913584682e+02 -5.569916938492191605e+01
-2.486824258599793325e+02 -5.562670012098394068e+01
-2.484849878286001115e+02 -5.555423092754747216e+01
-2.482875497972208905e+02 -5.548176166360950390e+01
-2.480901117658417547e+02 -5.540929247017302828e+01
-2.478926737344625337e+02 -5.533682320623504580e+01
-2.476952357030833127e+02 -5.526435401279857018e+01
-2.474977976717041770e+02 -5.519188474886060192e+01
-2.473003596403249560e+02 -5.511941555542413340e+01
-2.471029216089457918e+02 -5.504694629148615803e+01
-2.469054835775665993e+02 -5.497447709804966820e+01
-2.467080455461873782e+02 -5.490200783411169994e+01
-2.465106075148082141e+02 -5.482953864067523142e+01
-2.463131694834290215e+02 -5.475706937673725605e+01
-2.461104533575020525e+02 -5.470176863726703687e+01
-2.459064031317536489e+02 -5.465080698291053096e+01
-2.457023529765067735e+02 -5.459984532855403927e+01
-2.454983028212599550e+02 -5.454888367419753337e+01
-2.452942525955115514e+02 -5.449792209034253432e+01
-2.450902024402646475e+02 -5.444696043598602841e+01
-2.448861522850178289e+02 -5.439599878162953672e+01
-2.446821020592694538e+02 -5.434503712727303082e+01
-2.444780519040225499e+02 -5.429407554341802467e+01
-2.442740017487757314e+02 -5.424311388906153297e+01
-2.440699515230273278e+02 -5.419215223470502707e+01
-2.438659013677804523e+02 -5.414119058034852117e+01
-2.436618512125336053e+02 -5.409022892599203658e+01
-2.434578009867852302e+02 -5.403926734213703043e+01
-2.432537508315383832e+02 -5.398830568778052452e+01
-2.430497006762915078e+02 -5.393734403342401862e+01
-2.428456504505431042e+02 -5.388638237906752693e+01
-2.426416002952962856e+02 -5.383542079521252788e+01
-2.424375501400493818e+02 -5.378445914085602197e+01
-2.422334999143010066e+02 -5.373349748649953028e+01
-2.420278516311277315e+02 -5.369106552621848039e+01
-2.418191927930438965e+02 -5.366470135053778279e+01
-2.416105340254615612e+02 -5.363833710435556412e+01
-2.414018752578792260e+02 -5.361197292867485942e+01
-2.411932164197953909e+02 -5.358560875299416182e+01
-2.409845576522130841e+02 -5.355924450681193605e+01
-2.407758988846307489e+02 -5.353288033113123845e+01
-2.405672400465469138e+02 -5.350651608494903400e+01
-2.403585812789645786e+02 -5.348015190926832929e+01
-2.401499224408807436e+02 -5.345378773358761748e+01
-2.399412636732984083e+02 -5.342742348740541303e+01
-2.397326049057160731e+02 -5.340105931172470832e+01
-2.395239460676322381e+02 -5.337469506554248966e+01
-2.393152873000499028e+02 -5.334833088986178495e+01
-2.391066284619660678e+02 -5.332196671418108735e+01
-2.388979696943837610e+02 -5.329560246799886869e+01
-2.386893109268014257e+02 -5.326923829231816399e+01
-2.384806520887175907e+02 -5.324287404613595953e+01
-2.382706718410817643e+02 -5.323638424236499134e+01
-2.380603593903936712e+02 -5.323489003364468886e+01
-2.378500468692040499e+02 -5.323339575442288663e+01
-2.376397344185159568e+02 -5.323190154570256993e+01
-2.374294219678278637e+02 -5.323040733698226745e+01
-2.372191095171397421e+02 -5.322891305776046522e+01
-2.370087970664516490e+02 -5.322741884904014853e+01
-2.367984846157635559e+02 -5.322592464031984605e+01
-2.365881721650754344e+02 -5.322443036109802250e+01
-2.363778596438858415e+02 -5.322293615237772713e+01
-2.361675471931977484e+02 -5.322144194365741043e+01
-2.359572347425096268e+02 -5.321994766443560110e+01
-2.357469222918215337e+02 -5.321845345571530572e+01
-2.355366098411334406e+02 -5.321695924699498903e+01
-2.353262973904453190e+02 -5.321546496777317969e+01
-2.351162262663802949e+02 -5.321964084192212141e+01
-2.349068018525442199e+02 -5.323900471249451982e+01
-2.346973773682066167e+02 -5.325836858306691113e+01
-2.344879529543704848e+02 -5.327773252414079508e+01
-2.342785284700328816e+02 -5.329709639471318638e+01
-2.340691039856952784e+02 -5.331646026528558480e+01
-2.338596795718591466e+02 -5.333582420635948296e+01
-2.336502550875215434e+02 -5.335518807693187426e+01
-2.334408306031839402e+02 -5.337455194750427268e+01
-2.332314061893478083e+02 -5.339391588857814952e+01
-2.330219817050102051e+02 -5.341327975915054793e+01
-2.328125572911741301e+02 -5.343264362972293924e+01
-2.326031328068364701e+02 -5.345200757079683740e+01
-2.323937083224988669e+02 -5.347137144136922871e+01
-2.321843092892015648e+02 -5.349094159932086967e+01
-2.319764492330749590e+02 -5.352300011038567362e+01
-2.317685891064467967e+02 -5.355505862145048468e+01
-2.315607290503201909e+02 -5.358711713251528863e+01
-2.313528689236921139e+02 -5.361917564358010679e+01
-2.311450088675654513e+02 -5.365123408414341810e+01
-2.309371488114388455e+02 -5.368329259520822205e+01
-2.307292886848106832e+02 -5.371535110627303311e+01
-2.305214286286841059e+02 -5.374740961733783706e+01
-2.303135685020559436e+02 -5.377946812840265522e+01
-2.301057084459293378e+02 -5.381152663946745207e+01
-2.298978483193012607e+02 -5.384358515053227023e+01
-2.296899882631745982e+02 -5.387564366159707419e+01
-2.294821281365464927e+02 -5.390770210216038549e+01
-2.292744040778069348e+02 -5.394061614888722289e+01
-2.290668503506832678e+02 -5.397460146585588348e+01
-2.288592965530581864e+02 -5.400858678282452274e+01
-2.286517428259345763e+02 -5.404257202929168358e+01
-2.284441890283094665e+02 -5.407655734626033706e+01
-2.282366353011858564e+02 -5.411054266322898343e+01
-2.280290815035607750e+02 -5.414452798019763691e+01
-2.278215277764371081e+02 -5.417851329716628328e+01
-2.276139739788119982e+02 -5.421249854363343701e+01
-2.274064202516883881e+02 -5.424648386060209759e+01
-2.271988664540632783e+02 -5.428046917757073686e+01
-2.269913127269396966e+02 -5.431445449453939744e+01
-2.267837589998160297e+02 -5.434843974100655828e+01
-2.265763352069507448e+02 -5.438313077795682915e+01
-2.263702978260174632e+02 -5.442534622814159206e+01
-2.261642603745825966e+02 -5.446756167832637630e+01
-2.259582229231477299e+02 -5.450977712851116763e+01
-2.257521855422143631e+02 -5.455199250819445922e+01
-2.255461480907794964e+02 -5.459420795837924345e+01
-2.253401106393446867e+02 -5.463642340856401347e+01
-2.251340732584113198e+02 -5.467863885874879770e+01
-2.249280358069764532e+02 -5.472085423843209639e+01
-2.247219984260430863e+02 -5.476306968861688063e+01
-2.245159609746083049e+02 -5.480528513880166486e+01
-2.243099235231734383e+02 -5.484750058898643488e+01
-2.241038861422400714e+02 -5.488971596866973357e+01
-2.238978486908052048e+02 -5.493193141885451780e+01
-2.236918112393703382e+02 -5.497414686903930203e+01
-2.234857738584370281e+02 -5.501636231922408626e+01
-2.232797364070021615e+02 -5.505857776940885628e+01
-2.230736989555672949e+02 -5.510079314909215498e+01
-2.228676615746339280e+02 -5.514300859927693921e+01
-2.226616241231990614e+02 -5.518522404946172344e+01
-2.224555866717642800e+02 -5.522743949964650767e+01
-2.222495492908309132e+02 -5.526965487932979215e+01
-2.220435118393960465e+02 -5.531187032951457638e+01
-2.218374744584626796e+02 -5.535408577969936061e+01
-2.216314370070278130e+02 -5.539630122988414485e+01
-2.214253995555930032e+02 -5.543851660956742933e+01
-2.212193621746596364e+02 -5.548073205975221356e+01
-2.210133247232247697e+02 -5.552294750993699779e+01
-2.208072872717899031e+02 -5.556516296012178202e+01
-2.206012498908565362e+02 -5.560737833980506650e+01
-2.203952124394217549e+02 -5.564959378998985073e+01
-2.201891749879868883e+02 -5.569180924017463497e+01
-2.199831376070535214e+02 -5.573402469035941920e+01
-2.197771001556186548e+02 -5.577624014054420343e+01
-2.195710627041838450e+02 -5.581845552022748791e+01
-2.193650253232504781e+02 -5.586067097041227214e+01
-2.191589878718156115e+02 -5.590288642059705637e+01
-2.189529504203807448e+02 -5.594510187078184060e+01
-2.187469130394473780e+02 -5.598731725046512508e+01
-2.185408755880125682e+02 -5.602953270064990932e+01
-2.183348382070792297e+02 -5.607174815083469355e+01
-2.181288007556443631e+02 -5.611396360101947778e+01
-2.179227633042094965e+02 -5.615617898070275515e+01
-2.177167259232761296e+02 -5.619839443088754649e+01
-2.175106884718413198e+02 -5.624060988107233072e+01
-2.173046510204064532e+02 -5.628282533125711495e+01
-2.170986136394730863e+02 -5.632504071094039233e+01
-2.168925761880382197e+02 -5.636725616112517656e+01
-2.166865387366033531e+02 -5.640947161130996790e+01
-2.164805013556700715e+02 -5.645168706149475213e+01
-2.162744639042352048e+02 -5.649390251167953636e+01
-2.160684264528003382e+02 -5.653611789136281374e+01
-2.158623890718669713e+02 -5.657833334154759797e+01
-2.156563516204321047e+02 -5.662054879173238220e+01
-2.154513582256613802e+02 -5.666746683274769225e+01
-2.152468124448929245e+02 -5.671640156907508867e+01
-2.150422667346259971e+02 -5.676533623490098535e+01
-2.148377209538576267e+02 -5.681427097122836756e+01
-2.146331752435906992e+02 -5.686320563705426423e+01
-2.144286295333237717e+02 -5.691214037338166065e+01
-2.142240837525553161e+02 -5.696107510970905707e+01
-2.140195380422883886e+02 -5.701000977553495375e+01
-2.138149923320214612e+02 -5.705894451186235017e+01
-2.136104465512530908e+02 -5.710787917768824684e+01
-2.134059008409861633e+02 -5.715681391401564326e+01
-2.132013550602177077e+02 -5.720574857984153994e+01
-2.129968093499507802e+02 -5.725468331616892215e+01
-2.127922636396838527e+02 -5.730361798199481882e+01
-2.125877178589154255e+02 -5.735255271832221524e+01
-2.123831721486484980e+02 -5.740148738414811191e+01
-2.121786264383816274e+02 -5.745042212047550834e+01
-2.119740806576131718e+02 -5.749935685680290476e+01
-2.117695349473462443e+02 -5.754829152262880143e+01
-2.115649891665778171e+02 -5.759722625895619785e+01
-2.113604434563108896e+02 -5.764616092478209453e+01
-2.111558977460439337e+02 -5.769509566110947674e+01
-2.109513519652755633e+02 -5.774403032693537341e+01
-2.107468062550086358e+02 -5.779296506326276983e+01
-2.105422604742402086e+02 -5.784189972908866650e+01
-2.103377147639732812e+02 -5.789083446541606293e+01
-2.101331690537063253e+02 -5.793976920174345935e+01
-2.099286232729378980e+02 -5.798870386756935602e+01
-2.097240775626710274e+02 -5.803763860389675244e+01
-2.095195318524040999e+02 -5.808657326972264912e+01
-2.093149860716356727e+02 -5.813550800605003133e+01
-2.091104403613687168e+02 -5.818444267187592800e+01
-2.089058945806002896e+02 -5.823337740820332442e+01
-2.087013488703333621e+02 -5.828231207402922109e+01
-2.084968031600664347e+02 -5.833124681035661752e+01
-2.082922573792980643e+02 -5.838018154668401394e+01
-2.080877116690311368e+02 -5.842911621250991061e+01
-2.078831658882626812e+02 -5.847805094883730703e+01
-2.076786201779957537e+02 -5.852698561466320371e+01
-2.074740744677288262e+02 -5.857592035099058592e+01
-2.072695286869603990e+02 -5.862485501681648259e+01
-2.070649829766935284e+02 -5.867378975314387901e+01
-2.068604372664265725e+02 -5.872272441896977568e+01
-2.066558914856581453e+02 -5.877165915529717211e+01
-2.064513457753912178e+02 -5.882059382112306878e+01
-2.062467999946227906e+02 -5.886952855745046520e+01
-2.060422542843558347e+02 -5.891846329377786873e+01
-2.058377085740889072e+02 -5.896739795960375830e+01
-2.056331627933205368e+02 -5.901633269593114051e+01
-2.054286170830536093e+02 -5.906526736175705139e+01
-2.052240713727866819e+02 -5.911420209808443360e+01
-2.050195255920182262e+02 -5.916313676391033027e+01
-2.048151065024393347e+02 -5.921256698475628610e+01
-2.046121715398667220e+02 -5.926780251034209357e+01
-2.044092365772940525e+02 -5.932303796542638707e+01
-2.042063016147214398e+02 -5.937827349101220165e+01
-2.040033666521487987e+02 -5.943350894609650936e+01
-2.038004316895761860e+02 -5.948874447168230262e+01
-2.035974966565020736e+02 -5.954397992676661744e+01
-2.033945616939294041e+02 -5.959921545235241069e+01
-2.031916267313567914e+02 -5.965445097793821816e+01
-2.029886917687841787e+02 -5.970968643302253298e+01
-2.027857568062115661e+02 -5.976492195860832624e+01
-2.025828218436388681e+02 -5.982015741369263395e+01
-2.023798868105647557e+02 -5.987539293927844852e+01
-2.021769518479921430e+02 -5.993062846486424178e+01
-2.019740168854195304e+02 -5.998586391994854949e+01
-2.017710819228469177e+02 -6.004109944553434275e+01
-2.015681469602742482e+02 -6.009633490061865047e+01
-2.013652119977016355e+02 -6.015157042620446504e+01
-2.011622769646275231e+02 -6.020680588128875854e+01
-2.009593420020549104e+02 -6.026204140687456601e+01
-2.007564070394822124e+02 -6.031727693246036637e+01
-2.005534720769095998e+02 -6.037251238754467408e+01
-2.003505371143369871e+02 -6.042774791313048155e+01
-2.001476021517643744e+02 -6.048298336821477506e+01
-1.999446671186902051e+02 -6.053821889380058963e+01
-1.997417321561175925e+02 -6.059345441938638288e+01
-1.995387971935449798e+02 -6.064868987447069060e+01
-1.993358622309723387e+02 -6.070392540005650517e+01
-1.991329272683997260e+02 -6.075916085514079867e+01
-1.989299923058270565e+02 -6.081439638072660614e+01
-1.987270572727529441e+02 -6.086963183581092096e+01
-1.985241223101803314e+02 -6.092486736139671422e+01
-1.983211873476077187e+02 -6.098010288698252168e+01
-1.981182523850350492e+02 -6.103533834206681519e+01
-1.979153174224624081e+02 -6.109057386765262976e+01
-1.977123824598897954e+02 -6.114580932273693747e+01
-1.975094474268156830e+02 -6.120104484832273073e+01
-1.973065124642430703e+02 -6.125628030340704555e+01
-1.971035775016704008e+02 -6.131151582899283881e+01
-1.969006425390977881e+02 -6.136675135457864627e+01
-1.966977075765251755e+02 -6.142198680966296109e+01
-1.964947725434510630e+02 -6.147722233524875435e+01
-1.962918375808783651e+02 -6.153245779033306206e+01
-1.960889026183057524e+02 -6.158769331591885532e+01
-1.958859676557331397e+02 -6.164292884150466989e+01
-1.956830326931605271e+02 -6.169816429658897761e+01
-1.954800977305878575e+02 -6.175339982217477086e+01
-1.952771626975137451e+02 -6.180863527725907858e+01
-1.950742277349411324e+02 -6.186387080284487894e+01
-1.948712927723684913e+02 -6.191910625792918665e+01
-1.946683578097958787e+02 -6.197434178351499412e+01
-1.944654228472232091e+02 -6.202957730910079448e+01
-1.942637628337162710e+02 -6.208923440655141945e+01
-1.940625742637175506e+02 -6.215052650421118585e+01
-1.938613856937188018e+02 -6.221181867237243779e+01
-1.936601971237200246e+02 -6.227311077003220419e+01
-1.934590085537212758e+02 -6.233440286769197058e+01
-1.932578199837225270e+02 -6.239569503585323673e+01
-1.930566314137237498e+02 -6.245698713351300313e+01
-1.928554428437250010e+02 -6.251827930167425507e+01
-1.926542542737262806e+02 -6.257957139933402146e+01
-1.924530657037275319e+02 -6.264086356749528761e+01
-1.922518771337287546e+02 -6.270215566515505401e+01
-1.920506885637300059e+02 -6.276344776281482041e+01
-1.918494999937312571e+02 -6.282473993097609366e+01
-1.916483114237324799e+02 -6.288603202863586006e+01
-1.914471229242352308e+02 -6.294732419679711199e+01
-1.912459343542365389e+02 -6.300861629445687839e+01
-1.910447457842377617e+02 -6.306990839211664479e+01
-1.908435572142390129e+02 -6.313120056027791094e+01
-1.906423686442402357e+02 -6.319249265793767734e+01
-1.904411800742414869e+02 -6.325378482609892927e+01
-1.902399915042427097e+02 -6.331507692375869567e+01
-1.900388029342440177e+02 -6.337636909191996892e+01
-1.898376143642452689e+02 -6.343766118957973532e+01
-1.896364257942464917e+02 -6.349895328723950172e+01
-1.894352372242477429e+02 -6.356024545540075366e+01
-1.892340486542489657e+02 -6.362153755306052005e+01
-1.890328600842502169e+02 -6.368282972122178620e+01
-1.888316715142514397e+02 -6.374412181888155260e+01
-1.886304829442527478e+02 -6.380541398704280454e+01
-1.884292943742539990e+02 -6.386670608470257093e+01
-1.882281058042552218e+02 -6.392799818236233733e+01
-1.880269173047579727e+02 -6.398929035052361058e+01
-1.878257287347591955e+02 -6.405058244818337698e+01
-1.876245401647604467e+02 -6.411187461634463602e+01
-1.874233515947616695e+02 -6.417316671400440953e+01
-1.872221630247629776e+02 -6.423445881166415461e+01
-1.870209744547642288e+02 -6.429575097982542786e+01
-1.868197858847654516e+02 -6.435704307748518715e+01
-1.866185973147667028e+02 -6.441833524564646041e+01
-1.864174087447679256e+02 -6.447962734330623391e+01
-1.862162201747691768e+02 -6.454091951146747874e+01
-1.860150316047704848e+02 -6.460221160912725225e+01
-1.858138430347717076e+02 -6.466350370678701154e+01
-1.856126544647729588e+02 -6.472479587494828479e+01
-1.854114658947741816e+02 -6.478608797260804408e+01
-1.852102773247754328e+02 -6.484738014076930313e+01
-1.850090887547766556e+02 -6.490867223842906242e+01
-1.848079001847779068e+02 -6.496996440659033567e+01
-1.846067116852807146e+02 -6.503125650425010917e+01
-1.844058550363282052e+02 -6.509358243585695902e+01
-1.842065910866868990e+02 -6.516086878226762735e+01
-1.840073272075470925e+02 -6.522815519917980964e+01
-1.838080633284072860e+02 -6.529544161609199193e+01
-1.836087993787659798e+02 -6.536272803300416001e+01
-1.834095354996261733e+02 -6.543001444991634230e+01
-1.832102716204863668e+02 -6.549730086682849617e+01
-1.830110076708450606e+02 -6.556458728374067846e+01
-1.828117437917052541e+02 -6.563187370065284654e+01
-1.826124799125654476e+02 -6.569916011756502883e+01
-1.824132159629241414e+02 -6.576644653447719691e+01
-1.822139520837843349e+02 -6.583373295138937920e+01
-1.820146882046445285e+02 -6.590101929780006174e+01
-1.818154242550032222e+02 -6.596830571471222981e+01
-1.816161603758634158e+02 -6.603559213162441210e+01
-1.814168964967236093e+02 -6.610287854853656597e+01
-1.812176325470823031e+02 -6.617016496544874826e+01
-1.810183686679424966e+02 -6.623745138236091634e+01
-1.808191047888026901e+02 -6.630473779927309863e+01
-1.806198408391613839e+02 -6.637202421618526671e+01
-1.804205769600215774e+02 -6.643931063309744900e+01
-1.802213130808817709e+02 -6.650659705000961708e+01
-1.800220491312404647e+02 -6.657388346692179937e+01
-1.798227852521006582e+02 -6.664116988383396745e+01
-1.796235213729608517e+02 -6.670845623024463578e+01
-1.794242574233195171e+02 -6.677574264715681807e+01
-1.792249935441797106e+02 -6.684302906406898614e+01
-1.790257296650399041e+02 -6.691031548098116843e+01
-1.788264657153985979e+02 -6.697760189789333651e+01
-1.786272018362587914e+02 -6.704488831480551880e+01
-1.784279379571189850e+02 -6.711217473171768688e+01
-1.782286740074776787e+02 -6.717946114862986917e+01
-1.780294101283378723e+02 -6.724674756554202304e+01
-1.778301462491980658e+02 -6.731403398245420533e+01
-1.776308822995567596e+02 -6.738132039936637341e+01
-1.774316184204169531e+02 -6.744860674577705595e+01
-1.772323545412771466e+02 -6.751589316268923824e+01
-1.770330905916358404e+02 -6.758317957960140632e+01
-1.768338267124960339e+02 -6.765046599651358861e+01
-1.766345628333562274e+02 -6.771775241342575669e+01
-1.764352988837149212e+02 -6.778503883033793898e+01
-1.762360350045751147e+02 -6.785232524725009284e+01
-1.760367711254353082e+02 -6.791961166416227513e+01
-1.758375071757940020e+02 -6.798689808107444321e+01
-1.756382432966541955e+02 -6.805418449798662550e+01
-1.754389794175143891e+02 -6.812147091489879358e+01
-1.752397154678730828e+02 -6.818875733181097587e+01
-1.750404515887332764e+02 -6.825604367822165841e+01
-1.748432187872108443e+02 -6.832905100958217304e+01
-1.746461354488613438e+02 -6.840247937588077320e+01
-1.744490521105119001e+02 -6.847590781268085891e+01
-1.742519687721624280e+02 -6.854933617897945908e+01
-1.740548855043144272e+02 -6.862276454527805924e+01
-1.738578021659649835e+02 -6.869619291157665941e+01
-1.736607188276155114e+02 -6.876962127787524537e+01
-1.734636354892660677e+02 -6.884304964417384554e+01
-1.732665521509165671e+02 -6.891647808097394545e+01
-1.730694688830686232e+02 -6.898990644727253141e+01
-1.728723855447191511e+02 -6.906333481357114579e+01
-1.726753022063696505e+02 -6.913676317986974595e+01
-1.724782188680201784e+02 -6.921019154616834612e+01
-1.722811355296707347e+02 -6.928361998296843183e+01
-1.720840522618227340e+02 -6.935704834926703199e+01
-1.718869689234732903e+02 -6.943047671556563216e+01
-1.716898855851238181e+02 -6.950390508186421812e+01
-1.714928022467743176e+02 -6.957733344816281829e+01
-1.712957189084248455e+02 -6.965076188496291820e+01
-1.710986355700754018e+02 -6.972419025126150416e+01
-1.709015523022274010e+02 -6.979761861756010433e+01
-1.707044689638779573e+02 -6.987104698385870449e+01
-1.705073856255284852e+02 -6.994447535015731887e+01
-1.703103022871789847e+02 -7.001790371645591904e+01
-1.701132189488295126e+02 -7.009133215325600474e+01
-1.699161356809815686e+02 -7.016476051955460491e+01
-1.697190523426320681e+02 -7.023818888585319087e+01
-1.695219690042826244e+02 -7.031161725215179104e+01
-1.693248856659331523e+02 -7.038504561845039120e+01
-1.691278023275836517e+02 -7.045847405525047691e+01
-1.689307190597357078e+02 -7.053190242154907708e+01
-1.687336357213862357e+02 -7.060533078784767724e+01
-1.685365523830367351e+02 -7.067875915414627741e+01
-1.683394690446872914e+02 -7.075218752044487758e+01
-1.681423857063378193e+02 -7.082561595724497749e+01
-1.679453023679883188e+02 -7.089904432354357766e+01
-1.677482191001403748e+02 -7.097247268984217783e+01
-1.675511357617909027e+02 -7.104590105614076379e+01
-1.673540524234414022e+02 -7.111932942243936395e+01
-1.671569690850919585e+02 -7.119275778873796412e+01
-1.669598857467424864e+02 -7.126618622553804983e+01
-1.667628024788944856e+02 -7.133961459183664999e+01
-1.665657191405450419e+02 -7.141304295813525016e+01
-1.663686358021955698e+02 -7.148647132443385033e+01
-1.661729319666313529e+02 -7.156342081748186956e+01
-1.659784186898412486e+02 -7.164340927754361132e+01
-1.657839054130512011e+02 -7.172339773760533888e+01
-1.655893921362611536e+02 -7.180338619766708064e+01
-1.653948788594711061e+02 -7.188337465772882240e+01
-1.652003656531825015e+02 -7.196336311779056416e+01
-1.650058523763924541e+02 -7.204335157785230592e+01
-1.648113390996024350e+02 -7.212334003791404768e+01
-1.646168258228123875e+02 -7.220332849797577524e+01
-1.644223125460222832e+02 -7.228331695803751700e+01
-1.642277993397337355e+02 -7.236330541809925876e+01
-1.640332860629436880e+02 -7.244329394866248606e+01
-1.638387727861535836e+02 -7.252328240872422782e+01
-1.636442595093635362e+02 -7.260327086878596958e+01
-1.634497462325734887e+02 -7.268325932884771134e+01
-1.632552330262848841e+02 -7.276324778890945311e+01
-1.630607197494948366e+02 -7.284323624897118066e+01
-1.628662064727047891e+02 -7.292322470903292242e+01
-1.626716931959147416e+02 -7.300321316909466418e+01
-1.624771799191246373e+02 -7.308320162915640594e+01
-1.622826667128361180e+02 -7.316319008921814770e+01
-1.620881534360460705e+02 -7.324317854927988947e+01
-1.618936401592560230e+02 -7.332316700934161702e+01
-1.616991268824659187e+02 -7.340315546940335878e+01
-1.615046136056758712e+02 -7.348314399996660029e+01
-1.613101003993873235e+02 -7.356313246002834205e+01
-1.611155871225972191e+02 -7.364312092009008381e+01
-1.609210738458071717e+02 -7.372310938015182558e+01
-1.607265605690171242e+02 -7.380309784021356734e+01
-1.605320472922270767e+02 -7.388308630027528068e+01
-1.603375340859384721e+02 -7.396307476033702244e+01
-1.601430208091484531e+02 -7.404306322039876420e+01
-1.599485075323584056e+02 -7.412305168046050596e+01
-1.597539942555683012e+02 -7.420304014052224773e+01
-1.595594809787782538e+02 -7.428302860058398949e+01
-1.593649677724897060e+02 -7.436301706064573125e+01
-1.591704544956996585e+02 -7.444300552070745880e+01
-1.589759412189095542e+02 -7.452299405127070031e+01
-1.587814279421195067e+02 -7.460298251133244207e+01
-1.585869146653294592e+02 -7.468297097139418383e+01
-1.583924014590408547e+02 -7.476295943145592560e+01
-1.581995460954463510e+02 -7.484677041216531279e+01
-1.580082273119716945e+02 -7.493412423408510392e+01
-1.578169085284970095e+02 -7.502147805600488084e+01
-1.576255897450222676e+02 -7.510883187792467197e+01
-1.574342709615476110e+02 -7.519618569984444889e+01
-1.572429521780729260e+02 -7.528353952176422581e+01
-1.570516333945982694e+02 -7.537089334368401694e+01
-1.568603146816250273e+02 -7.545824716560379386e+01
-1.566689958981503707e+02 -7.554560098752358499e+01
-1.564776771146756289e+02 -7.563295480944336191e+01
-1.562863583312009439e+02 -7.572030863136315304e+01
-1.560950395477262873e+02 -7.580766245328292996e+01
-1.559037207642516023e+02 -7.589501634570422084e+01
-1.557124020512783602e+02 -7.598237016762399776e+01
-1.555210832678037036e+02 -7.606972398954378889e+01
-1.553297644843289618e+02 -7.615707781146356581e+01
-1.551384457008543052e+02 -7.624443163338335694e+01
-1.549471269173796202e+02 -7.633178545530313386e+01
-1.547558081339048783e+02 -7.641913927722292499e+01
-1.545644893504302217e+02 -7.650649309914270191e+01
-1.543731706374570365e+02 -7.659384692106247883e+01
-1.541818518539823231e+02 -7.668120074298226996e+01
-1.539905330705076381e+02 -7.676855456490204688e+01
-1.537992142870329531e+02 -7.685590838682183801e+01
-1.536078955035582396e+02 -7.694326220874161493e+01
-1.534165767200835546e+02 -7.703061603066140606e+01
-1.532252580071103978e+02 -7.711796992308268273e+01
-1.530339392236356559e+02 -7.720532374500245965e+01
-1.528426204401609709e+02 -7.729267756692225078e+01
-1.526513016566863143e+02 -7.738003138884202770e+01
-1.524599828732115725e+02 -7.746738521076181883e+01
-1.522686640897368875e+02 -7.755473903268158153e+01
-1.520773453062622309e+02 -7.764209285460138688e+01
-1.518860265932889888e+02 -7.772944667652114958e+01
-1.516947078098143322e+02 -7.781680049844095493e+01
-1.515033890263396472e+02 -7.790415432036071763e+01
-1.513120702428649054e+02 -7.799150814228052297e+01
-1.511224775475330659e+02 -7.808242137326240595e+01
-1.509354183234839013e+02 -7.817855876514713032e+01
-1.507483590289331516e+02 -7.827469608653036914e+01
-1.505612997343824304e+02 -7.837083347841509351e+01
-1.503742405103332658e+02 -7.846697087029983209e+01
-1.501871812157825161e+02 -7.856310826218457066e+01
-1.500001219917332946e+02 -7.865924558356780949e+01
-1.498130626971826302e+02 -7.875538297545253386e+01
-1.496260034026318806e+02 -7.885152036733725822e+01
-1.494389441785827159e+02 -7.894765775922199680e+01
-1.492518848840319947e+02 -7.904379508060523563e+01
-1.490648256599827732e+02 -7.913993247248995999e+01
-1.488777663654320804e+02 -7.923606986437471278e+01
-1.486907070708813592e+02 -7.933220725625943714e+01
-1.485036478468321377e+02 -7.942834457764266176e+01
-1.483165885522814449e+02 -7.952448196952738613e+01
-1.481295293282322234e+02 -7.962061936141212470e+01
-1.479424700336815022e+02 -7.971675675329684907e+01
-1.477554107391308094e+02 -7.981289407468010211e+01
-1.475683515150815879e+02 -7.990903146656484068e+01
-1.473812922205308382e+02 -8.000516885844956505e+01
-1.471942329964816736e+02 -8.010130625033428942e+01
-1.470071737019309523e+02 -8.019744357171751403e+01
-1.468201144073802880e+02 -8.029358096360225261e+01
-1.466330551833310381e+02 -8.038971835548699119e+01
-1.464459958887803168e+02 -8.048585574737171555e+01
-1.462589366647311522e+02 -8.058199306875495438e+01
-1.460718773701804025e+02 -8.067813046063969296e+01
-1.458848180756296813e+02 -8.077426785252441732e+01
-1.456977588515805166e+02 -8.087040524440914169e+01
-1.455106995570297670e+02 -8.096654256579239473e+01
-1.453236402624790458e+02 -8.106267995767711909e+01
-1.451365810384298811e+02 -8.115881734956185767e+01
-1.449539598835957008e+02 -8.126297604922960716e+01
-1.447731368694339551e+02 -8.137038458588757806e+01
-1.445923137847706812e+02 -8.147779305204407763e+01
-1.444114907001074357e+02 -8.158520151820057720e+01
-1.442306676859456900e+02 -8.169261005485856231e+01
-1.440498446012824161e+02 -8.180001852101506188e+01
-1.438690215166191706e+02 -8.190742705767306120e+01
-1.436881985024574817e+02 -8.201483552382956077e+01
-1.435073754177942362e+02 -8.212224398998606034e+01
-1.433265523331309623e+02 -8.222965252664405966e+01
-1.431457293189692166e+02 -8.233706099280055923e+01
-1.429649062343059711e+02 -8.244446945895705881e+01
-1.427840831496426972e+02 -8.255187799561502970e+01
-1.426032601354809515e+02 -8.265928646177152928e+01
-1.424224370508177060e+02 -8.276669499842951438e+01
-1.422416139661545174e+02 -8.287410346458601396e+01
-1.420607909519927716e+02 -8.298151193074251353e+01
-1.418799678673294977e+02 -8.308892046740051285e+01
-1.416991447826662522e+02 -8.319632893355701242e+01
-1.415183216980030068e+02 -8.330373739971351199e+01
-1.413374986838412326e+02 -8.341114593637151131e+01
-1.411566755991779871e+02 -8.351855440252801088e+01
-1.409758525145147985e+02 -8.362596286868448203e+01
-1.407950295003530528e+02 -8.373337140534246714e+01
-1.406142064156897789e+02 -8.384077987149896671e+01
-1.404333833310265334e+02 -8.394818840815696603e+01
-1.402525603168647876e+02 -8.405559687431346561e+01
-1.400717372322015422e+02 -8.416300534046996518e+01
-1.398916182459854838e+02 -8.427158970108932579e+01
-1.397115529114084040e+02 -8.438026373961245952e+01
-1.395314875768313243e+02 -8.448893777813556483e+01
-1.393514223127557159e+02 -8.459761181665871277e+01
-1.391713569781785793e+02 -8.470628585518181808e+01
-1.389936389204314651e+02 -8.481836314195193438e+01
-1.388280828643694349e+02 -8.494807334654834108e+01
-1.386625267378059050e+02 -8.507778355114473356e+01
-1.384969706112423751e+02 -8.520749382624264001e+01
-1.383314145551803449e+02 -8.533720403083903250e+01
-1.381658584286168150e+02 -8.546691423543543920e+01
-1.380003023725547848e+02 -8.559662444003183168e+01
-1.378347462459912549e+02 -8.572633471512972392e+01
-1.376691901194277250e+02 -8.585604491972613062e+01
-1.375079202018554554e+02 -8.599094107341417725e+01
-1.373493576122565401e+02 -8.612911293814174485e+01
-1.371907950226576531e+02 -8.626728480286934087e+01
-1.370322324330587378e+02 -8.640545666759692267e+01
-1.368736698434599077e+02 -8.654362860282599001e+01
-1.367151072538609924e+02 -8.668180046755355761e+01
-1.365565446642621055e+02 -8.681997233228113942e+01
-1.363979820746631901e+02 -8.695814419700872122e+01
-1.362394194850643032e+02 -8.709631613223778857e+01
-1.360808568954653879e+02 -8.723448799696535616e+01
-1.359224262141667623e+02 -8.737280692781497748e+01
-1.357679173196231091e+02 -8.751549737446678989e+01
-1.356134084250794558e+02 -8.765818782111858809e+01
-1.354588995305357741e+02 -8.780087826777038629e+01
-1.353043906359921209e+02 -8.794356871442218448e+01
-1.351498817414484108e+02 -8.808625916107399689e+01
-1.349953728469047576e+02 -8.822894960772579509e+01
-1.348408639523610759e+02 -8.837164005437760750e+01
-1.346863550578174227e+02 -8.851433050102940570e+01
-1.345318460927722697e+02 -8.865702094768121810e+01
-1.343773371982285880e+02 -8.879971139433301630e+01
-1.342228283036848779e+02 -8.894240184098482871e+01
-1.340688937143330293e+02 -8.908570283059772521e+01
-1.339170196722242565e+02 -8.923119458371800761e+01
-1.337651456301154269e+02 -8.937668626633679025e+01
-1.336132715880065689e+02 -8.952217801945705844e+01
-1.334613975458977393e+02 -8.966766970207584109e+01
-1.333095235037889665e+02 -8.981316145519612348e+01
-1.331576494616801085e+02 -8.995865313781489192e+01
-1.330057754195712789e+02 -9.010414489093516011e+01
-1.328539013774624209e+02 -9.024963657355392854e+01
-1.327020273353536481e+02 -9.039512832667421094e+01
-1.325501532932448185e+02 -9.054062000929297938e+01
-1.323982792511359605e+02 -9.068611176241324756e+01
-1.322464052090271309e+02 -9.083160344503203021e+01
-1.320963391072988031e+02 -9.097895876421364392e+01
-1.319463117108921040e+02 -9.112635398724236779e+01
-1.317962843144854048e+02 -9.127374913976957771e+01
-1.316462568475772059e+02 -9.142114429229680184e+01
-1.314962294511705068e+02 -9.156853951532552571e+01
-1.313462020547638645e+02 -9.171593466785274984e+01
-1.311961746583571653e+02 -9.186332989088147372e+01
-1.310461472619504661e+02 -9.201072504340869784e+01
-1.308961197950422388e+02 -9.215812019593590776e+01
-1.307460923986355397e+02 -9.230551541896463164e+01
-1.305960650022288974e+02 -9.245291057149185576e+01
-1.304462158336057485e+02 -9.260048557333706754e+01
-1.302975525001565416e+02 -9.274925642156871675e+01
-1.301488892372088344e+02 -9.289802734030185150e+01
-1.300002259037595991e+02 -9.304679825903497203e+01
-1.298515625703103353e+02 -9.319556917776810678e+01
-1.297028992368611284e+02 -9.334434009650125574e+01
-1.295542359739134213e+02 -9.349311094473289074e+01
-1.294055726404641575e+02 -9.364188186346602549e+01
-1.292569093070149222e+02 -9.379065278219916024e+01
-1.291082459735657153e+02 -9.393942370093229499e+01
-1.289595827106180082e+02 -9.408819461966542974e+01
-1.288114319935510252e+02 -9.423747420669698727e+01
-1.286638149728137819e+02 -9.438728333047002650e+01
-1.285161979520765954e+02 -9.453709252474453706e+01
-1.283685809313393520e+02 -9.468690164851754787e+01
-1.282209639811036084e+02 -9.483671077229057289e+01
-1.280733469603663650e+02 -9.498651996656506924e+01
-1.279257299396291216e+02 -9.513632909033810847e+01
-1.277781129188919493e+02 -9.528613821411111928e+01
-1.276304958981547060e+02 -9.543594740838562984e+01
-1.274835977811789434e+02 -9.558646105361481204e+01
-1.273368021733793682e+02 -9.573707516347676005e+01
-1.271900065655797931e+02 -9.588768927333869385e+01
-1.270432109577802180e+02 -9.603830338320064186e+01
-1.268964153499805718e+02 -9.618891756356404699e+01
-1.267496844625549670e+02 -9.633959449025952892e+01
-1.266035027817882934e+02 -9.649080454927275241e+01
-1.264573211010216909e+02 -9.664201460828599011e+01
-1.266507951857508800e+02 -9.672448479153183598e+01
-1.268442693409816542e+02 -9.680695497477765343e+01
-1.270380421405522071e+02 -9.688872049556432842e+01
-1.272318501203696712e+02 -9.697040289508640853e+01
-1.274256581706885925e+02 -9.705208536511001682e+01
-1.276194661505060139e+02 -9.713376776463211115e+01
-1.278132741303234212e+02 -9.721545023465570523e+01
-1.280071375243172440e+02 -9.729700023236706841e+01
-1.282013893110562037e+02 -9.737762165486587662e+01
-1.283956410977951350e+02 -9.745824307736465641e+01
-1.285898928845340947e+02 -9.753886449986345042e+01
-1.287841446007714694e+02 -9.761948592236224442e+01
-1.289783963875104007e+02 -9.770010734486105264e+01
-1.291726481742493604e+02 -9.778072876735983243e+01
-1.293668999609882917e+02 -9.786135018985861223e+01
-1.295611516772257517e+02 -9.794197161235742044e+01
-1.297556892065306329e+02 -9.802189760809312702e+01
-1.299505012686635439e+02 -9.810115567264941205e+01
-1.301453133307964833e+02 -9.818041366670419734e+01
-1.303401253224278946e+02 -9.825967173126051080e+01
-1.305349373845608341e+02 -9.833892979581681004e+01
-1.307297493761922453e+02 -9.841818778987159533e+01
-1.309245614383252132e+02 -9.849744585442788036e+01
-1.311193734299565961e+02 -9.857670384848269407e+01
-1.313141854920895639e+02 -9.865596191303897911e+01
-1.315089975542224465e+02 -9.873521997759527835e+01
-1.317038095458539146e+02 -9.881447797165007785e+01
-1.318992490713071106e+02 -9.889217308852680333e+01
-1.320947829277629069e+02 -9.896963322391518147e+01
-1.322903167842187031e+02 -9.904709342980501674e+01
-1.324858506406744425e+02 -9.912455356519338068e+01
-1.326813844971302387e+02 -9.920201377108321594e+01
-1.328769183535860350e+02 -9.927947390647157988e+01
-1.330724522100418312e+02 -9.935693411236142936e+01
-1.332679860664975706e+02 -9.943439424774979329e+01
-1.334635198524518387e+02 -9.951185438313814302e+01
-1.336590537089076349e+02 -9.958931458902799250e+01
-1.338545875653634312e+02 -9.966677472441634222e+01
-1.340501415852472462e+02 -9.974418311170614970e+01
-1.342466365886070037e+02 -9.981917153512293339e+01
-1.344431316624683461e+02 -9.989416002904123104e+01
-1.346396266658281604e+02 -9.996914845245801473e+01
-1.348361216691879179e+02 -1.000441369463763124e+02
-1.350326167430492603e+02 -1.001191253697930961e+02
-1.352291117464090746e+02 -1.001941138637113795e+02
-1.354256067497688321e+02 -1.002691022871281774e+02
-1.356221018236301745e+02 -1.003440907810464608e+02
-1.358185968269899888e+02 -1.004190792044632730e+02
-1.360150918303497463e+02 -1.004940676278800424e+02
-1.362115869042110603e+02 -1.005690561217983401e+02
-1.364080819075709030e+02 -1.006440445452151238e+02
-1.366056235056486514e+02 -1.007162134727773122e+02
-1.368034568389196579e+02 -1.007875965201561712e+02
-1.370012901721906360e+02 -1.008589796380365300e+02
-1.371991234349601143e+02 -1.009303627559168746e+02
-1.373969567682311492e+02 -1.010017458737972618e+02
-1.375947900310005991e+02 -1.010731289211760924e+02
-1.377926233642715772e+02 -1.011445120390564796e+02
-1.379904566975426121e+02 -1.012158951569368242e+02
-1.381882899603120904e+02 -1.012872782043156974e+02
-1.383861232935830401e+02 -1.013586613221960420e+02
-1.385839566268540750e+02 -1.014300444400764150e+02
-1.387817898896235533e+02 -1.015014275579567737e+02
-1.389815365630124973e+02 -1.015672581894643258e+02
-1.391813476042679270e+02 -1.016329020625071848e+02
-1.393811585750218569e+02 -1.016985460060515720e+02
-1.395809696162772582e+02 -1.017641898790944595e+02
-1.397807806575326879e+02 -1.018298337521373469e+02
-1.399805916282866747e+02 -1.018954776251802201e+02
-1.401804026695420760e+02 -1.019611215687246073e+02
-1.403802137107975057e+02 -1.020267654417674805e+02
-1.405800247520529354e+02 -1.020924093148103680e+02
-1.407798357228068369e+02 -1.021580531878532554e+02
-1.409808673564739934e+02 -1.022196264454817083e+02
-1.411838313656632806e+02 -1.022747551613000638e+02
-1.413867953748525395e+02 -1.023298839476199333e+02
-1.415897593135402985e+02 -1.023850127339397886e+02
-1.417927233227295574e+02 -1.024401415202596297e+02
-1.419956873319188162e+02 -1.024952703065794708e+02
-1.421986513411080182e+02 -1.025503990928993261e+02
-1.424016152797957773e+02 -1.026055278792191956e+02
-1.426045792889850645e+02 -1.026606565950375511e+02
-1.428118918304885767e+02 -1.026948110450966993e+02
-1.430200436218084121e+02 -1.027249172992173669e+02
-1.432281954131282191e+02 -1.027550236238395343e+02
-1.434363472749495543e+02 -1.027851298779602018e+02
-1.436444990662693897e+02 -1.028152362025823550e+02
-1.438526654513990195e+02 -1.028452389605059381e+02
-1.440610233185935556e+02 -1.028738846351202199e+02
-1.442693811152866488e+02 -1.029025303097344874e+02
-1.444777389824812417e+02 -1.029311760548502264e+02
-1.446860967791743349e+02 -1.029598217294645082e+02
-1.448944546463688710e+02 -1.029884674040787758e+02
-1.451028125135634639e+02 -1.030171130786930576e+02
-1.453111703102565571e+02 -1.030457588238088249e+02
-1.455195281774510647e+02 -1.030744044984231067e+02
-1.457278859741441579e+02 -1.031030501730373601e+02
-1.459362438413387508e+02 -1.031316958476516419e+02
-1.461446016380317872e+02 -1.031603415927673950e+02
-1.463529595052263801e+02 -1.031889872673816768e+02
-1.465613173724209730e+02 -1.032176329419959444e+02
-1.467696751691140662e+02 -1.032462786166102262e+02
-1.469780330363086023e+02 -1.032749243617259793e+02
-1.471863908330016670e+02 -1.033035700363402611e+02
-1.473947487001962600e+02 -1.033322157109545145e+02
-1.476031065673907960e+02 -1.033608613855687821e+02
-1.478114643640838892e+02 -1.033895070601830639e+02
-1.480198222312784821e+02 -1.034181528052988455e+02
-1.482281800279715753e+02 -1.034467984799131131e+02
-1.484365378951661114e+02 -1.034754441545273664e+02
-1.486448956918592046e+02 -1.035040898291416482e+02
-1.488532535590537975e+02 -1.035327355742574014e+02
-1.490616114262483052e+02 -1.035613812488716832e+02
-1.492699692229413984e+02 -1.035900269234859508e+02
-1.494783270901359913e+02 -1.036186725981002326e+02
-1.496870778621714635e+02 -1.036436251223132246e+02
-1.498967985232965532e+02 -1.036594618030074884e+02
-1.501065191844216429e+02 -1.036752984837017380e+02
-1.503162399160482607e+02 -1.036911351643960160e+02
-1.505259605771733504e+02 -1.037069718450902798e+02
-1.507356812382984685e+02 -1.037228084552830580e+02
-1.509454018994235582e+02 -1.037386451359773218e+02
-1.511551226310501761e+02 -1.037544818166715856e+02
-1.513648432921752658e+02 -1.037703184973658352e+02
-1.515745639533003839e+02 -1.037861551780601275e+02
-1.517842846849269165e+02 -1.038019918587543771e+02
-1.519940053460520062e+02 -1.038178285394486267e+02
-1.522037260071771243e+02 -1.038336651496414191e+02
-1.524134466683022140e+02 -1.038495018303356687e+02
-1.526231673999288319e+02 -1.038653385110299325e+02
-1.528328880610539215e+02 -1.038811751917242105e+02
-1.530426087221790397e+02 -1.038970118724184744e+02
-1.532523293833041294e+02 -1.039128485531127239e+02
-1.534620501149307472e+02 -1.039286852338070020e+02
-1.536717707760558369e+02 -1.039445218439997660e+02
-1.538814914371809266e+02 -1.039603585246940298e+02
-1.540912121688074876e+02 -1.039761952053883078e+02
-1.543009328299325773e+02 -1.039920318860825716e+02
-1.545106534910576954e+02 -1.040078685667768212e+02
-1.547203741521827851e+02 -1.040237052474710993e+02
-1.549300948838093746e+02 -1.040395419281653631e+02
-1.551398155449344927e+02 -1.040553785383581129e+02
-1.553495362060595824e+02 -1.040712152190524051e+02
-1.555592568671847005e+02 -1.040870518997466689e+02
-1.557689775988112899e+02 -1.041028885804409185e+02
-1.559786982599364080e+02 -1.041187252611351965e+02
-1.561884189210614977e+02 -1.041345619418294604e+02
-1.563981396526881156e+02 -1.041503986225237242e+02
-1.566081629767383845e+02 -1.041604371191292842e+02
-1.568183926586693815e+02 -1.041665252053722668e+02
-1.570286222700988787e+02 -1.041726132916152352e+02
-1.572388518815284328e+02 -1.041787013778582036e+02
-1.574490815634594298e+02 -1.041847894641011862e+02
-1.576593111748889839e+02 -1.041908774798426691e+02
-1.578695407863184528e+02 -1.041969655660856375e+02
-1.580797704682494498e+02 -1.042030536523286059e+02
-1.582900000796790039e+02 -1.042091417385715744e+02
-1.585002296911085011e+02 -1.042152298248145428e+02
-1.587104593730395550e+02 -1.042213179110575112e+02
-1.589206889844690522e+02 -1.042274059973004938e+02
-1.591309185958985495e+02 -1.042334940835434622e+02
-1.593411482778296033e+02 -1.042395820992849451e+02
-1.595513778892591006e+02 -1.042456701855279135e+02
-1.597616075006886547e+02 -1.042517582717708962e+02
-1.599718371826196517e+02 -1.042578463580138504e+02
-1.601820667940491489e+02 -1.042639344442568188e+02
-1.603922964054787030e+02 -1.042700225304998014e+02
-1.606025260874097000e+02 -1.042761106167427698e+02
-1.608127556988392541e+02 -1.042821987029857382e+02
-1.610229853102687514e+02 -1.042882867892287209e+02
-1.612332149921997200e+02 -1.042943748049702037e+02
-1.614434446036292741e+02 -1.043004628912131579e+02
-1.616536742150587713e+02 -1.043065509774561264e+02
-1.618639038969898252e+02 -1.043126390636991090e+02
-1.620741335084193224e+02 -1.043187271499420774e+02
-1.622843631198488765e+02 -1.043248152361850458e+02
-1.624945928017798735e+02 -1.043309033224280284e+02
-1.627048224132093708e+02 -1.043369914086709969e+02
-1.629150520246389249e+02 -1.043430794949139653e+02
-1.631252817065699219e+02 -1.043491675106554339e+02
-1.633355113179994760e+02 -1.043552555968984166e+02
-1.635457409294289732e+02 -1.043613436831413850e+02
-1.637559706113599702e+02 -1.043674317693843534e+02
-1.639662002227895243e+02 -1.043735198556273360e+02
-1.641764298342190216e+02 -1.043796079418703044e+02
-1.643866975869582348e+02 -1.043818344496364716e+02
-1.645970063715685114e+02 -1.043798946714572509e+02
-1.648073152266802879e+02 -1.043779548227765162e+02
-1.650176240112905646e+02 -1.043760150445972812e+02
-1.652279328664023126e+02 -1.043740751959165749e+02
-1.654382417215140890e+02 -1.043721354177373399e+02
-1.656485505061243657e+02 -1.043701955690566194e+02
-1.658588593612361706e+02 -1.043682557908773987e+02
-1.660691681458463904e+02 -1.043663159421966498e+02
-1.662794770009581669e+02 -1.043643761640174148e+02
-1.664897857855684720e+02 -1.043624363153367085e+02
-1.667000946406802484e+02 -1.043604965371574735e+02
-1.669104034252904682e+02 -1.043585566884767530e+02
-1.671207122804022447e+02 -1.043566169102975181e+02
-1.673310210650125498e+02 -1.043546770616167834e+02
-1.675413299201243262e+02 -1.043527372834375626e+02
-1.677516387752361027e+02 -1.043507974347568421e+02
-1.679619475598463509e+02 -1.043488576565776071e+02
-1.681722564149581274e+02 -1.043469178078969009e+02
-1.683825651995684041e+02 -1.043449780297176517e+02
-1.685928740546802089e+02 -1.043430381810369312e+02
-1.688031828392904288e+02 -1.043410984028577104e+02
-1.690134916944022052e+02 -1.043391585541769757e+02
-1.692238004790124819e+02 -1.043372187759977407e+02
-1.694341093341242868e+02 -1.043352789273170202e+02
-1.696444181187345634e+02 -1.043333391491377853e+02
-1.698547269738462830e+02 -1.043313993004570648e+02
-1.700650358289580879e+02 -1.043294595222778440e+02
-1.702753446135683646e+02 -1.043275196735971093e+02
-1.704856534686801410e+02 -1.043255798954178886e+02
-1.706959622532903609e+02 -1.043236400467371539e+02
-1.709062711084021657e+02 -1.043217002685579189e+02
-1.711165798930124424e+02 -1.043197604198772126e+02
-1.713268887481242473e+02 -1.043178206416979776e+02
-1.715371975327344671e+02 -1.043158807930172571e+02
-1.717475063878462436e+02 -1.043139410148380364e+02
-1.719578151724565203e+02 -1.043120011661572875e+02
-1.721681240275683251e+02 -1.043100613879780525e+02
-1.723784328826800447e+02 -1.043081215392973462e+02
-1.725887416672903214e+02 -1.043061816906165973e+02
-1.727990505224021263e+02 -1.043042419124373765e+02
-1.730092745642133991e+02 -1.042990393249925205e+02
-1.732194003974398129e+02 -1.042900563062935078e+02
-1.734295262306662551e+02 -1.042810732875944950e+02
-1.736396520638926404e+02 -1.042720902688954823e+02
-1.738497778971191110e+02 -1.042631073206979551e+02
-1.740599038008470814e+02 -1.042541243019989565e+02
-1.742700296340734667e+02 -1.042451412832999296e+02
-1.744801554672999089e+02 -1.042361582646009168e+02
-1.746902813005263226e+02 -1.042271753164034180e+02
-1.749004071337527648e+02 -1.042181922977044053e+02
-1.751105329669791786e+02 -1.042092092790053925e+02
-1.753206588002056208e+02 -1.042002263308078653e+02
-1.755307846334320061e+02 -1.041912433121088668e+02
-1.757409105371599765e+02 -1.041822602934098398e+02
-1.759510363703864186e+02 -1.041732772747108271e+02
-1.761611622036128324e+02 -1.041642943265133141e+02
-1.763712880368392746e+02 -1.041553113078143014e+02
-1.765814138700656883e+02 -1.041463282891152886e+02
-1.767915397032921305e+02 -1.041373452704162617e+02
-1.770016655365185159e+02 -1.041283623222187771e+02
-1.772117913697449865e+02 -1.041193793035197501e+02
-1.774219172734728716e+02 -1.041103962848207374e+02
-1.776320431066993422e+02 -1.041014132661217246e+02
-1.778421689399257275e+02 -1.040924303179241974e+02
-1.780522947731521981e+02 -1.040834472992251989e+02
-1.782624206063786403e+02 -1.040744642805261719e+02
-1.784725464396050256e+02 -1.040654813323286731e+02
-1.786826722728314962e+02 -1.040564983136296462e+02
-1.788927981060578816e+02 -1.040475152949306334e+02
-1.791029240097858519e+02 -1.040385322762316207e+02
-1.793130498430122373e+02 -1.040295493280341077e+02
-1.795231756762387079e+02 -1.040205663093351092e+02
-1.797333015094650932e+02 -1.040115832906360822e+02
-1.799434273426915354e+02 -1.040026002719370837e+02
-1.801535531759180060e+02 -1.039936173237395565e+02
-1.803636790091443913e+02 -1.039846343050405437e+02
-1.805738049128723617e+02 -1.039756512863415310e+02
-1.807839307460987470e+02 -1.039666683381440038e+02
-1.809940565793252176e+02 -1.039576853194450052e+02
-1.812041824125516030e+02 -1.039487023007459783e+02
-1.814143082457780451e+02 -1.039397192820469797e+02
-1.816244340790044589e+02 -1.039307363338494667e+02
-1.818345599122309011e+02 -1.039217533151504540e+02
-1.820446857454573717e+02 -1.039127702964514413e+02
-1.822547856341329577e+02 -1.039033412147830120e+02
-1.824645322398088467e+02 -1.038878517539598363e+02
-1.826742788454847641e+02 -1.038723622226351608e+02
-1.828840254511605679e+02 -1.038568726913104570e+02
-1.830937720568364853e+02 -1.038413831599857673e+02
-1.833035186625123742e+02 -1.038258936286610776e+02
-1.835132652681882064e+02 -1.038104040973364022e+02
-1.837230118738640954e+02 -1.037949145660116983e+02
-1.839327584795399844e+02 -1.037794250346870228e+02
-1.841425050852158165e+02 -1.037639355033623332e+02
-1.843522516908917055e+02 -1.037484459720376435e+02
-1.845619982965675945e+02 -1.037329564407129396e+02
-1.847717449022434266e+02 -1.037174669093882500e+02
-1.849814915079193156e+02 -1.037019774485650743e+02
-1.851912381135952046e+02 -1.036864879172403846e+02
-1.854009847192710367e+02 -1.036709983859156807e+02
-1.856107313249469257e+02 -1.036555088545910053e+02
-1.858204779306228147e+02 -1.036400193232663156e+02
-1.860302245362986469e+02 -1.036245297919416259e+02
-1.862399711419745358e+02 -1.036090402606169221e+02
-1.864497177476504248e+02 -1.035935507292922324e+02
-1.866594643533262570e+02 -1.035780611979675570e+02
-1.868692109590021460e+02 -1.035625716666428531e+02
-1.870789575646780349e+02 -1.035470821353181776e+02
-1.872887041703538671e+02 -1.035315926744949877e+02
-1.874984507760297561e+02 -1.035161031431702980e+02
-1.877081973817056735e+02 -1.035006136118456084e+02
-1.879179439873814772e+02 -1.034851240805209187e+02
-1.881276905930573946e+02 -1.034696345491962433e+02
-1.883374371987332836e+02 -1.034541450178715394e+02
-1.885471838044091157e+02 -1.034386554865468355e+02
-1.887569304100850047e+02 -1.034231659552221601e+02
-1.889666770157608937e+02 -1.034076764238974704e+02
-1.891764236214367259e+02 -1.033921868925727807e+02
-1.893861702271126148e+02 -1.033766973612480911e+02
-1.895959168327884470e+02 -1.033612078299234156e+02
-1.898056634384643360e+02 -1.033457183691002257e+02
-1.900154100441402250e+02 -1.033302288377755218e+02
-1.902251566498160571e+02 -1.033147393064508179e+02
-1.904349032554919461e+02 -1.032992497751261425e+02
-1.906446498611678351e+02 -1.032837602438014528e+02
-1.908543964668436672e+02 -1.032682707124767632e+02
-1.910641430725195562e+02 -1.032527811811520735e+02
-1.912738896781954452e+02 -1.032372916498273980e+02
-1.914836362838712773e+02 -1.032218021185026942e+02
-1.916933828895471663e+02 -1.032063125871780045e+02
-1.919031294952230553e+02 -1.031908230558533148e+02
-1.921128761008988874e+02 -1.031753335245286394e+02
-1.923221612742791251e+02 -1.031546545895389499e+02
-1.925313502836178543e+02 -1.031328940910889571e+02
-1.927405392929566403e+02 -1.031111335926389359e+02
-1.929497283022953695e+02 -1.030893730941889288e+02
-1.931589173116341556e+02 -1.030676126662404215e+02
-1.933681063209728848e+02 -1.030458521677904002e+02
-1.935772954008130853e+02 -1.030240916693404074e+02
-1.937864844101518713e+02 -1.030023312413918859e+02
-1.939956734194906005e+02 -1.029805707429418931e+02
-1.942048624288293865e+02 -1.029588102444918576e+02
-1.944140514381681157e+02 -1.029370497460418648e+02
-1.946232404475068449e+02 -1.029152893180933290e+02
-1.948324294568456310e+02 -1.028935288196433362e+02
-1.950416184661843317e+02 -1.028717683211933291e+02
-1.952508075460246459e+02 -1.028500078932448218e+02
-1.954599965553633467e+02 -1.028282473947948006e+02
-1.956691855647021328e+02 -1.028064868963447935e+02
-1.958783745740408619e+02 -1.027847263978948007e+02
-1.960875635833795911e+02 -1.027629659699462650e+02
-1.962967525927183772e+02 -1.027412054714962721e+02
-1.965059416020571064e+02 -1.027194449730462651e+02
-1.967151306818973922e+02 -1.026976844745962438e+02
-1.969243196912360929e+02 -1.026759240466477365e+02
-1.971335087005748790e+02 -1.026541635481977295e+02
-1.973426977099136082e+02 -1.026324030497477366e+02
-1.975518867192523373e+02 -1.026106426217992009e+02
-1.977610757285911234e+02 -1.025888821233492081e+02
-1.979702647379298526e+02 -1.025671216248991726e+02
-1.981794537472686386e+02 -1.025453611264491798e+02
-1.983886428271088676e+02 -1.025236006985006583e+02
-1.985978318364476536e+02 -1.025018402000506654e+02
-1.988070208457863544e+02 -1.024800797016006442e+02
-1.990162098551250835e+02 -1.024583192031506371e+02
-1.992253988644638696e+02 -1.024365587752021298e+02
-1.994345878738025988e+02 -1.024147982767521086e+02
-1.996437768831413848e+02 -1.023930377783021157e+02
-1.998529658924801140e+02 -1.023712773503535942e+02
-2.000621549723203998e+02 -1.023495168519036014e+02
-2.002713439816591290e+02 -1.023277563534535801e+02
-2.004805329909978298e+02 -1.023059958550035731e+02
-2.006897220003366158e+02 -1.022842354270550658e+02
-2.008989110096753450e+02 -1.022624749286050445e+02
-2.011081000190141310e+02 -1.022407144301550517e+02
-2.013172890283528602e+02 -1.022189540022065302e+02
-2.015264781081931460e+02 -1.021971935037565231e+02
-2.017356671175318752e+02 -1.021754330053065019e+02
-2.019448561268706044e+02 -1.021536725068565090e+02
-2.021540451362093904e+02 -1.021319120789079733e+02
-2.023632341455480912e+02 -1.021101515804579805e+02
-2.025722217321109042e+02 -1.020867014431389208e+02
-2.027806646946119429e+02 -1.020586818218150285e+02
-2.029891076571129815e+02 -1.020306622709926359e+02
-2.031975506196140770e+02 -1.020026427201702290e+02
-2.034059935821150873e+02 -1.019746231693478506e+02
-2.036144365446161260e+02 -1.019466036185254438e+02
-2.038228795071171646e+02 -1.019185840677030654e+02
-2.040313224696182601e+02 -1.018905644463791589e+02
-2.042397654321192704e+02 -1.018625448955567805e+02
-2.044482083946203090e+02 -1.018345253447343737e+02
-2.046566513571213477e+02 -1.018065057939119811e+02
-2.048650943196223864e+02 -1.017784862430895885e+02
-2.050735372821234819e+02 -1.017504666922671959e+02
-2.052819802446244921e+02 -1.017224471414448175e+02
-2.054904232071255308e+02 -1.016944275201209251e+02
-2.056988661696265694e+02 -1.016664079692985325e+02
-2.059073091321276650e+02 -1.016383884184761399e+02
-2.061157520946287036e+02 -1.016103688676537473e+02
-2.063241950571297139e+02 -1.015823493168313405e+02
-2.065326380196307525e+02 -1.015543297660089621e+02
-2.067410809821318480e+02 -1.015263101446850698e+02
-2.069495239446328867e+02 -1.014982905938626772e+02
-2.071579669071339254e+02 -1.014702710430402703e+02
-2.073664098696349356e+02 -1.014422514922178920e+02
-2.075748528321359743e+02 -1.014142319413954851e+02
-2.077832957946370698e+02 -1.013862123905731210e+02
-2.079917387571381084e+02 -1.013581927692492002e+02
-2.082001817196391471e+02 -1.013301732184268360e+02
-2.084086246821401573e+02 -1.013021536676044292e+02
-2.086170676446412529e+02 -1.012741341167820366e+02
-2.088255106071422915e+02 -1.012461145659596440e+02
-2.090339535696433302e+02 -1.012180950151372514e+02
-2.092423965321443688e+02 -1.011900753938133590e+02
-2.094508394946454359e+02 -1.011620558429909664e+02
-2.096592824571464746e+02 -1.011340362921685738e+02
-2.098677254196475133e+02 -1.011060167413461812e+02
-2.100761683821485519e+02 -1.010779971905237886e+02
-2.102846113446495622e+02 -1.010499776397013818e+02
-2.104930543071506577e+02 -1.010219580183775037e+02
-2.107014972696516963e+02 -1.009939384675551253e+02
-2.109099402321527350e+02 -1.009659189167327327e+02
-2.111183831946537737e+02 -1.009378993659103259e+02
-2.113268261571548692e+02 -1.009098798150879475e+02
-2.115352691196558794e+02 -1.008818602642655406e+02
-2.117437120821569181e+02 -1.008538406429416625e+02
-2.119521550446579568e+02 -1.008258210921192557e+02
-2.121605980071590523e+02 -1.007978015412968773e+02
-2.123690409696600909e+02 -1.007697819904744705e+02
-2.125774839321611012e+02 -1.007417624396520779e+02
-2.127859268946621398e+02 -1.007137428888296853e+02
-2.129943697866617356e+02 -1.006857232675058071e+02
-2.132028127491627743e+02 -1.006577037166834003e+02
-2.134103657712714153e+02 -1.006237586560693558e+02
-2.136178427222651806e+02 -1.005893078177182218e+02
-2.138253197437603887e+02 -1.005548569793671021e+02
-2.140327966947541540e+02 -1.005204060705144684e+02
-2.142402737162493622e+02 -1.004859552321633487e+02
-2.144477507377446273e+02 -1.004515043938122147e+02
-2.146552276887383925e+02 -1.004170535554610950e+02
-2.148627047102336007e+02 -1.003826027171099469e+02
-2.150701816612273660e+02 -1.003481518787588413e+02
-2.152776586827226595e+02 -1.003137010404076932e+02
-2.154851357042178677e+02 -1.002792501315550879e+02
-2.156926126552116330e+02 -1.002447992932039398e+02
-2.159000896767068411e+02 -1.002103484548528343e+02
-2.161075666277006064e+02 -1.001758976165016861e+02
-2.163150436491958715e+02 -1.001414467781505664e+02
-2.165225206706910797e+02 -1.001069959397994324e+02
-2.167299976216848449e+02 -1.000725451014483127e+02
-2.169374746431800531e+02 -1.000380941925956790e+02
-2.171449516646753182e+02 -1.000036433542445593e+02
-2.173524286156690835e+02 -9.996919251589342537e+01
-2.175599056371642916e+02 -9.993474167754230564e+01
-2.177673825881580854e+02 -9.990029083919117170e+01
-2.179748596096533504e+02 -9.986584000084005197e+01
-2.181823366311485586e+02 -9.983138916248893224e+01
-2.183898135821423239e+02 -9.979693832413778409e+01
-2.185972906036375321e+02 -9.976248741528516462e+01
-2.188047675546312973e+02 -9.972803657693403068e+01
-2.190122445761265624e+02 -9.969358573858291095e+01
-2.192197215976217706e+02 -9.965913490023177701e+01
-2.194271985486155359e+02 -9.962468406188067149e+01
-2.196346755701107440e+02 -9.959023322352952334e+01
-2.198421525211045378e+02 -9.955578238517840362e+01
-2.200496295425998028e+02 -9.952133147632576993e+01
-2.202571065640950110e+02 -9.948688063797465020e+01
-2.204645835150887763e+02 -9.945242979962351626e+01
-2.206720605365840413e+02 -9.941797896127238232e+01
-2.208795374875777497e+02 -9.938352812292126259e+01
-2.210870145090730148e+02 -9.934907728457014287e+01
-2.212944915305682230e+02 -9.931462644621900893e+01
-2.215019684815619883e+02 -9.928017553736637524e+01
-2.217094455030572817e+02 -9.924572469901525551e+01
-2.219169224540509617e+02 -9.921127386066412157e+01
-2.221243994755462552e+02 -9.917682302231300184e+01
-2.223318764970414634e+02 -9.914237218396185369e+01
-2.225393534480352287e+02 -9.910792134561074818e+01
-2.227468304695304937e+02 -9.907347050725960003e+01
-2.229543074910257019e+02 -9.903901966890849451e+01
-2.231617844420194672e+02 -9.900456876005584661e+01
-2.233692614635147322e+02 -9.897011792170474109e+01
-2.235767384145084407e+02 -9.893566708335359294e+01
-2.237842154360037057e+02 -9.890121624500248743e+01
-2.239916924574989139e+02 -9.886676540665135349e+01
-2.241987977246022865e+02 -9.883028250366186285e+01
-2.244050363168070987e+02 -9.878906112458005850e+01
-2.246112749795134391e+02 -9.874783974549823995e+01
-2.248175135717182798e+02 -9.870661836641643561e+01
-2.250237521639231204e+02 -9.866539698733461705e+01
-2.252299907561279610e+02 -9.862417560825279850e+01
-2.254362293483328017e+02 -9.858295422917099415e+01
-2.256424679405376139e+02 -9.854173285008917560e+01
-2.258487066032439543e+02 -9.850051147100735704e+01
-2.260549451954487949e+02 -9.845929009192555270e+01
-2.262611837876536356e+02 -9.841806871284373415e+01
-2.264674223798584762e+02 -9.837684733376192980e+01
-2.266736609720633169e+02 -9.833562595468011125e+01
-2.268798995642681575e+02 -9.829440457559829269e+01
-2.270861382269744979e+02 -9.825318319651648835e+01
-2.272923768191793101e+02 -9.821196181743466980e+01
-2.274986154113841508e+02 -9.817074043835286545e+01
-2.277048540035889914e+02 -9.812951905927104690e+01
-2.279110925957938321e+02 -9.808829768018922834e+01
-2.281173311879986727e+02 -9.804707630110742400e+01
-2.283235698507049278e+02 -9.800585485152410570e+01
-2.285298084429097685e+02 -9.796463347244228714e+01
-2.287360470351146091e+02 -9.792341209336048280e+01
-2.289422856273194498e+02 -9.788219071427866425e+01
-2.291485242195242904e+02 -9.784096933519684569e+01
-2.293547628117291310e+02 -9.779974795611504135e+01
-2.295610014039339717e+02 -9.775852657703322279e+01
-2.297672400666402837e+02 -9.771730519795141845e+01
-2.299734786588451243e+02 -9.767608381886959990e+01
-2.301797172510499649e+02 -9.763486243978778134e+01
-2.303859558432548056e+02 -9.759364106070597700e+01
-2.305921944354596462e+02 -9.755241968162415844e+01
-2.307984330276644869e+02 -9.751119830254233989e+01
-2.310046716903708273e+02 -9.746997692346053555e+01
-2.312109102825756395e+02 -9.742875554437871699e+01
-2.314171488747804801e+02 -9.738753416529691265e+01
-2.316233874669853208e+02 -9.734631278621509409e+01
-2.318296260591901614e+02 -9.730509140713327554e+01
-2.320358646513950021e+02 -9.726387002805147119e+01
-2.322421033141013424e+02 -9.722264864896965264e+01
-2.324483419063061831e+02 -9.718142726988784830e+01
-2.326545804985109953e+02 -9.714020589080602974e+01
-2.328608190907158360e+02 -9.709898451172421119e+01
-2.330670576829206766e+02 -9.705776313264240684e+01
-2.332732962751255172e+02 -9.701654168305908854e+01
-2.334795349378318576e+02 -9.697532030397726999e+01
-2.336857735300366983e+02 -9.693409892489546564e+01
-2.338920121222415389e+02 -9.689287754581364709e+01
-2.340982507144463511e+02 -9.685165616673182853e+01
-2.343044893066511918e+02 -9.681043478765002419e+01
-2.345107278988560324e+02 -9.676921340856820564e+01
-2.347169665615623160e+02 -9.672799202948640129e+01
-2.349232051537671566e+02 -9.668677065040458274e+01
-2.351294437459719688e+02 -9.664554927132276418e+01
-2.353340338016803628e+02 -9.659685656663342002e+01
-2.355384692476064572e+02 -9.654746307706723485e+01
-2.357429046935326369e+02 -9.649806965800254943e+01
-2.359473401394587313e+02 -9.644867616843636426e+01
-2.361517755853849110e+02 -9.639928267887016489e+01
-2.363562110313110622e+02 -9.634988925980547947e+01
-2.365606464067356853e+02 -9.630049577023928009e+01
-2.367650818526618366e+02 -9.625110228067310914e+01
-2.369695172985879594e+02 -9.620170886160839530e+01
-2.371739527445141107e+02 -9.615231537204221013e+01
-2.373783881904402904e+02 -9.610292188247602496e+01
-2.375828236363663848e+02 -9.605352846341131112e+01
-2.377872590822925645e+02 -9.600413497384514017e+01
-2.379914348712064509e+02 -9.595368833292177158e+01
-2.381954033152186980e+02 -9.590240053864170022e+01
-2.383993718297324733e+02 -9.585111281486311441e+01
-2.386033402737446636e+02 -9.579982509108455702e+01
-2.388073087177569107e+02 -9.574853729680447145e+01
-2.390112771617691863e+02 -9.569724957302591406e+01
-2.392152456057813765e+02 -9.564596177874582850e+01
-2.394192140497936236e+02 -9.559467405496727110e+01
-2.396231824938058139e+02 -9.554338633118868529e+01
-2.398271510083195892e+02 -9.549209853690862815e+01
-2.400311194523318363e+02 -9.544081081313004233e+01
-2.402350878963440266e+02 -9.538952301884998519e+01
-2.404390563403563021e+02 -9.533823529507139938e+01
-2.406430247843685493e+02 -9.528694757129282777e+01
-2.408435551523944014e+02 -9.522355579805939385e+01
-2.410440287667155133e+02 -9.515996415308292455e+01
-2.412445023810365399e+02 -9.509637250810644105e+01
-2.414449759953576518e+02 -9.503278079262848621e+01
-2.416454496096787068e+02 -9.496918914765201691e+01
-2.418459231534982905e+02 -9.490559750267554762e+01
-2.420463967678194024e+02 -9.484200585769906411e+01
-2.422468703821404574e+02 -9.477841414222109506e+01
-2.424473439964615409e+02 -9.471482249724461155e+01
-2.426478176107825959e+02 -9.465123085226814226e+01
-2.428482911546022081e+02 -9.458763913679015900e+01
-2.430487647689232347e+02 -9.452404749181368970e+01
-2.432492383832443466e+02 -9.446045584683722041e+01
-2.434497119975654584e+02 -9.439686420186075111e+01
-2.436448756506621862e+02 -9.431902822299367983e+01
-2.438380569426757916e+02 -9.423587452773769257e+01
-2.440312383051908682e+02 -9.415272083248169110e+01
-2.442244196677059165e+02 -9.406956713722570385e+01
-2.444176009597194934e+02 -9.398641344196970238e+01
-2.446107823222345985e+02 -9.390325974671371512e+01
-2.448039636142481754e+02 -9.382010605145772786e+01
-2.449971449767632237e+02 -9.373695235620172639e+01
-2.451903262687768006e+02 -9.365379866094573913e+01
-2.453835076312919057e+02 -9.357064496568975187e+01
-2.455766889938069824e+02 -9.348749127043376461e+01
-2.457698702858205309e+02 -9.340433757517777735e+01
-2.459630516483356075e+02 -9.332118387992177588e+01
-2.461562329403492129e+02 -9.323803025516727416e+01
-2.463494143028642895e+02 -9.315487655991128690e+01
-2.465403471611462010e+02 -9.306724954469193278e+01
-2.467223345780268460e+02 -9.296182597767253242e+01
-2.469043220654090476e+02 -9.285640241065313205e+01
-2.470863095527911923e+02 -9.275097884363371747e+01
-2.472682969696718374e+02 -9.264555527661431711e+01
-2.474502844570540390e+02 -9.254013170959491674e+01
-2.476322718739346840e+02 -9.243470814257553059e+01
-2.478142593613168287e+02 -9.232928457555611601e+01
-2.479962468486989451e+02 -9.222386100853671564e+01
-2.481782342655796469e+02 -9.211843744151730107e+01
-2.483602217529617917e+02 -9.201301387449791491e+01
-2.485422092403439365e+02 -9.190759030747850034e+01
-2.487241966572246383e+02 -9.180216674045911418e+01
-2.489061841446067831e+02 -9.169674317343968539e+01
-2.490881715614874281e+02 -9.159131960642029924e+01
-2.492701590488695444e+02 -9.148589603940089887e+01
-2.494521465362517745e+02 -9.138047247238149851e+01
-2.496341339531323911e+02 -9.127504890536209814e+01
-2.498071001395028929e+02 -9.115599260493564771e+01
-2.499752773002078641e+02 -9.102969925537510676e+01
-2.501434543904114207e+02 -9.090340590581456581e+01
-2.503116315511164203e+02 -9.077711255625399644e+01
-2.504798087118214482e+02 -9.065081913619195575e+01
-2.506479858725265046e+02 -9.052452578663141480e+01
-2.508161630332315042e+02 -9.039823243707085965e+01
-2.509843401234350324e+02 -9.027193908751030449e+01
-2.511525172841400320e+02 -9.014564573794973512e+01
-2.513206944448450884e+02 -9.001935238838919418e+01
-2.514888716055501447e+02 -8.989305903882865323e+01
-2.516570486957536161e+02 -8.976676568926809807e+01
-2.518252258564586725e+02 -8.964047226920604317e+01
-2.519934030171636721e+02 -8.951417891964550222e+01
-2.521615801778687000e+02 -8.938788557008494706e+01
-2.523297572680722567e+02 -8.926159222052439191e+01
-2.524979344287772562e+02 -8.913529887096385096e+01
-2.526661115894823126e+02 -8.900900552140331001e+01
-2.528342887501872838e+02 -8.888271217184274064e+01
-2.530024658403908404e+02 -8.875641882228218549e+01
-2.531677267771878235e+02 -8.862664643536574260e+01
-2.533214491570346922e+02 -8.848310905423450379e+01
-2.534751715368815894e+02 -8.833957160260176522e+01
-2.536288939872299579e+02 -8.819603422147052640e+01
-2.537826163670768835e+02 -8.805249684033928759e+01
-2.539363387469237239e+02 -8.790895938870656323e+01
-2.540900611267706495e+02 -8.776542200757533863e+01
-2.542437835771189896e+02 -8.762188455594260006e+01
-2.543975059569658583e+02 -8.747834717481136124e+01
-2.545512283368127555e+02 -8.733480979368012243e+01
-2.547049507871611240e+02 -8.719127234204741228e+01
-2.548586731670080496e+02 -8.704773496091617346e+01
-2.550123955468548900e+02 -8.690419750928343490e+01
-2.551661179267018156e+02 -8.676066012815219608e+01
-2.553198403770501557e+02 -8.661712274702097147e+01
-2.554735627568970244e+02 -8.647358529538824712e+01
-2.556272851367439500e+02 -8.633004791425700830e+01
-2.557810075165907904e+02 -8.618651046262426973e+01
-2.559347299669392157e+02 -8.604297308149304513e+01
-2.560884523467860845e+02 -8.589943570036180631e+01
-2.562421747266329248e+02 -8.575589824872908196e+01
-2.563958971769813502e+02 -8.561236086759782893e+01
-2.565496195568281905e+02 -8.546882341596509036e+01
-2.567033419366750877e+02 -8.532528603483386576e+01
-2.568570643165219280e+02 -8.518174865370264115e+01
-2.569987840985676826e+02 -8.502646403119115348e+01
-2.571389823173124114e+02 -8.486969020556564658e+01
-2.572791805360571402e+02 -8.471291637994013968e+01
-2.574193787548018122e+02 -8.455614262481611831e+01
-2.575595770440480692e+02 -8.439936879919059720e+01
-2.576997752627927412e+02 -8.424259504406657584e+01
-2.578399734815374700e+02 -8.408582121844105473e+01
-2.579801717002821988e+02 -8.392904746331703336e+01
-2.581203699190268708e+02 -8.377227363769151225e+01
-2.582605681377715996e+02 -8.361549988256749089e+01
-2.584007663565163284e+02 -8.345872605694198398e+01
-2.585409645752610004e+02 -8.330195230181794841e+01
-2.586811627940057292e+02 -8.314517847619244151e+01
-2.588213610127504012e+02 -8.298840472106842014e+01
-2.589615592314951300e+02 -8.283163089544291324e+01
-2.591017574502398588e+02 -8.267485714031889188e+01
-2.592419557394860590e+02 -8.251808331469337077e+01
-2.593821539582307878e+02 -8.236130955956934940e+01
-2.595223521769755166e+02 -8.220453573394382829e+01
-2.596625503957201886e+02 -8.204776197881980693e+01
-2.598027486144649174e+02 -8.189098815319428581e+01
-2.599429468332095894e+02 -8.173421439807026445e+01
-2.600831450519543182e+02 -8.157744057244475755e+01
-2.602233432706990470e+02 -8.142066681732073619e+01
-2.603635414894437190e+02 -8.126389299169522928e+01
-2.605037397081884478e+02 -8.110711923657119371e+01
-2.606439379269331766e+02 -8.095034541094568681e+01
-2.607841361456778486e+02 -8.079357165582166544e+01
-2.609243344349241056e+02 -8.063679783019614433e+01
-2.610559195563227490e+02 -8.047287007670107073e+01
-2.611843022882384844e+02 -8.030628251324134226e+01
-2.613126850906556911e+02 -8.013969487928011404e+01
-2.614410678225714264e+02 -7.997310731582038557e+01
-2.615694506249885762e+02 -7.980651968185915734e+01
-2.616978334274057829e+02 -7.963993211839942887e+01
-2.618262161593215183e+02 -7.947334448443821486e+01
-2.619545989617387249e+02 -7.930675692097848639e+01
-2.620829816936544034e+02 -7.914016928701727238e+01
-2.622113644960716101e+02 -7.897358172355754391e+01
-2.623397472984888168e+02 -7.880699408959631569e+01
-2.624681300304044953e+02 -7.864040652613658722e+01
-2.625965128328217020e+02 -7.847381889217534479e+01
-2.627248955647373805e+02 -7.830723132871561631e+01
-2.628532783671545872e+02 -7.814064376525588784e+01
-2.629816611695717938e+02 -7.797405613129465962e+01
-2.631100439014874723e+02 -7.780746856783493115e+01
-2.632384267039046790e+02 -7.764088093387371714e+01
-2.633668094358204144e+02 -7.747429337041398867e+01
-2.634951922382376210e+02 -7.730770573645277466e+01
-2.636235750406547709e+02 -7.714111817299304619e+01
-2.637519577725705062e+02 -7.697453053903181797e+01
-2.638803405749877129e+02 -7.680794297557208949e+01
-2.640087233069033914e+02 -7.664135534161084706e+01
-2.641371061093205981e+02 -7.647476777815111859e+01
-2.642654888412362766e+02 -7.630818014418990458e+01
-2.643938716436534833e+02 -7.614159258073017611e+01
-2.645222544460706899e+02 -7.597500494676894789e+01
-2.646506371779863684e+02 -7.580841738330921942e+01
-2.647790199804035751e+02 -7.564182974934800541e+01
-2.649074027123193105e+02 -7.547524218588827694e+01
-2.650357855147364603e+02 -7.530865462242854846e+01
-2.651641683171536670e+02 -7.514206698846732024e+01
-2.652925510490694023e+02 -7.497547942500759177e+01
-2.654209338514866090e+02 -7.480889179104634934e+01
-2.655418406751974203e+02 -7.463688322650510543e+01
-2.656602805810385348e+02 -7.446308575698746779e+01
-2.657787204868796493e+02 -7.428928828746984436e+01
-2.658971603927208207e+02 -7.411549088845370648e+01
-2.660156002985618784e+02 -7.394169341893609726e+01
-2.661340402044029929e+02 -7.376789594941845962e+01
-2.662524801102440506e+02 -7.359409855040233595e+01
-2.663709200160851651e+02 -7.342030108088469831e+01
-2.664893599219262796e+02 -7.324650361136707488e+01
-2.666077998277673373e+02 -7.307270621235095120e+01
-2.667262397336084518e+02 -7.289890874283331357e+01
-2.668446796394495664e+02 -7.272511127331569014e+01
-2.669631195452906240e+02 -7.255131380379806671e+01
-2.670815594511317386e+02 -7.237751640478194304e+01
-2.671999993569728531e+02 -7.220371893526430540e+01
-2.673184392628139108e+02 -7.202992146574666776e+01
-2.674368791686550253e+02 -7.185612406673054409e+01
-2.675553190744961398e+02 -7.168232659721292066e+01
-2.676737589803371975e+02 -7.150852912769529723e+01
-2.677921988861783120e+02 -7.133473172867915935e+01
-2.679106387920194265e+02 -7.116093425916153592e+01
-2.680290786978605411e+02 -7.098713678964391249e+01
-2.681475186037016556e+02 -7.081333939062778882e+01
-2.682659585095427701e+02 -7.063954192111015118e+01
-2.683843984153838278e+02 -7.046574445159251354e+01
-2.685028383212249423e+02 -7.029194698207490433e+01
-2.686212782270660568e+02 -7.011814958305876644e+01
-2.687397181329071145e+02 -6.994435211354114301e+01
-2.688581580387482290e+02 -6.977055464402350538e+01
-2.689765979445893436e+02 -6.959675724500736749e+01
-2.690950378504304012e+02 -6.942295977548975827e+01
-2.692134777562715158e+02 -6.924916230597212063e+01
-2.693319176621126303e+02 -6.907536490695599696e+01
-2.694503575679536880e+02 -6.890156743743835932e+01
-2.695687974737948025e+02 -6.872776996792075010e+01
-2.696872373796358602e+02 -6.855397249840311247e+01
-2.698056772854769747e+02 -6.838017509938698879e+01
-2.699241171913180892e+02 -6.820637762986935115e+01
-2.700425570971591469e+02 -6.803258016035172773e+01
-2.701609970030003183e+02 -6.785878276133560405e+01
-2.702794369088414328e+02 -6.768498529181796641e+01
-2.703978768146824905e+02 -6.751118782230034299e+01
