-1.197510188665449249e+02 -1.093954737943537907e+02
-1.195427840949634799e+02 -1.090839015245377936e+02
-1.193312729778291015e+02 -1.087744947786933523e+02
-1.191154173469657849e+02 -1.084681867851318060e+02
-1.188917360499726641e+02 -1.081674606770671829e+02
-1.186680548234810431e+02 -1.078667344985010743e+02
-1.184443735264879223e+02 -1.075660083904364370e+02
-1.182092808572446501e+02 -1.072742011447088686e+02
-1.179714949603273197e+02 -1.069844989326686857e+02
-1.177337090634099752e+02 -1.066947967206285313e+02
-1.174959230959912020e+02 -1.064050945085883768e+02
-1.172540074329037481e+02 -1.061189851938212314e+02
-1.169999959690365614e+02 -1.058433990734492198e+02
-1.167459845756708177e+02 -1.055678129530772225e+02
-1.164919731118036168e+02 -1.052922268327052393e+02
-1.162379616479364302e+02 -1.050166407123332419e+02
-1.159839502545707575e+02 -1.047410545919612446e+02
-1.157129723235252072e+02 -1.044822345030125490e+02
-1.154404246766564768e+02 -1.042249655879934522e+02
-1.151678769592862466e+02 -1.039676967434758552e+02
-1.148953293124174593e+02 -1.037104278284567869e+02
-1.146227815950472291e+02 -1.034531589839391899e+02
-1.143502339481784986e+02 -1.031958900689201073e+02
-1.140569100742546453e+02 -1.029625946943313153e+02
-1.137635057581231450e+02 -1.027293921702136572e+02
-1.134701013714901450e+02 -1.024961896460959991e+02
-1.131766970553586447e+02 -1.022629871219783126e+02
-1.128832927392270733e+02 -1.020297845978606404e+02
-1.125898884230955730e+02 -1.017965820737429823e+02
-1.122811090700699879e+02 -1.015849458869534914e+02
-1.119649885371996731e+02 -1.013836070077638709e+02
-1.116488680748308155e+02 -1.011822680580727223e+02
-1.113327476124620148e+02 -1.009809291788830876e+02
-1.110166270795917143e+02 -1.007795902996934529e+02
-1.107005066172229135e+02 -1.005782513500023043e+02
-1.103820507222755367e+02 -1.003811570134193687e+02
-1.100427822920023999e+02 -1.002218884923343722e+02
-1.097035138617291921e+02 -1.000626199712493758e+02
-1.093642454314560410e+02 -9.990335145016439355e+01
-1.090249770011828332e+02 -9.974408299958088264e+01
-1.086857086414111251e+02 -9.958481447849588619e+01
-1.083464402111379883e+02 -9.942554595741088974e+01
-1.079997957732807805e+02 -9.928579612818496969e+01
-1.076399855334288986e+02 -9.918088602356577610e+01
-1.072801752935770310e+02 -9.907597591894658251e+01
-1.069203651242267199e+02 -9.897106588482888867e+01
-1.065605548843748522e+02 -9.886615578020968087e+01
-1.062007446445229846e+02 -9.876124567559050149e+01
-1.058409344751726735e+02 -9.865633564147279344e+01
-1.054753687046375887e+02 -9.857958298860347668e+01
-1.051032512300175199e+02 -9.853488257216575619e+01
-1.047311338258988940e+02 -9.849018222622953544e+01
-1.043590163512788251e+02 -9.844548180979181495e+01
-1.039868988766587705e+02 -9.840078146385559421e+01
-1.036147814725401304e+02 -9.835608104741787372e+01
-1.032426639979200758e+02 -9.831138070148165298e+01
-1.028705465938014498e+02 -9.826668028504393249e+01
-1.024984291191813810e+02 -9.822197993910771174e+01
-1.021263116445612553e+02 -9.817727952266999125e+01
-1.017541942404426862e+02 -9.813257917673377051e+01
-1.013820767658226174e+02 -9.808787876029605002e+01
-1.010099593617039915e+02 -9.804317841435982928e+01
-1.006381258671124357e+02 -9.799636570258053325e+01
-1.002674144743418481e+02 -9.794120589560213830e+01
-9.989670315207276019e+01 -9.788604608862375756e+01
-9.952599175930210151e+01 -9.783088621114389127e+01
-9.915528043703301364e+01 -9.777572640416549632e+01
-9.878456904426242602e+01 -9.772056652668561583e+01
-9.841385772199326709e+01 -9.766540671970722087e+01
-9.804314632922267947e+01 -9.761024684222735459e+01
-9.767243500695352054e+01 -9.755508703524897385e+01
-9.730172361418293292e+01 -9.749992722827057889e+01
-9.693101229191384505e+01 -9.744476735079069840e+01
-9.656030089914318637e+01 -9.738960754381230345e+01
-9.618958957687409850e+01 -9.733444766633243717e+01
-9.581887825460501062e+01 -9.727928785935404221e+01
-9.544816686183435195e+01 -9.722412805237564726e+01
-9.507745553956526408e+01 -9.716896817489579519e+01
-9.470674414679460540e+01 -9.711380836791740023e+01
-9.433618503725682558e+01 -9.705767768482844815e+01
-9.396638586335153320e+01 -9.699670157487673805e+01
-9.359658668944631188e+01 -9.693572539442351399e+01
-9.322678751554101950e+01 -9.687474928447180389e+01
-9.285698834163572712e+01 -9.681377310401859404e+01
-9.248718916773043475e+01 -9.675279699406688394e+01
-9.211738999382521342e+01 -9.669182081361365988e+01
-9.174759081991992105e+01 -9.663084470366194978e+01
-9.137779164601462867e+01 -9.656986852320872572e+01
-9.100799247210940734e+01 -9.650889241325701562e+01
-9.063819329820411497e+01 -9.644791630330530552e+01
-9.026839412429882259e+01 -9.638694012285208146e+01
-8.989859502089510102e+01 -9.632596401290037136e+01
-8.952879584698980864e+01 -9.626498783244716151e+01
-8.915899667308451626e+01 -9.620401172249545141e+01
-8.878919749917922388e+01 -9.614303554204222735e+01
-8.841939832527400256e+01 -9.608205943209051725e+01
-8.804959915136871018e+01 -9.602108325163730740e+01
-8.767979997746341780e+01 -9.596010714168558309e+01
-8.731000080355819648e+01 -9.589913096123238745e+01
-8.694049696042245046e+01 -9.583641959794326226e+01
-8.657135048937331590e+01 -9.577160947559993076e+01
-8.620220394782266737e+01 -9.570679935325661347e+01
-8.583305740627201885e+01 -9.564198923091328197e+01
-8.546391086472138454e+01 -9.557717910856996468e+01
-8.509476432317067918e+01 -9.551236898622663318e+01
-8.472561778162003066e+01 -9.544755879338180193e+01
-8.435647124006938213e+01 -9.538274867103847043e+01
-8.398732469851874782e+01 -9.531793854869513893e+01
-8.361817815696809930e+01 -9.525312842635182164e+01
-8.324903161541745078e+01 -9.518831830400849014e+01
-8.287988507386681647e+01 -9.512350818166517286e+01
-8.251073860281766770e+01 -9.505869798882034161e+01
-8.214159206126703339e+01 -9.499388786647701011e+01
-8.177244551971638487e+01 -9.492907774413367861e+01
-8.140329897816573634e+01 -9.486426762179036132e+01
-8.103415243661510203e+01 -9.479945749944702982e+01
-8.066500589506445351e+01 -9.473464737710371253e+01
-8.029585935351381920e+01 -9.466983718425888128e+01
-7.992671281196317068e+01 -9.460502706191554978e+01
-7.955756627041252216e+01 -9.454021693957221828e+01
-7.918849925455012340e+01 -9.447496413833133033e+01
-7.881986779693409062e+01 -9.440728566259620891e+01
-7.845123640981955759e+01 -9.433960711635958774e+01
-7.808260495220352482e+01 -9.427192864062446631e+01
-7.771397349458754888e+01 -9.420425016488934489e+01
-7.734534203697150190e+01 -9.413657168915420925e+01
-7.697671064985696887e+01 -9.406889314291758808e+01
-7.660807919224099294e+01 -9.400121466718246666e+01
-7.623944773462496016e+01 -9.393353619144733102e+01
-7.587081627700892739e+01 -9.386585764521072406e+01
-7.550218488989445120e+01 -9.379817916947558842e+01
-7.513355343227841843e+01 -9.373050069374046700e+01
-7.476492197466238565e+01 -9.366282214750384583e+01
-7.439629051704640972e+01 -9.359514367176871019e+01
-7.402765912993187669e+01 -9.352746519603360298e+01
-7.365902767231584392e+01 -9.345978672029846734e+01
-7.329039621469986798e+01 -9.339210817406184617e+01
-7.292176475708382100e+01 -9.332442969832672475e+01
-7.255313336996928797e+01 -9.325675122259158911e+01
-7.218450191235331204e+01 -9.318907267635498215e+01
-7.181587045473727926e+01 -9.312139420061984652e+01
-7.144723899712124648e+01 -9.305371572488472509e+01
-7.107877462805235780e+01 -9.298514385418386041e+01
-7.071059536703594972e+01 -9.291504724761463763e+01
-7.034241603551805611e+01 -9.284495064104540063e+01
-6.997423677450159119e+01 -9.277485410497769180e+01
-6.960605751348519732e+01 -9.270475749840845481e+01
-6.923787818196728949e+01 -9.263466089183923202e+01
-6.886969892095089563e+01 -9.256456428527000924e+01
-6.850151965993450176e+01 -9.249446767870080066e+01
-6.813334032841659393e+01 -9.242437107213156366e+01
-6.776516106740020007e+01 -9.235427446556234088e+01
-6.739698180638373515e+01 -9.228417792949461784e+01
-6.702880247486584153e+01 -9.221408132292539506e+01
-6.666062321384944767e+01 -9.214398471635615806e+01
-6.629244395283303959e+01 -9.207388810978693527e+01
-6.592426469181664572e+01 -9.200379150321772670e+01
-6.555608536029875211e+01 -9.193369489664848970e+01
-6.518790609928234403e+01 -9.186359829007926692e+01
-6.481972683826589332e+01 -9.179350175401154388e+01
-6.445154750674798549e+01 -9.172340514744232109e+01
-6.408336824573159163e+01 -9.165330854087308410e+01
-6.371518898471519776e+01 -9.158321193430387552e+01
-6.334709841458161605e+01 -9.151265720900931910e+01
-6.297937156166930350e+01 -9.144022446484662225e+01
-6.261164477925849070e+01 -9.136779179118541094e+01
-6.224391792634617815e+01 -9.129535904702272830e+01
-6.187619114393530140e+01 -9.122292630286001724e+01
-6.150846429102304569e+01 -9.115049355869732040e+01
-6.114073743811066919e+01 -9.107806081453460934e+01
-6.077301065569992033e+01 -9.100562807037191249e+01
-6.040528380278754383e+01 -9.093319532620921564e+01
-6.003755702037679498e+01 -9.086076258204650458e+01
-5.966983016746441848e+01 -9.078832983788380773e+01
-5.930210338505366963e+01 -9.071589709372111088e+01
-5.893437653214129313e+01 -9.064346434955841403e+01
-5.856664967922903742e+01 -9.057103160539571718e+01
-5.819892289681816777e+01 -9.049859886123300612e+01
-5.783119604390591206e+01 -9.042616611707030927e+01
-5.746346926149503531e+01 -9.035373344340911217e+01
-5.709574240858278671e+01 -9.028130069924640111e+01
-5.672801562617190996e+01 -9.020886795508370426e+01
-5.636028877325966135e+01 -9.013643521092099320e+01
-5.599295799775563154e+01 -9.006202997588461301e+01
-5.562577160931669340e+01 -8.998690555508076727e+01
-5.525858522087788316e+01 -8.991178120477840707e+01
-5.489139883243894502e+01 -8.983665685447603266e+01
-5.452421244400012768e+01 -8.976153250417368668e+01
-5.415702605556118954e+01 -8.968640815387132648e+01
-5.378983966712225140e+01 -8.961128380356895207e+01
-5.342265327868344116e+01 -8.953615938276510633e+01
-5.305546681974300327e+01 -8.946103503246274613e+01
-5.268828043130419303e+01 -8.938591068216038593e+01
-5.232109404286525489e+01 -8.931078633185801152e+01
-5.195390765442643755e+01 -8.923566198155565132e+01
-5.158672126598749941e+01 -8.916053756075180559e+01
-5.121953487754868917e+01 -8.908541321044943118e+01
-5.085234848910975103e+01 -8.901028886014707098e+01
-5.048516210067094079e+01 -8.893516450984472499e+01
-5.011804113762093493e+01 -8.885972882493308589e+01
-4.975169068542798811e+01 -8.878062847222483356e+01
-4.938534023323503419e+01 -8.870152819001806677e+01
-4.901898978104208737e+01 -8.862242783730981444e+01
-4.865263932884913345e+01 -8.854332755510306185e+01
-4.828628887665630742e+01 -8.846422720239480952e+01
-4.791993842446336060e+01 -8.838512692018804273e+01
-4.755358797227040668e+01 -8.830602656747979040e+01
-4.718723752007745986e+01 -8.822692628527302361e+01
-4.682088706788450594e+01 -8.814782593256477128e+01
-4.645453661569155912e+01 -8.806872565035800449e+01
-4.608818616349873309e+01 -8.798962529764975216e+01
-4.572183571130578628e+01 -8.791052501544299957e+01
-4.535615650386251474e+01 -8.782848898041362418e+01
-4.499183515524513410e+01 -8.774051467482169642e+01
-4.462751380662776057e+01 -8.765254043973126841e+01
-4.426319245801025914e+01 -8.756456613413935486e+01
-4.389887110939288561e+01 -8.747659182854741289e+01
-4.353454976077539129e+01 -8.738861759345698488e+01
-4.317022841215801066e+01 -8.730064328786504291e+01
-4.280590706354051633e+01 -8.721266898227311515e+01
-4.243684082319464324e+01 -8.715154820325025753e+01
-4.206443182488585109e+01 -8.710934600734684352e+01
-4.169202275607556629e+01 -8.706714374094192976e+01
-4.131961375776677414e+01 -8.702494147453701601e+01
-4.094720468895648935e+01 -8.698273927863361621e+01
-4.057479569064769720e+01 -8.694053701222871666e+01
-4.020238662183728451e+01 -8.689833481632530265e+01
-3.982997762352849946e+01 -8.685613254992040311e+01
-3.945756855471820757e+01 -8.681393028351548935e+01
-3.908515955640942252e+01 -8.677172808761207534e+01
-3.871275048759913062e+01 -8.672952582120716158e+01
-3.834034148929034558e+01 -8.668732355480224783e+01
-3.796793242048005368e+01 -8.664512135889884803e+01
-3.759552342217126863e+01 -8.660291909249394848e+01
-3.722311435336097674e+01 -8.656071689659053447e+01
-3.685070535505219169e+01 -8.651851463018563493e+01
-3.647829628624189979e+01 -8.647631236378072117e+01
-3.610588728793311475e+01 -8.643411016787730716e+01
-3.573347821912282285e+01 -8.639190790147239341e+01
-3.536106922081403781e+01 -8.634970563506747965e+01
-3.498866015200361801e+01 -8.630750343916406564e+01
-3.461625115369483296e+01 -8.626530117275918030e+01
-3.424384208488454107e+01 -8.622309890635428076e+01
-3.387143308657575602e+01 -8.618089671045086675e+01
-3.349902401776546412e+01 -8.613869444404595299e+01
-3.312661501945667908e+01 -8.609649224814253898e+01
-3.275420595064638718e+01 -8.605428998173762523e+01
-3.238179695233760214e+01 -8.601208771533271147e+01
-3.200938788352731024e+01 -8.596988551942929746e+01
-3.163697888521852519e+01 -8.592768325302441212e+01
-3.126456981640823329e+01 -8.588548098661951258e+01
-3.089216081809944825e+01 -8.584327879071609857e+01
-3.051942920494190403e+01 -8.580427052411606326e+01
-3.014610178363597015e+01 -8.577116238676892124e+01
-2.977277436233016061e+01 -8.573805417892027947e+01
-2.939944694102435108e+01 -8.570494604157312324e+01
-2.902611951971841719e+01 -8.567183783372448147e+01
-2.865279209841260766e+01 -8.563872962587582549e+01
-2.827946467710679812e+01 -8.560562148852866926e+01
-2.790613725580098858e+01 -8.557251328068002749e+01
-2.753280983449505470e+01 -8.553940514333287126e+01
-2.715948241318924516e+01 -8.550629693548422949e+01
-2.678615499188343563e+01 -8.547318872763557351e+01
-2.641282757057750175e+01 -8.544008059028843149e+01
-2.603950014927169221e+01 -8.540697238243978973e+01
-2.566617272796588267e+01 -8.537386424509263350e+01
-2.529284530665994879e+01 -8.534075603724399173e+01
-2.491951788535413925e+01 -8.530764782939533575e+01
-2.454619039354682997e+01 -8.527453969204817952e+01
-2.417286297224089608e+01 -8.524143148419953775e+01
-2.379953555093508655e+01 -8.520832334685238152e+01
-2.342620812962927701e+01 -8.517521513900373975e+01
-2.305288070832334313e+01 -8.514210700165658352e+01
-2.267955328701753359e+01 -8.510899879380792754e+01
-2.230622586571172405e+01 -8.507589058595928577e+01
-2.193289844440591452e+01 -8.504278244861214375e+01
-2.155957102309998064e+01 -8.500967424076350198e+01
-2.118624360179417110e+01 -8.497656610341634575e+01
-2.081291618048836156e+01 -8.494345789556768977e+01
-2.043958875918242768e+01 -8.491034968771904801e+01
-2.006626133787661814e+01 -8.487724155037189178e+01
-1.969293391657080861e+01 -8.484413334252325001e+01
-1.931960649526487472e+01 -8.481102520517609378e+01
-1.894627907395906519e+01 -8.477791699732743780e+01
-1.857295165265325565e+01 -8.474480885998028157e+01
-1.819962423134732177e+01 -8.471170065213165401e+01
-1.782629681004151223e+01 -8.467859244428301224e+01
-1.745241665700183020e+01 -8.465257901354819126e+01
-1.707846593196391183e+01 -8.462747152704552889e+01
-1.670451527742761755e+01 -8.460236397004136677e+01
-1.633056455238969562e+01 -8.457725641303720465e+01
-1.595661382735189804e+01 -8.455214885603305675e+01
-1.558266317281547941e+01 -8.452704129902889463e+01
-1.520871244777768361e+01 -8.450193374202474672e+01
-1.483476172273976346e+01 -8.447682618502058460e+01
-1.446081099770196765e+01 -8.445171862801640827e+01
-1.408686034316554903e+01 -8.442661107101226037e+01
-1.371290961812775322e+01 -8.440150351400809825e+01
-1.333895889308983129e+01 -8.437639595700393613e+01
-1.296500823855353879e+01 -8.435128839999977401e+01
-1.259105751351561686e+01 -8.432618084299561190e+01
-1.221710678847782106e+01 -8.430107335649296374e+01
-1.184315613394140243e+01 -8.427596579948880162e+01
-1.146920540890360662e+01 -8.425085824248465372e+01
-1.109525468386568647e+01 -8.422575068548047739e+01
-1.072130402932926785e+01 -8.420064312847632948e+01
-1.034735330429147204e+01 -8.417553557147215315e+01
-9.973402579253550115e+00 -8.415042801446799103e+01
-9.599451924717257612e+00 -8.412532045746384313e+01
-9.225501199679335684e+00 -8.410021290045968101e+01
-8.851550474641539878e+00 -8.407510534345551889e+01
-8.477599749603619728e+00 -8.404999778645137098e+01
-8.103649095067325447e+00 -8.402489022944720887e+01
-7.729698370029406185e+00 -8.399978274294454650e+01
-7.355747644991610379e+00 -8.397467518594037017e+01
-6.981796990455191754e+00 -8.394956762893622226e+01
-6.607846265417395948e+00 -8.392446007193206015e+01
-6.233895540379474909e+00 -8.389935251492789803e+01
-5.859944885843181517e+00 -8.387424495792375012e+01
-5.485994160805260478e+00 -8.384913740091958800e+01
-5.112043435767464672e+00 -8.382402984391544010e+01
-4.738092781231046047e+00 -8.379892228691127798e+01
-4.364142056193125008e+00 -8.377381472990710165e+01
-3.990054205744366644e+00 -8.375109139251716783e+01
-3.615691046951022614e+00 -8.373315433123424611e+01
-3.241327888157678139e+00 -8.371521734045285257e+01
-2.866964729364208431e+00 -8.369728034967145902e+01
-2.492601500069486775e+00 -8.367934335889006547e+01
-2.118238341276017511e+00 -8.366140636810865772e+01
-1.743875182482673036e+00 -8.364346937732724996e+01
-1.369512023689328784e+00 -8.362553238654585641e+01
-9.951488648959845307e-01 -8.360759539576446286e+01
-6.207857061026402778e-01 -8.358965840498306932e+01
-2.464225473092958862e-01 -8.357172141420166156e+01
1.279406114840484221e-01 -8.355378435291875405e+01
5.023038407788952275e-01 -8.353584736213736051e+01
8.766669995722395914e-01 -8.351791037135596696e+01
1.251030158365584066e+00 -8.349997338057457341e+01
1.625393317158928319e+00 -8.348203638979316565e+01
1.999756475952272572e+00 -8.346409939901175790e+01
2.374119634745616825e+00 -8.344616240823036435e+01
2.748482793538961300e+00 -8.342822541744895659e+01
3.122845952332305774e+00 -8.341028842666757726e+01
3.497209181627152663e+00 -8.339235136538466975e+01
3.871572340420496694e+00 -8.337441437460327620e+01
4.245935499213840281e+00 -8.335647738382186844e+01
4.620298658007184756e+00 -8.333854039304047490e+01
4.994661816800529230e+00 -8.332060340225906714e+01
5.369024975593873705e+00 -8.330266641147767359e+01
5.743388134387218180e+00 -8.328472942069628004e+01
6.117751363682065069e+00 -8.326679242991487229e+01
6.492114522475409544e+00 -8.324885543913347874e+01
6.866477681268753130e+00 -8.323091844835207098e+01
7.240840840062097605e+00 -8.321298138706916347e+01
7.615203998855442080e+00 -8.319504439628778414e+01
7.989567157648786555e+00 -8.317710740550639059e+01
8.363930316442131030e+00 -8.315917041472498283e+01
8.738293475235476393e+00 -8.314123342394357508e+01
9.112656704530323282e+00 -8.312329643316216732e+01
9.487019863323666868e+00 -8.310535944238077377e+01
9.861383022117012231e+00 -8.308742245159939444e+01
1.023574618091035582e+01 -8.306948546081798668e+01
1.061032197221770090e+01 -8.305697701477825490e+01
1.098494119244695177e+01 -8.304557614725112558e+01
1.135956034217470112e+01 -8.303417520922251072e+01
1.173417956240382765e+01 -8.302277434169539561e+01
1.210879871213157699e+01 -8.301137340366676654e+01
1.248341793236082964e+01 -8.299997253613963721e+01
1.285803715259008051e+01 -8.298857159811102235e+01
1.323265630231782986e+01 -8.297717073058390724e+01
1.360727552254708250e+01 -8.296576979255527817e+01
1.398189467227483185e+01 -8.295436892502814885e+01
1.435651389250395837e+01 -8.294296798699953399e+01
1.473113304223170772e+01 -8.293156711947241888e+01
1.510575226246095859e+01 -8.292016618144378981e+01
1.548037141218870794e+01 -8.290876531391666049e+01
1.585499063241796058e+01 -8.289736437588804563e+01
1.622960985264721145e+01 -8.288596350836091631e+01
1.660422900237496080e+01 -8.287456257033230145e+01
1.697884822260421345e+01 -8.286316170280517213e+01
1.735346737233183489e+01 -8.285176076477655727e+01
1.772808659256108754e+01 -8.284035989724942795e+01
1.810270574228883689e+01 -8.282895895922081309e+01
1.847732496251808954e+01 -8.281755809169368376e+01
1.885194411224583888e+01 -8.280615722416655444e+01
1.922656333247509153e+01 -8.279475628613793958e+01
1.960118255270434062e+01 -8.278335541861082447e+01
1.997580170243208997e+01 -8.277195448058219540e+01
2.035042092266121827e+01 -8.276055361305506608e+01
2.072504007238896762e+01 -8.274915267502645122e+01
2.109965929261822026e+01 -8.273775180749932190e+01
2.147427844234596961e+01 -8.272635086947070704e+01
2.184889766257521870e+01 -8.271495000194357772e+01
2.222351688280447135e+01 -8.270354906391496286e+01
2.259813603253222070e+01 -8.269214819638783354e+01
2.297275525276147334e+01 -8.268074725835921868e+01
2.334737440248909834e+01 -8.266934639083208936e+01
2.372199362271834744e+01 -8.265794545280346028e+01
2.409661277244609678e+01 -8.264654458527634517e+01
2.447123199267534943e+01 -8.263514364724773031e+01
2.484585114240309878e+01 -8.262374277972061520e+01
2.522047036263235142e+01 -8.261234184169197192e+01
2.559516057786873233e+01 -8.260411897013001692e+01
2.596991501996850360e+01 -8.259876875255113760e+01
2.634466946206839921e+01 -8.259341853497224406e+01
2.671942390416817048e+01 -8.258806824689186499e+01
2.709417834626806965e+01 -8.258271802931298566e+01
2.746893278836784091e+01 -8.257736781173412055e+01
2.784368723046773653e+01 -8.257201752365374148e+01
2.821844167256750779e+01 -8.256666730607486215e+01
2.859319611466740341e+01 -8.256131708849598283e+01
2.896795055676717823e+01 -8.255596687091710351e+01
2.934270499886707384e+01 -8.255061658283671022e+01
2.971745944096684511e+01 -8.254526636525783090e+01
3.009221388306674072e+01 -8.253991614767895157e+01
3.046696832516651199e+01 -8.253456585959857250e+01
3.084172276726641115e+01 -8.252921564201969318e+01
3.121647720936630677e+01 -8.252386542444081385e+01
3.159123165146607803e+01 -8.251851513636044899e+01
3.196598609356597365e+01 -8.251316491878155546e+01
3.234074053566574491e+01 -8.250781470120267613e+01
3.271549497776564408e+01 -8.250246448362379681e+01
3.309024941986541535e+01 -8.249711419554341774e+01
3.346500386196531451e+01 -8.249176397796452420e+01
3.383975830406508578e+01 -8.248641376038564488e+01
3.421451274616497784e+01 -8.248106347230528002e+01
3.458926718826474911e+01 -8.247571325472640069e+01
3.496402163036464827e+01 -8.247036303714750716e+01
3.533877607246441954e+01 -8.246501274906714229e+01
3.571353051456431871e+01 -8.245966253148826297e+01
3.608828495666408998e+01 -8.245431231390938365e+01
3.646303939876398204e+01 -8.244896202582899036e+01
3.683779384086375330e+01 -8.244361180825011104e+01
3.721254828296365247e+01 -8.243826159067123172e+01
3.758730272506342374e+01 -8.243291137309235239e+01
3.796205716716332290e+01 -8.242756108501197332e+01
3.833681167976459392e+01 -8.242221086743310821e+01
3.871156612186449308e+01 -8.241686064985422888e+01
3.908632056396426435e+01 -8.241151036177384981e+01
3.946107500606416352e+01 -8.240616014419495627e+01
3.983582944816393479e+01 -8.240080992661607695e+01
4.021058389026382685e+01 -8.239545963853569788e+01
4.058533833236359811e+01 -8.239010942095680434e+01
4.096009277446349728e+01 -8.238475920337793923e+01
4.133486857851676888e+01 -8.238260340861293685e+01
4.170966109142488421e+01 -8.238293483614876322e+01
4.208445353383137189e+01 -8.238326619318307564e+01
4.245924604673936642e+01 -8.238359755021738806e+01
4.283403848914597489e+01 -8.238392890725171469e+01
4.320883100205396232e+01 -8.238426026428604132e+01
4.358362351496207765e+01 -8.238459162132035374e+01
4.395841595736856533e+01 -8.238492297835469458e+01
4.433320847027655276e+01 -8.238525433538902121e+01
4.470800098318466809e+01 -8.238558576292483338e+01
4.508279342559115577e+01 -8.238591711995914579e+01
4.545758593849915030e+01 -8.238624847699348663e+01
4.583237838090575877e+01 -8.238657983402781326e+01
4.620717089381374620e+01 -8.238691119106212568e+01
4.658196340672186153e+01 -8.238724254809646652e+01
4.695675584912834921e+01 -8.238757390513077894e+01
4.733154836203634375e+01 -8.238790533266659111e+01
4.770634087494445197e+01 -8.238823668970091774e+01
4.808113331735093965e+01 -8.238856804673525858e+01
4.845592583025893418e+01 -8.238889940376957099e+01
4.883071827266554266e+01 -8.238923076080388341e+01
4.920551078557353009e+01 -8.238956211783822425e+01
4.958030329848164541e+01 -8.238989347487253667e+01
4.995509574088813309e+01 -8.239022483190684909e+01
5.032988825379612763e+01 -8.239055625944267547e+01
5.070468069620273610e+01 -8.239088761647701631e+01
5.107947320911072353e+01 -8.239121897351132873e+01
5.145426572201883886e+01 -8.239155033054565536e+01
5.182905816442532654e+01 -8.239188168757998199e+01
5.220385067733332107e+01 -8.239221304461429440e+01
5.257864319024142929e+01 -8.239254440164862103e+01
5.295343563264791698e+01 -8.239287575868294766e+01
5.332822814555591151e+01 -8.239320718621877404e+01
5.370302058796251998e+01 -8.239353854325308646e+01
5.407781310087050741e+01 -8.239386990028741309e+01
5.445260561377862274e+01 -8.239420125732173972e+01
5.482739805618511042e+01 -8.239453261435605214e+01
5.520219056909310495e+01 -8.239486397139037877e+01
5.557698308200121318e+01 -8.239519532842471961e+01
5.595177552440770086e+01 -8.239552675596053177e+01
5.632656803731569539e+01 -8.239585811299484419e+01
5.670136047972230386e+01 -8.239618947002917082e+01
5.707615299263029129e+01 -8.239652082706349745e+01
5.745094162795601989e+01 -8.239732940872873712e+01
5.782569035943459568e+01 -8.240306646801982993e+01
5.820043902041178541e+01 -8.240880352731089431e+01
5.857518775189035409e+01 -8.241454058660198712e+01
5.894993648336892278e+01 -8.242027764589305150e+01
5.932468521484761936e+01 -8.242601470518413009e+01
5.969943394632618805e+01 -8.243175176447522290e+01
6.007418267780476384e+01 -8.243748882376630149e+01
6.044893140928345332e+01 -8.244322595355887984e+01
6.082368007026052226e+01 -8.244896301284994422e+01
6.119842880173909805e+01 -8.245470007214102282e+01
6.157317753321766673e+01 -8.246043713143211562e+01
6.194792626469636332e+01 -8.246617419072319422e+01
6.232267499617493201e+01 -8.247191125001427281e+01
6.269742372765350069e+01 -8.247764830930535140e+01
6.307217238863069042e+01 -8.248338536859643000e+01
6.344692112010926621e+01 -8.248912242788750859e+01
6.382166985158783490e+01 -8.249485948717860140e+01
6.419641858306641780e+01 -8.250059654646965157e+01
6.457116731454510727e+01 -8.250633360576074438e+01
6.494591604602368307e+01 -8.251207066505182297e+01
6.532066477750224465e+01 -8.251780779484440131e+01
6.569541343847943438e+01 -8.252354485413549412e+01
6.607016216995801017e+01 -8.252928191342654429e+01
6.644491090143658596e+01 -8.253501897271763710e+01
6.681965963291527544e+01 -8.254075603200871569e+01
6.719440836439385123e+01 -8.254649309129979429e+01
6.756915709587241281e+01 -8.255223015059088709e+01
6.794390575684948885e+01 -8.255796720988195148e+01
6.831865448832817833e+01 -8.256370426917303007e+01
6.869340321980675412e+01 -8.256944132846412288e+01
6.906815195128531570e+01 -8.257517838775520147e+01
6.944290068276401939e+01 -8.258091544704626585e+01
6.981764941424258097e+01 -8.258665250633735866e+01
7.019239814572115677e+01 -8.259238963612992279e+01
7.056714680669834650e+01 -8.259812669542101560e+01
7.094189553817692229e+01 -8.260386375471209419e+01
7.131664426965548387e+01 -8.260960081400315858e+01
7.169139300113405966e+01 -8.261533787329425138e+01
7.206614173261274914e+01 -8.262107493258531576e+01
7.244089046409132493e+01 -8.262681199187640857e+01
7.281563912506838676e+01 -8.263254905116747295e+01
7.319038785654709045e+01 -8.263828611045855155e+01
7.356513658802565203e+01 -8.264402316974964435e+01
7.393988531950422782e+01 -8.264976022904072295e+01
7.431460500436627115e+01 -8.265680220053357630e+01
7.468923783138437500e+01 -8.266774551334734156e+01
7.506387065840236517e+01 -8.267868882616112103e+01
7.543850348542046902e+01 -8.268963213897488629e+01
7.581313631243857287e+01 -8.270057545178865155e+01
7.618776913945667673e+01 -8.271151876460241681e+01
7.656240203697629454e+01 -8.272246207741619628e+01
7.693703486399439839e+01 -8.273340546073146129e+01
7.731166769101250225e+01 -8.274434877354524076e+01
7.768630051803047820e+01 -8.275529208635900602e+01
7.806093334504859627e+01 -8.276623539917277128e+01
7.843556617206670012e+01 -8.277717871198655075e+01
7.881019899908480397e+01 -8.278812202480031601e+01
7.918483182610290783e+01 -8.279906533761408127e+01
7.955946465312102589e+01 -8.281000865042786074e+01
7.993409755064062949e+01 -8.282095196324162600e+01
8.030873037765860545e+01 -8.283189527605539126e+01
8.068336320467672351e+01 -8.284283865937067048e+01
8.105799603169482737e+01 -8.285378197218443574e+01
8.143262885871293122e+01 -8.286472528499820100e+01
8.180726168573103507e+01 -8.287566859781198048e+01
8.218189451274913893e+01 -8.288661191062574574e+01
8.255652733976725699e+01 -8.289755522343951100e+01
8.293116016678523295e+01 -8.290849853625329047e+01
8.330579306430483655e+01 -8.291944184906705573e+01
8.368042589132295461e+01 -8.293038516188082099e+01
8.405505871834105847e+01 -8.294132854519610021e+01
8.442969154535916232e+01 -8.295227185800986547e+01
8.480432437237726617e+01 -8.296321517082363073e+01
8.517895719939537003e+01 -8.297415848363741020e+01
8.555359002641336019e+01 -8.298510179645117546e+01
8.592822285343146405e+01 -8.299604510926494072e+01
8.630285575095106765e+01 -8.300698842207872019e+01
8.667748857796918571e+01 -8.301793173489248545e+01
8.705212140498728957e+01 -8.302887504770625071e+01
8.742675423200539342e+01 -8.303981836052004439e+01
8.780138705902349727e+01 -8.305076174383529519e+01
8.817601988604148744e+01 -8.306170505664906045e+01
8.855065271305959129e+01 -8.307264836946283992e+01
8.892528554007769515e+01 -8.308359168227660518e+01
8.929991836709579900e+01 -8.309453499509038465e+01
8.967455126461541681e+01 -8.310547830790416413e+01
9.004918409163352067e+01 -8.311642162071792939e+01
9.042381691865162452e+01 -8.312736493353169465e+01
9.079844974566960047e+01 -8.313830824634547412e+01
9.117308257268771854e+01 -8.314925155915923938e+01
9.154767944394255608e+01 -8.316119380767926828e+01
9.192212981308722419e+01 -8.317720836364961201e+01
9.229658011173052046e+01 -8.319322291961994154e+01
9.267103048087518857e+01 -8.320923747559031369e+01
9.304548077951848484e+01 -8.322525203156067164e+01
9.341993114866315295e+01 -8.324126658753100116e+01
9.379438144730632132e+01 -8.325728114350134490e+01
9.416883181645111733e+01 -8.327329569947168864e+01
9.454328211509428570e+01 -8.328931025544204658e+01
9.491773248423908171e+01 -8.330532481141240453e+01
9.529218278288225008e+01 -8.332133943788426222e+01
9.566663308152553213e+01 -8.333735399385459175e+01
9.604108345067021446e+01 -8.335336854982493549e+01
9.641553374931349651e+01 -8.336938310579529343e+01
9.678998411845817884e+01 -8.338539766176565138e+01
9.716443441710134721e+01 -8.340141221773599511e+01
9.753888478624614322e+01 -8.341742677370633885e+01
9.791333508488931159e+01 -8.343344132967669680e+01
9.828778545403410760e+01 -8.344945588564705474e+01
9.866223575267726176e+01 -8.346547044161739848e+01
9.903668612182205777e+01 -8.348148499758774221e+01
9.941113642046522614e+01 -8.349749955355810016e+01
9.978558678960990846e+01 -8.351351410952845811e+01
1.001600370882531905e+02 -8.352952866549880184e+01
1.005344874573978728e+02 -8.354554322146914558e+01
1.009089377560411549e+02 -8.356155777743948931e+01
1.012833881251858372e+02 -8.357757233340984726e+01
1.016578384238291193e+02 -8.359358688938020521e+01
1.020322887929737874e+02 -8.360960144535054894e+01
1.024067390916169558e+02 -8.362561600132089268e+01
1.027811894607617518e+02 -8.364163055729125062e+01
1.031556397594049201e+02 -8.365764511326160857e+01
1.035300900580482164e+02 -8.367365966923195231e+01
1.039045404271928845e+02 -8.368967422520229604e+01
1.042789907258361808e+02 -8.370568878117265399e+01
1.046534410949808489e+02 -8.372170333714301194e+01
1.050278913936241452e+02 -8.373771789311335567e+01
1.054023417627688133e+02 -8.375373244908369941e+01
1.057767920614119816e+02 -8.376974700505404314e+01
1.061512424305567777e+02 -8.378576156102440109e+01
1.065256927291999460e+02 -8.380177611699475904e+01
1.069001430983447420e+02 -8.381779067296510277e+01
1.072745933969879104e+02 -8.383380522893544651e+01
1.076490437661327064e+02 -8.384981978490580445e+01
1.080234940647758748e+02 -8.386583434087616240e+01
1.083979444339205429e+02 -8.388184896734800589e+01
1.087723947325638392e+02 -8.389786352331834962e+01
1.091467693125995879e+02 -8.391506306844465257e+01
1.095202106643240398e+02 -8.394686072397179544e+01
1.098936520160484918e+02 -8.397865830899743855e+01
1.102670932972714439e+02 -8.401045596452458142e+01
1.106405346489960237e+02 -8.404225354955023874e+01
1.110139760007204757e+02 -8.407405120507741003e+01
1.113874172819434278e+02 -8.410584879010305315e+01
1.117608586336678798e+02 -8.413764637512869626e+01
1.121342999853923317e+02 -8.416944403065585334e+01
1.125077413371167836e+02 -8.420124161568151067e+01
1.128811826183397358e+02 -8.423303927120865353e+01
1.132546239700641877e+02 -8.426483685623429665e+01
1.136280653217886396e+02 -8.429663451176146793e+01
1.140015066735130915e+02 -8.432843209678712526e+01
1.143749479547360437e+02 -8.436022968181276838e+01
1.147483893064604956e+02 -8.439202733733991124e+01
1.151218306581849475e+02 -8.442382492236556857e+01
1.154952720099093995e+02 -8.445562257789271143e+01
1.158687132911323516e+02 -8.448742016291838297e+01
1.162421546428568035e+02 -8.451921774794402609e+01
1.166155959945812555e+02 -8.455101540347118316e+01
1.169890372758043355e+02 -8.458281298849684049e+01
1.173624786275287875e+02 -8.461461064402398335e+01
1.177359199792532394e+02 -8.464640822904962647e+01
1.181093613309776913e+02 -8.467820588457678355e+01
1.184828026122006435e+02 -8.471000346960245508e+01
1.188562439639250954e+02 -8.474180105462809820e+01
1.192296853156495473e+02 -8.477359871015524106e+01
1.196031266673740134e+02 -8.480539629518089839e+01
1.199765679485969514e+02 -8.483719395070804126e+01
1.203500093003214033e+02 -8.486899153573371279e+01
1.207234506520458694e+02 -8.490078912075935591e+01
1.210968920037703214e+02 -8.493258677628649878e+01
1.214703332849932735e+02 -8.496438436131217031e+01
1.218437746367177255e+02 -8.499618201683931318e+01
1.222172159884421774e+02 -8.502797960186495629e+01
1.225906572696651295e+02 -8.505977725739209916e+01
1.229640986213895815e+02 -8.509157484241777070e+01
1.233375399731140334e+02 -8.512337242744342802e+01
1.237109813248384853e+02 -8.515517008297057089e+01
1.240844226060615512e+02 -8.518696766799621400e+01
1.244578639577860173e+02 -8.521876532352337108e+01
1.248313053095104692e+02 -8.525056290854902841e+01
1.252040388262083184e+02 -8.528911897854943902e+01
1.255759650302679518e+02 -8.533538347069065821e+01
1.259478912343275852e+02 -8.538164796283187741e+01
1.263198175088887183e+02 -8.542791245497311081e+01
1.266917437129484796e+02 -8.547417694711433001e+01
1.270636699170081130e+02 -8.552044143925554920e+01
1.274355961210677464e+02 -8.556670593139676839e+01
1.278075223956288795e+02 -8.561297049403950155e+01
1.281794485996884987e+02 -8.565923498618072074e+01
1.285513748037481321e+02 -8.570549947832193993e+01
1.289233010078077655e+02 -8.575176397046315913e+01
1.292952272823688986e+02 -8.579802846260437832e+01
1.296671534864285320e+02 -8.584429295474561172e+01
1.300390796904881654e+02 -8.589055744688683092e+01
1.304110058945477988e+02 -8.593682200952954986e+01
1.307829320986074322e+02 -8.598308650167076905e+01
1.311548583731685653e+02 -8.602935099381200246e+01
1.315267845772281987e+02 -8.607561548595322165e+01
1.318987107812878321e+02 -8.612187997809445505e+01
1.322706369853474655e+02 -8.616814447023566004e+01
1.326425632599085986e+02 -8.621440896237689344e+01
1.330144894639682320e+02 -8.626067345451811264e+01
1.333864156680279791e+02 -8.630693801716083158e+01
1.337583418720876125e+02 -8.635320250930205077e+01
1.341302680761472459e+02 -8.639946700144328418e+01
1.345021943507083790e+02 -8.644573149358450337e+01
1.348741205547680124e+02 -8.649199598572573677e+01
1.352460467588276458e+02 -8.653826047786694176e+01
1.356179729628872792e+02 -8.658452497000817516e+01
1.359898992374484124e+02 -8.663078953265089410e+01
1.363618254415080457e+02 -8.667705402479212751e+01
1.367337516455676791e+02 -8.672331851693333249e+01
1.371039231378767909e+02 -8.678100608457313569e+01
1.374725871671843436e+02 -8.684850689653666223e+01
1.378412511259902828e+02 -8.691600777900168850e+01
1.382099151552977219e+02 -8.698350859096521503e+01
1.385785791846052746e+02 -8.705100947343024131e+01
1.389472432139127136e+02 -8.711851028539378206e+01
1.393159071727186245e+02 -8.718601116785880834e+01
1.396845712020262056e+02 -8.725351197982233487e+01
1.400532352313336446e+02 -8.732101286228736114e+01
1.404218991901395555e+02 -8.738851367425090189e+01
1.407905632194471366e+02 -8.745601455671592817e+01
1.411592272487545756e+02 -8.752351536867945470e+01
1.415278912780619862e+02 -8.759101625114449519e+01
1.418965552368680676e+02 -8.765851706310800751e+01
1.422652192661754782e+02 -8.772601794557304800e+01
1.426338832954829172e+02 -8.779351875753656032e+01
1.430025473247904984e+02 -8.786101964000160081e+01
1.433712112835964092e+02 -8.792852045196514155e+01
1.437398753129038482e+02 -8.799602133443016783e+01
1.441085393422114294e+02 -8.806352214639369436e+01
1.444772033715188400e+02 -8.813102302885872064e+01
1.448458673303247792e+02 -8.819852384082226138e+01
1.452145313596322183e+02 -8.826602472328728766e+01
1.455772241236767854e+02 -8.835934473436229553e+01
1.459380899119366291e+02 -8.846056415613259105e+01
1.462989557706981145e+02 -8.856178357790290079e+01
1.466598216294594579e+02 -8.866300299967321052e+01
1.470206874177193299e+02 -8.876422242144350605e+01
1.473815532764808154e+02 -8.886544184321378737e+01
1.477424190647406590e+02 -8.896666119448259735e+01
1.481032849235021445e+02 -8.906788061625290709e+01
1.484641507822635162e+02 -8.916910003802321683e+01
1.488250165705233599e+02 -8.927031945979352656e+01
1.491858824292848453e+02 -8.937153888156380788e+01
1.495467482175447174e+02 -8.947275830333410340e+01
1.499076140763062028e+02 -8.957397772510441314e+01
1.502684798645660464e+02 -8.967519714687472288e+01
1.506293457233274182e+02 -8.977641656864501840e+01
1.509768457673481805e+02 -8.991337608963594619e+01
1.513155761301988207e+02 -9.007378581844744758e+01
1.516543064225479895e+02 -9.023419554725894898e+01
1.519930367853986581e+02 -9.039460520556895062e+01
1.523317671482492131e+02 -9.055501493438046623e+01
1.526704974405983535e+02 -9.071542466319196762e+01
1.530092278034490221e+02 -9.087583432150195506e+01
1.533479581662996907e+02 -9.103624405031347067e+01
1.536866884586488595e+02 -9.119665377912498627e+01
1.539906604556198317e+02 -9.140540441015745898e+01
1.542505719782384404e+02 -9.167543317955338011e+01
1.545104834303555492e+02 -9.194546194894930125e+01
1.547703949529740441e+02 -9.221549071834520817e+01
1.550303064050911814e+02 -9.248551948774112930e+01
1.551738882726668294e+02 -9.280461525427219271e+01
1.551858769111715901e+02 -9.317921614411228859e+01
1.551978655496763508e+02 -9.355381696345089892e+01
1.551181860271730955e+02 -9.389996105218628486e+01
1.548961715265641317e+02 -9.420191980841858026e+01
1.546741570964565540e+02 -9.450387863515240383e+01
1.544190327664645679e+02 -9.477257090767604097e+01
1.541160296715621598e+02 -9.499315789398053766e+01
1.538130265766597518e+02 -9.521374488028506278e+01
1.534892664311093995e+02 -9.540121040445953327e+01
1.531475002033108979e+02 -9.555322996165747895e+01
1.527977209869060005e+02 -9.568785489608787032e+01
1.524481615236660730e+02 -9.582304694455741867e+01
1.520991576827215113e+02 -9.595966989140327996e+01
1.517501538417769780e+02 -9.609629283824914125e+01
1.514018101063455788e+02 -9.623458519003452238e+01
1.510537545105310926e+02 -9.637360610428642360e+01
1.507056989147167201e+02 -9.651262708903983878e+01
1.503582337689368273e+02 -9.665310773678017142e+01
1.500114042646508494e+02 -9.679515993338267776e+01
1.496645747603648431e+02 -9.693721205948368436e+01
1.493177452560788652e+02 -9.707926425608619070e+01
1.489722758666666209e+02 -9.722458398555458814e+01
1.486270870027095157e+02 -9.737057770933111556e+01
1.482818981387523820e+02 -9.751657150360912851e+01
1.479367093452967765e+02 -9.766256522738565593e+01
1.475937130778860080e+02 -9.781363329638462289e+01
1.472508255942845778e+02 -9.796495319672966673e+01
1.469079381811845337e+02 -9.811627309707471056e+01
1.465652796864443133e+02 -9.826809673061342210e+01
1.462258405015461449e+02 -9.842700082946215900e+01
1.458864012461465904e+02 -9.858590499881239566e+01
1.455469619907469223e+02 -9.874480916816261811e+01
1.452097026416242613e+02 -9.890816762207209933e+01
1.448759574396027006e+02 -9.907870686492138645e+01
1.445422121670797537e+02 -9.924924603726915961e+01
1.442097047598352333e+02 -9.942203604039944764e+01
1.438869512346542479e+02 -9.961256069501570209e+01
1.435641976389716774e+02 -9.980308534963197076e+01
1.432658162696831710e+02 -1.000256685153130434e+02
1.429959104548973698e+02 -1.002857077161420563e+02
1.427260046401117108e+02 -1.005457469169710976e+02
1.424560988253259097e+02 -1.008057860472986249e+02
1.421861930810417505e+02 -1.010658252481276520e+02
1.419162872662559778e+02 -1.013258644489566649e+02
1.416299959871259375e+02 -1.015676146450314548e+02
1.413419746717692647e+02 -1.018074338051125807e+02
1.410539532859110636e+02 -1.020472529651937208e+02
1.407659319705543908e+02 -1.022870721252748609e+02
1.404779105846962182e+02 -1.025268912148544871e+02
1.401876721382724611e+02 -1.027638928531229396e+02
1.398868438030376353e+02 -1.029874366721975463e+02
1.395860155383043093e+02 -1.032109804912721813e+02
1.392851872030695120e+02 -1.034345243103468022e+02
1.389843589383363280e+02 -1.036580681294214230e+02
1.386835306031015023e+02 -1.038816120189975294e+02
1.383787037049818878e+02 -1.040995241785186067e+02
1.380684818913344714e+02 -1.043098381097381235e+02
1.377582601481885547e+02 -1.045201521114591401e+02
1.374480383345412804e+02 -1.047304660426786711e+02
1.371378165913953637e+02 -1.049407800443997019e+02
1.368275947777479473e+02 -1.051510940461207326e+02
1.365114382186127955e+02 -1.053523182193753200e+02
1.361941053420059120e+02 -1.055517407268826133e+02
1.358767724653989148e+02 -1.057511633048914064e+02
1.355594395182905316e+02 -1.059505858829002136e+02
1.352421066416835345e+02 -1.061500083904075211e+02
1.349215629154140004e+02 -1.063441570334568382e+02
1.345987009589310901e+02 -1.065344979611727894e+02
1.342758390024481798e+02 -1.067248389593902260e+02
1.339529770459653832e+02 -1.069151798871061771e+02
1.336301150894824730e+02 -1.071055208148221425e+02
1.333035145796344239e+02 -1.072893460647178614e+02
1.329762567843330885e+02 -1.074720257357942614e+02
1.326489989890316110e+02 -1.076547054068706757e+02
1.323217412642317470e+02 -1.078373850779470899e+02
1.319915171184581482e+02 -1.080146246420363667e+02
1.316607019586380432e+02 -1.081907804571189189e+02
1.313298867988179666e+02 -1.083669362722014711e+02
1.309969690728628393e+02 -1.085390624332391667e+02
1.306632476298457277e+02 -1.087096482070762420e+02
1.299531388595645183e+02 -1.088780675404223075e+02
1.295783476156834411e+02 -1.088790752888156277e+02
1.292035563013008641e+02 -1.088800830372089479e+02
1.288287650574198153e+02 -1.088810908561037820e+02
1.284539737430370963e+02 -1.088820986044971164e+02
1.280791824991560475e+02 -1.088831064233919079e+02
1.277043911847734705e+02 -1.088841141717852423e+02
1.273295999408924075e+02 -1.088851219201785767e+02
1.269548086265098306e+02 -1.088861297390733824e+02
1.265800173826287676e+02 -1.088871374874667026e+02
1.262052260682460627e+02 -1.088881453063615368e+02
1.258304348243649997e+02 -1.088891530547548570e+02
1.254556435099824228e+02 -1.088901608031481771e+02
1.250808522661013598e+02 -1.088911686220429971e+02
1.247060609517187828e+02 -1.088921763704363173e+02
1.243312697078375919e+02 -1.088931841188296517e+02
1.239564784639565147e+02 -1.088941919377244574e+02
1.235816871495739520e+02 -1.088951996861177776e+02
1.232068959056928747e+02 -1.088962075050126117e+02
1.228321045913102978e+02 -1.088972152534059319e+02
1.224573133474292348e+02 -1.088982230017992521e+02
1.220825220330465442e+02 -1.088992308206940720e+02
1.217077307891654669e+02 -1.089002385690873922e+02
1.213329394747828900e+02 -1.089012463879822263e+02
1.209581482309018270e+02 -1.089022541363755465e+02
1.205833569165192500e+02 -1.089032618847688525e+02
1.202085656726380591e+02 -1.089042697036636866e+02
1.198337743582554822e+02 -1.089052774520570210e+02
1.194589831143744192e+02 -1.089062852004503270e+02
1.190841917999918422e+02 -1.089072930193451469e+02
1.187094005561107792e+02 -1.089083007677384813e+02
1.183346092417282023e+02 -1.089093085866333013e+02
1.179598179978470114e+02 -1.089103163350266215e+02
1.175850266834644344e+02 -1.089113240834199274e+02
1.172102354395833714e+02 -1.089123319023147616e+02
1.168354441252007945e+02 -1.089133396507080960e+02
1.164606528813197173e+02 -1.089143474696028875e+02
1.160858615669371545e+02 -1.089153552179962219e+02
1.157110703230559494e+02 -1.089163629663895563e+02
1.153362790791748864e+02 -1.089173707852843620e+02
1.149614877647923095e+02 -1.089183785336776964e+02
1.145866965209112465e+02 -1.089193862820710166e+02
1.142119052065286695e+02 -1.089203941009658365e+02
1.138371139626474786e+02 -1.089214018493591709e+02
1.134623226482649017e+02 -1.089224096682539766e+02
1.130875314043838387e+02 -1.089234174166472968e+02
1.127127400900012617e+02 -1.089244251650406312e+02
1.123379488461201987e+02 -1.089254329839354511e+02
1.119631575317376218e+02 -1.089264407323287713e+02
1.115883662878564309e+02 -1.089274485512235913e+02
1.112135749734738539e+02 -1.089284562996169257e+02
1.108387837295927767e+02 -1.089294640480102458e+02
1.104639924152102139e+02 -1.089304718669050516e+02
1.100892011713291367e+02 -1.089314796152983718e+02
1.097144098569464461e+02 -1.089324873636917062e+02
1.093396186130653689e+02 -1.089334951825865261e+02
1.089648272986828061e+02 -1.089345029309798463e+02
1.085900360548017289e+02 -1.089355107498746662e+02
1.082152447404191662e+02 -1.089365184982680006e+02
1.078404534965380890e+02 -1.089375262466613208e+02
1.074656621821553983e+02 -1.089385340655561265e+02
1.070908709382743211e+02 -1.089395418139494609e+02
1.067160796238917442e+02 -1.089405496328442808e+02
1.063412883800106812e+02 -1.089415573812376010e+02
1.059664971361296040e+02 -1.089425651296309070e+02
1.055917058217470412e+02 -1.089435729485257411e+02
1.052169145778658503e+02 -1.089445806969190755e+02
1.048421232634832734e+02 -1.089455885158138955e+02
1.044673320196021962e+02 -1.089465962642072014e+02
1.040925407052196334e+02 -1.089476040126005358e+02
1.037177494613385562e+02 -1.089486118314953700e+02
1.033429581469558656e+02 -1.089496195798886760e+02
1.029681669030747884e+02 -1.089506273282819961e+02
1.025933755886922256e+02 -1.089516351471768161e+02
1.022185843448111484e+02 -1.089526428955701505e+02
1.018437930304285715e+02 -1.089536507144649704e+02
1.014690017865475085e+02 -1.089546584628582764e+02
1.010942104721648036e+02 -1.089556662112516108e+02
1.007194192282837406e+02 -1.089566740301464449e+02
1.003446279139011637e+02 -1.089576817785397509e+02
9.996983667002010066e+01 -1.089586895974345708e+02
9.959504535563752370e+01 -1.089596973458279052e+02
9.922025411175633280e+01 -1.089607050942212254e+02
9.884546279737375585e+01 -1.089617129131160453e+02
9.847067155349269285e+01 -1.089627206615093513e+02
9.809588023911011589e+01 -1.089637284099026857e+02
9.772108899522905290e+01 -1.089647362287975199e+02
9.734629775134797569e+01 -1.089657439771908258e+02
9.697150643696528505e+01 -1.089667517960856458e+02
9.659671519308420784e+01 -1.089677595444789802e+02
9.622192387870163088e+01 -1.089687672928723003e+02
9.584713263482056789e+01 -1.089697751117671203e+02
9.547234132043799093e+01 -1.089707828601604405e+02
9.509755007655680004e+01 -1.089717906790552604e+02
9.472275876217422308e+01 -1.089727984274485948e+02
9.434796751829316008e+01 -1.089738061758419150e+02
9.397317620391058313e+01 -1.089748139947367207e+02
9.359838496002952013e+01 -1.089758217431300551e+02
9.322359364564694317e+01 -1.089768294915233895e+02
9.284880240176575228e+01 -1.089778373104181810e+02
9.247401108738317532e+01 -1.089788450588115154e+02
9.209921984350211233e+01 -1.089798528777063495e+02
9.172442852911953537e+01 -1.089808606260996555e+02
9.134963728523847237e+01 -1.089818683744929899e+02
9.097484597085589542e+01 -1.089828761933878098e+02
9.060005472697470452e+01 -1.089838839417811300e+02
9.022526341259212757e+01 -1.089848917606759500e+02
8.985047216871105036e+01 -1.089858995090692559e+02
8.947568085432848761e+01 -1.089869072574625903e+02
8.910088961044741040e+01 -1.089879150763574245e+02
8.872609829606471976e+01 -1.089889228247507305e+02
8.835130705218364255e+01 -1.089899305731440649e+02
8.797651580830257956e+01 -1.089909383920388848e+02
8.760172449392000260e+01 -1.089919461404322050e+02
8.722693325003893960e+01 -1.089929539593270249e+02
8.685214193565636265e+01 -1.089939617077203451e+02
8.647735069177517175e+01 -1.089949694561136653e+02
8.610255937739259480e+01 -1.089959772750084994e+02
8.572776813351153180e+01 -1.089969850234018196e+02
8.535297681912895484e+01 -1.089979928422966253e+02
8.497818557524787764e+01 -1.089990005906899597e+02
8.460339426086531489e+01 -1.090000083390832941e+02
8.422860301698410979e+01 -1.090010161579780998e+02
8.385381170260154704e+01 -1.090020239063714200e+02
8.347902045872046983e+01 -1.090030316547647402e+02
8.310422914433790709e+01 -1.090040394736595744e+02
8.272943790045682988e+01 -1.090050472220528945e+02
8.235464658607413924e+01 -1.090060550409477003e+02
8.197985534219306203e+01 -1.090070627893410347e+02
8.160506402781049928e+01 -1.090080705377343691e+02
8.123027278392942208e+01 -1.090090783566291748e+02
8.085548146954684512e+01 -1.090100861050224950e+02
8.048069022566578212e+01 -1.090110939239173291e+02
8.010589891128307727e+01 -1.090121016723106493e+02
7.973110766740201427e+01 -1.090131094207039695e+02
7.935631642352093706e+01 -1.090141172395987894e+02
7.898152510913837432e+01 -1.090151249879921096e+02
7.860673386525729711e+01 -1.090161327363854440e+02
7.823194255087460647e+01 -1.090171405552802639e+02
7.785715130699352926e+01 -1.090181483036735699e+02
7.748235999261096651e+01 -1.090191561225684040e+02
7.710756874872988931e+01 -1.090201638709617384e+02
7.673277743434732656e+01 -1.090211716193550444e+02
7.635798619046624935e+01 -1.090221794382498643e+02
7.598319487608355871e+01 -1.090231871866431845e+02
7.560840363220248150e+01 -1.090241950055380045e+02
7.523361231781990455e+01 -1.090252027539313389e+02
7.485882107393884155e+01 -1.090262105023246448e+02
7.448402975955626459e+01 -1.090272183212194790e+02
7.410923851567507370e+01 -1.090282260696128134e+02
7.373444720129249674e+01 -1.090292338180061193e+02
7.335965595741143375e+01 -1.090302416369009393e+02
7.298486464302885679e+01 -1.090312493852942737e+02
7.261007339914779379e+01 -1.090322572041890794e+02
7.223528208476521684e+01 -1.090332649525823996e+02
7.186049084088402594e+01 -1.090342727009757198e+02
7.148569952650144899e+01 -1.090352805198705539e+02
7.111090828262038599e+01 -1.090362882682638883e+02
7.073611696823780903e+01 -1.090372960871586940e+02
7.036132572435673183e+01 -1.090383038355520142e+02
6.998653448047554093e+01 -1.090393115839453486e+02
6.961174316609297819e+01 -1.090403194028401543e+02
6.923695192221190098e+01 -1.090413271512334745e+02
6.886216060782932402e+01 -1.090423348996268089e+02
6.848736936394826103e+01 -1.090433427185216289e+02
6.811257804956568407e+01 -1.090443504669149490e+02
6.773778680568449317e+01 -1.090453582858097690e+02
6.736299549130191622e+01 -1.090463660342030892e+02
6.698820424742085322e+01 -1.090473737825964236e+02
6.661341293303827626e+01 -1.090483816014912435e+02
6.623862168915721327e+01 -1.090493893498845495e+02
6.586383037477463631e+01 -1.090503971687793836e+02
6.548903913089344542e+01 -1.090514049171727180e+02
6.511424781651086846e+01 -1.090524126655660240e+02
6.473945657262980546e+01 -1.090534204844608439e+02
6.436466525824722851e+01 -1.090544282328541641e+02
6.398987401436615130e+01 -1.090554359812474985e+02
6.361508269998345355e+01 -1.090564438001423184e+02
6.324029145610238345e+01 -1.090574515485356244e+02
6.286550014171981360e+01 -1.090584593674304585e+02
6.249070889783874350e+01 -1.090594671158237929e+02
6.211591758345616654e+01 -1.090604748642170989e+02
6.174112633957509644e+01 -1.090614826831119188e+02
6.136633509569390554e+01 -1.090624904315052532e+02
6.099154378131132859e+01 -1.090634982504000732e+02
6.061675253743025849e+01 -1.090645059987933934e+02
6.024196122304768863e+01 -1.090655137471867135e+02
5.986716997916661853e+01 -1.090665215660815335e+02
5.949237866478404868e+01 -1.090675293144748679e+02
5.911758742090285068e+01 -1.090685370628681881e+02
5.874279610652028083e+01 -1.090695448817629938e+02
5.836800486263921073e+01 -1.090705526301563282e+02
5.799321354825664088e+01 -1.090715604490511481e+02
5.761842230437557077e+01 -1.090725681974444683e+02
5.724363098999287303e+01 -1.090735759458377885e+02
5.686883974611180292e+01 -1.090745837647326226e+02
5.649404843172922597e+01 -1.090755915131259428e+02
5.611925718784815587e+01 -1.090765993320207485e+02
5.574446587346558601e+01 -1.090776070804140687e+02
5.536967462958451591e+01 -1.090786148288074031e+02
5.499488331520181816e+01 -1.090796226477022230e+02
5.462009207132074806e+01 -1.090806303960955432e+02
5.424530075693817821e+01 -1.090816381444888634e+02
5.387050951305710811e+01 -1.090826459633836976e+02
5.349571819867453826e+01 -1.090836537117770177e+02
5.312092695479334026e+01 -1.090846615306718235e+02
5.274613564041077041e+01 -1.090856692790651579e+02
5.237134439652970030e+01 -1.090866770274584781e+02
5.199655315264863020e+01 -1.090876848463532980e+02
5.162176183826605325e+01 -1.090886925947466324e+02
5.124697059438498314e+01 -1.090897004136414381e+02
5.087217928000228540e+01 -1.090907081620347725e+02
5.049738803612122240e+01 -1.090917159104281069e+02
5.012259672173864544e+01 -1.090927237293228984e+02
4.974780547785757534e+01 -1.090937314777162328e+02
4.937301416347500549e+01 -1.090947392261095530e+02
4.899822291959380749e+01 -1.090957470450043729e+02
4.862343160521123764e+01 -1.090967547933976931e+02
4.824864036133016754e+01 -1.090977626122925130e+02
4.787384904694759769e+01 -1.090987703606858474e+02
4.749905780306652758e+01 -1.090997781090791818e+02
4.712426648868395063e+01 -1.091007859279739733e+02
4.674947524480275973e+01 -1.091017936763673077e+02
4.637468393042018278e+01 -1.091028014952621419e+02
4.599989268653911978e+01 -1.091038092436554479e+02
4.562510137215654282e+01 -1.091048169920487680e+02
4.525031012827547272e+01 -1.091058248109436022e+02
4.487551881389290287e+01 -1.091068325593369224e+02
4.450072757001170487e+01 -1.091078403077302426e+02
4.412593625562913502e+01 -1.091088481266250483e+02
4.375114501174806492e+01 -1.091098558750183827e+02
4.337635376786699481e+01 -1.091108636939132168e+02
4.300156245348442496e+01 -1.091118714423065228e+02
4.262677120960322696e+01 -1.091128791906998430e+02
4.225197989522065711e+01 -1.091138870095946771e+02
4.187718865133958701e+01 -1.091148947579879973e+02
4.150239733695701005e+01 -1.091159025768828172e+02
4.112760609307594706e+01 -1.091169103252761374e+02
4.075281477869337010e+01 -1.091179180736694576e+02
4.037802353481217921e+01 -1.091189258925642918e+02
4.000323222042960225e+01 -1.091199336409576119e+02
3.962844097654853215e+01 -1.091209413893509179e+02
3.925364966216596230e+01 -1.091219492082457521e+02
3.887885841828489220e+01 -1.091229569566390865e+02
3.850406710390232234e+01 -1.091239647755338922e+02
3.812927586002112434e+01 -1.091249725239272124e+02
3.775448454563855449e+01 -1.091259802723205325e+02
3.737969330175748439e+01 -1.091269880912153667e+02
3.700490198737490743e+01 -1.091279958396086869e+02
3.663011074349384444e+01 -1.091290036585035068e+02
3.625531942911114669e+01 -1.091300114068968270e+02
3.588052818523007659e+01 -1.091310191552901614e+02
3.550573687084749963e+01 -1.091320269741849529e+02
3.513094562696642953e+01 -1.091330347225782873e+02
3.475615431258385968e+01 -1.091340424709716217e+02
3.438136306870278958e+01 -1.091350502898664274e+02
3.400657182482159158e+01 -1.091360580382597618e+02
3.363178051043902173e+01 -1.091370658571545817e+02
3.325698926655795162e+01 -1.091380736055479019e+02
3.288219795217538177e+01 -1.091390813539412363e+02
3.250740670829431167e+01 -1.091400891728360421e+02
3.213261539391161392e+01 -1.091410969212293622e+02
3.175782415003054382e+01 -1.091421047401241964e+02
3.138303283564797042e+01 -1.091431124885175166e+02
3.100824159176690031e+01 -1.091441202369108368e+02
3.063345027738433046e+01 -1.091451280558056567e+02
3.025865903350326036e+01 -1.091461358041989769e+02
2.988386771912056261e+01 -1.091471435525923113e+02
2.950907647523949251e+01 -1.091481513714871170e+02
2.913428516085691911e+01 -1.091491591198804372e+02
2.875949391697584900e+01 -1.091501669387752713e+02
2.838470260259327915e+01 -1.091511746871685915e+02
2.800991135871208115e+01 -1.091521824355619117e+02
2.763512004432951130e+01 -1.091531902544567316e+02
2.726032880044844120e+01 -1.091541980028500660e+02
2.688553748606586780e+01 -1.091552058217448717e+02
2.651074624218479769e+01 -1.091562135701381919e+02
2.613595492780222784e+01 -1.091572213185315263e+02
2.576116368392102984e+01 -1.091582291374263463e+02
2.538637244003996329e+01 -1.091592368858196664e+02
2.501158112565738989e+01 -1.091602446342129724e+02
2.463678988177631979e+01 -1.091612524531078066e+02
2.426199856739374638e+01 -1.091622602015011410e+02
2.388720732351267628e+01 -1.091632680203959609e+02
2.351241600912997853e+01 -1.091642757687892669e+02
2.313762476524891198e+01 -1.091652835171826013e+02
2.276283345086633858e+01 -1.091662913360774354e+02
2.238804220698526848e+01 -1.091672990844707414e+02
2.201325089260269507e+01 -1.091683069033655613e+02
2.163845964872150063e+01 -1.091693146517588815e+02
2.126366833433892722e+01 -1.091703224001522159e+02
2.088887709045786067e+01 -1.091713302190470358e+02
2.051408577607528727e+01 -1.091723379674403418e+02
2.013929453219421717e+01 -1.091733457158336762e+02
1.976450321781164376e+01 -1.091743535347285103e+02
1.938971197393044932e+01 -1.091753612831218163e+02
1.901492065954787591e+01 -1.091763691020166362e+02
1.864012941566680936e+01 -1.091773768504099706e+02
1.826533810128423596e+01 -1.091783845988032908e+02
1.789054685740316586e+01 -1.091793924176981108e+02
1.751575554302059246e+01 -1.091804001660914167e+02
1.714096429913939801e+01 -1.091814079849862509e+02
1.676617298475682460e+01 -1.091824157333795853e+02
1.639138174087575806e+01 -1.091834234817728913e+02
1.601659049699468795e+01 -1.091844313006677112e+02
1.564179918261211633e+01 -1.091854390490610456e+02
1.526700793873092188e+01 -1.091864467974543658e+02
1.489221662434834847e+01 -1.091874546163491715e+02
1.451742538046727837e+01 -1.091884623647425059e+02
1.414263406608470675e+01 -1.091894701836373258e+02
1.376784282220363664e+01 -1.091904779320306602e+02
1.339305150782106502e+01 -1.091914856804239804e+02
1.301826026393987057e+01 -1.091924934993187861e+02
1.264346894955729717e+01 -1.091935012477121205e+02
1.226867770567622706e+01 -1.091945090666069405e+02
1.189388639129365544e+01 -1.091955168150002464e+02
1.151909514741258533e+01 -1.091965245633935808e+02
1.114430383302988758e+01 -1.091975323822884150e+02
1.076951258914881926e+01 -1.091985401306817209e+02
1.039472127476624586e+01 -1.091995478790750553e+02
1.001993003088517575e+01 -1.092005556979698611e+02
9.645138716502604126e+00 -1.092015634463631955e+02
9.270347472621534024e+00 -1.092025712652580154e+02
8.895556158238836275e+00 -1.092035790136513214e+02
8.520764914357766173e+00 -1.092045867620446558e+02
8.145973599975194546e+00 -1.092055945809394899e+02
7.771182356094124444e+00 -1.092066023293327959e+02
7.396391112213054342e+00 -1.092076101482276158e+02
7.021599797830356593e+00 -1.092086178966209502e+02
6.646808553949287379e+00 -1.092096256450142704e+02
6.272017239566714863e+00 -1.092106334639090903e+02
5.897225995685644762e+00 -1.092116412123024105e+02
5.522434681303073134e+00 -1.092126489606957307e+02
5.147643437422003032e+00 -1.092136567795905648e+02
4.772852123039305283e+00 -1.092146645279838708e+02
4.398060879158236069e+00 -1.092156723468786907e+02
4.023269564775663554e+00 -1.092166800952720251e+02
3.648478320894594340e+00 -1.092176878436653453e+02
3.273687006512021824e+00 -1.092186956625601653e+02
2.898895762630826933e+00 -1.092197034109534854e+02
2.524104448248254418e+00 -1.092207112298483196e+02
2.149313204367184760e+00 -1.092217189782416398e+02
1.774521889984612466e+00 -1.092227267266349600e+02
1.399730646103542808e+00 -1.092237345455297657e+02
1.024939331720970515e+00 -1.092247422939231001e+02
6.501480878397754015e-01 -1.092257500423164345e+02
2.753567734572031633e-01 -1.092267578612112402e+02
-9.943447042386660550e-02 -1.092277656096045604e+02
-4.742257848064388992e-01 -1.092287734284993945e+02
-8.490170286875086125e-01 -1.092297811768927147e+02
-1.223808343070080795e+00 -1.092307889252860349e+02
-1.598599586951275908e+00 -1.092317967441808548e+02
-1.973390830832345566e+00 -1.092328044925741750e+02
-2.348182145214917860e+00 -1.092338123114689949e+02
-2.722973389095987518e+00 -1.092348200598623293e+02
-3.097764703478560033e+00 -1.092358278082556353e+02
-3.472555947359754924e+00 -1.092368356271504695e+02
-3.847347261742326996e+00 -1.092378433755437896e+02
-4.222138505623397542e+00 -1.092388511239371098e+02
-4.596929820005970058e+00 -1.092398589428319298e+02
-4.971721063887039271e+00 -1.092408666912252500e+02
-5.346512378269611787e+00 -1.092418745101200699e+02
-5.721303622150806234e+00 -1.092428822585134043e+02
-6.096094936533378750e+00 -1.092438900069067103e+02
-6.470886180414448852e+00 -1.092448978258015444e+02
-6.845677494797021367e+00 -1.092459055741948788e+02
-7.220468738678090581e+00 -1.092469133930896703e+02
-7.595260053060663097e+00 -1.092479211414830047e+02
-7.970051296941858432e+00 -1.092489288898763391e+02
-8.344842611324429171e+00 -1.092499367087711448e+02
-8.719633855205499273e+00 -1.092509444571644650e+02
-9.094425169588070901e+00 -1.092519522055577852e+02
-9.469216413469141003e+00 -1.092529600244526193e+02
-9.844007727851838752e+00 -1.092539677728459537e+02
-1.021879897173290885e+01 -1.092549755917407452e+02
-1.059359021561397896e+01 -1.092559833401340796e+02
-1.096838152999655058e+01 -1.092569910885274140e+02
-1.134317277387762068e+01 -1.092579989074222198e+02
-1.171796408826019231e+01 -1.092590066558155399e+02
-1.209275533214138676e+01 -1.092600144747103741e+02
-1.246754664652396016e+01 -1.092610222231036943e+02
-1.284233789040503027e+01 -1.092620299714970145e+02
-1.321712920478760189e+01 -1.092630377903918344e+02
-1.359192044866867199e+01 -1.092640455387851546e+02
-1.396671176305136974e+01 -1.092650532871784890e+02
-1.434150300693243807e+01 -1.092660611060733089e+02
-1.471629432131501147e+01 -1.092670688544666149e+02
-1.509108556519608157e+01 -1.092680766733614490e+02
-1.546587687957865320e+01 -1.092690844217547834e+02
-1.584066812345972330e+01 -1.092700921701480894e+02
-1.621545943784242283e+01 -1.092710999890429093e+02
-1.659025068172349293e+01 -1.092721077374362295e+02
-1.696504199610606278e+01 -1.092731155563310637e+02
-1.733983323998713288e+01 -1.092741233047243838e+02
-1.771462455436970629e+01 -1.092751310531176898e+02
-1.808941579825090074e+01 -1.092761388720125240e+02
-1.846420711263347414e+01 -1.092771466204058584e+02
-1.883899835651454424e+01 -1.092781543687991643e+02
-1.921378960039561434e+01 -1.092791621876939843e+02
-1.958858091477818419e+01 -1.092801699360873187e+02
-1.996337215865925430e+01 -1.092811777549821386e+02
-2.033816347304195205e+01 -1.092821855033754588e+02
-2.071295471692302215e+01 -1.092831932517687648e+02
-2.108774603130559555e+01 -1.092842010706635989e+02
-2.146253727518666565e+01 -1.092852088190569333e+02
-2.183732858956923550e+01 -1.092862166379517390e+02
-2.221211983345030561e+01 -1.092872243863450592e+02
-2.258691114783300335e+01 -1.092882321347383936e+02
-2.296170239171407346e+01 -1.092892399536332135e+02
-2.333649370609664686e+01 -1.092902477020265337e+02
-2.371128494997771696e+01 -1.092912555209213537e+02
-2.408607626436028681e+01 -1.092922632693146738e+02
-2.446086750824148481e+01 -1.092932710177080082e+02
-2.483565882262405466e+01 -1.092942788366028140e+02
-2.521045006650512477e+01 -1.092952865849961341e+02
-2.558524138088769817e+01 -1.092962943333894685e+02
-2.596003262476876827e+01 -1.092973021522842885e+02
-2.633482393915133812e+01 -1.092983099006776087e+02
-2.670961518303253612e+01 -1.092993177195724286e+02
-2.708440649741510597e+01 -1.093003254679657630e+02
-2.745919774129617608e+01 -1.093013332163590832e+02
-2.783398905567874948e+01 -1.093023410352538889e+02
-2.820878029955981958e+01 -1.093033487836472233e+02
-2.858357154344101403e+01 -1.093043566025420432e+02
-2.895836285782358743e+01 -1.093053643509353634e+02
-2.933315410170465398e+01 -1.093063720993286836e+02
-2.970794541608722739e+01 -1.093073799182235035e+02
-3.008273665996829749e+01 -1.093083876666168379e+02
-3.045752797435087089e+01 -1.093093954150101581e+02
-3.083231921823206534e+01 -1.093104032339049638e+02
-3.120711053261463874e+01 -1.093114109822982982e+02
-3.158190177649570529e+01 -1.093124188011931324e+02
-3.195669309087827870e+01 -1.093134265495864383e+02
-3.233148433475935235e+01 -1.093144342979797585e+02
-3.270627564914192220e+01 -1.093154421168745785e+02
-3.308106689302311310e+01 -1.093164498652679129e+02
-3.345585820740569005e+01 -1.093174576841627328e+02
-3.383064945128676015e+01 -1.093184654325560388e+02
-3.420544076566933001e+01 -1.093194731809493732e+02
-3.458023200955040011e+01 -1.093204809998442073e+02
-3.495502332393309786e+01 -1.093214887482375133e+02
-3.532981456781416796e+01 -1.093224964966308335e+02
-3.570460588219673781e+01 -1.093235043155256676e+02
-3.607939712607780791e+01 -1.093245120639189878e+02
-3.645418844046038487e+01 -1.093255198828138077e+02
-3.682897968434145497e+01 -1.093265276312071137e+02
-3.720377092822264586e+01 -1.093275353796004481e+02
-3.757856224260521572e+01 -1.093285431984952822e+02
-3.795335348648628582e+01 -1.093295509468885882e+02
-3.832814480086886277e+01 -1.093305587657834081e+02
-3.870293604474993288e+01 -1.093315665141767425e+02
-3.907772735913263062e+01 -1.093325742625700627e+02
-3.945251860301370073e+01 -1.093335820814648827e+02
-3.982730991739627058e+01 -1.093345898298582028e+02
-4.020210116127734068e+01 -1.093355975782515230e+02
-4.057689247565991053e+01 -1.093366053971463572e+02
-4.095168371954098063e+01 -1.093376131455396774e+02
-4.132647503392367838e+01 -1.093386209644344831e+02
-4.170126627780474848e+01 -1.093396287128278175e+02
-4.207605759218731833e+01 -1.093406364612211519e+02
-4.245084883606838844e+01 -1.093416442801159434e+02
-4.282564015045096539e+01 -1.093426520285092778e+02
-4.320043139433215629e+01 -1.093436598474041119e+02
-4.357522270871473324e+01 -1.093446675957974321e+02
-4.395001395259580335e+01 -1.093456753441907523e+02
-4.432480526697837320e+01 -1.093466831630855580e+02
-4.469959651085944330e+01 -1.093476909114788924e+02
-4.507438782524201315e+01 -1.093486986598722268e+02
-4.544917906912321115e+01 -1.093497064787670183e+02
-4.582397038350578100e+01 -1.093507142271603527e+02
-4.619876162738685110e+01 -1.093517220460551869e+02
-4.657355287126792120e+01 -1.093527297944484928e+02
-4.694834418565049106e+01 -1.093537375428418272e+02
-4.732313542953156116e+01 -1.093547453617366472e+02
-4.769792674391425891e+01 -1.093557531101299674e+02
-4.807271798779532901e+01 -1.093567609290247873e+02
-4.844750930217790597e+01 -1.093577686774181075e+02
-4.882230054605897607e+01 -1.093587764258114277e+02
-4.919709186044154592e+01 -1.093597842447062618e+02
-4.957188310432273681e+01 -1.093607919930995678e+02
-4.994667441870531377e+01 -1.093617997414929022e+02
-5.032146566258638387e+01 -1.093628075603877221e+02
-5.069625697696895372e+01 -1.093638153087810423e+02
-5.107104822085002382e+01 -1.093648231276758622e+02
-5.144583953523259368e+01 -1.093658308760691824e+02
-5.182063077911379168e+01 -1.093668386244625026e+02
-5.219542209349636153e+01 -1.093678464433573367e+02
-5.257021333737743163e+01 -1.093688541917506569e+02
-5.294500465176000858e+01 -1.093698620106454626e+02
-5.331979589564107869e+01 -1.093708697590387970e+02
-5.369458721002364854e+01 -1.093718775074321314e+02
-5.406937845390484654e+01 -1.093728853263269372e+02
-5.444416976828741639e+01 -1.093738930747202573e+02
-5.481896101216848649e+01 -1.093749008231135775e+02
-5.519375225604955659e+01 -1.093759086420084117e+02
-5.556854357043212644e+01 -1.093769163904017319e+02
-5.594333481431332444e+01 -1.093779242092965518e+02
-5.631812612869589429e+01 -1.093789319576898720e+02
-5.669291737257696440e+01 -1.093799397060832064e+02
-5.706770868695953425e+01 -1.093809475249780263e+02
-5.744249993084060435e+01 -1.093819552733713323e+02
-5.781729124522318131e+01 -1.093829630922661664e+02
-5.819208248910437220e+01 -1.093839708406594866e+02
-5.856687380348694916e+01 -1.093849785890528068e+02
-5.894166504736801215e+01 -1.093859864079476267e+02
-5.931645636175058911e+01 -1.093869941563409469e+02
-5.969124760563165921e+01 -1.093880019047342813e+02
-6.006603892001435696e+01 -1.093890097236291012e+02
-6.044083016389542706e+01 -1.093900174720224072e+02
-6.081562147827799691e+01 -1.093910252909172414e+02
-6.119041272215906702e+01 -1.093920330393105758e+02
-6.156520403654163687e+01 -1.093930407877038817e+02
-6.193999528042270697e+01 -1.093940486065987017e+02
-6.231478659480540472e+01 -1.093950563549920361e+02
-6.268957783868647482e+01 -1.093960641738868418e+02
-6.306436915306905178e+01 -1.093970719222801762e+02
-6.343916039695011477e+01 -1.093980796706734822e+02
-6.381395171133275568e+01 -1.093990874895683163e+02
-6.418874295521381157e+01 -1.094000952379616507e+02
-6.456353419909488878e+01 -1.094011029863549567e+02
-6.493832551347752258e+01 -1.094021108052497766e+02
-6.531311675735858557e+01 -1.094031185536431110e+02
-6.568790807174116253e+01 -1.094041263725379167e+02
-6.606269931562229658e+01 -1.094051341209312369e+02
-6.643749063000487354e+01 -1.094061418693245713e+02
-6.681228187388599338e+01 -1.094071496882193912e+02
-6.718707318826857033e+01 -1.094081574366127256e+02
-6.756186443214964754e+01 -1.094091652555075314e+02
-6.793665574653228134e+01 -1.094101730039008515e+02
-6.831144699041334434e+01 -1.094111807522941859e+02
-6.868623830479592129e+01 -1.094121885711890059e+02
-6.906102954867705535e+01 -1.094131963195823118e+02
-6.943582086305961809e+01 -1.094142040679756462e+02
-6.981061210694069530e+01 -1.094152118868704804e+02
-7.018540342132332910e+01 -1.094162196352637864e+02
-7.056019466520439209e+01 -1.094172274541586063e+02
-7.093498597958696905e+01 -1.094182352025519265e+02
-7.130977722346810310e+01 -1.094192429509452609e+02
-7.168456853785068006e+01 -1.094202507698400808e+02
-7.205935978173179990e+01 -1.094212585182333868e+02
-7.243415109611437686e+01 -1.094222663371282209e+02
-7.280894233999545406e+01 -1.094232740855215553e+02
-7.318373358387658811e+01 -1.094242818339148613e+02
-7.355852489825915086e+01 -1.094252896528096812e+02
-7.393331614214022807e+01 -1.094262974012030156e+02
-7.430810745652286187e+01 -1.094273051495963358e+02
-7.468289870040392486e+01 -1.094283129684911557e+02
-7.505769001478650182e+01 -1.094293207168844617e+02
-7.543248125866763587e+01 -1.094303285357792959e+02
-7.580727257305019862e+01 -1.094313362841726303e+02
-7.618206381693133267e+01 -1.094323440325659362e+02
-7.655685513131390962e+01 -1.094333518514607562e+02
-7.693164637519497262e+01 -1.094343595998540906e+02
-7.730643768957762063e+01 -1.094353674187489247e+02
-7.768122893345868363e+01 -1.094363751671422307e+02
-7.805602024784126058e+01 -1.094373829155355509e+02
-7.843081149172239463e+01 -1.094383907344303708e+02
-7.880560280610495738e+01 -1.094393984828237052e+02
-7.918039404998603459e+01 -1.094404062312170254e+02
-7.955518536436866839e+01 -1.094414140501118311e+02
-7.992997660824973138e+01 -1.094424217985051655e+02
-8.030476792263230834e+01 -1.094434296173999854e+02
-8.067955916651344239e+01 -1.094444373657933056e+02
-8.105435048089600514e+01 -1.094454451141866258e+02
-8.142914172477708235e+01 -1.094464529330814599e+02
-8.180393303915971615e+01 -1.094474606814747801e+02
-8.217872428304079335e+01 -1.094484685003695859e+02
-8.255351552692191319e+01 -1.094494762487629202e+02
-8.292830684130449015e+01 -1.094504839971562404e+02
-8.330309808518556736e+01 -1.094514918160510604e+02
-8.367788939956820116e+01 -1.094524995644443806e+02
-8.405268064344926415e+01 -1.094535073128377007e+02
-8.442747195783184111e+01 -1.094545151317325349e+02
-8.480226320171297516e+01 -1.094555228801258551e+02
-8.517705451609553791e+01 -1.094565306990206608e+02
-8.555184575997661511e+01 -1.094575384474139952e+02
-8.592663707435924891e+01 -1.094585461958073154e+02
-8.630142831824031191e+01 -1.094595540147021353e+02
-8.667621963262288887e+01 -1.094605617630954697e+02
-8.705101087650402292e+01 -1.094615695819902754e+02
-8.742580219088659987e+01 -1.094625773303836098e+02
-8.780059343476771971e+01 -1.094635850787769442e+02
-8.817538474915029667e+01 -1.094645928976717357e+02
-8.855017599303137388e+01 -1.094656006460650701e+02
-8.892496730741400768e+01 -1.094666083944583903e+02
-8.929975855129507067e+01 -1.094676162133532102e+02
-8.967454986567764763e+01 -1.094686239617465304e+02
-9.004934110955878168e+01 -1.094696317806413646e+02
-9.042413242394134443e+01 -1.094706395290346848e+02
-9.079892366782242163e+01 -1.094716472774280192e+02
-9.117371491170355569e+01 -1.094726550963228107e+02
-9.154850622608611843e+01 -1.094736628447161451e+02
-9.192329746996725248e+01 -1.094746706636109792e+02
-9.229808878434982944e+01 -1.094756784120042852e+02
-9.267288002823089244e+01 -1.094766861603976054e+02
-9.304767134261354045e+01 -1.094776939792924395e+02
-9.342246258649460344e+01 -1.094787017276857597e+02
-9.379725390087718040e+01 -1.094797094760790799e+02
-9.417204514475831445e+01 -1.094807172949738998e+02
-9.454683645914087720e+01 -1.094817250433672200e+02
-9.492162770302195440e+01 -1.094827328622620541e+02
-9.529641901740458820e+01 -1.094837406106553743e+02
-9.567121026128565120e+01 -1.094847483590486803e+02
-9.604600157566822816e+01 -1.094857561779435144e+02
-9.642079281954936221e+01 -1.094867639263368488e+02
-9.679558413393192495e+01 -1.094877717452316546e+02
-9.717037537781305900e+01 -1.094887794936249747e+02
-9.754516669219563596e+01 -1.094897872420182949e+02
-9.791995793607671317e+01 -1.094907950609131291e+02
-9.829474925045934697e+01 -1.094918028093064493e+02
-9.866954049434040996e+01 -1.094928105576997552e+02
-9.904433180872298692e+01 -1.094938183765945894e+02
-9.941912305260412097e+01 -1.094948261249879238e+02
-9.979391436698668372e+01 -1.094958339438827153e+02
-1.001687056108677609e+02 -1.094968416922760497e+02
-1.005434968547488950e+02 -1.094978494406693841e+02
-1.009182881691314577e+02 -1.094988572595642040e+02
-1.012930794130125349e+02 -1.094998650079575242e+02
-1.016678707273951687e+02 -1.095008728268523441e+02
-1.020426619712762317e+02 -1.095018805752456643e+02
-1.024174532856588655e+02 -1.095028883236389987e+02
-1.027922445295399427e+02 -1.095038961425337902e+02
-1.031670358439225197e+02 -1.095049038909271246e+02
-1.035418270878036395e+02 -1.095059116393204590e+02
-1.039166184021862165e+02 -1.095069194582152647e+02
-1.042914096460672937e+02 -1.095079272066085991e+02
-1.046662009604499275e+02 -1.095089350255034191e+02
-1.050409922043309905e+02 -1.095099427738967393e+02
-1.054157835187135674e+02 -1.095109505222900736e+02
-1.057905747625947015e+02 -1.095119583411848794e+02
-1.061653660769772642e+02 -1.095129660895781996e+02
-1.065401573208583414e+02 -1.095139739084730337e+02
-1.069149486352409752e+02 -1.095149816568663539e+02
-1.072897398791220382e+02 -1.095159894052596741e+02
-1.076645311935046152e+02 -1.095169972241544940e+02
-1.080393224373857493e+02 -1.095180049725478284e+02
-1.084141137517683262e+02 -1.095190127209411486e+02
-1.087889049956494461e+02 -1.095200205398359543e+02
-1.091636962395305233e+02 -1.095210282882292745e+02
-1.095384875539131002e+02 -1.095220361071241086e+02
-1.099132787977942343e+02 -1.095230438555174288e+02
-1.102880701121767970e+02 -1.095240516039107490e+02
-1.106628613560578742e+02 -1.095250594228055689e+02
-1.110376526704405080e+02 -1.095260671711989033e+02
-1.114124439143215710e+02 -1.095270749900937091e+02
-1.117872352287041480e+02 -1.095280827384870292e+02
-1.121620264725852820e+02 -1.095290904868803636e+02
-1.125368177869678448e+02 -1.095300983057751836e+02
-1.129116090308489788e+02 -1.095311060541685038e+02
-1.132864003452315558e+02 -1.095321138025618239e+02
-1.136611915891126188e+02 -1.095331216214566439e+02
-1.140359829034952668e+02 -1.095341293698499783e+02
-1.144107741473763298e+02 -1.095351371887447982e+02
-1.147855654617589067e+02 -1.095361449371381042e+02
-1.151603567056400408e+02 -1.095371526855314386e+02
-1.155351480200226035e+02 -1.095381605044262727e+02
-1.159099392639036807e+02 -1.095391682528195787e+02
-1.162847305782863145e+02 -1.095401760717143986e+02
-1.166595218221673775e+02 -1.095411838201077330e+02
-1.170343131365499545e+02 -1.095421915685010532e+02
-1.174091043804310885e+02 -1.095431993873958731e+02
-1.177838956948136655e+02 -1.095442071357891791e+02
-1.181586869386947853e+02 -1.095452148841825135e+02
-1.185334781825758625e+02 -1.095462227030773477e+02
-1.189082694969584395e+02 -1.095472304514706536e+02
-1.192830607408395593e+02 -1.095482382703654736e+02
-1.196578520552221363e+02 -1.095492460187588080e+02
