1.434891526733546243e+02 -7.561076975098043818e+01
1.435825176643845111e+02 -7.532236941957768295e+01
1.436758826554144264e+02 -7.503396901767342797e+01
1.437692476464443132e+02 -7.474556868627067274e+01
1.438626125669727287e+02 -7.445716828436641777e+01
1.439559775580026155e+02 -7.416876788246216279e+01
1.440493425490324171e+02 -7.388036755105942177e+01
1.441427074695608042e+02 -7.359196714915516679e+01
1.442360724605907194e+02 -7.330356681775241157e+01
1.443294374516206062e+02 -7.301516641584815659e+01
1.444228024426505215e+02 -7.272676608444540136e+01
1.445161673631789085e+02 -7.243836568254114638e+01
1.446095323542088238e+02 -7.214996528063689141e+01
1.447028973452387106e+02 -7.186156494923413618e+01
1.447962623362686259e+02 -7.157316454732988120e+01
1.448896272567970129e+02 -7.128476421592712597e+01
1.449829922478269282e+02 -7.099636381402287100e+01
1.450763572388568150e+02 -7.070796348262011577e+01
1.451697221593852305e+02 -7.041956308071586079e+01
1.452630871504151173e+02 -7.013116267881160582e+01
1.453564521414450326e+02 -6.984276234740886480e+01
1.454498171324749194e+02 -6.955436194550460982e+01
1.455431820530033349e+02 -6.926596161410185459e+01
1.456365470440332217e+02 -6.897756121219759962e+01
1.457299120350631370e+02 -6.868916088079484439e+01
1.458232769555915240e+02 -6.840076047889058941e+01
1.458911980974781670e+02 -6.810534461405623574e+01
1.459588286321955479e+02 -6.780984851851867745e+01
1.460264590964114291e+02 -6.751435249348261891e+01
1.460940895606273102e+02 -6.721885646844656037e+01
1.461617200248431914e+02 -6.692336044341051604e+01
1.462293505595605723e+02 -6.662786434787295775e+01
1.462969810237764534e+02 -6.633236832283689921e+01
1.463646114879923346e+02 -6.603687229780082646e+01
1.464322419522083294e+02 -6.574137627276478213e+01
1.464998724869257103e+02 -6.544588024772870938e+01
1.465675029511415914e+02 -6.515038415219116530e+01
1.466351334153574726e+02 -6.485488812715510676e+01
1.467027638795733537e+02 -6.455939210211904822e+01
1.467703944142907346e+02 -6.426389607708297547e+01
1.468380248785066158e+02 -6.396840005204693114e+01
1.469056553427224969e+02 -6.367290395650937995e+01
1.469732858774400199e+02 -6.337740793147331431e+01
1.470409163416559011e+02 -6.308191190643726287e+01
1.471085468058717822e+02 -6.278641588140119723e+01
1.471761772700876634e+02 -6.249091978586364604e+01
1.472438078048050443e+02 -6.219542376082758040e+01
1.473114382690209254e+02 -6.189992773579153607e+01
1.473790687332368066e+02 -6.160443171075547042e+01
1.474466991974526877e+02 -6.130893568571941898e+01
1.475143297321701823e+02 -6.101343959018185359e+01
1.475819601963860634e+02 -6.071794356514580215e+01
1.476495906606019446e+02 -6.042244754010973651e+01
1.477172211953193255e+02 -6.012695151507368507e+01
1.477848516595352066e+02 -5.983145541953611968e+01
1.478524821237510878e+02 -5.953595939450006824e+01
1.479056542820340781e+02 -5.923757330161124202e+01
1.479568155966291556e+02 -5.893878520918843122e+01
1.480079769112240911e+02 -5.863999711676561333e+01
1.480591382258191402e+02 -5.834120909484430229e+01
1.481102995404142177e+02 -5.804242100242149860e+01
1.481614607845077671e+02 -5.774363290999868070e+01
1.482126220991028447e+02 -5.744484481757586991e+01
1.482637834136978938e+02 -5.714605679565455176e+01
1.483149447282929714e+02 -5.684726870323175518e+01
1.483661060428880205e+02 -5.654848061080893729e+01
1.484172673574830981e+02 -5.624969251838611939e+01
1.484684286015766475e+02 -5.595090449646480835e+01
1.485195899161717250e+02 -5.565211640404200466e+01
1.485707512307667741e+02 -5.535332831161918676e+01
1.486219125453618517e+02 -5.505454028969787572e+01
1.486730738599567871e+02 -5.475575219727507204e+01
1.487242351040503650e+02 -5.445696410485226124e+01
1.487753964186454141e+02 -5.415817601242944335e+01
1.488265577332404916e+02 -5.385938799050813230e+01
1.488777190478355408e+02 -5.356059989808532862e+01
1.489288803624306183e+02 -5.326181180566251072e+01
1.489800416770256675e+02 -5.296302371323969282e+01
1.490312029211192453e+02 -5.266423569131838178e+01
1.490823642357142944e+02 -5.236544759889558520e+01
1.491335255503093720e+02 -5.206665950647276730e+01
1.491846868649044211e+02 -5.176787141404996362e+01
1.492358481794994987e+02 -5.146908339212865258e+01
1.492870094235930480e+02 -5.117029529970583468e+01
1.493381707381881256e+02 -5.087150720728301678e+01
1.493893320527830610e+02 -5.057271911486022020e+01
1.494404933673781102e+02 -5.027393109293890205e+01
1.494916546819731877e+02 -4.997514300051609126e+01
1.495406177599022044e+02 -4.967602122450956159e+01
1.495804351721795058e+02 -4.937551106252922040e+01
1.496202525844567788e+02 -4.907500083004739366e+01
1.496600699967339381e+02 -4.877449066806705247e+01
1.496998873385097397e+02 -4.847398050608670417e+01
1.497397047507868990e+02 -4.817347034410637718e+01
1.497795221630642004e+02 -4.787296018212603599e+01
1.498193395753414734e+02 -4.757244994964419504e+01
1.498591569171171329e+02 -4.727193978766386806e+01
1.498989743293944343e+02 -4.697142962568351976e+01
1.499387917416715936e+02 -4.667091946370317856e+01
1.499786091539488950e+02 -4.637040923122135183e+01
1.500184264957245546e+02 -4.606989906924101064e+01
1.500582439080018275e+02 -4.576938890726066234e+01
1.500980613202791289e+02 -4.546887874528032114e+01
1.501378787325562882e+02 -4.516836851279849441e+01
1.501776960743320615e+02 -4.486785835081815321e+01
1.502175134866092492e+02 -4.456734818883781202e+01
1.502573308988865222e+02 -4.426683802685746372e+01
1.502971483111636815e+02 -4.396632786487713673e+01
1.503369656529394831e+02 -4.366581763239529579e+01
1.503767830652167561e+02 -4.336530747041495459e+01
1.504166004774939154e+02 -4.306479730843462761e+01
1.504564178897712168e+02 -4.276428714645427931e+01
1.504962352315468763e+02 -4.246377691397245258e+01
1.505360526438241777e+02 -4.216326675199211138e+01
1.505758700561014507e+02 -4.186275659001177019e+01
1.506156874683786100e+02 -4.156224642803142189e+01
1.506555048101544116e+02 -4.126173619554959515e+01
1.506953222224315709e+02 -4.096122603356925396e+01
1.507351396347088723e+02 -4.066071587158891276e+01
1.507749570469860316e+02 -4.036020570960856446e+01
1.508147743887618049e+02 -4.005969554762823748e+01
1.508545918010391063e+02 -3.975918531514639653e+01
1.508902004149684331e+02 -3.945817614357267189e+01
1.509217635120161844e+02 -3.915668720931412849e+01
1.509533266090639074e+02 -3.885519827505560642e+01
1.509848897061116588e+02 -3.855370941129856988e+01
1.510164527326579105e+02 -3.825222047704002648e+01
1.510480158297056619e+02 -3.795073154278150440e+01
1.510795789267534133e+02 -3.764924267902446786e+01
1.511111419532996365e+02 -3.734775374476592447e+01
1.511427050503473879e+02 -3.704626481050740239e+01
1.511742681473951393e+02 -3.674477587624885899e+01
1.512058311739413909e+02 -3.644328701249182245e+01
1.512373942709891423e+02 -3.614179807823330037e+01
1.512689573680368937e+02 -3.584030914397475698e+01
1.513005203945831170e+02 -3.553882028021772044e+01
1.513320834916308684e+02 -3.523733134595919836e+01
1.513636465886786198e+02 -3.493584241170065496e+01
1.513952096152248714e+02 -3.463435354794361842e+01
1.514267727122726228e+02 -3.433286461368507503e+01
1.514583358093203458e+02 -3.403137567942655295e+01
1.514898988358665974e+02 -3.372988681566951641e+01
1.515214619329143488e+02 -3.342839788141097301e+01
1.515530250299621002e+02 -3.312690894715245093e+01
1.515845880565083519e+02 -3.282542001289390754e+01
1.516161511535561033e+02 -3.252393114913687100e+01
1.516477142506038263e+02 -3.222244221487834892e+01
1.516792773476515777e+02 -3.192095328061980908e+01
1.517108403741978293e+02 -3.161946441686277254e+01
1.517424034712455807e+02 -3.131797548260424691e+01
1.517739665682933321e+02 -3.101648654834570706e+01
1.518055295948395553e+02 -3.071499768458866697e+01
1.518370926918873067e+02 -3.041350875033014489e+01
1.518686557889350581e+02 -3.011201981607160505e+01
1.519002188154813098e+02 -2.981053095231456496e+01
1.519289775039947585e+02 -2.950877777844653238e+01
1.519542803501446713e+02 -2.920669902866690748e+01
1.519795831962945840e+02 -2.890462034938876812e+01
1.520048859719430254e+02 -2.860254159960913967e+01
1.520301888180929382e+02 -2.830046284982951121e+01
1.520554916642428509e+02 -2.799838410004988631e+01
1.520807944398912639e+02 -2.769630542077176116e+01
1.521060972860411766e+02 -2.739422667099211850e+01
1.521314001321911178e+02 -2.709214792121249360e+01
1.521567029078395308e+02 -2.679006924193436845e+01
1.521820057539894435e+02 -2.648799049215474000e+01
1.522073086001393563e+02 -2.618591174237509733e+01
1.522326113757877977e+02 -2.588383299259547243e+01
1.522579142219377104e+02 -2.558175431331734728e+01
1.522832170680876231e+02 -2.527967556353772238e+01
1.523085198437360361e+02 -2.497759681375807972e+01
1.523338226898859489e+02 -2.467551813447995457e+01
1.523591255360358900e+02 -2.437343938470032612e+01
1.523844283116843030e+02 -2.407136063492070122e+01
1.524097311578342158e+02 -2.376928188514105855e+01
1.524350340039841285e+02 -2.346720320586293340e+01
1.524603367796326836e+02 -2.316512445608330850e+01
1.524856396257825963e+02 -2.286304570630368005e+01
1.525109424719325091e+02 -2.256096702702554069e+01
1.525362452475809505e+02 -2.225888827724591224e+01
1.525615480937308632e+02 -2.195680952746628734e+01
1.525868509398807760e+02 -2.165473077768665888e+01
1.526121537155291890e+02 -2.135265209840851952e+01
1.526374565616791301e+02 -2.105057334862889107e+01
1.526627594078290429e+02 -2.074849459884926617e+01
1.526880622539789556e+02 -2.044641584906963772e+01
1.527101560130036830e+02 -2.014409450363998744e+01
1.527305577361084659e+02 -1.984164526849538390e+01
1.527509593887117489e+02 -1.953919596284928062e+01
1.527713611118165318e+02 -1.923674672770467708e+01
1.527917628349213146e+02 -1.893429742205858801e+01
1.528121645580260974e+02 -1.863184818691398803e+01
1.528325662811308803e+02 -1.832939888126788475e+01
1.528529680042356631e+02 -1.802694964612328121e+01
1.528733697273404459e+02 -1.772450034047717793e+01
1.528937714504452572e+02 -1.742205110533257439e+01
1.529141731030485403e+02 -1.711960179968648887e+01
1.529345748261534368e+02 -1.681715256454188534e+01
1.529549765492582196e+02 -1.651470325889578206e+01
1.529753782723630025e+02 -1.621225402375117852e+01
1.529957799954677853e+02 -1.590980471810509123e+01
1.530161817185725681e+02 -1.560735548296048947e+01
1.530365834416773509e+02 -1.530490617731438441e+01
1.530569851647821622e+02 -1.500245694216978265e+01
1.530773868173854453e+02 -1.470000763652369535e+01
1.530977885404902281e+02 -1.439755840137909360e+01
1.531181902635950109e+02 -1.409510909573298854e+01
1.531385919866997938e+02 -1.379265979008688348e+01
1.531589937098045766e+02 -1.349021055494228172e+01
1.531793954329093594e+02 -1.318776124929619442e+01
1.531997971560141423e+02 -1.288531201415159266e+01
1.532201988791189251e+02 -1.258286270850548760e+01
1.532406005317223503e+02 -1.228041347336088585e+01
1.532578928568181880e+02 -1.197777473019325534e+01
1.532743644739913407e+02 -1.167508600146448750e+01
1.532908361616661352e+02 -1.137239720223421635e+01
1.533073077788394016e+02 -1.106970847350544851e+01
1.533237794665140541e+02 -1.076701974477667889e+01
1.533402510836873489e+02 -1.046433101604789506e+01
1.533567227713620014e+02 -1.016164221681763991e+01
1.533731943885352678e+02 -9.858953488088856076e+00
1.533896660057084205e+02 -9.556264759360086458e+00
1.534061376933832150e+02 -9.253576030631318616e+00
1.534226093105564814e+02 -8.950887231401047472e+00
1.534390809982311339e+02 -8.648198502672279631e+00
1.534555526154044003e+02 -8.345509773943510012e+00
1.534720242325775530e+02 -8.042821045214742171e+00
1.534884959202523476e+02 -7.740132245984471915e+00
1.535049675374255003e+02 -7.437443517255703185e+00
1.535214392251002664e+02 -7.134754788526934455e+00
1.535379108422735612e+02 -6.832066059798166613e+00
1.535543825299482137e+02 -6.529377260567895469e+00
1.535708541471214801e+02 -6.226688531839110752e+00
1.535873257642946328e+02 -5.923999803110358009e+00
1.536021143697395530e+02 -5.621228376126000903e+00
1.536153912820929008e+02 -5.318382640564147223e+00
1.536286681239447205e+02 -5.015536975503795958e+00
1.536419449657966823e+02 -4.712691310443444692e+00
1.536552218076485303e+02 -4.409845574881622099e+00
1.536684987200018497e+02 -4.106999909821270833e+00
1.536817755618538115e+02 -3.804154174259416710e+00
1.536950524037056596e+02 -3.501308509199065888e+00
1.537083292455574792e+02 -3.198462773637243295e+00
1.537216061579108271e+02 -2.895617108576892029e+00
1.537348829997627604e+02 -2.592771373015038350e+00
1.537481598416146085e+02 -2.289925707954687084e+00
1.537614366834664281e+02 -1.987079972392864269e+00
1.537747135958198896e+02 -1.684234307332513003e+00
1.537866736107170311e+02 -1.381336189158655303e+00
1.537974972119894517e+02 -1.078392879525422066e+00
1.538083208132618722e+02 -7.754496403936915749e-01
1.538191443440327930e+02 -4.725063307604584484e-01
1.538299679453052136e+02 -1.695630211272253218e-01
1.538299709063680893e+02 1.333802885059764964e-01
1.538191471640926409e+02 4.363235981392096230e-01
1.538083233513157211e+02 7.392668372709402247e-01
1.537974996090403010e+02 1.042210146904173351e+00
1.537866757962633528e+02 1.345153456537406589e+00
1.537747160633722388e+02 1.648051574711264289e+00
1.537614389395143917e+02 1.950897239771615554e+00
1.537481618861580444e+02 2.253742904831966598e+00
1.537348848328015833e+02 2.556588640393789191e+00
1.537216077794452360e+02 2.859434305454140457e+00
1.537083306555874174e+02 3.162279970514491279e+00
1.536950536022310700e+02 3.465125706076345402e+00
1.536817765488747227e+02 3.767971371136696668e+00
1.536684994955183754e+02 4.070817036197016847e+00
1.536552223716605283e+02 4.373662771758870527e+00
1.536419453183040673e+02 4.676508436819221792e+00
1.536286682649477200e+02 4.979354101879573058e+00
1.536153912115914011e+02 5.282199837441394763e+00
1.536021140877335540e+02 5.585045502501746029e+00
1.535873252002827485e+02 5.887816929486104023e+00
1.535708533011034547e+02 6.190505658214887852e+00
1.535543814724258027e+02 6.493194386943640595e+00
1.535379095732465089e+02 6.795883115672425312e+00
1.535214376740673572e+02 7.098571844401209141e+00
1.535049658453896768e+02 7.401260573129961884e+00
1.534884939462104114e+02 7.703949301858746601e+00
1.534720220470312313e+02 8.006638030587499344e+00
1.534555501478519375e+02 8.309326759316284949e+00
1.534390783191742855e+02 8.612015488045036804e+00
1.534226064199949917e+02 8.914704287275323935e+00
1.534061345208158400e+02 9.217393016004077566e+00
1.533896626921381880e+02 9.520081744732861395e+00
1.533731907929588942e+02 9.822770473461645224e+00
1.533567188937797425e+02 1.012545920219039708e+01
1.533402469946004487e+02 1.042814793091918268e+01
1.533237751659227683e+02 1.073083665964793454e+01
1.533073032667436166e+02 1.103352538837671837e+01
1.532908313675643228e+02 1.133621411710550397e+01
1.532743595388866709e+02 1.163890284583425583e+01
1.532578876397073770e+02 1.194159157456303966e+01
1.532405938340801015e+02 1.224423024722918463e+01
1.532201918289693197e+02 1.254667948237377040e+01
1.531997898943600092e+02 1.284912871751838814e+01
1.531793879597507271e+02 1.315157802316447544e+01
1.531589859546399168e+02 1.345402725830906121e+01
1.531385840200306347e+02 1.375647649345367896e+01
1.531181820854214664e+02 1.405892579909976803e+01
1.530977800803106561e+02 1.436137503424438577e+01
1.530773781457013740e+02 1.466382426938897154e+01
1.530569762110920919e+02 1.496627350453358929e+01
1.530365742059812817e+02 1.526872281017967836e+01
1.530161722713719996e+02 1.557117204532426413e+01
1.529957703367626891e+02 1.587362128046888188e+01
1.529753684021534070e+02 1.617607058611497095e+01
1.529549663970426252e+02 1.647851982125958870e+01
1.529345644624333147e+02 1.678096905640417447e+01
1.529141625278240326e+02 1.708341829154879221e+01
1.528937605227133645e+02 1.738586759719487773e+01
1.528733585881040540e+02 1.768831683233946706e+01
1.528529566534947719e+02 1.799076606748408125e+01
1.528325546483839901e+02 1.829321537313017032e+01
1.528121527137746796e+02 1.859566460827478807e+01
1.527917507791653975e+02 1.889811384341937384e+01
1.527713487740545872e+02 1.920056314906546291e+01
1.527509468394453052e+02 1.950301238421008065e+01
1.527305449048360231e+02 1.980546161935466642e+01
1.527101429702267126e+02 2.010791085449928417e+01
1.526880457566287532e+02 2.041023198842444586e+01
1.526627426989743128e+02 2.071231066770258522e+01
1.526374396413199008e+02 2.101438941748219591e+01
1.526121365836654604e+02 2.131646809676033527e+01
1.525868335260110484e+02 2.161854684653997793e+01
1.525615304683566080e+02 2.192062552581808887e+01
1.525362274107021960e+02 2.222270420509622824e+01
1.525109243530477556e+02 2.252478295487587090e+01
1.524856212953934573e+02 2.282686163415401026e+01
1.524603182377390169e+02 2.312894038393362095e+01
1.524350151800846049e+02 2.343101906321176031e+01
1.524097121929316643e+02 2.373309781299137100e+01
1.523844091352772523e+02 2.403517649226951391e+01
1.523591060776228119e+02 2.433725524204915658e+01
1.523338030199683999e+02 2.463933392132729594e+01
1.523084999623141016e+02 2.494141260060540333e+01
1.522831969046596612e+02 2.524349135038504599e+01
1.522578938470052492e+02 2.554557002966318535e+01
1.522325907893508088e+02 2.584764877944279604e+01
1.522072877316963684e+02 2.614972745872093896e+01
1.521819846740419564e+02 2.645180620850058162e+01
1.521566816163875160e+02 2.675388488777868901e+01
1.521313785587332177e+02 2.705596363755833167e+01
1.521060755010788057e+02 2.735804231683647103e+01
1.520807724434243653e+02 2.766012099611457842e+01
1.520554693857699533e+02 2.796219974589422108e+01
1.520301663281155129e+02 2.826427842517236044e+01
1.520048632704610725e+02 2.856635717495197468e+01
1.519795602128066605e+02 2.886843585423011405e+01
1.519542572256537198e+02 2.917051460400975671e+01
1.519289541679994215e+02 2.947259328328786410e+01
1.519001894868587783e+02 2.977434589314394131e+01
1.518686261783065277e+02 3.007583475690096364e+01
1.518370629402557768e+02 3.037732362065801439e+01
1.518054997022050259e+02 3.067881255491654002e+01
1.517739364641542750e+02 3.098030141867359433e+01
1.517423732261034957e+02 3.128179035293211641e+01
1.517108099880527448e+02 3.158327921668913874e+01
1.516792466795004941e+02 3.188476815094769634e+01
1.516476834414498853e+02 3.218625701470471512e+01
1.516161202033991344e+02 3.248774587846173745e+01
1.515845569653483835e+02 3.278923481272029505e+01
1.515529937272976326e+02 3.309072367647731738e+01
1.515214304892468533e+02 3.339221261073587499e+01
1.514898671806946027e+02 3.369370147449289732e+01
1.514583039426438518e+02 3.399519040875141940e+01
1.514267407045931009e+02 3.429667927250847015e+01
1.513951774665423500e+02 3.459816813626549248e+01
1.513636142284915991e+02 3.489965707052405008e+01
1.513320509904409903e+02 3.520114593428107241e+01
1.513004876818887112e+02 3.550263486853959449e+01
1.512689244438379603e+02 3.580412373229665235e+01
1.512373612057872094e+02 3.610561266655517443e+01
1.512057979677364585e+02 3.640710153031219676e+01
1.511742347296857076e+02 3.670859046457075436e+01
1.511426714916349567e+02 3.701007932832777669e+01
1.511111081830827061e+02 3.731156819208482744e+01
1.510795449450319552e+02 3.761305712634334952e+01
1.510479817069812043e+02 3.791454599010037185e+01
1.510164184689305671e+02 3.821603492435892946e+01
1.509848552308798162e+02 3.851752378811595179e+01
1.509532919928290653e+02 3.881901272237447387e+01
1.509217286842768146e+02 3.912050158613153172e+01
1.508901654462260638e+02 3.942199044988855405e+01
1.508545475260991680e+02 3.972299856393983220e+01
1.508147301138218666e+02 4.002350879642168024e+01
1.507749127015447073e+02 4.032401895840202144e+01
1.507350952892674059e+02 4.062452912038236263e+01
1.506952778064887468e+02 4.092503928236271094e+01
1.506554603942114738e+02 4.122554944434305213e+01
1.506156429819342861e+02 4.152605960632339333e+01
1.505758255696570131e+02 4.182656983880520585e+01
1.505360081573797117e+02 4.212708000078554704e+01
1.504961906746010527e+02 4.242759016276588824e+01
1.504563732623237797e+02 4.272810032474623654e+01
1.504165558500465920e+02 4.302861048672657773e+01
1.503767384377693190e+02 4.332912064870691893e+01
1.503369209549906600e+02 4.362963088118873145e+01
1.502971035427133586e+02 4.393014104316907265e+01
1.502572861304360572e+02 4.423065120514942095e+01
1.502174687181588979e+02 4.453116136712976214e+01
1.501776512353801252e+02 4.483167152911010334e+01
1.501378338231029375e+02 4.513218169109044453e+01
1.500980164108256645e+02 4.543269192357229258e+01
1.500581989985485052e+02 4.573320208555260535e+01
1.500183815157697040e+02 4.603371224753294655e+01
1.499785641034925447e+02 4.633422240951328774e+01
1.499387466912152433e+02 4.663473257149362894e+01
1.498989292789379704e+02 4.693524273347397013e+01
1.498591118666608111e+02 4.723575296595581818e+01
1.498192943838820099e+02 4.753626312793615938e+01
1.497794769716048506e+02 4.783677328991647215e+01
1.497396595593275492e+02 4.813728345189681335e+01
1.496998421470503899e+02 4.843779361387715454e+01
1.496600246642715888e+02 4.873830377585749574e+01
1.496202072519944295e+02 4.903881400833934379e+01
1.495803898397171565e+02 4.933932417031968498e+01
1.495405724274398551e+02 4.963983433230002618e+01
1.494915965887400091e+02 4.993895420476614078e+01
1.494404355561509590e+02 5.023774229718893025e+01
1.493892745235617667e+02 5.053653046011324790e+01
1.493381135614742163e+02 5.083531855253606579e+01
1.492869525288851662e+02 5.113410664495887659e+01
1.492357914962961161e+02 5.143289480788316581e+01
1.491846304637070659e+02 5.173168290030598371e+01
1.491334694311180158e+02 5.203047106323030135e+01
1.490823084690304654e+02 5.232925915565311925e+01
1.490311474364414153e+02 5.262804731857740137e+01
1.489799864038523367e+02 5.292683541100021927e+01
1.489288253712631729e+02 5.322562350342303716e+01
1.488776643386741227e+02 5.352441166634735481e+01
1.488265033765865724e+02 5.382319975877013718e+01
1.487753423439975222e+02 5.412198792169446193e+01
1.487241813114084437e+02 5.442077601411727272e+01
1.486730202788193935e+02 5.471956417704156195e+01
1.486218592462303434e+02 5.501835226946437984e+01
1.485706982841427930e+02 5.531714036188719774e+01
1.485195372515536292e+02 5.561592852481151539e+01
1.484683762189645506e+02 5.591471661723429776e+01
1.484172151863755005e+02 5.621350478015861540e+01
1.483660541537864503e+02 5.651229287258143330e+01
1.483148931916989000e+02 5.681108103550575095e+01
1.482637321591098498e+02 5.710986912792854042e+01
1.482125711265207997e+02 5.740865722035135121e+01
1.481614100939317495e+02 5.770744538327566886e+01
1.481102491318441992e+02 5.800623347569848676e+01
1.480590880992550069e+02 5.830502163862277598e+01
1.480079270666659568e+02 5.860380973104559388e+01
1.479567660340769066e+02 5.890259789396991152e+01
1.479056050014878565e+02 5.920138598639269389e+01
1.478524174033771885e+02 5.949976904771719433e+01
1.477847879261822186e+02 5.979526528425773790e+01
1.477171584489872487e+02 6.009076159129978123e+01
1.476495289717923924e+02 6.038625782784031770e+01
1.475818994945974225e+02 6.068175406438086128e+01
1.475142700174024526e+02 6.097725037142290461e+01
1.474466405402074827e+02 6.127274660796347661e+01
1.473790110630125127e+02 6.156824291500551993e+01
1.473113815858176565e+02 6.186373915154606351e+01
1.472437520381211868e+02 6.215923545858810684e+01
1.471761225609262169e+02 6.245473169512865041e+01
1.471084930837312470e+02 6.275022800217069374e+01
1.470408636065364192e+02 6.304572423871123732e+01
1.469732341293414493e+02 6.334122054575328065e+01
1.469056046521464793e+02 6.363671678229385265e+01
1.468379751749515094e+02 6.393221301883438912e+01
1.467703456977565395e+02 6.422770932587643244e+01
1.467027161500601835e+02 6.452320556241697602e+01
1.466350866728652136e+02 6.481870186945901935e+01
1.465674571956702437e+02 6.511419810599956293e+01
1.464998277184752737e+02 6.540969441304160625e+01
1.464321982412803038e+02 6.570519064958217825e+01
1.463645687640854476e+02 6.600068695662422158e+01
1.462969392868904777e+02 6.629618319316476516e+01
1.462293098096955077e+02 6.659167950020680848e+01
1.461616802619990381e+02 6.688717573674735206e+01
1.460940507848041818e+02 6.718267197328789564e+01
1.460264213076092119e+02 6.747816828032993897e+01
1.459587918304142420e+02 6.777366451687051097e+01
1.458911623532192721e+02 6.806916082391255429e+01
1.458232290145737124e+02 6.836457330467504789e+01
1.457298667026006740e+02 6.865297455259725723e+01
1.456365043906277208e+02 6.894137580051949499e+01
1.455431420786546823e+02 6.922977697794019036e+01
1.454497798371831152e+02 6.951817822586239970e+01
1.453564175252101904e+02 6.980657947378460904e+01
1.452630552132371236e+02 7.009498072170684679e+01
1.451696929012640567e+02 7.038338196962905613e+01
1.450763305892910182e+02 7.067178321755126547e+01
1.449829683478195648e+02 7.096018446547346059e+01
1.448896060358465263e+02 7.124858564289419860e+01
1.447962437238734594e+02 7.153698689081640794e+01
1.447028814119005347e+02 7.182538813873861727e+01
1.446095191704289675e+02 7.211378938666082661e+01
1.445161568584559291e+02 7.240219063458303594e+01
1.444227945464828622e+02 7.269059188250527370e+01
1.443294322345099374e+02 7.297899305992596908e+01
1.442360699225368705e+02 7.326739430784817841e+01
1.441427076810653034e+02 7.355579555577038775e+01
1.440493453690923786e+02 7.384419680369262551e+01
1.439559830571193118e+02 7.413259805161483484e+01
1.438626207451462733e+02 7.442099929953702997e+01
1.437692584331732064e+02 7.470940054745923931e+01
1.436758961917017814e+02 7.499780172487997731e+01
1.435825338797287145e+02 7.528620297280218665e+01
1.434891715677556476e+02 7.557460422072439599e+01
1.433958092557827229e+02 7.586300546864660532e+01
1.436746959037210729e+02 7.590621780999423152e+01
1.439765274047518915e+02 7.593431702750785917e+01
1.442783588352812103e+02 7.596241631552295814e+01
1.445801902658105291e+02 7.599051560353808554e+01
1.448820216963398479e+02 7.601861489155319873e+01
1.451838531973706949e+02 7.604671417956832613e+01
1.454856846279000138e+02 7.607481346758345353e+01
1.457875160584293326e+02 7.610291275559858093e+01
1.460893474889586514e+02 7.613101204361367991e+01
1.463911696837919010e+02 7.615921073873911951e+01
1.466929909621057391e+02 7.618741888106508497e+01
1.469948122404196056e+02 7.621562702339105044e+01
1.472966335892348013e+02 7.624383516571701591e+01
1.475984548675486678e+02 7.627204330804298138e+01
1.479002761458625059e+02 7.630025145036894685e+01
1.482020974241763440e+02 7.632845959269494074e+01
1.485039187024900400e+02 7.635666773502090621e+01
1.488057400513054063e+02 7.638487587734687168e+01
1.491075613296192444e+02 7.641308401967283714e+01
1.494093826079329688e+02 7.644129216199880261e+01
1.497112038862468069e+02 7.646950023382329675e+01
1.500130251645606450e+02 7.649770837614926222e+01
1.503148465133759828e+02 7.652591651847522769e+01
1.506166677916897072e+02 7.655412466080119316e+01
1.509184890700035453e+02 7.658233280312715863e+01
1.512203103483173834e+02 7.661054094545312410e+01
1.515221392407928818e+02 7.663866646002502137e+01
1.518240736035073155e+02 7.666563751258900083e+01
1.521260078957202779e+02 7.669260849465152319e+01
1.524279422584347401e+02 7.671957954721550266e+01
1.527298766211491738e+02 7.674655052927801080e+01
1.530318109838636360e+02 7.677352158184199027e+01
1.533337453465780982e+02 7.680049256390451262e+01
1.536356797092925603e+02 7.682746361646849209e+01
1.539376140720070225e+02 7.685443459853100023e+01
1.542395484347214563e+02 7.688140565109499391e+01
1.545414827974359184e+02 7.690837663315750206e+01
1.548434171601503806e+02 7.693534768572152416e+01
1.551453515228648428e+02 7.696231866778400388e+01
1.554472858855792765e+02 7.698928972034801177e+01
1.557492202482937387e+02 7.701626070241049149e+01
1.560511546110082008e+02 7.704323175497451359e+01
1.563530889737226630e+02 7.707020273703699331e+01
1.566550232659355970e+02 7.709717371909950145e+01
1.569569576286500592e+02 7.712414477166349513e+01
1.572588919913645213e+02 7.715111575372600328e+01
1.575608263540789835e+02 7.717808680628998275e+01
1.578627607167935594e+02 7.720505778835249089e+01
1.581646950795080215e+02 7.723202884091648457e+01
1.584666294422224553e+02 7.725899982297899271e+01
1.587685638049369174e+02 7.728597087554297218e+01
1.590705969402481230e+02 7.731179479825475198e+01
1.593726982505067156e+02 7.733682649564850919e+01
1.596747995607653081e+02 7.736185819304226641e+01
1.599769008710239007e+02 7.738688989043599520e+01
1.602790021812823511e+02 7.741192158782976662e+01
1.605811034915409437e+02 7.743695328522349541e+01
1.608832048017995646e+02 7.746198505311875238e+01
1.611853061120581572e+02 7.748701675051248117e+01
1.614874074223166076e+02 7.751204844790625259e+01
1.617895087325752002e+02 7.753708014529998138e+01
1.620916101133353209e+02 7.756211184269373859e+01
1.623937114235937713e+02 7.758714354008746739e+01
1.626958127338523639e+02 7.761217523748123881e+01
1.629979140441109564e+02 7.763720700537646735e+01
1.633000153543695490e+02 7.766223870277022456e+01
1.636021166646280278e+02 7.768727040016398178e+01
1.639042179748866204e+02 7.771230209755772478e+01
1.642063192851452129e+02 7.773733379495148199e+01
1.645084205954038055e+02 7.776236549234521078e+01
1.648105219056622843e+02 7.778739718973896800e+01
1.651126232864223766e+02 7.781242888713269679e+01
1.654147245966809692e+02 7.783746065502796796e+01
1.657168259069395617e+02 7.786249235242169675e+01
1.660189272171980406e+02 7.788752404981545396e+01
1.663210285274566331e+02 7.791255574720922539e+01
1.666231298377152257e+02 7.793758744460295418e+01
1.669252311479738182e+02 7.796261914199671139e+01
1.672273324582322971e+02 7.798765083939044018e+01
1.675294337684908896e+02 7.801268260728571136e+01
1.678316807348414841e+02 7.803585369968095620e+01
1.681339974271724316e+02 7.805813414666889116e+01
1.684363141195032654e+02 7.808041459365679771e+01
1.687386308118341844e+02 7.810269511114618979e+01
1.690409474336635185e+02 7.812497555813409633e+01
1.693432641259944376e+02 7.814725600512203130e+01
1.696455808183252714e+02 7.816953645210992363e+01
1.699478975106562189e+02 7.819181689909783017e+01
1.702502141324855245e+02 7.821409734608576514e+01
1.705525308248164720e+02 7.823637779307365747e+01
1.708548475171472774e+02 7.825865824006156402e+01
1.711571642094781112e+02 7.828093868704948477e+01
1.714594809018090302e+02 7.830321913403739131e+01
1.717617975236383643e+02 7.832549958102529786e+01
1.720641142159693118e+02 7.834778009851468994e+01
1.723664309083001172e+02 7.837006054550262490e+01
1.726687476006310646e+02 7.839234099249053145e+01
1.729710642929618700e+02 7.841462143947842378e+01
1.732733809147913178e+02 7.843690188646635875e+01
1.735756976071221231e+02 7.845918233345425108e+01
1.738780142994529569e+02 7.848146278044215762e+01
1.741803309917839044e+02 7.850374322743009259e+01
1.744826476841147098e+02 7.852602367441798492e+01
1.747849643059441576e+02 7.854830412140589146e+01
1.750872809982749629e+02 7.857058456839382643e+01
1.753895976906059104e+02 7.859286508588321851e+01
1.756919143829367158e+02 7.861514553287112506e+01
1.759942310047661636e+02 7.863742597985901739e+01
1.762965476970969689e+02 7.865970642684695235e+01
1.765988643894279164e+02 7.868198687383485890e+01
1.769011810817587502e+02 7.870426732082275123e+01
1.772036329959601915e+02 7.872453283503601540e+01
1.775062159019425394e+02 7.874284602180360082e+01
1.778087988079247452e+02 7.876115913806971491e+01
1.781113817139070647e+02 7.877947232483732876e+01
1.784139646198892706e+02 7.879778544110340022e+01
1.787165475258716185e+02 7.881609862787101406e+01
1.790191304318538243e+02 7.883441174413712815e+01
1.793217134083376436e+02 7.885272486040324225e+01
1.796242963143199916e+02 7.887103804717081346e+01
1.799268792203021974e+02 7.888935116343692755e+01
1.802294621262845169e+02 7.890766435020454139e+01
1.805320450322667227e+02 7.892597746647065549e+01
1.808346279382490707e+02 7.894429065323824091e+01
1.811372108442312765e+02 7.896260376950434079e+01
1.814397937502135960e+02 7.898091688577045488e+01
1.817423767266973300e+02 7.899923007253804030e+01
1.820449596326796495e+02 7.901754318880415440e+01
1.823475425386618554e+02 7.903585637557176824e+01
1.826501254446442033e+02 7.905416949183786812e+01
1.829527083506265228e+02 7.907248267860545354e+01
1.832552912566087286e+02 7.909079579487156764e+01
1.835578741625910766e+02 7.910910891113768173e+01
1.838604571390747822e+02 7.912742209790529557e+01
1.841630400450571017e+02 7.914573521417136703e+01
1.844656229510393075e+02 7.916404840093898088e+01
1.847682058570216554e+02 7.918236151720509497e+01
1.850707887630038613e+02 7.920067470397268039e+01
1.853733716689861808e+02 7.921898782023879448e+01
1.856759545749685287e+02 7.923730093650489437e+01
1.859785374809507346e+02 7.925561412327250821e+01
1.862811204574345538e+02 7.927392723953862230e+01
1.865837859911709415e+02 7.929060253553571158e+01
1.868866752261561999e+02 7.930284589594796785e+01
1.871895644611414582e+02 7.931508925636022411e+01
1.874924536961267165e+02 7.932733261677250880e+01
1.877953429311119748e+02 7.933957597718475085e+01
1.880982322365987613e+02 7.935181933759703554e+01
1.884011214715841334e+02 7.936406276851079156e+01
1.887040107065693917e+02 7.937630612892304782e+01
1.890068999415546784e+02 7.938854948933533251e+01
1.893097891765399368e+02 7.940079284974758878e+01
1.896126784115251951e+02 7.941303621015984504e+01
1.899155676465105955e+02 7.942527957057212973e+01
1.902184568814958538e+02 7.943752293098437178e+01
1.905213461164811122e+02 7.944976629139665647e+01
1.908242353514663705e+02 7.946200965180891274e+01
1.911271245864516288e+02 7.947425301222116900e+01
1.914300138214368872e+02 7.948649644313495344e+01
1.917329031269237873e+02 7.949873980354720970e+01
1.920357923619090457e+02 7.951098316395946597e+01
1.923386815968943040e+02 7.952322652437175066e+01
1.926415708318795907e+02 7.953546988478400692e+01
1.929444600668648491e+02 7.954771324519629161e+01
1.932473493018501074e+02 7.955995660560853366e+01
1.935502385368354794e+02 7.957219996602078993e+01
1.938531277718207662e+02 7.958444332643307462e+01
1.941560170068060245e+02 7.959668668684533088e+01
1.944589062417912828e+02 7.960893011775908690e+01
1.947617954767765411e+02 7.962117347817137158e+01
1.950646847117617995e+02 7.963341683858362785e+01
1.953676074349579892e+02 7.964422930061958539e+01
1.956707378555634023e+02 7.964616907879882035e+01
1.959738682056672872e+02 7.964810885697802689e+01
1.962769986262727002e+02 7.965004863515727607e+01
1.965801289763765851e+02 7.965198841333651103e+01
1.968832593969819698e+02 7.965392819151574599e+01
1.971863897470858831e+02 7.965586796969495254e+01
1.974895201676911540e+02 7.965780767737268775e+01
1.977926505177950389e+02 7.965974745555192271e+01
1.980957809384004236e+02 7.966168723373115768e+01
1.983989112885043369e+02 7.966362701191036422e+01
1.987020417091097215e+02 7.966556679008959918e+01
1.990051720592136064e+02 7.966750656826883414e+01
1.993083024798190195e+02 7.966944627594656936e+01
1.996114328299227907e+02 7.967138605412581853e+01
1.999145632505281753e+02 7.967332583230501086e+01
2.002176936006320602e+02 7.967526561048426004e+01
2.005208239507359735e+02 7.967720538866349500e+01
2.008239543713413582e+02 7.967914516684272996e+01
2.011270847214452431e+02 7.968108487452043676e+01
2.014302151420506561e+02 7.968302465269967172e+01
2.017333454921543989e+02 7.968496443087890668e+01
2.020364759127598120e+02 7.968690420905814165e+01
2.023396062628636969e+02 7.968884398723734819e+01
2.026427366834691099e+02 7.969078376541658315e+01
2.029457025535811852e+02 7.968692183443229737e+01
2.032482362495189250e+02 7.966781212175537519e+01
2.035507698749549945e+02 7.964870247957996696e+01
2.038533035708925922e+02 7.962959276690304478e+01
2.041558371963286902e+02 7.961048312472762234e+01
2.044583708217647882e+02 7.959137341205071436e+01
2.047609045177023859e+02 7.957226376987529193e+01
2.050634381431384838e+02 7.955315405719836974e+01
2.053659718390760816e+02 7.953404441502293309e+01
2.056685054645121795e+02 7.951493470234603933e+01
2.059710391604497772e+02 7.949582498966910293e+01
2.062735727858859889e+02 7.947671534749368050e+01
2.065761064113220868e+02 7.945760563481675831e+01
2.068786401072596846e+02 7.943849599264136430e+01
2.071811737326957825e+02 7.941938627996442790e+01
2.074837074286333802e+02 7.940027663778900546e+01
2.077862410540694782e+02 7.938116692511211170e+01
2.080887746795055477e+02 7.936205728293667505e+01
2.083913083754431455e+02 7.934294757025975287e+01
2.086852205138551426e+02 7.927352164442828553e+01
2.089768583444862600e+02 7.919082240181980126e+01
2.092684961751173773e+02 7.910812315921131699e+01
2.095601340057484947e+02 7.902542391660283272e+01
2.098517719068809981e+02 7.894272467399433424e+01
2.101434097375121439e+02 7.886002543138582155e+01
2.104350475681432613e+02 7.877732618877733728e+01
2.107266853987742650e+02 7.869462694616885301e+01
2.110183232294053823e+02 7.861192770356036874e+01
2.113099610600364997e+02 7.852922846095188447e+01
2.115383361351730684e+02 7.835727291353610724e+01
2.117129675668947471e+02 7.810949145542464578e+01
2.118875990691178970e+02 7.786170999731322695e+01
2.120622305008395472e+02 7.761392853920179391e+01
2.122368620030627255e+02 7.736614715159184641e+01
2.124114934347843757e+02 7.711836569348041337e+01
2.125861249370075541e+02 7.687058423536895191e+01
2.127607563687292043e+02 7.662280277725753308e+01
2.129353878709523542e+02 7.637502138964757137e+01
2.131100193026740328e+02 7.612723993153615254e+01
2.132846508048971828e+02 7.587945847342471950e+01
2.134592822366189750e+02 7.563167701531325804e+01
2.136339137388421250e+02 7.538389555720183921e+01
2.138085451705638036e+02 7.513611416959187750e+01
2.139831766727869535e+02 7.488833271148045867e+01
2.141578081045086037e+02 7.464055125336902563e+01
2.143324396067317821e+02 7.439276979525756417e+01
2.145070710384534323e+02 7.414498840764764509e+01
2.146817025406766106e+02 7.389720694953618363e+01
2.148511203867199697e+02 7.364606327504881733e+01
2.150047951780565256e+02 7.338476675052827147e+01
2.151584698988916955e+02 7.312347022600773983e+01
2.153121446197268654e+02 7.286217370148719397e+01
2.154658194110634213e+02 7.260087724746816207e+01
2.156194941318985911e+02 7.233958072294761621e+01
2.157731688527337610e+02 7.207828419842708456e+01
2.159268436440704306e+02 7.181698767390653870e+01
2.160805183649054868e+02 7.155569121988750680e+01
2.162341931562421564e+02 7.129439469536696095e+01
2.163878678770773263e+02 7.103309817084642930e+01
2.165415425979123825e+02 7.077180164632588344e+01
2.166952173892490521e+02 7.051050519230685154e+01
2.168488921100842219e+02 7.024920866778627726e+01
2.170025668309192781e+02 6.998791214326574561e+01
2.171562416222559477e+02 6.972661561874519975e+01
2.173099163430911176e+02 6.946531916472616786e+01
2.174635910639262875e+02 6.920402264020563621e+01
2.176172658552628434e+02 6.894272611568509035e+01
2.177709405760980133e+02 6.868142959116454449e+01
2.179169842149341321e+02 6.841606231022660722e+01
2.180484168415956105e+02 6.814290066582340444e+01
2.181798494682569469e+02 6.786973909192170140e+01
2.183112820949184254e+02 6.759657751802001258e+01
2.184427147215797618e+02 6.732341587361680979e+01
2.185741472777397121e+02 6.705025429971507833e+01
2.187055799044011906e+02 6.677709265531187555e+01
2.188370125310625269e+02 6.650393108141018672e+01
2.189684451577240054e+02 6.623076950750848368e+01
2.190998777843853418e+02 6.595760786310528090e+01
2.192313104110468203e+02 6.568444628920359207e+01
2.193627429672066569e+02 6.541128471530188904e+01
2.194941755938681354e+02 6.513812307089868625e+01
2.196256082205294717e+02 6.486496149699699743e+01
2.197570408471909502e+02 6.459179992309526597e+01
2.198884734738522866e+02 6.431863827869206318e+01
2.200199061005137651e+02 6.404547670479036015e+01
2.201513387271752151e+02 6.377231506038716446e+01
2.202827712833350517e+02 6.349915348648546853e+01
2.204142039099965302e+02 6.322599191258377260e+01
2.205456365366578666e+02 6.295283026818056982e+01
2.206681663753235512e+02 6.267581395444724279e+01
2.207774377730279127e+02 6.239305684484350678e+01
2.208867091707323027e+02 6.211029980574127052e+01
2.209959804979351645e+02 6.182754276663900583e+01
2.211052518956393840e+02 6.154478565703526982e+01
2.212145232933437740e+02 6.126202861793303356e+01
2.213237946910481355e+02 6.097927157883079730e+01
2.214330660887524971e+02 6.069651446922706128e+01
2.215423374159553589e+02 6.041375743012482502e+01
2.216516088136597205e+02 6.013100039102258876e+01
2.217608802113641104e+02 5.984824328141885275e+01
2.218701516090684720e+02 5.956548624231658096e+01
2.219794229362713338e+02 5.928272913271284494e+01
2.220886943339756954e+02 5.899997209361060868e+01
2.221979657316800569e+02 5.871721505450837242e+01
2.223072371293844469e+02 5.843445794490463641e+01
2.224165084565873087e+02 5.815170090580240014e+01
2.225257798542916703e+02 5.786894386670017099e+01
2.226350512519960319e+02 5.758618675709642787e+01
2.227443226497003934e+02 5.730342971799419161e+01
2.228535939769032836e+02 5.702067267889192692e+01
2.229628653746076452e+02 5.673791556928819091e+01
2.230721367723120068e+02 5.645515853018595465e+01
2.231607392462391601e+02 5.616526906617065862e+01
2.232491051171436141e+02 5.587529789092072718e+01
2.233374709880480395e+02 5.558532671567076733e+01
2.234258368589523513e+02 5.529535561092234275e+01
2.235142027298567768e+02 5.500538443567238289e+01
2.236025686007612308e+02 5.471541333092395831e+01
2.236909344716656562e+02 5.442544215567402688e+01
2.237793003425699681e+02 5.413547098042406702e+01
2.238676662134743935e+02 5.384549987567564244e+01
2.239560320843788475e+02 5.355552870042568259e+01
2.240443979552831593e+02 5.326555759567725090e+01
2.241327638261875848e+02 5.297558642042729105e+01
2.242211296970920102e+02 5.268561531567886647e+01
2.243094955679964642e+02 5.239564414042894214e+01
2.243978614389007760e+02 5.210567296517897518e+01
2.244862273098052015e+02 5.181570186043055060e+01
2.245745931807096269e+02 5.152573068518059074e+01
2.246629590516140809e+02 5.123575958043216616e+01
2.247513249225183927e+02 5.094578840518223473e+01
2.248396907934228182e+02 5.065581722993227487e+01
2.249280566643272721e+02 5.036584612518385029e+01
2.250164225352316976e+02 5.007587494993389043e+01
2.251047884061360094e+02 4.978590384518546585e+01
2.251931542770404349e+02 4.949593266993550600e+01
2.252689290741509751e+02 4.920256402756132275e+01
2.253384264885000903e+02 4.890750144572673719e+01
2.254079239028492054e+02 4.861243893439367980e+01
2.254774213171983206e+02 4.831737642306062952e+01
2.255469187315472936e+02 4.802231384122603686e+01
2.256164162163979086e+02 4.772725132989298658e+01
2.256859136307470237e+02 4.743218881855990077e+01
2.257554110450960252e+02 4.713712623672534363e+01
2.258249084594451119e+02 4.684206372539228624e+01
2.258944058737942271e+02 4.654700121405920044e+01
2.259639032881432286e+02 4.625193863222464330e+01
2.260334007024923437e+02 4.595687612089159302e+01
2.261028981168414305e+02 4.566181360955850721e+01
2.261723955311904319e+02 4.536675102772395007e+01
2.262418929455395471e+02 4.507168851639089269e+01
2.263113903598886623e+02 4.477662593455630713e+01
2.263808878447391351e+02 4.448156342322324974e+01
2.264503852590882502e+02 4.418650091189016393e+01
2.265198826734373654e+02 4.389143833005560680e+01
2.265893800877863384e+02 4.359637581872254941e+01
2.266588775021354536e+02 4.330131330738946360e+01
2.267283749164845688e+02 4.300625072555490647e+01
2.267978723308335418e+02 4.271118821422185619e+01
2.268673697451826570e+02 4.241612570288877038e+01
2.269368671595317721e+02 4.212106312105421324e+01
2.270063645738807736e+02 4.182600060972115585e+01
2.270756947586798447e+02 4.153090355265469924e+01
2.271287241514319248e+02 4.123244131814946911e+01
2.271817536146856469e+02 4.093397915414574584e+01
2.272347830074378408e+02 4.063551699014201546e+01
2.272878124706914491e+02 4.033705482613829219e+01
2.273408418634436430e+02 4.003859266213456891e+01
2.273938713266973650e+02 3.974013049813084564e+01
2.274469007899510871e+02 3.944166826362561551e+01
2.274999301827031672e+02 3.914320609962189224e+01
2.275529596459568609e+02 3.884474393561813343e+01
2.276059890387090832e+02 3.854628177161441016e+01
2.276590185019626631e+02 3.824781960761067978e+01
2.277120478947148854e+02 3.794935737310545676e+01
2.277650773579685790e+02 3.765089520910172638e+01
2.278181067507206876e+02 3.735243304509800311e+01
2.278711362139743812e+02 3.705397088109427983e+01
2.279241656772281033e+02 3.675550871709054945e+01
2.279771950699802971e+02 3.645704648258532643e+01
2.280302245332339055e+02 3.615858431858156763e+01
2.280832539259860994e+02 3.586012215457784436e+01
2.281362833892398214e+02 3.556165999057411398e+01
2.281893127819919016e+02 3.526319782657039070e+01
2.282423422452456236e+02 3.496473559206516057e+01
2.282953716379978175e+02 3.466627342806143730e+01
2.283484011012514259e+02 3.436781126405771403e+01
2.284014305645051195e+02 3.406934910005398365e+01
2.284544599572573418e+02 3.377088693605023195e+01
2.285074894205109217e+02 3.347242470154503025e+01
2.285605188132631440e+02 3.317396253754127855e+01
2.286135482765168376e+02 3.287550037353754817e+01
2.286580994412861116e+02 3.257573576488444189e+01
2.286970991772050468e+02 3.227511844062916424e+01
2.287360989131240103e+02 3.197450104587241526e+01
2.287750987195443315e+02 3.167388365111563431e+01
2.288140984554632666e+02 3.137326625635888178e+01
2.288530981913822302e+02 3.107264886160210082e+01
2.288920979273011653e+02 3.077203146684535184e+01
2.289310976632199868e+02 3.047141407208857089e+01
2.289700973991389219e+02 3.017079674783332166e+01
2.290090971350578855e+02 2.987017935307654071e+01
2.290480968709768206e+02 2.956956195831979173e+01
2.290870966068957841e+02 2.926894456356301077e+01
2.291260963428146056e+02 2.896832716880625824e+01
2.291650960787335407e+02 2.866770977404947729e+01
2.292040958146524758e+02 2.836709237929272831e+01
2.292430956210729391e+02 2.806647505503745066e+01
2.292820953569917606e+02 2.776585766028066615e+01
2.293210950929106957e+02 2.746524026552391717e+01
2.293600948288296308e+02 2.716462287076713622e+01
2.293990945647485944e+02 2.686400547601038724e+01
2.294380943006675295e+02 2.656338808125360629e+01
2.294770940365863510e+02 2.626277068649685376e+01
2.295160937725053145e+02 2.596215329174007280e+01
2.295550935084242496e+02 2.566153596748482713e+01
2.295940932443431848e+02 2.536091857272804262e+01
2.296330929802621483e+02 2.506030117797129364e+01
2.296720927161809698e+02 2.475968378321451269e+01
2.297110925226014047e+02 2.445906638845776371e+01
2.297500922585203682e+02 2.415844899370097920e+01
2.297890919944393033e+02 2.385783159894423022e+01
2.298280917303581248e+02 2.355721427468895257e+01
2.298670914662770599e+02 2.325659687993217162e+01
2.299054695199984621e+02 2.295591109872366431e+01
2.299327146823815156e+02 2.265400141153301661e+01
2.299599597742629555e+02 2.235209165384089758e+01
2.299872049366460089e+02 2.205018189614877855e+01
2.300144500990290624e+02 2.174827213845665952e+01
2.300416951909106160e+02 2.144636238076454049e+01
2.300689403532935557e+02 2.114445262307238949e+01
2.300961854451751094e+02 2.084254293588177376e+01
2.301234306075581628e+02 2.054063317818965473e+01
2.301506757699412447e+02 2.023872342049753570e+01
2.301779208618227983e+02 1.993681366280541667e+01
2.302051660242057096e+02 1.963490390511326922e+01
2.302324111160872917e+02 1.933299414742115019e+01
2.302596562784703451e+02 1.903108446023053446e+01
2.302869014408533985e+02 1.872917470253841543e+01
2.303141465327348385e+02 1.842726494484629640e+01
2.303413916951178919e+02 1.812535518715414540e+01
2.303686367869994456e+02 1.782344542946202637e+01
2.303958819493824990e+02 1.752153567176990734e+01
2.304231271117654387e+02 1.721962598457929161e+01
2.304503722036469924e+02 1.691771622688717258e+01
2.304776173660300458e+02 1.661580646919502158e+01
2.305048624579115994e+02 1.631389671150290255e+01
2.305321076202946813e+02 1.601198695381078352e+01
2.305593527826775926e+02 1.571007719611866627e+01
2.305865978745591747e+02 1.540816750892801856e+01
2.306138430369422281e+02 1.510625775123589953e+01
2.306410881288237817e+02 1.480434799354378050e+01
2.306683332912068352e+02 1.450243823585166147e+01
2.306955784535897749e+02 1.420052847815954244e+01
2.307228235454713285e+02 1.389861872046742342e+01
2.307500687078543820e+02 1.359670903327677571e+01
2.307773137997359356e+02 1.329479927558465668e+01
2.308045589621188753e+02 1.299288951789253943e+01
2.308318041245019288e+02 1.269097976020042040e+01
2.308590492163834824e+02 1.238907000250830137e+01
2.308862943787665643e+02 1.208716024481615037e+01
2.309040510267194009e+02 1.178454815121425803e+01
2.309215569008487989e+02 1.148191744521723834e+01
2.309390628454795547e+02 1.117928673922022043e+01
2.309565687901103104e+02 1.087665603322323271e+01
2.309740746642395948e+02 1.057402539772768613e+01
2.309915806088704642e+02 1.027139469173069841e+01
2.310090864829997201e+02 9.968763985733678723e+00
2.310265924276305043e+02 9.666133279736660810e+00
2.310440983722612600e+02 9.363502644241144424e+00
2.310616042463906581e+02 9.060871938244126511e+00
2.310791101910214138e+02 8.758241232247106822e+00
2.310966161356521695e+02 8.455610526250088910e+00
2.311141220097814255e+02 8.152979820253069221e+00
2.311316279544123233e+02 7.850349184757552834e+00
2.311491338990430791e+02 7.547718478760534033e+00
2.311666397731723350e+02 7.245087772763515233e+00
2.311841457178031192e+02 6.942457066766496432e+00
2.312016515919324888e+02 6.639826431270980045e+00
2.312191575365632445e+02 6.337195725273961244e+00
2.312366634811940287e+02 6.034565019276943332e+00
2.312541693553232847e+02 5.731934313279924531e+00
2.312716752999541825e+02 5.429303607282905730e+00
2.312891812445849382e+02 5.126672971787389343e+00
2.313066871187141942e+02 4.824042265790370543e+00
2.313241930633449499e+02 4.521411559793351742e+00
2.313416990079758477e+02 4.218780853796364916e+00
2.313592048821051037e+02 3.916150147799346115e+00
2.313767108267358594e+02 3.613519512303798642e+00
2.313942167008651154e+02 3.310888806306810928e+00
2.314117226454960132e+02 3.008258100309792571e+00
2.314292285901267689e+02 2.705627394312773770e+00
2.314467344642560533e+02 2.402996758817257383e+00
2.314642404088868091e+02 2.100366052820239027e+00
2.314817463535177069e+02 1.797735346823220448e+00
2.314992522276469629e+02 1.495104640826201647e+00
2.315167581722777186e+02 1.192473934829183069e+00
2.315342641169084743e+02 8.898432993336669039e-01
2.315517699910378724e+02 5.872125933366482142e-01
2.315692759356686281e+02 2.845818873396295245e-01
2.315692762881761553e+02 -3.206795246544078548e-01
2.315517706960527562e+02 -6.233102306514265445e-01
2.315342651039295276e+02 -9.259409366484452342e-01
2.315167595118061286e+02 -1.228571642645463813e+00
2.314992539901843998e+02 -1.531202348642451305e+00
2.314817483980610291e+02 -1.833833054639469884e+00
2.314642428059377721e+02 -2.136463760636488907e+00
2.314467372138144015e+02 -2.439094466633507707e+00
2.314292316921926442e+02 -2.741725172630526064e+00
2.314117261000692736e+02 -3.044355878627544865e+00
2.313942205079460166e+02 -3.346986584624563665e+00
2.313767149158226459e+02 -3.649617290621582466e+00
2.313592093236993890e+02 -3.952247996618600823e+00
2.313417038020775180e+02 -4.254878773117122037e+00
2.313241982099542611e+02 -4.557509479114109752e+00
2.313066926178308904e+02 -4.860140185111128552e+00
2.312891870257076334e+02 -5.162770891108146465e+00
2.312716815040857625e+02 -5.465401597105165266e+00
2.312541759119625056e+02 -5.768032303102184066e+00
2.312366703198392486e+02 -6.070663009099202867e+00
2.312191647277158779e+02 -6.373293715096221668e+00
2.312016592060941491e+02 -6.675924421093240468e+00
2.311841536139707500e+02 -6.978555127090243282e+00
2.311666480218475215e+02 -7.281185833087262083e+00
2.311491424297241224e+02 -7.583816539084280883e+00
2.311316368376008938e+02 -7.886447245081299684e+00
2.311141313159790229e+02 -8.189077951078317597e+00
2.310966257238557660e+02 -8.491708657075335509e+00
2.310791201317323953e+02 -8.794339363072339211e+00
2.310616145396091383e+02 -9.096970139570860425e+00
2.310441090179872674e+02 -9.399600845567878338e+00
2.310266034258640104e+02 -9.702231551564898027e+00
2.310090978337406398e+02 -1.000486225756189995e+01
2.309915922416173828e+02 -1.030749296355891964e+01
2.309740867199955119e+02 -1.061012366955593755e+01
2.309565811278722549e+02 -1.091275437555295724e+01
2.309390755357488842e+02 -1.121538508154997515e+01
2.309215699436256273e+02 -1.151801578754699307e+01
2.309040643515023703e+02 -1.182064649354399677e+01
2.308863157407200504e+02 -1.212325922165936554e+01
2.308590709308445241e+02 -1.242516897935150055e+01
2.308318261209689695e+02 -1.272707873704361958e+01
2.308045813815949145e+02 -1.302898856523724014e+01
2.307773365717193599e+02 -1.333089832292935917e+01
2.307500917618438336e+02 -1.363280808062149418e+01
2.307228469519682790e+02 -1.393471790881511474e+01
2.306956022125942241e+02 -1.423662766650723377e+01
2.306683574027186978e+02 -1.453853742419935280e+01
2.306411125928431431e+02 -1.484044718189148782e+01
2.306138677829675885e+02 -1.514235701008510837e+01
2.305866230435935620e+02 -1.544426676777722740e+01
2.305593782337180073e+02 -1.574617652546934643e+01
2.305321334238424527e+02 -1.604808628316148145e+01
2.305048886139668980e+02 -1.634999611135510378e+01
2.304776438745928715e+02 -1.665190586904721926e+01
2.304503990647173168e+02 -1.695381562673933828e+01
2.304231542548417622e+02 -1.725572545493296062e+01
2.303959094449662359e+02 -1.755763521262509386e+01
2.303686647055921810e+02 -1.785954497031721289e+01
2.303414198957166263e+02 -1.816145472800933192e+01
2.303141750858411001e+02 -1.846336455620295425e+01
2.302869302759655454e+02 -1.876527431389508749e+01
2.302596855365914905e+02 -1.906718407158720652e+01
2.302324407267159643e+02 -1.936909382927932555e+01
2.302051959168404096e+02 -1.967100365747294788e+01
2.301779511069648549e+02 -1.997291341516508112e+01
2.301507063675908000e+02 -2.027482317285720015e+01
2.301234615577152738e+02 -2.057673300105082248e+01
2.300962167478397191e+02 -2.087864275874294151e+01
2.300689720084655505e+02 -2.118055251643506054e+01
2.300417271985899959e+02 -2.148246227412719378e+01
2.300144823887144696e+02 -2.178437210232081611e+01
2.299872375788390286e+02 -2.208628186001293514e+01
2.299599928394648600e+02 -2.238819161770505417e+01
2.299327480295893054e+02 -2.269010137539718741e+01
2.299055032197137791e+02 -2.299201120359080974e+01
2.298671399008052845e+02 -2.329269853583226180e+01
2.298281403763908486e+02 -2.359331593058902854e+01
2.297891408519763843e+02 -2.389393339584729503e+01
2.297501413275619484e+02 -2.419455079060406177e+01
2.297111418031476546e+02 -2.449516818536082496e+01
2.296721422787332187e+02 -2.479578565061908080e+01
2.296331427543187829e+02 -2.509640304537584399e+01
2.295941432299043186e+02 -2.539702044013261073e+01
2.295551437054898827e+02 -2.569763783488939168e+01
2.295161441810754468e+02 -2.599825530014764396e+01
2.294771446566610109e+02 -2.629887269490441071e+01
2.294381451322465750e+02 -2.659949008966117745e+01
2.293991456078321391e+02 -2.690010748441794064e+01
2.293601460834177033e+02 -2.720072494967621068e+01
2.293211466295047671e+02 -2.750134234443297743e+01
2.292821471050903313e+02 -2.780195973918974062e+01
2.292431475806758954e+02 -2.810257713394650736e+01
2.292041480562614595e+02 -2.840319459920475964e+01
2.291651485318470236e+02 -2.870381199396154059e+01
2.291261490074327014e+02 -2.900442938871830734e+01
2.290871494830182655e+02 -2.930504678347507408e+01
2.290481499586038296e+02 -2.960566424873332636e+01
2.290091504341893938e+02 -2.990628164349009310e+01
2.289701509097749579e+02 -3.020689903824685629e+01
2.289311513853604936e+02 -3.050751650350512634e+01
2.288921518609460577e+02 -3.080813389826189308e+01
2.288531523365316218e+02 -3.110875129301865627e+01
2.288141528121171859e+02 -3.140936868777542301e+01
2.287751532877027500e+02 -3.170998615303369306e+01
2.287361537632883142e+02 -3.201060354779045980e+01
2.286971542388738783e+02 -3.231122094254722299e+01
2.286581547144594424e+02 -3.261183833730398618e+01
2.286136235016137448e+02 -3.291160604802293932e+01
2.285605940383600228e+02 -3.321006821202667680e+01
2.285075645751064428e+02 -3.350853037603040718e+01
2.284545351118527492e+02 -3.380699254003413046e+01
2.284015055780976411e+02 -3.410545470403787505e+01
2.283484761148439475e+02 -3.440391686804159832e+01
2.282954466515902254e+02 -3.470237903204532159e+01
2.282424171178351457e+02 -3.500084119604906618e+01
2.281893876545814237e+02 -3.529930336005278946e+01
2.281363581913277017e+02 -3.559776552405651273e+01
2.280833287280740080e+02 -3.589622768806024311e+01
2.280302991943188999e+02 -3.619468985206398060e+01
2.279772697310652063e+02 -3.649315201606770387e+01
2.279242402678115980e+02 -3.679161418007143425e+01
2.278712107340564046e+02 -3.709007641457665727e+01
2.278181812708026825e+02 -3.738853857858040186e+01
2.277651518075491026e+02 -3.768700074258412513e+01
2.277121223442953806e+02 -3.798546290658785551e+01
2.276590928105401588e+02 -3.828392507059157879e+01
2.276060633472865788e+02 -3.858238723459531627e+01
2.275530338840328568e+02 -3.888084939859904665e+01
2.275000043502776634e+02 -3.917931156260276992e+01
2.274469748870240551e+02 -3.947777372660651451e+01
2.273939454237703615e+02 -3.977623589061023779e+01
2.273409159605166394e+02 -4.007469805461396106e+01
2.272878864267615597e+02 -4.037316021861768434e+01
2.272348569635078377e+02 -4.067162238262142893e+01
2.271818275002541156e+02 -4.097008454662515220e+01
2.271287979664990360e+02 -4.126854671062888258e+01
2.270757685032453139e+02 -4.156700887463262006e+01
2.270064608084237818e+02 -4.186211058479782565e+01
2.269369629005642821e+02 -4.215717302562940461e+01
2.268674650632061400e+02 -4.245223546646097645e+01
2.267979671553466403e+02 -4.274729790729254120e+01
2.267284692474870269e+02 -4.304236027762262040e+01
2.266589714101290269e+02 -4.333742271845419225e+01
2.265894735022695272e+02 -4.363248515928575699e+01
2.265199755944098854e+02 -4.392754760011732884e+01
2.264504776865503857e+02 -4.422261004094890779e+01
2.263809798491923857e+02 -4.451767241127897279e+01
2.263114819413327439e+02 -4.481273485211054464e+01
2.262419840334732442e+02 -4.510779729294212359e+01
2.261724861961151305e+02 -4.540285973377369544e+01
2.261029882882556308e+02 -4.569792217460526018e+01
2.260334903803961311e+02 -4.599298454493533939e+01
2.259639924725364892e+02 -4.628804698576691123e+01
2.258944946351784893e+02 -4.658310942659847598e+01
2.258249967273189895e+02 -4.687817186743004072e+01
2.257554988194593477e+02 -4.717323430826162678e+01
2.256860009821013477e+02 -4.746829667859169177e+01
2.256165030742417343e+02 -4.776335911942327783e+01
2.255470051663822346e+02 -4.805842156025484257e+01
2.254775072585227349e+02 -4.835348400108640732e+01
2.254080094211645928e+02 -4.864854644191797917e+01
2.253385115133050931e+02 -4.894360881224805837e+01
2.252690136054455934e+02 -4.923867125307962311e+01
2.251932610163064510e+02 -4.953204595858255033e+01
2.251048941583810006e+02 -4.982201678132499723e+01
2.250165273004556354e+02 -5.011198760406746544e+01
2.249281605130317985e+02 -5.040195849731141209e+01
2.248397936551064618e+02 -5.069192932005387320e+01
2.247514267971810966e+02 -5.098190014279632010e+01
2.246630599392557599e+02 -5.127187103604027385e+01
2.245746930813304232e+02 -5.156184185878273496e+01
2.244863262939065578e+02 -5.185181268152518186e+01
2.243979594359812211e+02 -5.214178357476913561e+01
2.243095925780558844e+02 -5.243175439751159672e+01
2.242212257201305476e+02 -5.272172522025406494e+01
2.241328588622050688e+02 -5.301169611349801158e+01
2.240444920042797037e+02 -5.330166693624045848e+01
2.239561252168558667e+02 -5.359163782948441224e+01
2.238677583589305300e+02 -5.388160865222687335e+01
2.237793915010051933e+02 -5.417157947496932024e+01
2.236910246430798281e+02 -5.446155036821328821e+01
2.236026577851544914e+02 -5.475152119095573511e+01
2.235142909272291547e+02 -5.504149201369819622e+01
2.234259241398052893e+02 -5.533146290694214997e+01
2.233375572818799526e+02 -5.562143372968459687e+01
2.232491904239544738e+02 -5.591140455242705798e+01
2.231608235660291371e+02 -5.620137544567101173e+01
2.230722398455001496e+02 -5.649127139582400048e+01
2.229629669672643502e+02 -5.677402794141576692e+01
2.228536941595300505e+02 -5.705678441650604782e+01
2.227444212812942510e+02 -5.733954096209781426e+01
2.226351484735599797e+02 -5.762229743718807384e+01
2.225258756658256800e+02 -5.790505391227833343e+01
2.224166027875898806e+02 -5.818781045787009987e+01
2.223073299798555809e+02 -5.847056693296038077e+01
2.221980571016197814e+02 -5.875332340805064035e+01
2.220887842938855101e+02 -5.903607995364240679e+01
2.219795114861512104e+02 -5.931883642873266638e+01
2.218702386079154110e+02 -5.960159297432443282e+01
2.217609658001811113e+02 -5.988434944941470661e+01
2.216516929924468400e+02 -6.016710592450497330e+01
2.215424201142110405e+02 -6.044986247009673974e+01
2.214331473064767408e+02 -6.073261894518699933e+01
2.213238744282409414e+02 -6.101537549077876577e+01
2.212146016205066417e+02 -6.129813196586903956e+01
2.211053288127723704e+02 -6.158088844095930625e+01
2.209960559345365709e+02 -6.186364498655106559e+01
2.208867831268022712e+02 -6.214640146164133228e+01
2.207775102485664718e+02 -6.242915793673160607e+01
2.206682374408321721e+02 -6.271191448232337251e+01
2.205457202924359592e+02 -6.298893629517343840e+01
2.204142859737385436e+02 -6.326209709355867261e+01
2.202828516550412701e+02 -6.353525789194392104e+01
2.201514173363439966e+02 -6.380841861982766972e+01
2.200199830176465809e+02 -6.408157941821289683e+01
2.198885486989493074e+02 -6.435474021659814525e+01
2.197571143802519202e+02 -6.462790101498337947e+01
2.196256800615546183e+02 -6.490106181336862790e+01
2.194942457428573448e+02 -6.517422254125236236e+01
2.193628114241599576e+02 -6.544738333963761079e+01
2.192313771054626841e+02 -6.572054413802284500e+01
2.190999428572667682e+02 -6.599370493640809343e+01
2.189685085385694947e+02 -6.626686566429184211e+01
2.188370742198720791e+02 -6.654002646267706211e+01
2.187056399011748056e+02 -6.681318726106229633e+01
2.185742055824774184e+02 -6.708634805944754476e+01
2.184427712637801164e+02 -6.735950878733129343e+01
2.183113369450828429e+02 -6.763266958571652765e+01
2.181799026263854557e+02 -6.790583038410177608e+01
2.180484683076881538e+02 -6.817899118248701029e+01
2.179170339889907666e+02 -6.845215198087225872e+01
2.177709971182983963e+02 -6.871752285738652688e+01
2.176173209169317886e+02 -6.897881853588910417e+01
2.174636446450636811e+02 -6.924011414389019592e+01
2.173099684436970733e+02 -6.950140975189127346e+01
2.171562921718291079e+02 -6.976270543039386496e+01
2.170026159704625002e+02 -7.002400103839494250e+01
2.168489397690959208e+02 -7.028529664639603425e+01
2.166952634972279270e+02 -7.054659232489859733e+01
2.165415872958613477e+02 -7.080788793289968908e+01
2.163879110239932402e+02 -7.106918354090076662e+01
2.162342348226266324e+02 -7.133047921940334390e+01
2.160805586212601668e+02 -7.159177482740443565e+01
2.159268823493920593e+02 -7.185307050590701294e+01
2.157732061480254515e+02 -7.211436611390810469e+01
2.156195298761574861e+02 -7.237566172190916802e+01
2.154658536747908784e+02 -7.263695740041175952e+01
2.153121774734242706e+02 -7.289825300841283706e+01
2.151585012015561915e+02 -7.315954861641392881e+01
2.150048250001896974e+02 -7.342084429491650610e+01
2.148511487283215899e+02 -7.368213990291758364e+01
2.146817338433410782e+02 -7.393328548094537211e+01
2.145071017066045158e+02 -7.418106651604782087e+01
2.143324695698678397e+02 -7.442884748064878409e+01
2.141578375036326634e+02 -7.467662844524974730e+01
2.139832053668961009e+02 -7.492440948035221027e+01
2.138085732301593964e+02 -7.517219044495317348e+01
2.136339411639243622e+02 -7.541997140955412249e+01
2.134593090271876576e+02 -7.566775244465658545e+01
2.132846769609524813e+02 -7.591553340925756288e+01
2.131100448242159189e+02 -7.616331437385851189e+01
2.129354126874792428e+02 -7.641109540896097485e+01
2.127607806212440664e+02 -7.665887637356192386e+01
2.125861484845075040e+02 -7.690665733816290128e+01
2.124115163477708279e+02 -7.715443837326536425e+01
2.122368842815356231e+02 -7.740221933786631325e+01
2.120622521447990607e+02 -7.765000030246729068e+01
2.118876200080623846e+02 -7.789778133756972522e+01
2.117129879418272083e+02 -7.814556230217070265e+01
2.115383558050906458e+02 -7.839334326677166587e+01
2.113099936317279059e+02 -7.856531799059452226e+01
2.110183565061118145e+02 -7.864801963025391274e+01
2.107267193804957230e+02 -7.873072126991327480e+01
2.104350821843781034e+02 -7.881342283907117974e+01
2.101434450587620120e+02 -7.889612447873054180e+01
2.098518078626442787e+02 -7.897882611838990385e+01
2.095601707370281872e+02 -7.906152775804929433e+01
2.092685335409105676e+02 -7.914422939770867060e+01
2.089768964152944761e+02 -7.922693103736806108e+01
2.086852592191768849e+02 -7.930963267702743735e+01
2.083913491253082100e+02 -7.937906981259686745e+01
2.080888157113766397e+02 -7.939818312085010632e+01
2.077862822974450410e+02 -7.941729642910334519e+01
2.074837488835134707e+02 -7.943640973735659827e+01
2.071812153990802301e+02 -7.945552304560983714e+01
2.068786819851486598e+02 -7.947463642436457576e+01
2.065761485712170611e+02 -7.949374973261784305e+01
2.062736151572854908e+02 -7.951286304087108192e+01
2.059710817433537784e+02 -7.953197634912434921e+01
2.056685483294221797e+02 -7.955108965737758808e+01
2.053660148449890812e+02 -7.957020303613232670e+01
2.050634814310575109e+02 -7.958931634438557978e+01
2.047609480171257985e+02 -7.960842965263881865e+01
2.044584146031941998e+02 -7.962754296089205752e+01
2.041558811892626295e+02 -7.964665626914531060e+01
2.038533477753310308e+02 -7.966576957739856368e+01
2.035508143613993184e+02 -7.968488295615331651e+01
2.032482808769662483e+02 -7.970399626440655538e+01
2.029457474630346496e+02 -7.972310957265980846e+01
2.026427817339254318e+02 -7.972697827178778596e+01
2.023396513133200472e+02 -7.972504215968638164e+01
2.020365208927147762e+02 -7.972310604758497732e+01
2.017333904721093631e+02 -7.972116993548357300e+01
2.014302600515039785e+02 -7.971923382338216868e+01
2.011271297014000936e+02 -7.971729778178226411e+01
2.008239992807946805e+02 -7.971536166968085979e+01
2.005208688601892959e+02 -7.971342555757946968e+01
2.002177384395840249e+02 -7.971148944547805115e+01
1.999146080189786403e+02 -7.970955333337666104e+01
1.996114775983732272e+02 -7.970761722127525672e+01
1.993083472482693423e+02 -7.970568110917385241e+01
1.990052168276639293e+02 -7.970374499707244809e+01
1.987020864070585446e+02 -7.970180888497104377e+01
1.983989559864531600e+02 -7.969987284337113920e+01
1.980958255658478890e+02 -7.969793673126973488e+01
1.977926952157439757e+02 -7.969600061916834477e+01
1.974895647951385911e+02 -7.969406450706692624e+01
1.971864343745332064e+02 -7.969212839496553613e+01
1.968833039539277934e+02 -7.969019228286413181e+01
1.965801735333224087e+02 -7.968825617076272749e+01
1.962770431832186375e+02 -7.968632005866132317e+01
1.959739127626132245e+02 -7.968438394655991885e+01
1.956707823420078398e+02 -7.968244790496001428e+01
1.953676519214024552e+02 -7.968051179285860997e+01
1.950647290572032375e+02 -7.966970412492443643e+01
1.947618396812149797e+02 -7.965746407808249785e+01
1.944589503052267219e+02 -7.964522403124057348e+01
1.941560609292384356e+02 -7.963298398439864911e+01
1.938531715532501778e+02 -7.962074393755673896e+01
1.935502821772619200e+02 -7.960850389071481459e+01
1.932473928012736337e+02 -7.959626384387289022e+01
1.929445034252853759e+02 -7.958402379703096585e+01
1.926416140492969760e+02 -7.957178375018904148e+01
1.923387246733087181e+02 -7.955954370334711712e+01
1.920358352973204319e+02 -7.954730365650519275e+01
1.917329459213321741e+02 -7.953506360966328259e+01
1.914300565453439162e+02 -7.952282356282135822e+01
1.911271671693556300e+02 -7.951058351597944807e+01
1.908242777933673722e+02 -7.949834346913750949e+01
1.905213884173791143e+02 -7.948610342229558512e+01
1.902184990413908281e+02 -7.947386344595516050e+01
1.899156096654025703e+02 -7.946162339911323613e+01
1.896127202894142840e+02 -7.944938335227132598e+01
1.893098309134260262e+02 -7.943714330542938740e+01
1.890069415374377684e+02 -7.942490325858747724e+01
1.887040521614493684e+02 -7.941266321174553866e+01
1.884011627854611106e+02 -7.940042316490362850e+01
1.880982734094728244e+02 -7.938818311806170414e+01
1.877953840334845665e+02 -7.937594307121979398e+01
1.874924946574962803e+02 -7.936370302437786961e+01
1.871896052815080225e+02 -7.935146297753593103e+01
1.868867159055197646e+02 -7.933922293069402087e+01
1.865838265295314784e+02 -7.932698288385208230e+01
1.862811607842906199e+02 -7.931031132443432341e+01
1.859785777373053861e+02 -7.929200088722510031e+01
1.856759946198185673e+02 -7.927369045001586301e+01
1.853734115728333336e+02 -7.925538001280662570e+01
1.850708284553465148e+02 -7.923706957559740260e+01
1.847682454083612811e+02 -7.921875913838817951e+01
1.844656622908744623e+02 -7.920044870117894220e+01
1.841630792438892286e+02 -7.918213826396970489e+01
1.838604961264024098e+02 -7.916382782676046759e+01
1.835579130794171760e+02 -7.914551746005273003e+01
1.832553299619304710e+02 -7.912720702284350693e+01
1.829527469149451235e+02 -7.910889658563426963e+01
1.826501637974584185e+02 -7.909058614842504653e+01
1.823475807504730710e+02 -7.907227571121580922e+01
1.820449977034878657e+02 -7.905396527400657192e+01
1.817424145860010185e+02 -7.903565483679736303e+01
1.814398315390158132e+02 -7.901734439958812573e+01
1.811372484215289660e+02 -7.899903396237888842e+01
1.808346653745437607e+02 -7.898072359567115086e+01
1.805320822570570556e+02 -7.896241315846191355e+01
1.802294992100717081e+02 -7.894410272125269046e+01
1.799269160925850031e+02 -7.892579228404345315e+01
1.796243330455996556e+02 -7.890748184683421584e+01
1.793217499281129506e+02 -7.888917140962499275e+01
1.790191668811276031e+02 -7.887086097241575544e+01
1.787165837636408980e+02 -7.885255053520651813e+01
1.784140007166555506e+02 -7.883424009799730925e+01
1.781114175991688455e+02 -7.881592966078807194e+01
1.778088345521836402e+02 -7.879761929408033438e+01
1.775062515051982928e+02 -7.877930885687109708e+01
1.772036683877115877e+02 -7.876099841966185977e+01
1.769012163325071185e+02 -7.874073558450551502e+01
1.765988994991731715e+02 -7.871845690005501694e+01
1.762965826658393382e+02 -7.869617821560451887e+01
1.759942659030070331e+02 -7.867389960165552054e+01
1.756919490696730577e+02 -7.865162091720502247e+01
1.753896323068407526e+02 -7.862934223275452439e+01
1.750873154735069193e+02 -7.860706354830405473e+01
1.747849986401729723e+02 -7.858478486385355666e+01
1.744826818773406671e+02 -7.856250617940305858e+01
1.741803650440067202e+02 -7.854022756545404604e+01
1.738780482106728869e+02 -7.851794888100356218e+01
1.735757314478405817e+02 -7.849567019655306410e+01
1.732734146145066347e+02 -7.847339151210256603e+01
1.729710977811728014e+02 -7.845111282765208216e+01
1.726687810183404963e+02 -7.842883414320158408e+01
1.723664641850065493e+02 -7.840655552925258576e+01
1.720641473516727160e+02 -7.838427684480210189e+01
1.717618305888404109e+02 -7.836199816035160381e+01
1.714595137555064639e+02 -7.833971947590110574e+01
1.711571969221726306e+02 -7.831744079145060766e+01
1.708548801593401834e+02 -7.829516210700012380e+01
1.705525633260063501e+02 -7.827288349305112547e+01
1.702502464926725452e+02 -7.825060480860062739e+01
1.699479297298400979e+02 -7.822832612415014353e+01
1.696456128965062646e+02 -7.820604743969964545e+01
1.693432961336739595e+02 -7.818376875524914738e+01
1.690409793003400125e+02 -7.816149014130014905e+01
1.687386624670061792e+02 -7.813921145684965097e+01
1.684363457041738741e+02 -7.811693277239915290e+01
1.681340288708399271e+02 -7.809465408794865482e+01
1.678317120375060938e+02 -7.807237540349818516e+01
1.675294650006538575e+02 -7.804920586213583533e+01
1.672273636198938789e+02 -7.802417444674806291e+01
1.669252623096352863e+02 -7.799914303136030469e+01
1.666231609288751940e+02 -7.797411161597256068e+01
1.663210596186166015e+02 -7.794908027108627380e+01
1.660189582378566229e+02 -7.792404885569852979e+01
1.657168569275980303e+02 -7.789901744031075737e+01
1.654147556173394378e+02 -7.787398602492298494e+01
1.651126542365794592e+02 -7.784895460953524093e+01
1.648105529263208666e+02 -7.782392319414746851e+01
1.645084515455607743e+02 -7.779889184926121004e+01
1.642063502353021818e+02 -7.777386043387345183e+01
1.639042488545422032e+02 -7.774882901848567940e+01
1.636021475442836106e+02 -7.772379760309792118e+01
1.633000461635235183e+02 -7.769876618771016297e+01
1.629979448532650395e+02 -7.767373477232240475e+01
1.626958434725049472e+02 -7.764870335693463232e+01
1.623937421622463546e+02 -7.762367201204838807e+01
1.620916408519877621e+02 -7.759864059666060143e+01
1.617895394712277835e+02 -7.757360918127284322e+01
1.614874381609691909e+02 -7.754857776588509921e+01
1.611853367802090986e+02 -7.752354635049732678e+01
1.608832354699506197e+02 -7.749851493510956857e+01
1.605811340891905274e+02 -7.747348359022329589e+01
1.602790327789319349e+02 -7.744845217483552346e+01
1.599769313981718426e+02 -7.742342075944777946e+01
1.596748300879133637e+02 -7.739838934406000703e+01
1.593727287776547712e+02 -7.737335792867224882e+01
1.590706273968946789e+02 -7.734832651328449060e+01
1.587685943320848594e+02 -7.732250209706224098e+01
1.584666601808749249e+02 -7.729552878845035480e+01
1.581647260296649620e+02 -7.726855547983846861e+01
1.578627918784550275e+02 -7.724158224172808218e+01
1.575608577272450930e+02 -7.721460893311616758e+01
1.572589235760351301e+02 -7.718763569500578114e+01
1.569569894248250534e+02 -7.716066238639389496e+01
1.566550552736151189e+02 -7.713368914828350853e+01
1.563531211224051560e+02 -7.710671583967160814e+01
1.560511869711952215e+02 -7.707974260156122170e+01
1.557492527494837589e+02 -7.705276929294933552e+01
1.554473185982738244e+02 -7.702579598433743513e+01
1.551453844470637478e+02 -7.699882274622704870e+01
1.548434502958537848e+02 -7.697184943761516251e+01
1.545415161446438503e+02 -7.694487619950474766e+01
1.542395819934338874e+02 -7.691790289089286148e+01
1.539376478422239529e+02 -7.689092965278247505e+01
1.536357136910139900e+02 -7.686395634417058886e+01
1.533337795398039418e+02 -7.683698303555868847e+01
1.530318453885939789e+02 -7.681000979744830204e+01
1.527299112373840444e+02 -7.678303648883641586e+01
1.524279770861740815e+02 -7.675606325072601521e+01
1.521260429349641470e+02 -7.672908994211412903e+01
1.518241087837540704e+02 -7.670211670400372839e+01
1.515221746325441075e+02 -7.667514339539184220e+01
1.512203464450836634e+02 -7.664701068966729736e+01
1.509185258717848512e+02 -7.661879493317968581e+01
1.506167052984860106e+02 -7.659057910619058873e+01
1.503148847251870848e+02 -7.656236327920147744e+01
1.500130641518882726e+02 -7.653414745221236615e+01
1.497112435785894604e+02 -7.650593169572475460e+01
1.494094230052906198e+02 -7.647771586873564331e+01
1.491076023614903079e+02 -7.644950004174654623e+01
1.488057817881913820e+02 -7.642128428525893469e+01
1.485039612148925414e+02 -7.639306845826982340e+01
1.482021406415937292e+02 -7.636485263128071210e+01
1.479003200682949171e+02 -7.633663680429162923e+01
1.475984994949961049e+02 -7.630842104780400348e+01
1.472966789216971506e+02 -7.628020522081490640e+01
1.469948583483983384e+02 -7.625198939382579510e+01
1.466930377750995262e+02 -7.622377356683668381e+01
1.463912172018007141e+02 -7.619555781034907227e+01
1.460893959234868760e+02 -7.616734980902609209e+01
1.457875668900083781e+02 -7.613922436495572299e+01
1.454857378565300223e+02 -7.611109899138682522e+01
1.451839088935530242e+02 -7.608297354731645612e+01
1.448820798600745263e+02 -7.605484817374755835e+01
1.445802508265961706e+02 -7.602672272967717504e+01
1.442784217931176727e+02 -7.599859735610829148e+01
1.439765928301407030e+02 -7.597047191203790817e+01
1.436747637966623188e+02 -7.594234653846901040e+01
1.433957877528262088e+02 -7.589917015288469315e+01
