-1.008509792873253446e+02 3.240654246394268512e+01
-1.005456801373253484e+02 3.262433953394268826e+01
-1.002394933943253363e+02 3.284088717894267972e+01
-9.993255632032537505e+01 3.305637026794268252e+01
-9.962496912632536805e+01 3.327092462494267977e+01
-9.931680769932529529e+01 3.348465374494267621e+01
-9.900813123732530130e+01 3.369763875994267721e+01
-9.869898703432534148e+01 3.390994475294267829e+01
-9.838941362132538870e+01 3.412162493294268018e+01
-9.807944280432536743e+01 3.433272358594268781e+01
-9.776910154832535227e+01 3.454327783094268511e+01
-9.745841257932534063e+01 3.475331943494268216e+01
-9.714739547632530048e+01 3.496287569894268188e+01
-9.683606721732530787e+01 3.517197033494268510e+01
-9.652444264232531168e+01 3.538062409194267843e+01
-9.621253481232531612e+01 3.558885525794268290e+01
-9.590035530732529878e+01 3.579668004894267597e+01
-9.558791444432529261e+01 3.600411292294268151e+01
-9.527522146432534100e+01 3.621116683694268090e+01
-9.496228468532535771e+01 3.641785345594267653e+01
-9.464914847832528721e+01 3.662415907094268164e+01
-9.433575180032539720e+01 3.683013796794267591e+01
-9.402213246732537755e+01 3.703577800694267808e+01
-9.370829618232539815e+01 3.724108711594267618e+01
-9.339424817832536974e+01 3.744607255294268100e+01
-9.307999325932530610e+01 3.765074097694268573e+01
-9.276553585932538226e+01 3.785509851194268549e+01
-9.245088007032529731e+01 3.805915080294268193e+01
-9.213602968032535045e+01 3.826290305994268692e+01
-9.182098820732528566e+01 3.846636010494268021e+01
-9.150575891532537298e+01 3.866952640394268315e+01
-9.119034484832536691e+01 3.887240609694268301e+01
-9.087474884032531008e+01 3.907500303294268917e+01
-9.055897353932539318e+01 3.927732078894268852e+01
-9.024302142232534152e+01 3.947936269494267947e+01
-8.992689480632532195e+01 3.968113185194268056e+01
-8.961059586532530830e+01 3.988263115094268585e+01
-8.929412663632535896e+01 4.008386328994268410e+01
-8.897748903532533404e+01 4.028483078394268091e+01
-8.866068486232529722e+01 4.048553598194268943e+01
-8.834371580932531742e+01 4.068598107694268151e+01
-8.802658336132537897e+01 4.088616818694268318e+01
-8.770928923132532873e+01 4.108609908994267812e+01
-8.739183473332536778e+01 4.128577563594268440e+01
-8.707422120332535087e+01 4.148519948794267975e+01
-8.675644990232535747e+01 4.168437220194267923e+01
-8.643852201932531898e+01 4.188329522394268167e+01
-8.612043867832528576e+01 4.208196990394267800e+01
-8.580216226832533266e+01 4.228042158794268346e+01
-8.548376768132538928e+01 4.247860536694268774e+01
-8.516522040732536425e+01 4.267654444794268898e+01
-8.484652132932535551e+01 4.287423984194268201e+01
-8.452767127932531821e+01 4.307169248294268016e+01
-8.420867104232536349e+01 4.326890323394268023e+01
-8.388952135932538567e+01 4.346587288994268761e+01
-8.357022292932538221e+01 4.366260218094268453e+01
-8.325077640932533996e+01 4.385909177294267636e+01
-8.293118241932529600e+01 4.405534227494268862e+01
-8.261144154332532707e+01 4.425135423794267808e+01
-8.229155432832533279e+01 4.444712815894268942e+01
-8.197152129232529205e+01 4.464266448094268469e+01
-8.165134291732533711e+01 4.483796359894267880e+01
-8.133101965932530675e+01 4.503302585794267543e+01
-8.101055194132538873e+01 4.522785155694268155e+01
-8.068994016332533192e+01 4.542244094894267903e+01
-8.036918469432532675e+01 4.561679424694268903e+01
-8.004828588232533093e+01 4.581091161594268613e+01
-7.972724414732533660e+01 4.600479312794267628e+01
-7.940605957732532261e+01 4.619843899594268066e+01
-7.908473256232537096e+01 4.639184920194267647e+01
-7.876326335832538916e+01 4.658502375894268255e+01
-7.844165220232537195e+01 4.677796264394268633e+01
-7.811989930932531934e+01 4.697066579594267921e+01
-7.779800487832528688e+01 4.716313312294268201e+01
-7.747596908732532484e+01 4.735536449794268776e+01
-7.715379210032529045e+01 4.754735976194268687e+01
-7.683147406132536616e+01 4.773911872194268824e+01
-7.650901510332539601e+01 4.793064115594268060e+01
-7.618641533432537472e+01 4.812192681094268210e+01
-7.586367485932532873e+01 4.831297540294268344e+01
-7.554079376132528978e+01 4.850378661694267635e+01
-7.521777211132530283e+01 4.869436011294268951e+01
-7.489460996632533352e+01 4.888469551994268159e+01
-7.457130737032537127e+01 4.907479243994268359e+01
-7.424786435432531562e+01 4.926465044694268158e+01
-7.392428110032528821e+01 4.945426899494268014e+01
-7.360055739432539212e+01 4.964364773094268912e+01
-7.327669333632536564e+01 4.983278609194267972e+01
-7.295268892032538588e+01 5.002168353694268887e+01
-7.262854413432535239e+01 5.021033950294268777e+01
-7.230425895732537356e+01 5.039875339694268064e+01
-7.197983336032530133e+01 5.058692460294268756e+01
-7.165526730232534192e+01 5.077485247494267639e+01
-7.133056073932539221e+01 5.096253634594268078e+01
-7.100571361532536230e+01 5.114997552194267882e+01
-7.068072586632536058e+01 5.133716928494268927e+01
-7.035559742132534211e+01 5.152411688994268957e+01
-7.003032819732538883e+01 5.171081757394267697e+01
-6.970491810032535795e+01 5.189727054894268576e+01
-6.937936702432534730e+01 5.208347500494268445e+01
-6.905367484632529340e+01 5.226943011494267921e+01
-6.872784142632531257e+01 5.245513503394268184e+01
-6.840186660032532018e+01 5.264058890094268861e+01
-6.807575017632530034e+01 5.282579084394268421e+01
-6.774949192432529799e+01 5.301073998594267778e+01
-6.742309157132535802e+01 5.319543544594267814e+01
-6.709654878332537464e+01 5.337987634794268388e+01
-6.676986298432530020e+01 5.356406192594268134e+01
-6.644300626232529794e+01 5.374800675794267590e+01
-6.611600216832539445e+01 5.393169639094267609e+01
-6.578885447932532315e+01 5.411512752794267556e+01
-6.546156320732529821e+01 5.429829896094268804e+01
-6.513412820632538569e+01 5.448120954894268664e+01
-6.480654922632538728e+01 5.466385817794268576e+01
-6.447882594432530823e+01 5.484624374894268328e+01
-6.415095799432538115e+01 5.502836516294267710e+01
-6.382294496832537334e+01 5.521022131194268923e+01
-6.349478644132534555e+01 5.539181107294268713e+01
-6.316648196832534268e+01 5.557313330394268291e+01
-6.283803109132531972e+01 5.575418684494268007e+01
-6.250943334132534801e+01 5.593497051094267647e+01
-6.218068822132534024e+01 5.611548310694267627e+01
-6.185179531432538624e+01 5.629572336594267767e+01
-6.152275407032539079e+01 5.647569006294268945e+01
-6.119356405632538554e+01 5.665538188294267741e+01
-6.086422462132532019e+01 5.683479760094267874e+01
-6.053473541932532953e+01 5.701393579494268238e+01
-6.020509588532536327e+01 5.719279513794268155e+01
-5.987530550232531823e+01 5.737137424394268237e+01
-5.954536374832537149e+01 5.754967170094268170e+01
-5.921527009332532998e+01 5.772768607294268861e+01
-5.888502400632535227e+01 5.790541589494267782e+01
-5.855462494432538278e+01 5.808285967894268254e+01
-5.822407236232538708e+01 5.826001590694268373e+01
-5.789336570632531220e+01 5.843688303494268155e+01
-5.756250441632539605e+01 5.861345949394268473e+01
-5.723148792732536094e+01 5.878974368694268549e+01
-5.690031566332538659e+01 5.896573398894268792e+01
-5.656898704532534339e+01 5.914142874694267960e+01
-5.623750148432532114e+01 5.931682628294268511e+01
-5.590585838532535945e+01 5.949192488894267683e+01
-5.557405714432536570e+01 5.966672282794267801e+01
-5.524209715232530016e+01 5.984121833794267786e+01
-5.490997778832536369e+01 6.001540962394268774e+01
-5.457769842732534471e+01 6.018929486594268496e+01
-5.424525843432536476e+01 6.036287221094268318e+01
-5.391265716632528893e+01 6.053613977894268317e+01
-5.357989397332539738e+01 6.070909565794268303e+01
-5.324696819632538336e+01 6.088173790794267859e+01
-5.291387916632538690e+01 6.105406455594268778e+01
-5.258062620932537357e+01 6.122607359794268689e+01
-5.224720863832533269e+01 6.139776299994268527e+01
-5.191362576232529591e+01 6.156913069394268234e+01
-5.157987687832530810e+01 6.174017458194268215e+01
-5.124596127532538503e+01 6.191089252994268577e+01
-5.091187823532538914e+01 6.208128237294268104e+01
-5.057762702832530977e+01 6.225134191194268851e+01
-5.024320691732532396e+01 6.242106891294268678e+01
-4.990861715832534173e+01 6.259046110494267623e+01
-4.957385699232531806e+01 6.275951618694267609e+01
-4.923892565632536389e+01 6.292823181694268442e+01
-4.890382237632536544e+01 6.309660561794268574e+01
-4.856854636832531469e+01 6.326463517794267943e+01
-4.823309684132539132e+01 6.343231804494267578e+01
-4.789747299132534408e+01 6.359965172794268540e+01
-4.756167400832532621e+01 6.376663369994268749e+01
-4.722569907132537992e+01 6.393326139294268273e+01
-4.688954734932531210e+01 6.409953219794267909e+01
-4.655321800132537646e+01 6.426544346494267756e+01
-4.621671017832534289e+01 6.443099250594268312e+01
-4.588002301932533555e+01 6.459617658494268255e+01
-4.554315565532533583e+01 6.476099292694267717e+01
-4.520610720532533833e+01 6.492543871394268251e+01
-4.486887678132529800e+01 6.508951107894267807e+01
-4.453146348232530727e+01 6.525320711394267903e+01
-4.419386639732533695e+01 6.541652386294268240e+01
-4.385608460632533934e+01 6.557945832194268121e+01
-4.351811717932537249e+01 6.574200744294267906e+01
-4.317996317232530146e+01 6.590416812494268584e+01
-4.284162163532539580e+01 6.606593722094268628e+01
-4.250309160432539102e+01 6.622731152994268200e+01
-4.216437210532535573e+01 6.638828780194268120e+01
-4.182546215432535064e+01 6.654886273594267720e+01
-4.148636075432534653e+01 6.670903297294267986e+01
-4.114706689932529571e+01 6.686879510494267720e+01
-4.080757956932529851e+01 6.702814566394268070e+01
-4.046789773532532308e+01 6.718708112994268333e+01
-4.012802035532536138e+01 6.734559792194268368e+01
-3.978794637632529430e+01 6.750369240194268627e+01
-3.944767473032538874e+01 6.766136087094268703e+01
-3.910720434232530351e+01 6.781859957094268054e+01
-3.876653411932534254e+01 6.797540468094268817e+01
-3.842566296132531534e+01 6.813177231594268335e+01
-3.808458975132532487e+01 6.828769852594268741e+01
-3.774331336032537365e+01 6.844317929794267741e+01
-3.740183264932534257e+01 6.859821054894268855e+01
-3.706014646132530288e+01 6.875278812594268629e+01
-3.671825362932531789e+01 6.890690781094268402e+01
-3.637615297032539274e+01 6.906056530994268883e+01
-3.603384328832532901e+01 6.921375625694268763e+01
-3.569132337432529312e+01 6.936647621294268617e+01
-3.534859200332539331e+01 6.951872066094267666e+01
-3.500564793532532804e+01 6.967048500794268762e+01
-3.466248991832537740e+01 6.982176457894267685e+01
-3.431911668232532975e+01 6.997255462094268808e+01
-3.397552694432533826e+01 7.012285029494267974e+01
-3.363171940532538429e+01 7.027264667994268166e+01
-3.328769274832529845e+01 7.042193876494268068e+01
-3.294344564532536879e+01 7.057072145394268148e+01
-3.259897686332533340e+01 7.071898950694267683e+01
-3.225428472432531635e+01 7.086673777994268164e+01
-3.190936811132530693e+01 7.101396078294268932e+01
-3.156422559332531819e+01 7.116065305794268170e+01
-3.121885571732536846e+01 7.130680904994268587e+01
-3.087325701132533595e+01 7.145242310194268498e+01
-3.052744408832529643e+01 7.159748271194268909e+01
-3.018137969032534329e+01 7.174199700094268906e+01
-2.983508217232531479e+01 7.188595163394268184e+01
-2.948855006032533765e+01 7.202934049294267993e+01
-2.914178187032530332e+01 7.217215734594267929e+01
-2.879477609932530413e+01 7.231439583894268708e+01
-2.844753123332532141e+01 7.245604949794268634e+01
-2.810004574132528887e+01 7.259711172594268191e+01
-2.775231807832528830e+01 7.273757579594268918e+01
-2.740434668332534329e+01 7.287743485194268089e+01
-2.705612998232538757e+01 7.301668190094268596e+01
-2.670766638632528611e+01 7.315530981594268667e+01
-2.635895429132528989e+01 7.329331132494267820e+01
-2.600999207832535376e+01 7.343067901294267585e+01
-2.566077811532534270e+01 7.356740531594267907e+01
-2.531131075532539398e+01 7.370348251794268890e+01
-2.496158833732533822e+01 7.383890274394268260e+01
-2.461160918532539199e+01 7.397365796094268831e+01
-2.426137161132533038e+01 7.410773996694268817e+01
-2.391087391132532503e+01 7.424114039494267558e+01
-2.356011437032532285e+01 7.437385069894268952e+01
-2.320909125932530515e+01 7.450586215694268333e+01
-2.285780283632539067e+01 7.463716586094268735e+01
-2.250624734532539151e+01 7.476775271494268793e+01
-2.215442302032533917e+01 7.489761342694268365e+01
-2.180232808332539207e+01 7.502673850694267799e+01
-2.144996074432538080e+01 7.515511825694268566e+01
-2.109731920032538710e+01 7.528274276894268269e+01
-2.074440164232532879e+01 7.540960191594268736e+01
-2.039120624732538545e+01 7.553568534794268885e+01
-2.003773118532535591e+01 7.566098248494267864e+01
-1.968397461632537215e+01 7.578548250694268518e+01
-1.932993469332529912e+01 7.590917435294268500e+01
-1.897560956232530316e+01 7.603204670694267975e+01
-1.862099736232539726e+01 7.615408799694267827e+01
-1.826609622832529567e+01 7.627528638094268842e+01
-1.791094041032533823e+01 7.639561755394268516e+01
-1.755545374232531231e+01 7.651509428094267662e+01
-1.719967259932536763e+01 7.663369085894268551e+01
-1.684359510532533477e+01 7.675139429394268120e+01
-1.648721938032531398e+01 7.686819128494268227e+01
-1.613054354932535261e+01 7.698406820694268049e+01
-1.577356574032535264e+01 7.709901110494267584e+01
-1.541628408432529795e+01 7.721300568294267919e+01
-1.505869672232529410e+01 7.732603729294268646e+01
-1.470080180332536202e+01 7.743809092294267771e+01
-1.434259748732529260e+01 7.754915118394268347e+01
-1.398408182732532623e+01 7.765920233594268041e+01
-1.362525326832530936e+01 7.776822812494268078e+01
-1.326610988432537397e+01 7.787621200094268659e+01
-1.290664990332538764e+01 7.798313694394268225e+01
-1.254687158232536603e+01 7.808898549294268321e+01
-1.218677320332528780e+01 7.819373972594267741e+01
-1.182635308232534044e+01 7.829738125194268150e+01
-1.146560956932535191e+01 7.839989118594267836e+01
-1.110454105332530617e+01 7.850125013994268386e+01
-1.074314597032537222e+01 7.860143819894268802e+01
-1.038142280332533574e+01 7.870043490594268576e+01
-1.001937008932532081e+01 7.879821924294267887e+01
-9.656986426325374850e+00 7.889476960794267768e+01
-9.294270478325302065e+00 7.899006379594268878e+01
-8.931220981325395769e+00 7.908407897994268865e+01
-8.567836749325351775e+00 7.917679167994268141e+01
-8.204116685325288927e+00 7.926817775094268370e+01
-7.840059786325355162e+00 7.935821234594267537e+01
-7.475665151325301849e+00 7.944686990094268708e+01
-7.110931996325348337e+00 7.953412409794268001e+01
-6.745859655325375570e+00 7.961994784694267935e+01
-6.380447600325396706e+00 7.970431324894268243e+01
-6.014695447325379973e+00 7.978719156694268122e+01
-5.648602969325338563e+00 7.986855319694268474e+01
-5.282170112325388800e+00 7.994836763094268406e+01
-4.915397008325385286e+00 8.002660342394268866e+01
-4.548283992325309555e+00 8.010322815694267717e+01
-4.180831617325338811e+00 8.017820839994267601e+01
-3.813040673325303942e+00 8.025150966894268834e+01
-3.444912208325376923e+00 8.032309638894268744e+01
-3.076447547325301457e+00 8.039293184794267688e+01
-2.707648321325336838e+00 8.046097814894268652e+01
-2.338516481325314089e+00 8.052719617094268756e+01
-1.969054334325392119e+00 8.059154551194268379e+01
-1.599264568325338587e+00 8.065398443794268246e+01
-1.229150286325307206e+00 8.071446983694268340e+01
-8.587150353253036883e-01 8.077295715094268758e+01
-4.879628483253100057e-01 8.082940032994268620e+01
-1.168982793253690033e-01 8.088375176094268681e+01
2.544735526746535470e-01 8.093596221094267662e+01
6.261468066746829209e-01 8.098598074594268326e+01
9.981153546746099892e-01 8.103375472194268525e+01
1.370371923674611025e+00 8.107922961194267941e+01
1.742908636674656009e+00 8.112234900894267753e+01
2.115716783674656654e+00 8.116305453094268785e+01
2.488786747674680555e+00 8.120128573494268664e+01
2.862107935674657710e+00 8.123698003894267572e+01
3.235668699674647542e+00 8.127007263794267544e+01
3.609351316674633381e+00 8.130176642894268468e+01
3.983037826674603821e+00 8.133341676994268710e+01
4.356728436674643490e+00 8.136501884094268178e+01
4.730423584674667836e+00 8.139656745294267637e+01
5.104123688674690129e+00 8.142805762894268184e+01
5.477828963674710394e+00 8.145948457394268871e+01
5.851540051674646747e+00 8.149084371894268486e+01
6.225257206674655208e+00 8.152213063794268066e+01
6.598980769674653857e+00 8.155334107794267595e+01
6.972711068674698254e+00 8.158447094194268345e+01
7.346448416674661530e+00 8.161551627894267824e+01
7.720356671674608151e+00 8.164648680394267899e+01
8.094513892674626732e+00 8.167738512194267742e+01
8.468544845674614407e+00 8.170817661394268328e+01
8.842392146674683318e+00 8.173885321194268272e+01
9.216142243674653400e+00 8.176941877294268579e+01
9.589832258674618970e+00 8.179987315694268091e+01
9.963471445674713323e+00 8.183021402294268398e+01
1.033710382667470640e+01 8.186044192794268781e+01
1.071071507167471282e+01 8.189055276794267968e+01
1.108432605267466897e+01 8.192054536694267597e+01
1.145787496767468383e+01 8.195041200294268435e+01
1.183147648767464943e+01 8.198015913794267817e+01
1.220512280367461244e+01 8.200978346094268545e+01
1.257880829467467265e+01 8.203928191194268038e+01
1.295252912367470799e+01 8.206865164194267948e+01
1.332628253867460444e+01 8.209788995594267647e+01
1.370006661667468961e+01 8.212699428194268592e+01
1.407388005267466724e+01 8.215596215694267812e+01
1.444772199567466942e+01 8.218479120594268750e+01
1.482159190167465113e+01 8.221347913194267676e+01
1.519548941267464670e+01 8.224202369894268827e+01
1.556941424867466139e+01 8.227042272494267650e+01
1.594313431867465169e+01 8.229865660494267843e+01
1.631705779667470324e+01 8.232675413494268923e+01
1.669100062067468571e+01 8.235469934894268818e+01
1.706496216267464661e+01 8.238249021294268459e+01
1.743894238567463617e+01 8.241012477594267693e+01
1.781294062167467018e+01 8.243760107494267686e+01
1.818695637767461903e+01 8.246491719494268580e+01
1.856098913867469946e+01 8.249207125094268633e+01
1.893503837867467610e+01 8.251906138894268850e+01
1.930910356967467578e+01 8.254588578594268711e+01
1.968318419867466673e+01 8.257254264694267931e+01
2.005727989667468592e+01 8.259903021794268341e+01
2.043138996367463278e+01 8.262534674494268927e+01
2.080551408367466593e+01 8.265149052694268050e+01
2.117965186867468219e+01 8.267745988194268136e+01
2.155380296767464188e+01 8.270325315394268273e+01
2.192796706967465070e+01 8.272886871194268110e+01
2.230214389667469277e+01 8.275430494694268191e+01
2.267633320567460942e+01 8.277956027394267835e+01
2.305081584967467734e+01 8.280465188994267578e+01
2.342506141967464828e+01 8.282954269894268862e+01
2.379930309767462404e+01 8.285424689094267592e+01
2.417354441367467643e+01 8.287876321994268380e+01
2.454778856267466836e+01 8.290309042794268635e+01
2.492203797667468734e+01 8.292722721694268273e+01
2.529629469267467812e+01 8.295117227094267776e+01
2.567056008867461969e+01 8.297492424394268085e+01
2.604483515967467611e+01 8.299848177594267895e+01
2.641912059567471260e+01 8.302184349494268645e+01
2.679341685967460762e+01 8.304500802894268929e+01
2.716772424167470490e+01 8.306797400394268038e+01
2.754204290967470570e+01 8.309074004794268831e+01
2.791637294367467348e+01 8.311330479294268514e+01
2.829071436467461353e+01 8.313566687794268262e+01
2.866506715067464484e+01 8.315782494794268587e+01
2.903943125767466427e+01 8.317977765494268283e+01
2.941380662767460308e+01 8.320152365894267632e+01
2.978819319967465162e+01 8.322306162594267676e+01
3.016259091767460632e+01 8.324439022994268100e+01
3.053699973767470510e+01 8.326550815494267965e+01
3.091141963867460163e+01 8.328641408894267784e+01
3.128585062767467662e+01 8.330710673094267804e+01
3.166029275067467097e+01 8.332758478494268672e+01
3.203474610567468517e+01 8.334784696394268622e+01
3.240917247167465121e+01 8.336788994594267876e+01
3.278365488567465036e+01 8.338771688694268391e+01
3.315814842167469578e+01 8.340732409094268007e+01
3.353265365667471087e+01 8.342671031194268494e+01
3.390717129667461904e+01 8.344587431494268515e+01
3.428170219867467949e+01 8.346481487094268914e+01
3.465624738367466762e+01 8.348353076294267794e+01
3.503080804467469989e+01 8.350202078194267585e+01
3.540538553767464691e+01 8.352028372394268274e+01
3.577998133967469130e+01 8.353831839194268127e+01
3.615459699967470897e+01 8.355612359094267561e+01
3.652923405567469217e+01 8.357369811994267650e+01
3.690389395667466488e+01 8.359104077394268018e+01
3.727857801667471449e+01 8.360815033894267856e+01
3.765328738767470895e+01 8.362502558794268737e+01
3.802817977867471200e+01 8.364167219794268249e+01
3.840289389367467265e+01 8.365807289094267674e+01
3.877764828867464075e+01 8.367423613394268500e+01
3.915244314467463482e+01 8.369016062894267804e+01
3.952727902767469459e+01 8.370584508994268447e+01
3.990215731267460342e+01 8.372128826294267867e+01
4.027708058967471061e+01 8.373648893794268133e+01
4.065205305567462801e+01 8.375144596194267876e+01
4.102729265467462483e+01 8.376616647894267942e+01
4.140267625667468110e+01 8.378064401594268418e+01
4.177755924667462750e+01 8.379485282794267675e+01
4.215242720267463028e+01 8.380881059594268834e+01
4.252725665767468399e+01 8.382251526194268365e+01
4.290210252667463919e+01 8.383596761494268890e+01
4.327683728967463139e+01 8.384916193394268191e+01
4.365157880867468521e+01 8.386210123094268454e+01
4.402618088667463780e+01 8.387477934894268117e+01
4.440062186767465846e+01 8.388719461694267920e+01
4.477517209867460224e+01 8.389935480294268189e+01
4.514997636967461858e+01 8.391126297794268396e+01
4.552484586267462419e+01 8.392291155294267924e+01
4.589968435367461552e+01 8.393429623994268240e+01
4.627454375967465694e+01 8.394541736294267764e+01
4.664941100067460411e+01 8.395627323294267796e+01
4.702428592567468968e+01 8.396686255894267958e+01
4.739916837867463073e+01 8.397718404294268169e+01
4.777405819967464140e+01 8.398723638394268676e+01
4.814895495467465025e+01 8.399701827094268936e+01
4.852385902867467848e+01 8.400652840894268536e+01
4.889876998067461500e+01 8.401576547894268288e+01
4.927368764267464485e+01 8.402472816194267580e+01
4.964861184267465433e+01 8.403341513694267917e+01
5.002354240567467514e+01 8.404182507794267565e+01
5.039847915667462530e+01 8.404995665394268656e+01
5.077342191467471366e+01 8.405780852694267935e+01
5.114837049767470489e+01 8.406537935694268526e+01
5.152332472267460162e+01 8.407266779894268893e+01
5.189828439967470786e+01 8.407967249894268491e+01
5.227324933867464551e+01 8.408639210094268890e+01
5.264821934667463665e+01 8.409282524194267694e+01
5.302319422767470769e+01 8.409897055494268159e+01
5.339817378367467882e+01 8.410482666394268847e+01
5.377315780967467163e+01 8.411039218994268651e+01
5.414814610367466230e+01 8.411566574694268184e+01
5.452313845667470105e+01 8.412064594294268716e+01
5.489813465767463185e+01 8.412533137794268612e+01
5.527313449367466092e+01 8.412972064794267624e+01
5.564813774567460314e+01 8.413381234094268279e+01
5.602314419567460391e+01 8.413760503894268084e+01
5.639815361867465526e+01 8.414109731694267680e+01
5.677316578967463556e+01 8.414428774194267646e+01
5.714818047767471398e+01 8.414717487594268164e+01
5.752319745067461554e+01 8.414975727194267563e+01
5.789821647067469712e+01 8.415203347694267677e+01
5.827323730067462293e+01 8.415400202894268489e+01
5.864825969467460709e+01 8.415566145994267799e+01
5.902328340867461520e+01 8.415701029494267971e+01
5.939830819067469747e+01 8.415804704794268787e+01
5.977333378867467673e+01 8.415877022794268214e+01
6.014835994467466662e+01 8.415917833494268052e+01
6.052338639767469886e+01 8.415926985994268250e+01
6.089841288467471259e+01 8.415904328794267997e+01
6.127343913667471043e+01 8.415849709394268530e+01
6.164846488167461303e+01 8.415762974294268872e+01
6.202348984367461071e+01 8.415643969494267651e+01
6.239851374467468759e+01 8.415492539694268714e+01
6.277353629967467441e+01 8.415308529194268772e+01
6.314855722267463989e+01 8.415091780894267970e+01
6.352357622067461307e+01 8.414842137094268537e+01
6.389859299967463357e+01 8.414559438994268703e+01
6.427360725967469079e+01 8.414243527094268416e+01
6.464861869667470273e+01 8.413894240594268581e+01
6.502362700267462969e+01 8.413511418094267924e+01
6.539863186667469108e+01 8.413094896894267549e+01
6.577363296967462247e+01 8.412644513494268494e+01
6.614862999367460361e+01 8.412160103294267799e+01
6.652362261167468205e+01 8.411641500894268120e+01
6.689861061467468062e+01 8.411088539194268776e+01
6.727359338067469707e+01 8.410501051294268393e+01
6.764857074967460449e+01 8.409878867994268603e+01
6.802354237667464076e+01 8.409221819594267799e+01
6.839850791167464195e+01 8.408529735294268903e+01
6.877346699867462121e+01 8.407802442994268688e+01
6.914841927567465518e+01 8.407039769794268125e+01
6.952336437567464600e+01 8.406241541394268779e+01
6.989830192967463063e+01 8.405407582494268581e+01
7.027323155567466983e+01 8.404537716594268204e+01
7.064815287067460758e+01 8.403631766094268585e+01
7.102306548367471351e+01 8.402689552194267719e+01
7.139796915467468352e+01 8.401710894494267734e+01
7.177286327467470528e+01 8.400695612194267881e+01
7.214774752767471000e+01 8.399643522694267972e+01
7.252262150767467119e+01 8.398554442394268449e+01
7.289748480167463640e+01 8.397428186194268562e+01
7.327233699367468489e+01 8.396264567994268191e+01
7.364717765767466062e+01 8.395063400194268866e+01
7.402200636467466666e+01 8.393824494194268482e+01
7.439682267767466328e+01 8.392547659694268702e+01
7.477162615567465309e+01 8.391232705394267555e+01
7.514641634667464132e+01 8.389879438494267561e+01
7.552119279667465435e+01 8.388487664894267937e+01
7.589595504267470005e+01 8.387057189194268858e+01
7.627070261367464354e+01 8.385587814394268946e+01
7.664543503367463018e+01 8.384079342394268508e+01
7.702015181667468369e+01 8.382531573394268776e+01
7.739485247267464274e+01 8.380944306294267676e+01
7.776953649967470028e+01 8.379317338594267994e+01
7.814420339067464738e+01 8.377650466294268483e+01
7.851885262867460824e+01 8.375943483894268127e+01
7.889348368767468855e+01 8.374196184394267561e+01
7.926809603367462387e+01 8.372408359394268018e+01
7.964268912467468908e+01 8.370579798794268811e+01
8.001726240467462503e+01 8.368710291194268791e+01
8.039181531267468017e+01 8.366799623394268792e+01
8.076634727367468258e+01 8.364847580894267765e+01
8.114085770467465863e+01 8.362853947394268062e+01
8.151534600667469022e+01 8.360818505194268369e+01
8.188981157467469529e+01 8.358741034694267569e+01
8.226425378767464736e+01 8.356621314994268346e+01
8.263867201467462564e+01 8.354459123394268261e+01
8.301306560967464065e+01 8.352254235694267948e+01
8.338741944567470910e+01 8.350006513494268745e+01
8.376174457967465514e+01 8.347715661694267908e+01
8.413604332567467736e+01 8.345381433194268084e+01
8.451031501967463555e+01 8.343003596594267890e+01
8.488455898467464067e+01 8.340581918794268290e+01
8.525877453467467149e+01 8.338116164994268331e+01
8.563296097167460630e+01 8.335606098394268315e+01
8.600711759067462481e+01 8.333051480594268412e+01
8.638124367067462117e+01 8.330452071094268263e+01
8.675533848567465611e+01 8.327807627894267739e+01
8.712940129967466873e+01 8.325117906794268663e+01
8.750343136367462193e+01 8.322382661694268791e+01
8.787742791967468747e+01 8.319601644694267861e+01
8.825139019967468812e+01 8.316774605994268654e+01
8.862531742467467666e+01 8.313901293594268793e+01
8.899920880467470852e+01 8.310981453694267884e+01
8.937306353967460382e+01 8.308014830294268904e+01
8.974688081767465064e+01 8.305001165594268286e+01
9.012065981667467440e+01 8.301940199494268313e+01
9.049439970267462741e+01 8.298831670094267565e+01
9.086809962967470256e+01 8.295675312994268324e+01
9.124175874267461950e+01 8.292470861994267750e+01
9.161537617067460815e+01 8.289218048594268851e+01
9.198895103267466311e+01 8.285916602194268421e+01
9.236248243667466795e+01 8.282566249894267685e+01
9.273596947467467544e+01 8.279166716594268394e+01
9.310941122967460615e+01 8.275717725194267871e+01
9.348280676967465297e+01 8.272218995794268892e+01
9.385615514767471268e+01 8.268670246794268053e+01
9.422945540767466355e+01 8.265071193794268822e+01
9.460270657467469846e+01 8.261421550394268820e+01
9.497590766467465073e+01 8.257721027594267582e+01
9.534905767667464715e+01 8.253969333994268709e+01
9.572215559467463208e+01 8.250166176094268167e+01
9.609520038867469793e+01 8.246311257494268432e+01
9.646819101567461985e+01 8.242404279694268610e+01
9.684112641367460128e+01 8.238444941494267937e+01
9.721400550767464210e+01 8.234432939194267931e+01
9.758682720667468402e+01 8.230367966594268125e+01
9.795959040267462115e+01 8.226249714794268186e+01
9.833229397167463048e+01 8.222077872494267581e+01
9.870493677167462465e+01 8.217852125594268387e+01
9.907751764667466432e+01 8.213572157494267856e+01
9.945003542167467003e+01 8.209237648594267966e+01
9.982248890267464958e+01 8.204848276894267656e+01
1.001948768796746663e+02 8.200403717494268108e+01
1.005671981236746433e+02 8.195903642694268854e+01
1.009394513886746836e+02 8.191347722194268499e+01
1.013116354066746680e+02 8.186735622694268955e+01
1.016837488926746573e+02 8.182067007894268329e+01
1.020557905426746856e+02 8.177341538794267706e+01
1.024277590306746788e+02 8.172558873494267573e+01
1.027996530116746499e+02 8.167718667094268881e+01
1.031714711206747097e+02 8.162820571594268415e+01
1.035432119706746334e+02 8.157864236094268051e+01
1.039148741526746562e+02 8.152849306594268342e+01
1.042864561226746218e+02 8.147775427694267592e+01
1.046579566786746227e+02 8.142642235694268038e+01
1.050293742076746639e+02 8.137449369294267854e+01
1.054007072146746395e+02 8.132196461794268316e+01
1.057719541796747080e+02 8.126883143694267631e+01
1.061431135566746207e+02 8.121509041994268330e+01
1.065141837796746813e+02 8.116073780294267692e+01
1.068851632546746941e+02 8.110576979294268085e+01
1.072560503646747065e+02 8.105018255894268009e+01
1.076268434666746998e+02 8.099397223994267847e+01
1.079975408916747028e+02 8.093713493894267685e+01
1.083681409436746890e+02 8.087966672394267675e+01
1.087386419016746686e+02 8.082156362994268761e+01
1.091090420146746283e+02 8.076282165494268384e+01
1.094793395066747053e+02 8.070343676294268676e+01
1.098495325716746720e+02 8.064340487994267903e+01
1.102196193756747107e+02 8.058272189794267604e+01
1.105895980546746387e+02 8.052138367194268653e+01
1.109594667156746937e+02 8.045938601894268061e+01
1.113292234346746454e+02 8.039672471794268915e+01
1.116988662566747053e+02 8.033339551394267630e+01
1.120683931966746059e+02 8.026939410894267724e+01
1.124378022346746775e+02 8.020471616994268516e+01
1.128070913236746264e+02 8.013935732294268632e+01
1.131762583776746851e+02 8.007331315794267823e+01
1.135453012786746285e+02 8.000657922094268315e+01
1.139142178746747049e+02 7.993915102094268832e+01
1.142830059786746233e+02 7.987102402694267766e+01
1.146516633696746794e+02 7.980219366394268832e+01
1.150201877876746721e+02 7.973265531994267974e+01
1.153885769356746778e+02 7.966240433794268938e+01
1.157568284826746776e+02 7.959143602094268033e+01
1.161249400556746423e+02 7.951974562994267615e+01
1.164929092446747063e+02 7.944732838194268254e+01
1.168607335976746526e+02 7.937417945094267679e+01
1.172284106266746448e+02 7.930029396794267882e+01
1.175959377976746509e+02 7.922566701994267646e+01
1.179633125366746071e+02 7.915029365094268599e+01
1.183305322286746559e+02 7.907416885794268069e+01
1.186975942126746304e+02 7.899728759394268707e+01
1.190644957856746942e+02 7.891964476694268171e+01
1.194312341966746089e+02 7.884123523894268715e+01
1.197978066516747049e+02 7.876205382494268292e+01
1.201642501396746638e+02 7.868208655594268919e+01
1.205304801556746952e+02 7.860134597194267769e+01
1.208965356216746159e+02 7.851981765794268142e+01
1.212624135456746899e+02 7.843749624094267858e+01
1.216281108886746551e+02 7.835437629794267878e+01
1.219936245606746752e+02 7.827045236094268432e+01
1.223589514176746889e+02 7.818571890794268597e+01
1.227240882646746059e+02 7.810017037194268141e+01
1.230890318516746902e+02 7.801380113394267823e+01
1.234537788736746506e+02 7.792660552494268700e+01
1.238183259706746639e+02 7.783857782594267860e+01
1.241826697236746213e+02 7.774971226694268012e+01
1.245468066566746757e+02 7.766000302594268589e+01
1.249107332346746944e+02 7.756944422994267541e+01
1.252744458616746215e+02 7.747802995394268066e+01
1.256379408816746945e+02 7.738575421994268311e+01
1.260012145736747016e+02 7.729261099894267772e+01
1.263642631546746316e+02 7.719859420694268692e+01
1.267270827776746955e+02 7.710369770694268254e+01
1.270896695266746974e+02 7.700791530994268896e+01
1.274520194206746737e+02 7.691124076994267966e+01
1.278141284096747086e+02 7.681366778994268429e+01
1.281759923726746138e+02 7.671519001494267798e+01
1.285376071196747034e+02 7.661580103794268837e+01
1.288989683866747100e+02 7.651549439494267801e+01
1.292600718346747044e+02 7.641426356694267952e+01
1.296209130526746094e+02 7.631210197894267822e+01
1.299814525656746582e+02 7.620901305294268013e+01
1.303417584376746845e+02 7.610496932394268299e+01
1.307017882276746832e+02 7.599997480294268826e+01
1.310615372156746616e+02 7.589402268894268389e+01
1.314210005956746272e+02 7.578710612394267798e+01
1.317801734796746587e+02 7.567921819394268823e+01
1.321390508936746073e+02 7.557035192594268835e+01
1.324976277766746762e+02 7.546050029194267950e+01
1.328558989776746557e+02 7.534965620494267569e+01
1.332138592576746987e+02 7.523781252094268268e+01
1.335715032856746802e+02 7.512496203594268707e+01
1.339288256356746842e+02 7.501109749194267806e+01
1.342858207866746625e+02 7.489621157094268256e+01
1.346424831226746619e+02 7.478029689794267654e+01
1.349988069276746501e+02 7.466334603794268787e+01
1.353547863856746289e+02 7.454535150094268658e+01
1.357104155766746771e+02 7.442630573794268400e+01
1.360656884806746802e+02 7.430620114194267956e+01
1.364205989666746746e+02 7.418503004994268224e+01
1.367751407996746593e+02 7.406278473994268552e+01
1.371293076336746708e+02 7.393945743294268880e+01
1.374830930106746791e+02 7.381504029494267627e+01
1.378364903596747126e+02 7.368952543394267707e+01
1.381894929946746515e+02 7.356290489894267637e+01
1.385420941106746113e+02 7.343517068794268710e+01
1.388942867836746018e+02 7.330631473994267822e+01
1.392460639676746723e+02 7.317632893994267818e+01
1.395974184936746951e+02 7.304520511694268237e+01
1.399483430656746350e+02 7.291293504694267824e+01
1.402988302596746735e+02 7.277951045294268795e+01
1.406488725226746510e+02 7.264492300194268637e+01
1.409984621676746883e+02 7.250916431094267978e+01
1.413475913746746073e+02 7.237222594594268799e+01
1.416962521836746873e+02 7.223409941894267661e+01
1.420444365006746921e+02 7.209477619594268560e+01
1.423921360846746893e+02 7.195424768994267595e+01
1.427393425546746357e+02 7.181250526794268296e+01
1.430860474886746943e+02 7.166954020494267752e+01
1.434322419626746523e+02 7.152534387794268866e+01
1.437779172976746622e+02 7.137990745294268891e+01
1.441230644556746938e+02 7.123322213994268282e+01
1.444676744516746112e+02 7.108527901594268883e+01
1.448117378786746485e+02 7.093606923294268540e+01
1.451552452846746064e+02 7.078558384994268238e+01
1.454981870586746027e+02 7.063381389194267967e+01
1.458405534186746308e+02 7.048075034494267754e+01
1.461823344196747030e+02 7.032638416194268416e+01
1.465235199406746460e+02 7.017070626494268026e+01
1.468640996946746782e+02 7.001370754294268295e+01
1.472040632126746686e+02 6.985537885894268584e+01
1.475432266546746405e+02 6.969534556194268760e+01
1.478819259906746311e+02 6.953432974494268137e+01
1.482204526296746963e+02 6.937295117194268812e+01
1.485587932326747023e+02 6.921118294894267819e+01
1.488969337286746395e+02 6.904899688494268162e+01
1.492348592496746278e+02 6.888636341794267537e+01
1.495725540836746177e+02 6.872325152694267558e+01
1.499100016016747077e+02 6.855962864594268069e+01
1.502471843546746868e+02 6.839546049194268562e+01
1.505840834106746797e+02 6.823071123694268181e+01
1.509206790666746656e+02 6.806534302294268457e+01
1.512569502676747106e+02 6.789931606694268851e+01
1.515928746216746958e+02 6.773258848494268136e+01
1.519284282876747056e+02 6.756511615194268927e+01
1.522635858466746868e+02 6.739685254794268587e+01
1.525983201736746651e+02 6.722774860094268945e+01
1.529326022756746397e+02 6.705775250994268788e+01
1.532664011376746203e+02 6.688680955594267630e+01
1.535996835296746212e+02 6.671486189594267557e+01
1.539324138036746490e+02 6.654184834094267842e+01
1.542645536636746328e+02 6.636770411694267580e+01
1.545960619096746314e+02 6.619236060294268498e+01
1.549268941576746101e+02 6.601574504794268705e+01
1.552570025136747063e+02 6.583778026394267613e+01
1.555863352216746307e+02 6.565838429294268508e+01
1.559148362626746120e+02 6.547747004694268469e+01
1.562424448996746378e+02 6.529494491194267880e+01
1.565690951726746789e+02 6.511071032994267682e+01
1.568947153256746105e+02 6.492466132994267980e+01
1.572192271526746481e+02 6.473668603894267903e+01
1.575425452706746228e+02 6.454666513794268212e+01
1.578645762806746689e+02 6.435447128194267918e+01
1.581852178226746446e+02 6.415996848394267715e+01
1.585043576366746265e+02 6.396301135294268647e+01
1.588218718146746369e+02 6.376344471094267874e+01
1.591376241326746594e+02 6.356110239194268274e+01
1.594514639866746393e+02 6.335580673694268228e+01
1.597632246746746887e+02 6.314736771294268181e+01
1.600727213096746482e+02 6.293558209194267761e+01
1.603797484246746308e+02 6.272023262194268511e+01
1.606840772516746938e+02 6.250108725194267834e+01
1.609854526096746667e+02 6.227789841694267636e+01
1.612835893766746267e+02 6.205040246294268513e+01
1.615781684846746202e+02 6.181831929794267921e+01
1.618688324316746048e+02 6.158135233394268937e+01
1.621551802596746938e+02 6.133918891394267803e+01
1.624367620326746646e+02 6.109150136694267985e+01
1.627130728496746315e+02 6.083794894494268135e+01
1.629835465186746433e+02 6.057818093194268272e+01
1.632475491066746827e+02 6.031184128094268715e+01
1.635043727326747103e+02 6.003857520494268840e+01
1.637532301496746641e+02 5.975803816794268641e+01
1.639932509296746730e+02 5.946990774694268111e+01
1.642234803436746233e+02 5.917389872694268149e+01
1.644428823606746164e+02 5.886978160294268037e+01
1.646503484356746867e+02 5.855740426894267614e+01
1.648447139116746030e+02 5.823671604994268591e+01
1.650247836786746802e+02 5.790779226494268528e+01
1.651893675746746339e+02 5.757085754694267621e+01
1.653373261856746694e+02 5.722630242694268077e+01
1.654676233366747056e+02 5.687469175994267800e+01
1.655793817486746775e+02 5.651675969194268134e+01
1.656719350786746645e+02 5.615338976494268763e+01
1.657448691756746939e+02 5.578558050094268594e+01
1.657980462636746779e+02 5.541439973194268021e+01
1.658316083036746704e+02 5.504093334694267980e+01
1.658459595126746535e+02 5.466623517894268502e+01
1.658417300896746838e+02 5.429124288094267570e+01
1.658197282846746248e+02 5.391684186894268294e+01
1.657809049606746612e+02 5.354386617894267886e+01
1.657262823836746293e+02 5.317287174894268276e+01
1.656569220656746211e+02 5.280434511694268451e+01
1.655738867716746654e+02 5.243865410494268531e+01
1.654782132516746742e+02 5.207606180394267881e+01
1.653708930986746282e+02 5.171674229094267616e+01
1.652528604166747073e+02 5.136079582994268833e+01
1.651249853246746397e+02 5.100826397394268952e+01
1.649880712666746376e+02 5.065914184694268840e+01
1.648428554586746486e+02 5.031338918294268581e+01
1.646900112546746868e+02 4.997093937594267743e+01
1.645301517296746852e+02 4.963170682094268216e+01
1.643638339146746148e+02 4.929559275894268922e+01
1.641915633146746814e+02 4.896248988194268748e+01
1.640137985386746777e+02 4.863228605794267878e+01
1.638309553566746217e+02 4.830486645794267986e+01
1.636434112246746508e+02 4.798011633594268233e+01
1.634515088816746129e+02 4.765792211094267827e+01
1.632555598996746085e+02 4.733817255094268717e+01
1.630558478546746528e+02 4.702075954194268093e+01
1.628526311866746710e+02 4.670557859894267949e+01
1.626461457686746144e+02 4.639252920594267948e+01
1.624366071986746647e+02 4.608151499394267603e+01
1.622242128476746075e+02 4.577244381994267997e+01
1.620091436896746018e+02 4.546522776494268214e+01
1.617915659216746462e+02 4.515978307494268051e+01
1.615716306626746928e+02 4.485602765694268612e+01
1.613494779976746258e+02 4.455388484994267628e+01
1.611252404806746199e+02 4.425328628194267822e+01
1.608990381906746734e+02 4.395416357294267584e+01
1.606709824316747017e+02 4.365645202494268062e+01
1.604411761296746590e+02 4.336008990794267959e+01
1.602097149346747074e+02 4.306501876994268230e+01
1.599766839126746163e+02 4.277117829794268289e+01
1.597421678926746154e+02 4.247851852194268929e+01
1.595062748176746936e+02 4.218702734494267759e+01
1.592690249976747054e+02 4.189659326494268043e+01
1.590305082056746642e+02 4.160719905694267595e+01
1.587907873506746910e+02 4.131880174294268215e+01
1.585498907676746967e+02 4.103132408994268587e+01
1.583079308326746286e+02 4.074479541194267540e+01
1.580649324296746272e+02 4.045914636194268610e+01
1.578056206366746892e+02 4.020581148694267881e+01
1.574309727746746148e+02 4.018899151694267857e+01
1.570563117096746737e+02 4.017246700294268180e+01
1.566816392036746493e+02 4.015620350394267746e+01
1.563069566756746553e+02 4.014017279694267870e+01
1.559322652916746392e+02 4.012435140994267613e+01
1.555575660226746777e+02 4.010871957094268225e+01
1.551828596856746572e+02 4.009326044094268582e+01
1.548081469736746385e+02 4.007795953894267882e+01
1.544334284826746853e+02 4.006280430094268752e+01
1.540587047286746838e+02 4.004778374694268450e+01
1.536839761576746923e+02 4.003288821194267655e+01
1.533092431636746369e+02 4.001810913494267652e+01
1.529345060906746312e+02 4.000343889094268945e+01
1.525597652426746436e+02 3.998887065594267654e+01
1.521850678276746294e+02 3.997440009494268054e+01
1.518103167906746194e+02 3.996001790594267788e+01
1.514355629126746408e+02 3.994572101794268804e+01
1.510608063766746909e+02 3.993150485094268731e+01
1.506860473466746271e+02 3.991736521994268116e+01
1.503112859726746819e+02 3.990329829294267938e+01
1.499365223866747101e+02 3.988930054594268881e+01
1.495617567106746719e+02 3.987536873294268958e+01
1.491869890526746758e+02 3.986149985194268197e+01
1.488122195126746874e+02 3.984769112594268847e+01
1.484374481826746432e+02 3.983393997394267672e+01
1.480626751456746888e+02 3.982024399794268277e+01
1.476879004766747130e+02 3.980660095894268125e+01
1.473131242476746365e+02 3.979300876794268049e+01
1.469383465216747027e+02 3.977946546994267862e+01
1.465635673586746179e+02 3.976596923194267674e+01
1.461887868146746996e+02 3.975251833394268886e+01
1.458140049416746251e+02 3.973911115694268403e+01
1.454392217846747144e+02 3.972574617794268192e+01
1.450644373916746872e+02 3.971242195894268434e+01
1.446896518016746995e+02 3.969913714494268220e+01
1.443148650546746694e+02 3.968589045194268294e+01
1.439400771876746603e+02 3.967268066494268908e+01
1.435652882346746537e+02 3.965950663394268361e+01
1.431904982276746523e+02 3.964636726594268623e+01
1.428157071976746693e+02 3.963326152394267865e+01
1.424409151736746253e+02 3.962018841994267859e+01
1.420661221826746896e+02 3.960714701694267603e+01
1.416913282506747009e+02 3.959413641894268210e+01
1.413165334026746223e+02 3.958115577394268314e+01
1.409417376616746651e+02 3.956820426594268270e+01
1.405669410496747105e+02 3.955528111794268398e+01
1.401921435886746394e+02 3.954238558694268590e+01
1.398173452976747058e+02 3.952951695994268277e+01
1.394425461976746874e+02 3.951667455694268938e+01
1.390677463066746213e+02 3.950385772394268713e+01
1.386929456406746795e+02 3.949106583594267761e+01
1.383181442186746608e+02 3.947829829094268916e+01
1.379433420556746341e+02 3.946555451294268835e+01
1.375685391676746576e+02 3.945283394694267542e+01
1.371937355706746757e+02 3.944013605994268801e+01
1.368189312766746752e+02 3.942746033894268010e+01
1.364441263006746112e+02 3.941480629094267840e+01
1.360693206556746873e+02 3.940217344094267560e+01
1.356945143556746416e+02 3.938956132894267625e+01
1.353197075186747043e+02 3.937696951894268693e+01
1.349448998876746373e+02 3.936439757394268213e+01
1.345700916596746310e+02 3.935184508894268163e+01
1.341952828386746432e+02 3.933931166694267745e+01
1.338204734266746527e+02 3.932679692394268045e+01
1.334459720616746381e+02 3.931431077094268289e+01
1.330711727966746594e+02 3.930183264594268167e+01
1.326963699276747093e+02 3.928937201994268946e+01
1.323215640206747139e+02 3.927692857694268014e+01
1.319467555026747050e+02 3.926450200594268836e+01
1.315719446846746905e+02 3.925209200094268169e+01
1.311971318136746731e+02 3.923969826594267829e+01
1.308223170796746899e+02 3.922732050994268604e+01
1.304475006316746430e+02 3.921495844994268509e+01
1.300726825866746594e+02 3.920261181294267772e+01
1.296978630356746862e+02 3.919028033094268437e+01
1.293230420456746970e+02 3.917796374194267628e+01
1.289482196686747102e+02 3.916566179394268943e+01
1.285733566076746683e+02 3.915337295194268563e+01
1.281985381776746635e+02 3.914109976994268436e+01
1.278237174436746955e+02 3.912884047494267747e+01
1.274488945656746637e+02 3.911659484494268213e+01
1.270740696726746819e+02 3.910436266194268740e+01
1.266992429906746338e+02 3.909214371794267606e+01
1.263244143146746410e+02 3.907993779694268710e+01
1.259495838916747061e+02 3.906774470294267587e+01
1.255747971146746522e+02 3.905556571094268747e+01
1.251999700696746913e+02 3.904339789894268620e+01
1.248251420246746193e+02 3.903124235594268043e+01
1.244503130296747031e+02 3.901909889994267644e+01
1.240754831266746123e+02 3.900696735094268774e+01
1.237006523546746166e+02 3.899484753594268227e+01
1.233258207436746261e+02 3.898273928594268511e+01
1.229509883266746328e+02 3.897064243394268601e+01
1.225761551246746421e+02 3.895855681794267866e+01
1.222013211626746170e+02 3.894648228194267858e+01
1.218264864606746869e+02 3.893441866994268707e+01
1.214516510376746510e+02 3.892236583094268099e+01
1.210768148296746176e+02 3.891032361594268707e+01
1.207019780756746741e+02 3.889829188694268680e+01
1.203271405866746591e+02 3.888627049794268942e+01
1.199523024266746916e+02 3.887425931294268366e+01
1.195774636536746129e+02 3.886225819794267977e+01
1.192026241326747140e+02 3.885026701694268070e+01
1.188277840296746035e+02 3.883828564594267618e+01
1.184529433006746331e+02 3.882631395794268769e+01
1.180781019516746255e+02 3.881435182994268018e+01
1.177032599926747025e+02 3.880239913994267908e+01
1.173284174286746975e+02 3.879045577094268538e+01
1.169535742696746183e+02 3.877852160794267888e+01
1.165787305196746502e+02 3.876659653594268207e+01
1.162038861886746872e+02 3.875468044594268235e+01
1.158290412816746766e+02 3.874277322794267775e+01
1.154541958066746474e+02 3.873087477594268080e+01
1.150793497686746605e+02 3.871898498594268290e+01
1.147045031756746312e+02 3.870710375694268635e+01
1.143296560356747023e+02 3.869523098694267560e+01
1.139548083536747072e+02 3.868336657894268171e+01
1.135799601376746750e+02 3.867151043694268253e+01
1.132051113966746243e+02 3.865966246594268796e+01
1.128302621366746052e+02 3.864782257394267617e+01
1.124554123666746364e+02 3.863599066994268583e+01
1.120805620946746330e+02 3.862416666594268122e+01
1.117057113286746244e+02 3.861235047394268349e+01
1.113308600796746077e+02 3.860054200794267842e+01
1.109560083566746016e+02 3.858874118494267691e+01
1.105811561696746139e+02 3.857694792194267563e+01
1.102063035296746420e+02 3.856516213794267856e+01
1.098314504476746833e+02 3.855338375394268269e+01
1.094565969356746109e+02 3.854161269194268868e+01
1.090816966316746175e+02 3.852984742094268711e+01
1.087068374376746078e+02 3.851809062394268324e+01
1.083319775026747038e+02 3.850634091194268649e+01
1.079571168266746781e+02 3.849459821294267670e+01
1.075822554056746867e+02 3.848286245494267632e+01
1.072073932406746053e+02 3.847113356794268668e+01
1.068325303296746824e+02 3.845941148194268067e+01
1.064576666716747013e+02 3.844769612994268471e+01
1.060828022656746725e+02 3.843598744494268260e+01
1.057079371126746992e+02 3.842428536094267599e+01
1.053330712116746781e+02 3.841258981294268438e+01
1.049582045626746094e+02 3.840090073694268824e+01
1.045833370396746886e+02 3.838921806794267866e+01
1.042084688966746171e+02 3.837754175194268669e+01
1.038336000116746618e+02 3.836587172494267861e+01
1.034587303856746985e+02 3.835420792594268846e+01
1.030838600216746954e+02 3.834255029794267955e+01
1.027089890476746632e+02 3.833089878694268293e+01
1.023341172126746415e+02 3.831925332894267910e+01
1.019592446496747016e+02 3.830761387194267797e+01
1.015843713626746876e+02 3.829598036094267854e+01
1.012094973586746391e+02 3.828435274194268345e+01
1.008346226426746171e+02 3.827273096194268476e+01
1.004597472226746504e+02 3.826111496894267816e+01
1.000848711076746440e+02 3.824950471194267720e+01
9.970999430567462696e+01 3.823790014094268486e+01
9.933511682667460718e+01 3.822630120394268260e+01
9.896023868367467458e+01 3.821470785494268796e+01
9.858535988767471281e+01 3.820312004294268604e+01
9.821048045267468751e+01 3.819153772294268379e+01
9.783560039367466743e+01 3.817996084694267722e+01
9.746071972767470015e+01 3.816838936894268386e+01
9.708583847167460590e+01 3.815682324494268585e+01
9.671095664567462791e+01 3.814526242894268648e+01
9.633607426967466836e+01 3.813370687794268576e+01
9.596119136967467966e+01 3.812215654894268368e+01
9.558630796567467769e+01 3.811061139894268024e+01
9.521142408667469681e+01 3.809907138694268269e+01
9.483653976267464714e+01 3.808753647094268047e+01
9.446165502167468730e+01 3.807600661194268810e+01
9.408676989867467455e+01 3.806448176794268079e+01
9.371188442667471463e+01 3.805296190194268036e+01
9.333699864367463306e+01 3.804144697394268348e+01
9.296211258767471008e+01 3.802993694794268720e+01
9.258722647667468664e+01 3.801843178894267794e+01
9.221234010567468431e+01 3.800693145494268776e+01
9.183745363767468461e+01 3.799543591294268197e+01
9.146256713167463204e+01 3.798394512794267541e+01
9.108768065467461383e+01 3.797245906394267934e+01
9.071279427767467496e+01 3.796097768894267688e+01
9.033790807667469380e+01 3.794950096794268291e+01
8.996302213467470210e+01 3.793802886994268420e+01
8.958813654067466814e+01 3.792656136194268868e+01
8.921325138967461044e+01 3.791509841194267949e+01
8.883836678367470086e+01 3.790363999094267911e+01
8.846348283367467502e+01 3.789218606894267793e+01
8.808859965667465985e+01 3.788073661494267697e+01
8.771371737567460514e+01 3.786929160094268809e+01
8.733883612767465365e+01 3.785785099994268421e+01
8.696395605167469967e+01 3.784641478294268779e+01
8.658907729467466652e+01 3.783498292494267901e+01
8.621420001267460975e+01 3.782355539794268395e+01
8.583932436567465629e+01 3.781213217694268280e+01
8.546445051467469511e+01 3.780071323794268778e+01
8.508957862467468658e+01 3.778929855394268600e+01
8.471470885167468623e+01 3.777788810194267910e+01
8.433984134367460683e+01 3.776648185594268625e+01
8.396497622467461497e+01 3.775507979294268068e+01
8.359011358367467892e+01 3.774368188494268850e+01
8.321530372867471215e+01 3.773228963494268839e+01
8.284045852067470150e+01 3.772090033494268368e+01
8.246561876767464128e+01 3.770951519794267881e+01
8.209078499467466372e+01 3.769813421294267641e+01
8.171595773267461027e+01 3.768675736894267914e+01
8.134113750867470571e+01 3.767538465594267905e+01
8.096632480367463813e+01 3.766401606194268936e+01
8.059152000167466667e+01 3.765265157294268761e+01
8.021672329767466181e+01 3.764129116894268634e+01
7.984193455167462616e+01 3.762993482094267961e+01
7.946715305267468921e+01 3.761858248094267765e+01
7.909237715467463659e+01 3.760723407594268508e+01
7.871760375567464507e+01 3.759588948694268140e+01
7.834278062067460269e+01 3.758454710894268658e+01
7.796794588667466996e+01 3.757320807394268058e+01
7.759303260667468294e+01 3.756187033494268235e+01
7.721796007567468223e+01 3.755053143094268364e+01
7.684265570967465919e+01 3.753918914994268619e+01
7.646779365767463332e+01 3.752786384094268612e+01
7.609316712967461172e+01 3.751654922394267544e+01
7.571545191267466635e+01 3.750514491894267621e+01
7.534053338567468927e+01 3.749382860294268482e+01
7.496561435067462753e+01 3.748251578694268460e+01
7.459069480967468735e+01 3.747120644894268082e+01
7.421577476167465193e+01 3.745990056794268241e+01
7.384085420767462438e+01 3.744859812294268409e+01
7.346593314967469723e+01 3.743729909294268055e+01
7.309101158667465370e+01 3.742600345794268435e+01
7.271608952067470000e+01 3.741471119694267600e+01
7.234116695067461933e+01 3.740342229094268589e+01
7.197021255467461742e+01 3.739225616394267604e+01
7.159197310867466513e+01 3.738087410494267715e+01
7.121643481167461687e+01 3.736957666294267710e+01
7.084510118267462531e+01 3.735840895794268590e+01
7.046990312567470482e+01 3.734712829294268488e+01
7.009525904467466262e+01 3.733586753494267896e+01
6.972072974067464202e+01 3.732461345494267846e+01
6.934621708567465248e+01 3.731336308494267939e+01
6.897168111167468396e+01 3.730211520594268393e+01
6.859710831167467404e+01 3.729086939494268904e+01
6.822249617267470967e+01 3.727962555994268712e+01
6.784786910967466156e+01 3.726838441694268056e+01
6.747316932267460743e+01 3.725714421494268436e+01
6.709845100267466478e+01 3.724590656194268945e+01
6.672371126767461647e+01 3.723467135694268393e+01
6.634894849967463415e+01 3.722343853394268365e+01
6.597416144767464630e+01 3.721220803994268067e+01
6.559934871767461573e+01 3.720097981594268788e+01
6.522450844067464004e+01 3.718975379194267816e+01
6.484972051867464415e+01 3.717853234194268452e+01
6.447487488967465197e+01 3.716731215594268178e+01
6.410001488467469244e+01 3.715609451594268364e+01
6.372514024267468358e+01 3.714487939794268812e+01
6.335025038767469141e+01 3.713366676994267834e+01
6.297534454467461273e+01 3.712245659294268307e+01
6.260042192167463782e+01 3.711124882794268842e+01
6.222548198367462646e+01 3.710004344594268844e+01
6.185044567067461685e+01 3.708883806894267821e+01
6.147545222567464407e+01 3.707763684294268103e+01
6.110042576067462505e+01 3.706643748594268573e+01
6.072536538567464959e+01 3.705523995794268899e+01
6.035027187867467546e+01 3.704404426894268454e+01
5.997514955567464767e+01 3.703285053394267834e+01
5.960000736067468097e+01 3.702165900494267703e+01
5.922486240867465312e+01 3.701047017894268265e+01
5.884974177467461232e+01 3.699928484994268274e+01
5.847468138767465007e+01 3.698810407394267941e+01
5.809983023567463079e+01 3.697693227594268706e+01
5.772515731267469619e+01 3.696576851394267749e+01
5.735064803967463831e+01 3.695461233594268435e+01
5.697492901067471394e+01 3.694342282894268692e+01
5.660276628767462626e+01 3.693234189394267730e+01
5.622802659567469163e+01 3.692118689394268927e+01
5.585324173467461151e+01 3.691003320794268916e+01
5.547840782967466566e+01 3.689888070994268787e+01
5.510352609267465596e+01 3.688772942294268375e+01
5.472859591567464577e+01 3.687657931794268507e+01
5.435363071767460497e+01 3.686543078194267764e+01
5.397672667467463725e+01 3.685422721894268250e+01
5.360187337167462829e+01 3.684308720694268402e+01
5.322671606767460162e+01 3.683194073494267684e+01
5.285174597167463162e+01 3.682080238894268120e+01
5.247691095467462219e+01 3.680967060394267776e+01
5.210224087767460333e+01 3.679854625194268181e+01
5.172761435167467425e+01 3.678742571494268532e+01
5.135300547767462831e+01 3.677630821194267696e+01
5.097839501867463241e+01 3.676519315994268311e+01
5.060377061367466922e+01 3.675408018294268686e+01
5.022912503367467707e+01 3.674296905294268356e+01
4.985445506667463178e+01 3.673185966494268939e+01
4.947975916567463628e+01 3.672075196194268187e+01
4.910503741867466942e+01 3.670964593794268183e+01
4.873038865967464517e+01 3.669854450894268894e+01
4.835561886067466730e+01 3.668744191594268500e+01
4.798083623167462974e+01 3.667634135494267866e+01
4.760604051767461442e+01 3.666524280794267554e+01
4.723123188867464251e+01 3.665414626994268588e+01
4.685641071367467703e+01 3.664305174094268125e+01
4.648157741167460699e+01 3.663195922494267620e+01
4.610673235167462281e+01 3.662086872094268131e+01
4.573187579567468219e+01 3.660978022794267872e+01
4.535700784867469793e+01 3.659869373794268199e+01
4.498212843567466734e+01 3.658760924094268319e+01
4.460723734367468296e+01 3.657652671894268792e+01
4.423233391967460193e+01 3.656544614294267603e+01
4.385739319667470681e+01 3.655436676794268180e+01
4.348247635967470615e+01 3.654329038994268330e+01
4.310753852667460251e+01 3.653221567394268732e+01
4.273258002167460745e+01 3.652114262094268327e+01
4.235760104867460996e+01 3.651007122794268867e+01
4.198260189967470524e+01 3.649900149494268931e+01
4.160758305767467391e+01 3.648793342594268552e+01
4.123254565467470911e+01 3.647686704594268292e+01
4.085749195867470007e+01 3.646580241294267921e+01
4.048236595867467713e+01 3.645473786694267915e+01
4.010723806267469627e+01 3.644367547594268331e+01
3.973208096967471192e+01 3.643261442594268829e+01
3.935689697167470058e+01 3.642155477594268120e+01
3.898169333467467368e+01 3.641049673294267564e+01
3.860648665167468607e+01 3.639944077594267924e+01
3.823131067467465982e+01 3.638838789194268486e+01
3.785631719067464473e+01 3.637734254194268146e+01
3.748166414867466756e+01 3.636630936494267985e+01
3.710661907467465426e+01 3.635526678194268868e+01
3.673473306167466035e+01 3.634431931794267712e+01
3.635958097567470304e+01 3.633327782494268376e+01
3.598459825967461256e+01 3.632224343094267738e+01
3.560973583767463424e+01 3.631121468394267993e+01
3.523552444667461714e+01 3.630020718294268534e+01
3.486006706367470542e+01 3.628916512294267704e+01
3.448292454767465642e+01 3.627807560694267863e+01
3.410761341967463522e+01 3.626704202394267895e+01
3.373276541067468770e+01 3.625602412394268015e+01
3.335811823167466628e+01 3.624501418294268262e+01
3.298356529467469045e+01 3.623400905794268567e+01
3.260902104967465220e+01 3.622300622894267974e+01
3.223446473267460988e+01 3.621200507694268822e+01
3.185988696267463638e+01 3.620100531894267704e+01
3.148528421367461760e+01 3.619000684594267625e+01
3.111065604967461695e+01 3.617900963694268057e+01
3.073602579867463191e+01 3.616801436994268215e+01
3.036133638767466891e+01 3.615701936294267682e+01
2.998663325667462232e+01 3.614602594194268192e+01
2.961191503967461358e+01 3.613503406194267598e+01
2.923718121667468495e+01 3.612404369994268905e+01
2.886243173967466191e+01 3.611305484694268841e+01
2.848766682767461589e+01 3.610206750394267772e+01
2.811288681467465267e+01 3.609108167394268207e+01
2.773809208467469034e+01 3.608009735994268397e+01
2.736328301667469987e+01 3.606911456794267679e+01
2.698845996367469979e+01 3.605813330194268929e+01
2.661367941167463869e+01 3.604715520894268366e+01
2.623885404567465685e+01 3.603617772494268934e+01
2.586402120467471377e+01 3.602520193794268266e+01
2.548918145167465354e+01 3.601422785794268577e+01
2.511433509667460839e+01 3.600325548594268810e+01
2.473948281667469473e+01 3.599228483794267675e+01
2.436462489967470901e+01 3.598131591394268014e+01
2.398976169567470151e+01 3.597034871994267746e+01
2.361489352867465641e+01 3.595938325694268656e+01
2.324002070367464512e+01 3.594841952894267934e+01
2.286514351767470998e+01 3.593745753894268091e+01
2.249026226067462630e+01 3.592649728894268435e+01
2.211537722967466379e+01 3.591553878094268271e+01
2.174048872467460569e+01 3.590458201894267631e+01
2.136559705867466619e+01 3.589362700494268665e+01
2.099070256167465232e+01 3.588267374294268564e+01
2.061580557367460642e+01 3.587172223794267722e+01
2.024090645567468982e+01 3.586077249394267596e+01
1.986600558167469899e+01 3.584982451594268582e+01
1.949110334167460223e+01 3.583887830894268234e+01
1.911620012967466664e+01 3.582793388094268039e+01
1.874129635267468075e+01 3.581699123594268031e+01
1.836639241467469219e+01 3.580605038094267911e+01
1.799148871567467722e+01 3.579511132294268805e+01
1.761658564667470728e+01 3.578417406594267902e+01
1.724168358167469250e+01 3.577323861694267748e+01
1.686673926067464890e+01 3.576230370794267799e+01
1.649183519567463918e+01 3.575137174094268744e+01
1.611693313067462441e+01 3.574044159394267695e+01
1.574203343067460992e+01 3.572951327194267890e+01
1.536713643267466978e+01 3.571858677994268305e+01
1.499224243667470091e+01 3.570766212194267553e+01
1.461735169867461082e+01 3.569673929994267780e+01
1.424246443367462689e+01 3.568581831394267567e+01
1.386758080867468834e+01 3.567489916494268698e+01
1.349270094067469472e+01 3.566398184994268661e+01
1.311782490167468040e+01 3.565306636794268513e+01
1.274295271267465068e+01 3.564215271194268553e+01
1.236808435067462142e+01 3.563124087794268746e+01
1.199321974667464019e+01 3.562033085894267970e+01
1.161835879167460917e+01 3.560942264694267578e+01
1.124350133667462615e+01 3.559851623194268200e+01
1.086864720267465145e+01 3.558761160394267620e+01
1.049379617667466391e+01 3.557670875294267887e+01
1.011894802467463705e+01 3.556580766594268539e+01
9.744102487674695112e+00 3.555490833194268419e+01
9.369259293674645050e+00 3.554401073794268484e+01
8.994418160674626961e+00 3.553311487094268273e+01
8.619578796674659316e+00 3.552222071794268743e+01
8.244783779674662583e+00 3.551132951194267662e+01
7.869942783674673592e+00 3.550043862294268138e+01
7.495102852674676797e+00 3.548954941394268303e+01
7.120263747674698607e+00 3.547866187394268422e+01
6.745425230674641170e+00 3.546777599194268760e+01
6.370587064674623434e+00 3.545689175494268852e+01
5.995749017674711467e+00 3.544600915394268270e+01
5.620910864674669938e+00 3.543512817794268699e+01
5.246072388674633658e+00 3.542424881494268618e+01
4.871233382674631684e+00 3.541337105594267598e+01
4.496393651674679859e+00 3.540249488994268745e+01
4.121553013674656540e+00 3.539162030994268093e+01
3.746711297674664820e+00 3.538074730394268386e+01
3.371868343674691459e+00 3.536987586494268498e+01
2.997024009674646550e+00 3.535900598494268365e+01
2.622178162674686064e+00 3.534813765594267920e+01
2.247330679674632847e+00 3.533727086994268518e+01
1.872481449674637588e+00 3.532640561994267614e+01
1.497630373674610382e+00 3.531554189894268347e+01
1.122777358674625248e+00 3.530467970194268901e+01
7.479223226746398723e-01 3.529381902094267787e+01
3.730651896746621787e-01 3.528295984994268508e+01
-1.794111325352787389e-03 3.527210218494268190e+01
-3.766556433253072100e-01 3.526124601994268914e+01
-7.515194663253623730e-01 3.525039134794268136e+01
-1.126385637325370226e+00 3.523953816494268665e+01
-1.501254209325338707e+00 3.522868646594268682e+01
-1.876125233325296904e+00 3.521783624494268850e+01
-2.250998759325398169e+00 3.520698749894268076e+01
-2.625874836325351680e+00 3.519614021994267716e+01
-3.000753401325368941e+00 3.518529440994268498e+01
-3.375634769325301932e+00 3.517445005294268867e+01
-3.750518813325356859e+00 3.516360715194268494e+01
-4.125405587325303713e+00 3.515276569994267675e+01
-4.500295141325295845e+00 3.514192569394268162e+01
-4.875187525325372917e+00 3.513108712694268831e+01
-5.250082788325357797e+00 3.512024999694268956e+01
-5.624980974325353600e+00 3.510941429794267776e+01
-5.999882134325389416e+00 3.509858002594268100e+01
-6.374786305325301328e+00 3.508774717494267747e+01
-6.749693529325327290e+00 3.507691574294268833e+01
-7.124603842325313963e+00 3.506608572494268117e+01
-7.499517276325377679e+00 3.505525711594268046e+01
-7.874433857325357167e+00 3.504442991394267892e+01
-8.249394865325371029e+00 3.503360292194268766e+01
-8.624309252325360831e+00 3.502277876794268252e+01
-8.999228094325303573e+00 3.501195597294268680e+01
-9.374151279325360520e+00 3.500113453794267571e+01
-9.749020416325379301e+00 3.499031614394267820e+01
-1.012387459632532227e+01 3.497949966094267893e+01
-1.049872898432533930e+01 3.496868464694267686e+01
-1.087358358332539865e+01 3.495787109994267894e+01
-1.124843840332539457e+01 3.494705901694268846e+01
-1.162329344932538788e+01 3.493624839394267667e+01
-1.199814851732537591e+01 3.492543923594267596e+01
-1.237300391232531638e+01 3.491463152994268171e+01
-1.274785951332535205e+01 3.490382527794268697e+01
-1.312271532032536925e+01 3.489302047594267719e+01
-1.349757133732532566e+01 3.488221712094268412e+01
-1.387242756332534555e+01 3.487141521294267932e+01
-1.424728400032529407e+01 3.486061474594268361e+01
-1.462214065132536689e+01 3.484981571994268279e+01
-1.499699751832531547e+01 3.483901813194268016e+01
-1.537185460432533546e+01 3.482822197894267902e+01
-1.574671191032530260e+01 3.481742725794268267e+01
-1.612156944132539138e+01 3.480663396694268386e+01
-1.649642720032534271e+01 3.479584210294268587e+01
-1.687128519032535223e+01 3.478505166494268508e+01
-1.724614341732535649e+01 3.477426264894268115e+01
-1.762100188432532377e+01 3.476347505394268467e+01
-1.799586059932539683e+01 3.475268887594268108e+01
-1.837071956632530600e+01 3.474190411394268097e+01
-1.874557879232531832e+01 3.473112076394268399e+01
-1.912043828632533859e+01 3.472033882594267595e+01
-1.949525424132536955e+01 3.470955955494268608e+01
-1.987011310732532365e+01 3.469878046394268267e+01
-2.024497224732533596e+01 3.468800277794268538e+01
-2.061983167232529013e+01 3.467722649294267967e+01
-2.099469139532538975e+01 3.466645160794267611e+01
-2.136955142932538365e+01 3.465567811894268857e+01
-2.174441179132531943e+01 3.464490602594268864e+01
-2.211927249632537951e+01 3.463413532394268657e+01
-2.249413356432535238e+01 3.462336601294268235e+01
-2.286899501432537818e+01 3.461259808794268622e+01
-2.324385687132530620e+01 3.460183154894268398e+01
-2.361871915732535854e+01 3.459106639194268951e+01
-2.399358190132534219e+01 3.458030261494268132e+01
-2.436844513232529152e+01 3.456954021494267693e+01
-2.474330888232532288e+01 3.455877918994268327e+01
-2.511817318732539661e+01 3.454801953694268946e+01
-2.549303808532533822e+01 3.453726125294268456e+01
-2.586790361832538565e+01 3.452650433494268611e+01
-2.624276982932531155e+01 3.451574878094268684e+01
-2.661763676832538295e+01 3.450499458794267582e+01
-2.699250448532529845e+01 3.449424175294268480e+01
-2.736730981732534929e+01 3.448349208494268225e+01
-2.774217266932532766e+01 3.447274214494268563e+01
-2.811703587132535631e+01 3.446199357094268123e+01
-2.849189944232534799e+01 3.445124635994268658e+01
-2.886676340532528684e+01 3.444050051094268383e+01
-2.924162778032530241e+01 3.442975602194267992e+01
-2.961649259032537884e+01 3.441901289094268179e+01
-2.999135786132535486e+01 3.440827111594268217e+01
-3.036622361532533887e+01 3.439753069494268800e+01
-3.074108988032537582e+01 3.438679162594267780e+01
-3.111595667932533615e+01 3.437605390794267635e+01
-3.149082403932538909e+01 3.436531753894267638e+01
-3.186569198232530198e+01 3.435458251594268120e+01
-3.224056053332537886e+01 3.434384883794268717e+01
-3.261542971432538707e+01 3.433311650394267645e+01
-3.299029954332536363e+01 3.432238551194268439e+01
-3.336517003832534556e+01 3.431165586094267894e+01
-3.374004121332529849e+01 3.430092754894268126e+01
-3.411491308032532288e+01 3.429020057494268769e+01
-3.448978564532535529e+01 3.427947493794268041e+01
-3.486465891332534284e+01 3.426875063794268783e+01
-3.523953288232530667e+01 3.425802767294268847e+01
-3.561440755032538164e+01 3.424730604394268596e+01
-3.598928290732533242e+01 3.423658574894268725e+01
-3.636415894232538903e+01 3.422586678794267812e+01
-3.673903564132535848e+01 3.421514916094268699e+01
-3.711391298632531743e+01 3.420443286894268908e+01
-3.748879095632537428e+01 3.419371791094268076e+01
-3.786366953032529636e+01 3.418300428694267623e+01
-3.823854868432533749e+01 3.417229199794267913e+01
-3.861342839332530730e+01 3.416158104394268946e+01
-3.898830863332534591e+01 3.415087142494267880e+01
-3.936318937832538722e+01 3.414016314194267920e+01
-3.973807060332535457e+01 3.412945619494267646e+01
-4.011295228532537749e+01 3.411875058594267784e+01
-4.048783440032536873e+01 3.410804631294267608e+01
-4.086271692532534416e+01 3.409734337794267844e+01
-4.123759984132539103e+01 3.408664178194268857e+01
-4.161248312832537977e+01 3.407594152394268860e+01
-4.198736676632529452e+01 3.406524260594268583e+01
-4.236229792332528632e+01 3.405454368194267545e+01
-4.273717729832537771e+01 3.404384758494268226e+01
-4.311205727732533433e+01 3.403315281994268560e+01
-4.348693806632536507e+01 3.402245938294268512e+01
-4.386181950432535359e+01 3.401176727694267754e+01
-4.423670155432535012e+01 3.400107650394268433e+01
-4.461158418432535200e+01 3.399038706594268433e+01
-4.498646736032537774e+01 3.397969896394268119e+01
-4.536135105532537182e+01 3.396901219794268911e+01
-4.573623524232539239e+01 3.395832677094267638e+01
-4.611111989732535221e+01 3.394764268394268925e+01
-4.648600499632539140e+01 3.393695993694268509e+01
-4.686089052032536983e+01 3.392627853294268903e+01
-4.723577645032537475e+01 3.391559847194268684e+01
-4.761066277032534799e+01 3.390491975594268581e+01
-4.798554946232536622e+01 3.389424238594268957e+01
-4.836043651332533955e+01 3.388356636294268753e+01
-4.873532391032529176e+01 3.387289168994267641e+01
-4.911021164232533920e+01 3.386221836594268098e+01
-4.948509969632539196e+01 3.385154639294268009e+01
-4.985998806432530728e+01 3.384087577394268465e+01
-5.023487673532531517e+01 3.383020650894268044e+01
-5.060976570232537597e+01 3.381953860094267839e+01
-5.098465495732534691e+01 3.380887204994267847e+01
-5.135954449232531260e+01 3.379820685794268798e+01
-5.173443430132533649e+01 3.378754302694268574e+01
-5.210932437932535777e+01 3.377688055894267904e+01
-5.248421471832534735e+01 3.376621945494268573e+01
-5.285910531532533696e+01 3.375555971794268828e+01
-5.323399616432539005e+01 3.374490134994267976e+01
-5.360888726132532156e+01 3.373424435094268858e+01
-5.398377871632533243e+01 3.372358872194267576e+01
-5.435867022132538295e+01 3.371293447294267764e+01
-5.473356200432533569e+01 3.370228159994267969e+01
-5.510845404432529904e+01 3.369163010494268917e+01
-5.548368146732536843e+01 3.368097047094268248e+01
-5.585914136832536769e+01 3.367030562694267815e+01
-5.623459220132531300e+01 3.365964243694267566e+01
-5.661003378732539204e+01 3.364898090994267932e+01
-5.698546593232538271e+01 3.363832105294268615e+01
-5.736088845032531935e+01 3.362766287494268624e+01
-5.773630115532535001e+01 3.361700638294267662e+01
-5.811170386732533188e+01 3.360635158494268637e+01
-5.848709640632534956e+01 3.359569848994267716e+01
-5.886247859332536336e+01 3.358504710494268863e+01
-5.923785025032532303e+01 3.357439743894268247e+01
-5.961321119932529200e+01 3.356374949994268775e+01
-5.998856126532530197e+01 3.355310329694268034e+01
-6.036390026932531327e+01 3.354245883794268934e+01
-6.073931889332538958e+01 3.353181355494268701e+01
-6.111465525032531332e+01 3.352117204394268413e+01
-6.148998275832536820e+01 3.351053222494267914e+01
-6.186530141632533741e+01 3.349989410294267600e+01
-6.223693919432537314e+01 3.348936174194268744e+01
-6.261231092632533546e+01 3.347872500794268547e+01
-6.298721286632530791e+01 3.346810304194268326e+01
-6.336201026632534195e+01 3.345748549894268820e+01
-6.373674895132535312e+01 3.344687108394268193e+01
-6.411149955732537364e+01 3.343625779994268044e+01
-6.448626667132532475e+01 3.342564552394267707e+01
-6.486105123732534139e+01 3.341503423394267713e+01
-6.523581450732535814e+01 3.340442503294268306e+01
-6.561064562832530100e+01 3.339381540294267836e+01
-6.598548566232534540e+01 3.338320701894268439e+01
-6.636033470132531420e+01 3.337259988394268362e+01
-6.673519271032535016e+01 3.336199400494268730e+01
-6.711005908132528930e+01 3.335138940694268683e+01
-6.748493308532533774e+01 3.334078611694268091e+01
-6.785981396032536850e+01 3.333018416394267547e+01
-6.823470096232529158e+01 3.331958357494268341e+01
-6.860959337832537130e+01 3.330898437794267863e+01
-6.898449055332537228e+01 3.329838659994268824e+01
-6.935939185132531293e+01 3.328779026594268942e+01
-6.973429681332538621e+01 3.327719539794267689e+01
-7.010920485432529858e+01 3.326660202094268470e+01
-7.048411558632528795e+01 3.325601015394268245e+01
-7.085902849132537540e+01 3.324541981994268269e+01
-7.123394332732539169e+01 3.323483103694267982e+01
-7.160885972732535265e+01 3.322424382394268605e+01
-7.198377740032537986e+01 3.321365819894268157e+01
-7.235869608432528821e+01 3.320307417894268553e+01
-7.273361554732537115e+01 3.319249178294268177e+01
-7.310853557832535898e+01 3.318191102694268579e+01
-7.348345599232538916e+01 3.317133192694268473e+01
-7.385837661932532683e+01 3.316075449994268354e+01
-7.423329731332535175e+01 3.315017876294268717e+01
-7.460821794132539253e+01 3.313960473094267911e+01
-7.498313838532533282e+01 3.312903242194268216e+01
-7.535805853832539469e+01 3.311846185094267980e+01
-7.573297830832530053e+01 3.310789303494267699e+01
-7.610789761232535966e+01 3.309732599194268232e+01
-7.648281637832531032e+01 3.308676073894268654e+01
-7.685773454032539576e+01 3.307619729194267677e+01
-7.723265204232529868e+01 3.306563566994267944e+01
-7.760756883632529934e+01 3.305507589194267837e+01
-7.798248487732530521e+01 3.304451797494267851e+01
-7.835740012932535592e+01 3.303396193994268515e+01
-7.873231456132532458e+01 3.302340780594268210e+01
-7.910722814432529049e+01 3.301285559294268523e+01
-7.948214085832535147e+01 3.300230532394267868e+01
-7.985705268332537798e+01 3.299175701994268195e+01
-8.023196360432530128e+01 3.298121070394267917e+01
-8.060687361032535136e+01 3.297066639994268655e+01
-8.098178269332538548e+01 3.296012413194267765e+01
-8.135669084632536396e+01 3.294958392494268651e+01
-8.173159806732530797e+01 3.293904580794267645e+01
-8.210650435432535232e+01 3.292850980694268515e+01
-8.248140970932536220e+01 3.291797595294268319e+01
-8.285631413532530587e+01 3.290744427394268712e+01
-8.323121763732535783e+01 3.289691480394267842e+01
-8.360612022232533036e+01 3.288638757594267759e+01
-8.398102189832536624e+01 3.287586262494268396e+01
-8.435592267532535971e+01 3.286533998694268632e+01
-8.473082256232532927e+01 3.285481970294267740e+01
-8.510572157332535426e+01 3.284430181194268528e+01
-8.548061972132529718e+01 3.283378635794268519e+01
-8.585551702032535104e+01 3.282327338594268440e+01
-8.623041348532535721e+01 3.281276294494267631e+01
-8.660530913232537387e+01 3.280225508494268638e+01
-8.698020397932532433e+01 3.279174986094268718e+01
-8.735509804232538045e+01 3.278124732894268334e+01
-8.772999134132533072e+01 3.277074755194267652e+01
-8.810488389532531528e+01 3.276025059394268624e+01
-8.847977572432534998e+01 3.274975652294267547e+01
-8.885466684732534759e+01 3.273926541494267894e+01
-8.922960012332532642e+01 3.272877615094267867e+01
-8.960448498032531006e+01 3.271829134894268520e+01
-8.997936962932533334e+01 3.270780975394268353e+01
-9.035425406932529313e+01 3.269733146294268522e+01
-9.072913829432536659e+01 3.268685658594267807e+01
-9.110402230532531576e+01 3.267638523694267860e+01
-9.147890610532533628e+01 3.266591754194267594e+01
-9.185378969532530391e+01 3.265545363894268860e+01
-9.222867308032539313e+01 3.264499367594268620e+01
-9.260355626732530254e+01 3.263453781894268957e+01
-9.297843926432528860e+01 3.262408624694268156e+01
-9.335332208032536983e+01 3.261363915894268928e+01
-9.372820472532532676e+01 3.260319677594267773e+01
-9.410308721432534185e+01 3.259275934394268859e+01
-9.447796967432532256e+01 3.258232713494268751e+01
-9.485285186232533761e+01 3.257190046694267949e+01
-9.522773394932539759e+01 3.256147968894268274e+01
-9.560257578632536024e+01 3.255106631694268060e+01
-9.597746573932533920e+01 3.254065835994268241e+01
-9.635235451532537354e+01 3.253025772794268278e+01
-9.672724223132536281e+01 3.251986504694268376e+01
-9.710212900732528851e+01 3.250948106294268314e+01
-9.747701496832530665e+01 3.249910667494268068e+01
-9.785190024632538552e+01 3.248874297794267818e+01
-9.822678498132529512e+01 3.247839133694267844e+01
-9.860166932532536066e+01 3.246805348794268298e+01
-9.897655356632537860e+01 3.245773169594268381e+01
-9.935143757032528811e+01 3.244742903394268296e+01
-9.972632180932532719e+01 3.243714981894268590e+01
-1.001012065473253188e+02 3.242690051694268050e+01
-1.004760921053253924e+02 3.241669162294267892e+01
