2.606221652436746581e+02 2.600566355794268247e+01
2.604789686176746955e+02 2.601023185794267079e+01
2.603357707186746666e+02 2.601476008394269002e+01
2.601925715926746534e+02 2.601924943094269338e+01
2.600493712856746242e+02 2.602370103194269291e+01
2.599061698396747033e+02 2.602811595794267419e+01
2.597629672936747056e+02 2.603249522694267171e+01
2.596197636846746946e+02 2.603683980294269418e+01
2.594765590486746305e+02 2.604115060194268949e+01
2.593333534176746298e+02 2.604542849694269080e+01
2.591901468226747056e+02 2.604967431794267441e+01
2.590469394576746254e+02 2.605388885294269130e+01
2.589037310726746455e+02 2.605807286594267680e+01
2.587605218166746681e+02 2.606222707294267593e+01
2.586173117156746457e+02 2.606635216394269605e+01
2.584741007946746549e+02 2.607044879994268172e+01
2.583308890766746799e+02 2.607451761094267795e+01
2.581876765846747048e+02 2.607855920294267094e+01
2.580444633376746424e+02 2.608257415594269446e+01
2.579012493576747147e+02 2.608656302594269505e+01
2.577580346646747103e+02 2.609052634894268863e+01
2.576148192756746766e+02 2.609446463794267856e+01
2.574716032096746403e+02 2.609837838594268078e+01
2.573283864816746700e+02 2.610226806994268145e+01
2.571851691096746890e+02 2.610613414594268988e+01
2.570419511076746630e+02 2.610997705594269291e+01
2.568987324916746502e+02 2.611379722394266878e+01
2.567555132756746161e+02 2.611759505994268693e+01
2.566122934726746507e+02 2.612137095894269123e+01
2.564690730966746059e+02 2.612512530294267776e+01
2.563258521596746959e+02 2.612885846094269482e+01
2.561826306746746695e+02 2.613257078794268295e+01
2.560394086516746484e+02 2.613626262994267790e+01
2.558961861036746086e+02 2.613993431994268235e+01
2.557529630406746719e+02 2.614358617994267320e+01
2.556097394736746082e+02 2.614721852294269411e+01
2.554665154126746529e+02 2.615083164994268827e+01
2.553232908666747107e+02 2.615442585594269076e+01
2.551800658446746866e+02 2.615800142494268243e+01
2.550368403576746914e+02 2.616155863094269307e+01
2.548936144126746512e+02 2.616509774294269164e+01
2.547503880186746983e+02 2.616861901994269601e+01
2.546071611846746237e+02 2.617212271394268441e+01
2.544639339166747050e+02 2.617560906994268066e+01
2.543207062236746197e+02 2.617907832594266893e+01
2.541774781136746242e+02 2.618253071394266840e+01
2.540342495926746551e+02 2.618596645694267977e+01
2.538910206676746384e+02 2.618938577394268918e+01
2.537477913456746137e+02 2.619278887894267882e+01
2.536045616336746207e+02 2.619617597894267647e+01
2.534613315376747096e+02 2.619954727494268809e+01
2.533181010636747033e+02 2.620290296294268728e+01
2.531748702176746519e+02 2.620624323494268992e+01
2.530316390056746059e+02 2.620956827694269009e+01
2.528884073036746258e+02 2.621287827394269243e+01
2.527451753636746616e+02 2.621617339794266854e+01
2.526019430736746472e+02 2.621945382294268256e+01
2.524587104376746538e+02 2.622271971894267040e+01
2.523154774606746287e+02 2.622597124894267040e+01
2.521722441486746220e+02 2.622920857494267466e+01
2.520290105056747052e+02 2.623243185294268187e+01
2.518857765356746086e+02 2.623564123594269404e+01
2.517425422436746203e+02 2.623883687394268804e+01
2.515993076346746875e+02 2.624201891194269365e+01
2.514560727116746648e+02 2.624518749394269435e+01
2.513128374796746130e+02 2.624834275794268024e+01
2.511696019426746034e+02 2.625148484194266985e+01
2.510263661036746043e+02 2.625461387794268830e+01
2.508831299676746767e+02 2.625772999594269663e+01
2.507398935376746749e+02 2.626083332594268427e+01
2.505966568166746811e+02 2.626392398994266841e+01
2.504534198096746422e+02 2.626700211194267354e+01
2.503101825186746510e+02 2.627006781194268115e+01
2.501669449476746649e+02 2.627312120494266878e+01
2.500237071006746419e+02 2.627616240694268868e+01
2.498804689796746743e+02 2.627919152994269325e+01
2.497372305876746168e+02 2.628220868394268450e+01
2.495939919286746544e+02 2.628521397594269615e+01
2.494507530056746418e+02 2.628820751294267666e+01
2.493075138206746715e+02 2.629118939794267362e+01
2.491642743766747117e+02 2.629415973294268838e+01
2.490210346766746170e+02 2.629711861594267930e+01
2.488777947236746968e+02 2.630006614494269002e+01
2.487345545196747025e+02 2.630300241694268948e+01
2.485913140676746025e+02 2.630592752494268893e+01
2.484480733706747060e+02 2.630884155994269236e+01
2.483048324306746508e+02 2.631174461394269315e+01
2.481615912486746538e+02 2.631463677494267017e+01
2.480183498296746620e+02 2.631751812994266970e+01
2.478751081736746755e+02 2.632038876394267390e+01
2.477318662846746520e+02 2.632324876194269336e+01
2.475886241616746020e+02 2.632609820494269570e+01
2.474453818116746788e+02 2.632893717494269481e+01
2.473021392336746658e+02 2.633176575094267946e+01
2.471588964306746448e+02 2.633458401094267742e+01
2.470156534036746052e+02 2.633739203294268805e+01
2.468724101566746185e+02 2.634018988994267829e+01
2.467291666896746847e+02 2.634297765694267923e+01
2.465859230046746688e+02 2.634575540794267567e+01
2.464426791056746424e+02 2.634852321294269473e+01
2.462994349916746160e+02 2.635128114394268550e+01
2.461561906656746714e+02 2.635402926794267842e+01
2.460129461306746634e+02 2.635676765494267215e+01
2.458697013856746025e+02 2.635949636994268985e+01
2.457264564346746738e+02 2.636221548094269451e+01
2.455832112786746393e+02 2.636492505094267358e+01
2.454399659186746021e+02 2.636762514494267862e+01
2.452967203566746548e+02 2.637031582494267923e+01
2.451534745946746625e+02 2.637299715194268401e+01
2.450102286336746147e+02 2.637566918794269100e+01
2.448669824756746038e+02 2.637833199194267308e+01
2.447237361206746300e+02 2.638098562294268845e+01
2.445804895716746614e+02 2.638363013894269216e+01
2.444372871436746664e+02 2.638626478194268543e+01
2.442940413976746186e+02 2.638889121894268897e+01
2.441507954816746633e+02 2.639150870894269474e+01
2.440075493976746657e+02 2.639411730594267169e+01
2.438643031476746046e+02 2.639671706394267403e+01
2.437210567326746968e+02 2.639930803694267070e+01
2.435778101546746939e+02 2.640189027494267293e+01
2.434345634136747094e+02 2.640446382994267083e+01
2.432913165126747117e+02 2.640702875394268290e+01
2.431480694526746902e+02 2.640958509494268469e+01
2.430048222346746343e+02 2.641213290294268745e+01
2.428615748596746471e+02 2.641467222494267730e+01
2.427183273306746969e+02 2.641720311094269391e+01
2.425750796466746806e+02 2.641972560594268771e+01
2.424318318096746907e+02 2.642223975694267324e+01
2.422885838216747061e+02 2.642474560994267563e+01
2.421453356836746025e+02 2.642724320994267373e+01
2.420020873966747104e+02 2.642973260194267482e+01
2.418588389616746781e+02 2.643221382794268948e+01
2.417155903796746088e+02 2.643468693294269656e+01
2.415723416526747087e+02 2.643715195794268880e+01
2.414290927816746262e+02 2.643960894694268404e+01
2.412858437676746917e+02 2.644205793994268561e+01
2.411425946106746778e+02 2.644449897894267565e+01
2.409993453136746666e+02 2.644693210294269647e+01
2.408560958756746686e+02 2.644935735294268397e+01
2.407128462996746521e+02 2.645177476894266988e+01
2.405695965856746170e+02 2.645418438794268923e+01
2.404263467346746665e+02 2.645658624894267064e+01
2.402830967486746658e+02 2.645898038994269541e+01
2.401398466276746149e+02 2.646136684894267432e+01
2.399965963726746168e+02 2.646374566094269198e+01
2.398533459846746609e+02 2.646611686494267701e+01
2.397100954656746126e+02 2.646848049394267832e+01
2.395668448156746990e+02 2.647083658594269195e+01
2.394235940356746823e+02 2.647318517494267098e+01
2.392803431266746657e+02 2.647552629494268217e+01
2.391370920886746489e+02 2.647785998094269644e+01
2.389938409246747142e+02 2.648018626694269528e+01
2.388505896346746340e+02 2.648250518594267078e+01
2.387073382186746358e+02 2.648481676994268241e+01
2.385640866786746983e+02 2.648712105194269384e+01
2.384208350146747080e+02 2.648941806494266871e+01
2.382775832276746542e+02 2.649170784094269493e+01
2.381343313196746294e+02 2.649399040894269319e+01
2.379910792896746443e+02 2.649626580294267342e+01
2.378478271396746777e+02 2.649853405094268055e+01
2.377045748696746159e+02 2.650079518494268882e+01
2.375613224816746651e+02 2.650304923394267576e+01
2.374180699756747117e+02 2.650529622894268300e+01
2.372748173526746314e+02 2.650753619694268082e+01
2.371315646126746515e+02 2.650976916794269300e+01
2.369883117576746372e+02 2.651199517094266866e+01
2.368450587876747022e+02 2.651421423394268118e+01
2.367018057026746192e+02 2.651642638494269022e+01
2.365585525056746974e+02 2.651863165094269448e+01
2.364152991946746170e+02 2.652083005894269263e+01
2.362720457726746872e+02 2.652302163694267279e+01
2.361287922396746808e+02 2.652520641094267262e+01
2.359855385946746082e+02 2.652738440794269081e+01
2.358422848406746652e+02 2.652955565394267978e+01
2.356990309776746244e+02 2.653172017394268778e+01
2.355557770066747025e+02 2.653387799394269564e+01
2.354125229266746828e+02 2.653602913994268420e+01
2.352692687396746578e+02 2.653817363494269443e+01
2.351260144466746169e+02 2.654031150594269661e+01
2.349827600476746738e+02 2.654244277594267487e+01
2.348395055436747043e+02 2.654456746894268804e+01
2.346962509346747083e+02 2.654668560994267068e+01
2.345529962216746753e+02 2.654879722194269220e+01
2.344097414046746053e+02 2.655090232794267990e+01
2.342664864856747045e+02 2.655300095194269261e+01
2.341232314646746318e+02 2.655509311694268604e+01
2.339799763416746146e+02 2.655717884494268333e+01
2.338367211176746423e+02 2.655925815794267919e+01
2.336934657936747044e+02 2.656133107994267561e+01
2.335502103696746872e+02 2.656339763094268847e+01
2.334069548466746937e+02 2.656545783394267346e+01
2.332636992246746104e+02 2.656751170994269273e+01
2.331204435046746539e+02 2.656955928094268415e+01
2.329771876866747107e+02 2.657160056694269201e+01
2.328339317726746458e+02 2.657363558994268260e+01
2.326906757606747078e+02 2.657566436894268236e+01
2.325474196536746376e+02 2.657768692694267543e+01
2.324041634516746626e+02 2.657970328194267040e+01
2.322609071546746691e+02 2.658171345494267257e+01
2.321176507626746570e+02 2.658371746594266938e+01
2.319743942776746053e+02 2.658571533394268727e+01
2.318311376986746382e+02 2.658770707994267468e+01
2.316878810266746314e+02 2.658969272094267922e+01
2.315446242626746880e+02 2.659167227794267774e+01
2.314013674076746838e+02 2.659364576894267884e+01
2.312581104606746294e+02 2.659561321394266997e+01
2.311148534226746278e+02 2.659757462894268087e+01
2.309715962946746686e+02 2.659953003494268842e+01
2.308283390766746379e+02 2.660147944894268335e+01
2.306850817686746495e+02 2.660342288794268484e+01
2.305418243726746823e+02 2.660536037194268033e+01
2.303985668876746331e+02 2.660729191794268900e+01
2.302553093146746050e+02 2.660921754194268374e+01
2.301120516546747012e+02 2.661113726394268042e+01
2.299687939076746943e+02 2.661305109894269094e+01
2.298255360736746979e+02 2.661495906394267763e+01
2.296822781536747016e+02 2.661686117794269535e+01
2.295390201476747052e+02 2.661875745594267073e+01
2.293957620556747088e+02 2.662064791494267979e+01
2.292525038796746912e+02 2.662253257094269543e+01
2.291092454886746737e+02 2.662441144194266940e+01
2.289659871406746561e+02 2.662628454194268102e+01
2.288227287096746068e+02 2.662815188694267476e+01
2.286794701946746500e+02 2.663001349394266981e+01
2.285362115976746509e+02 2.663186937794267806e+01
2.283929529176746200e+02 2.663371955594269025e+01
2.282496941556746606e+02 2.663556404094268260e+01
2.281064353116746588e+02 2.663740284894268484e+01
2.279631763876747073e+02 2.663923599694268773e+01
2.278199173816747134e+02 2.664106349794269590e+01
2.276766582956746561e+02 2.664288536694269283e+01
2.275333991296746490e+02 2.664470161994267983e+01
2.273901398846746815e+02 2.664651227094267938e+01
2.272468805596746506e+02 2.664831733394268554e+01
2.271036211556746593e+02 2.665011682294269235e+01
2.269603616736746972e+02 2.665191075394267273e+01
2.268171021136746504e+02 2.665369913894267029e+01
2.266738424756746326e+02 2.665548199394268636e+01
2.265305827606746334e+02 2.665725933094267930e+01
2.263873229686746527e+02 2.665903116594267885e+01
2.262440630996746904e+02 2.666079750994268238e+01
2.261008031546746224e+02 2.666255837794267336e+01
2.259575431336746760e+02 2.666431378394267426e+01
2.258142830366746239e+02 2.666606373994267187e+01
2.256710228646746828e+02 2.666780825894267082e+01
2.255277626186746147e+02 2.666954735594268300e+01
2.253845022976746577e+02 2.667128104194267735e+01
2.252412419026746875e+02 2.667300933094267634e+01
2.250979814336747040e+02 2.667473223494269519e+01
2.249547208906747073e+02 2.667644976694268166e+01
2.248114602746746868e+02 2.667816193894267940e+01
2.246681995866746320e+02 2.667986876494268245e+01
2.245249388256746670e+02 2.668157025594268816e+01
2.243816779926746676e+02 2.668326642394268333e+01
2.242384170876746339e+02 2.668495728194267258e+01
2.240951561116746689e+02 2.668664284094268169e+01
2.239518950646746589e+02 2.668832311394268686e+01
2.238086339466746040e+02 2.668999811294267488e+01
2.236653727576746178e+02 2.669166784894267153e+01
2.235221114986746898e+02 2.669333233294267416e+01
2.233788501696747062e+02 2.669499157794268740e+01
2.232355887716746565e+02 2.669664559494268019e+01
2.230923273036746650e+02 2.669829439494267831e+01
2.229490657676747105e+02 2.669993798994266854e+01
2.228058041616747005e+02 2.670157638994268723e+01
2.226625424886746032e+02 2.670320960794268217e+01
2.225192807476746566e+02 2.670483765294267187e+01
2.223760189376746439e+02 2.670646053594268210e+01
2.222327570616746470e+02 2.670807826994268908e+01
2.220894951176746872e+02 2.670969086394268288e+01
2.219462331066746401e+02 2.671129832894268930e+01
2.218029710296746089e+02 2.671290067494268783e+01
2.216597088866747072e+02 2.671449791394269369e+01
2.215164466776747076e+02 2.671609005594268638e+01
2.213731844026746103e+02 2.671767710994268441e+01
2.212299220616746425e+02 2.671925908794267457e+01
2.210866596566746693e+02 2.672083599894267536e+01
2.209433971866747015e+02 2.672240785394268414e+01
2.208001346516746253e+02 2.672397466194269100e+01
2.206568720526746574e+02 2.672553643394269329e+01
2.205136093896746843e+02 2.672709317894268111e+01
2.203703466626747058e+02 2.672864490794268022e+01
2.202270838726747115e+02 2.673019162994268072e+01
2.200838210196747013e+02 2.673173335394267269e+01
2.199405581036746753e+02 2.673327009094268192e+01
2.197972951246746334e+02 2.673480184994267006e+01
2.196539883976746523e+02 2.673632910394269402e+01
2.195107246876746103e+02 2.673785093994268891e+01
2.193674609096746053e+02 2.673936782494268982e+01
2.192241970646746267e+02 2.674087976994269411e+01
2.190809331516746852e+02 2.674238678294267402e+01
2.189376691706746669e+02 2.674388887394269432e+01
2.187944051236746645e+02 2.674538605194268825e+01
2.186511410086746992e+02 2.674687832494268491e+01
2.185078768276746359e+02 2.674836570194267438e+01
2.183646125796747128e+02 2.674984819294269300e+01
2.182213482656746919e+02 2.675132580594268461e+01
2.180780838856746868e+02 2.675279854994269613e+01
2.179348194396746976e+02 2.675426643294267137e+01
2.177915549286747137e+02 2.675572946494267512e+01
2.176482903516746319e+02 2.675718765294269019e+01
2.175050257096746691e+02 2.675864100594267825e+01
2.173617610016746085e+02 2.676008953294268622e+01
2.172184962296746562e+02 2.676153324194268635e+01
2.170752313936746987e+02 2.676297213994268986e+01
2.169319664916746433e+02 2.676440623794269413e+01
2.167887028186746647e+02 2.676583552894268792e+01
2.166454403766746282e+02 2.676726002194268972e+01
2.165021778886746233e+02 2.676867973794267641e+01
2.163589153546746502e+02 2.677009468394268765e+01
2.162156527746747088e+02 2.677150486894268511e+01
2.160723901486746854e+02 2.677291030094266944e+01
2.159291274786746726e+02 2.677431098794266973e+01
2.157858647626746915e+02 2.677570693594267937e+01
2.156426020026746073e+02 2.677709815494267787e+01
2.154993391976746580e+02 2.677848465094268704e+01
2.153560763496747086e+02 2.677986643294266855e+01
2.152128134556746772e+02 2.678124350794269048e+01
2.150695505196746353e+02 2.678261588194268938e+01
2.149262875386746146e+02 2.678398356494267318e+01
2.147830245156746969e+02 2.678534656294269212e+01
2.146397614486746761e+02 2.678670488394269000e+01
2.144964983386746553e+02 2.678805853394268865e+01
2.143532351866746239e+02 2.678940752194267816e+01
2.142099719916747063e+02 2.679075185394268033e+01
2.140667087546746643e+02 2.679209153794269582e+01
2.139234454756746118e+02 2.679342658094267904e+01
2.137801821546746623e+02 2.679475698894268021e+01
2.136369187926746918e+02 2.679608276994267158e+01
2.134936553886747106e+02 2.679740393094269280e+01
2.133503919436747083e+02 2.679872047894266984e+01
2.132071285746746980e+02 2.680003241894269195e+01
2.130638650366746560e+02 2.680133976094268178e+01
2.129206014596746854e+02 2.680264250994267172e+01
2.127773378426746831e+02 2.680394067294267302e+01
2.126340741856746490e+02 2.680523425694266848e+01
2.124908104896746863e+02 2.680652326794267992e+01
2.123475467556746707e+02 2.680780771294269016e+01
2.122042829816746234e+02 2.680908759894268201e+01
2.120610191706746264e+02 2.681036293194267728e+01
2.119177553196747112e+02 2.681163371794266936e+01
2.117744914316746190e+02 2.681289996394266950e+01
2.116312275046747118e+02 2.681416167694268893e+01
2.114879635406746274e+02 2.681541886194267477e+01
2.113446995386746039e+02 2.681667152694268452e+01
2.112014354996746306e+02 2.681791967594267589e+01
2.110581714226746044e+02 2.681916331794269581e+01
2.109149073086746284e+02 2.682040245694267355e+01
2.107716431576747027e+02 2.682163709994267720e+01
2.106283789706747029e+02 2.682286725294267171e+01
2.104851147466746397e+02 2.682409292194267891e+01
2.103418504856746267e+02 2.682531411294269219e+01
2.101985861886746534e+02 2.682653083194267651e+01
2.100553218556746060e+02 2.682774308594267154e+01
2.099120574876747014e+02 2.682895087894269182e+01
2.097687930826746197e+02 2.683015421894268115e+01
2.096255286416746912e+02 2.683135310994268252e+01
2.094822641646746888e+02 2.683254755894267873e+01
2.093389996536747049e+02 2.683373757094267376e+01
2.091957351066746469e+02 2.683492315194268940e+01
2.090524705236746286e+02 2.683610430794269064e+01
2.089092059076746182e+02 2.683728104394268144e+01
2.087659412556746474e+02 2.683845336594268360e+01
2.086226765686747058e+02 2.683962127994269053e+01
2.084794118476746689e+02 2.684078479094267777e+01
2.083361470916746612e+02 2.684194390494269555e+01
2.081928823016746719e+02 2.684309862694269100e+01
2.080496174766747117e+02 2.684424896294268592e+01
2.079063526176746564e+02 2.684539491794268429e+01
2.077630877246746195e+02 2.684653649694269006e+01
2.076198227976747148e+02 2.684767370594269664e+01
2.074765578366746013e+02 2.684880654994267957e+01
2.073332928416746199e+02 2.684993503394267123e+01
2.071900278126746571e+02 2.685105916494268286e+01
2.070467627496747127e+02 2.685217894594268273e+01
2.069034976536746626e+02 2.685329438294269266e+01
2.067602325236746310e+02 2.685440548094268820e+01
2.066169673596746179e+02 2.685551224594269115e+01
2.064737021626746127e+02 2.685661468194268764e+01
2.063304369316746261e+02 2.685771279394268163e+01
2.061871717956746579e+02 2.685880658794269493e+01
2.060439065176747135e+02 2.685989606794268525e+01
2.059006412086746423e+02 2.686098123994267439e+01
2.057573758676746820e+02 2.686206210794267690e+01
2.056141104956747085e+02 2.686313867794268617e+01
2.054708450936747113e+02 2.686421095394268832e+01
2.053275796596747114e+02 2.686527894094268731e+01
2.051843141956746877e+02 2.686634264394268712e+01
2.050410487016746401e+02 2.686740206694267386e+01
2.048977831766746931e+02 2.686845721594266934e+01
2.047545176216746086e+02 2.686950809494268810e+01
2.046112520356746245e+02 2.687055470794268786e+01
2.044679864206746061e+02 2.687159706194267983e+01
2.043247207756746775e+02 2.687263515894267130e+01
2.041814551006746115e+02 2.687366900494268407e+01
2.040381893966746247e+02 2.687469860494269369e+01
2.038949236626746142e+02 2.687572396194266844e+01
2.037516578996746830e+02 2.687674508194268697e+01
2.036083921066746143e+02 2.687776196894267855e+01
2.034651262856746143e+02 2.687877462694268615e+01
2.033218604346747043e+02 2.687978306094268532e+01
2.031785945546746461e+02 2.688078727594268003e+01
2.030353286456746673e+02 2.688178727494269538e+01
2.028920627086746435e+02 2.688278306394269634e+01
2.027487967426746991e+02 2.688377464494269020e+01
2.026055307476746066e+02 2.688476202494268819e+01
2.024622647246746965e+02 2.688574520694268699e+01
2.023189986726746383e+02 2.688672419494267274e+01
2.021757325926746489e+02 2.688769899294268839e+01
2.020324664836746251e+02 2.688866960694267050e+01
2.018892003466746701e+02 2.688963603894268317e+01
2.017459341816746701e+02 2.689059829494269138e+01
2.016026679886746251e+02 2.689155637794269182e+01
2.014594017676746489e+02 2.689251029194267062e+01
2.013161355176746383e+02 2.689346004194268858e+01
2.011728692396746965e+02 2.689440563194267497e+01
2.010296029346746991e+02 2.689534706494268335e+01
2.008863366006746674e+02 2.689628434594268924e+01
2.007430702366746118e+02 2.689721747894267878e+01
2.005998038466746038e+02 2.689814646694267708e+01
2.004565374286746646e+02 2.689907131494268810e+01
2.003132709816746910e+02 2.689999202694266955e+01
2.001700045066746725e+02 2.690090860594267497e+01
2.000267380036746090e+02 2.690182105694267989e+01
1.998834714726746142e+02 2.690272938194269159e+01
1.997402049126746988e+02 2.690363358694267504e+01
1.995969383246746247e+02 2.690453367494268377e+01
1.994536717076746299e+02 2.690542964894268607e+01
1.993104050626747039e+02 2.690632151394268590e+01
1.991671383886746298e+02 2.690720927394266937e+01
1.990238716856746350e+02 2.690809293094267218e+01
1.988806049536746059e+02 2.690897248994266988e+01
1.987373381916746666e+02 2.690984795394268758e+01
1.985940714016746824e+02 2.691071932794267241e+01
1.984508045806746850e+02 2.691158661394268847e+01
1.983075377306746532e+02 2.691244981594269348e+01
1.981642708506747113e+02 2.691330893894269138e+01
1.980210039396746424e+02 2.691416398494268947e+01
1.978777369986746635e+02 2.691501495794267385e+01
1.977344700266746713e+02 2.691586186094266964e+01
1.975912030236746659e+02 2.691670469894268081e+01
1.974479359896746473e+02 2.691754347494267563e+01
1.973046689226746366e+02 2.691837819194267922e+01
1.971614018236746233e+02 2.691920885294268828e+01
1.970181346916746179e+02 2.692003546194268893e+01
1.968748675276746098e+02 2.692085802294269570e+01
1.967316003286746309e+02 2.692167653894267687e+01
1.965883330956746704e+02 2.692249101294268598e+01
1.964450658286746147e+02 2.692330144894268074e+01
1.963017985256747124e+02 2.692410784994268624e+01
1.961585311866746224e+02 2.692491021894267078e+01
1.960152638116746857e+02 2.692570855994267731e+01
1.958719963986746961e+02 2.692650287594267411e+01
1.957287289476746537e+02 2.692729316994268629e+01
1.955854614586746720e+02 2.692807944594267155e+01
1.954421939286746692e+02 2.692886170594269402e+01
1.952989263586746347e+02 2.692963995394268295e+01
1.951556587466747033e+02 2.693041419394268132e+01
1.950123910916746581e+02 2.693118442794269640e+01
1.948691233936746130e+02 2.693195065894269646e+01
1.947258556496747133e+02 2.693271289094269605e+01
1.945825878606746073e+02 2.693347112694269185e+01
1.944393200236746679e+02 2.693422536894269115e+01
1.942960521376746783e+02 2.693497562194266948e+01
1.941527842016746490e+02 2.693572188794269096e+01
1.940095162136747149e+02 2.693646416994269543e+01
1.938662481716746697e+02 2.693720247094267961e+01
1.937229800746746378e+02 2.693793679394266860e+01
1.935797119206746402e+02 2.693866714194268752e+01
1.934364437066747087e+02 2.693939351894269407e+01
1.932931754326746159e+02 2.694011592694269552e+01
1.931499070946746315e+02 2.694083436894268857e+01
1.930066386906746629e+02 2.694154884794266991e+01
1.928633700816747023e+02 2.694225936794268250e+01
1.927201015246746465e+02 2.694296593094267678e+01
1.925768328926747017e+02 2.694366853894268843e+01
1.924335641826746723e+02 2.694436719594267515e+01
1.922902953916747038e+02 2.694506190394267264e+01
1.921470265146746215e+02 2.694575266694269544e+01
1.920037575496746740e+02 2.694643948794268340e+01
1.918604884916746869e+02 2.694712236794268279e+01
1.917172193366747024e+02 2.694780131194266914e+01
1.915739500806746491e+02 2.694847632094268874e+01
1.914306807176747043e+02 2.694914739894267086e+01
1.912874112436746827e+02 2.694981454794267961e+01
1.911441416526746480e+02 2.695047777094268326e+01
1.910008719396746528e+02 2.695113706994268910e+01
1.908576457406746840e+02 2.695179225094267395e+01
1.907143779566746389e+02 2.695244370294267355e+01
1.905711101436746731e+02 2.695309124094268327e+01
1.904278423006746834e+02 2.695373486494267468e+01
1.902845744256746912e+02 2.695437457894269073e+01
1.901413065196746857e+02 2.695501038594267129e+01
1.899980385786747092e+02 2.695564228794268047e+01
1.898547706026746482e+02 2.695627028694266869e+01
1.897115025896746374e+02 2.695689438694267892e+01
1.895682345376746980e+02 2.695751458894267216e+01
1.894249664446746237e+02 2.695813089694269138e+01
1.892816983096746526e+02 2.695874331294268700e+01
1.891384301286747132e+02 2.695935183894269471e+01
1.889951619016746918e+02 2.695995647794268280e+01
1.888518936236746413e+02 2.696055723294267636e+01
1.887086252926746965e+02 2.696115410594268269e+01
1.885653569066746513e+02 2.696174709894268062e+01
1.884220884606746722e+02 2.696233621494269528e+01
1.882788199516746772e+02 2.696292145694269493e+01
1.881355513766746981e+02 2.696350282594266901e+01
1.879922827296746846e+02 2.696408032594268889e+01
1.878490140076746684e+02 2.696465395794268716e+01
1.877057452046747130e+02 2.696522372594267836e+01
1.875624763156746440e+02 2.696578963094268033e+01
1.874192073356746278e+02 2.696635167594268978e+01
1.872759382566746353e+02 2.696690986294268555e+01
1.871326690706746376e+02 2.696746419394267491e+01
1.869893997726746875e+02 2.696801467294267241e+01
1.868461303546746421e+02 2.696856130094269588e+01
1.867028608066746074e+02 2.696910407994269576e+01
1.865595911196746783e+02 2.696964301294266875e+01
1.864163212816746409e+02 2.697017810294266837e+01
1.862730512826747145e+02 2.697070935094268407e+01
1.861297811086747060e+02 2.697123675994268410e+01
1.859865107476746289e+02 2.697176033194267575e+01
1.858432401836746521e+02 2.697228006894269470e+01
1.856999694016747071e+02 2.697279597394268080e+01
1.855566983816746642e+02 2.697330804794268033e+01
1.854134271066747033e+02 2.697381629494267941e+01
1.852701555536746127e+02 2.697432071594269587e+01
1.851268836996746359e+02 2.697482131294268015e+01
1.849836148136746488e+02 2.697531807794268843e+01
1.848403462016746062e+02 2.697581102194268965e+01
1.846970775916746561e+02 2.697630014694269107e+01
1.845538089876746426e+02 2.697678545694267882e+01
1.844105403906746687e+02 2.697726695294267074e+01
1.842672718066746711e+02 2.697774463694267411e+01
1.841240032346746602e+02 2.697821851194268561e+01
1.839807346836746547e+02 2.697868857894269468e+01
1.838374661566746227e+02 2.697915484094266958e+01
1.836941976616747070e+02 2.697961729894268501e+01
1.835509292056746062e+02 2.698007595494269140e+01
1.834076607986746694e+02 2.698053081294267486e+01
1.832643924516746665e+02 2.698098187194267439e+01
1.831211241796746663e+02 2.698142913594267611e+01
1.829778559996746026e+02 2.698187260594266945e+01
1.828345879306746156e+02 2.698231228494267953e+01
1.826913201626746286e+02 2.698274817294267791e+01
1.825480525186746945e+02 2.698318027394267915e+01
1.824047851546746415e+02 2.698360858794268324e+01
1.822615181586746758e+02 2.698403311794268689e+01
1.821182516516746546e+02 2.698445386394269008e+01
1.819749858006746308e+02 2.698487082894268951e+01
1.818317208416746098e+02 2.698528401394267462e+01
1.816884571006746683e+02 2.698569341894267382e+01
1.815451950386747058e+02 2.698609904594269437e+01
1.814019352656746378e+02 2.698650089494267945e+01
1.812586203996746690e+02 2.698689912594267071e+01
1.811153436316747047e+02 2.698729348194268596e+01
1.809721024806746072e+02 2.698768397394269414e+01
1.808288341656746070e+02 2.698807077594267412e+01
1.806855474166746944e+02 2.698845386394268075e+01
1.805422903856746188e+02 2.698883311094269288e+01
1.803990087726746196e+02 2.698920866294267285e+01
1.802557396856747118e+02 2.698958042494268739e+01
1.801124705896746718e+02 2.698994843094268958e+01
1.799692014846746133e+02 2.699031268294268671e+01
1.798259323716746394e+02 2.699067318294268603e+01
1.796826632496746470e+02 2.699102993194267697e+01
1.795393941196746255e+02 2.699138293194269522e+01
1.793961249806746991e+02 2.699173218394267337e+01
1.792528558346746195e+02 2.699207769194268280e+01
1.791095866796746350e+02 2.699241945594269509e+01
1.789663175176746108e+02 2.699275747694267125e+01
1.788230483476746713e+02 2.699309175894268265e+01
1.786797791696747026e+02 2.699342230094268302e+01
1.785365099836747049e+02 2.699374910694268692e+01
1.783932407906746676e+02 2.699407217694269434e+01
1.782499715896747148e+02 2.699439151394267355e+01
1.781067023816746087e+02 2.699470711894267083e+01
1.779634331666746903e+02 2.699501899294267560e+01
1.778201639436746291e+02 2.699532713794269512e+01
1.776768947136746419e+02 2.699563155594267982e+01
1.775336254776746046e+02 2.699593224894269383e+01
1.773903562336746518e+02 2.699622921694268030e+01
1.772470869836746488e+02 2.699652246294269275e+01
1.771038177266746061e+02 2.699681198894268164e+01
1.769605484636746269e+02 2.699709779494267536e+01
1.768172791936746080e+02 2.699737988294268121e+01
1.766740099166746631e+02 2.699765825494267801e+01
1.765307406336746681e+02 2.699793291194268363e+01
1.763874713446746227e+02 2.699820385594267691e+01
1.762442020496746409e+02 2.699847108894269354e+01
1.761009327486746088e+02 2.699873461194269453e+01
1.759576634416746401e+02 2.699899442594266930e+01
1.758143941286746212e+02 2.699925053194269253e+01
1.756711248096746658e+02 2.699950293394269352e+01
1.755278554856746496e+02 2.699975163094268282e+01
1.753845861556746968e+02 2.699999662494269614e+01
1.752413168196746938e+02 2.700023791894267333e+01
1.750980474786746299e+02 2.700047551194268181e+01
1.749547781326746190e+02 2.700070940694268984e+01
1.748115087816746609e+02 2.700093960494268686e+01
1.746682394246746526e+02 2.700116610794268013e+01
1.745249700636746866e+02 2.700138891694268750e+01
1.743817006966746703e+02 2.700160803294266998e+01
1.742384313256746964e+02 2.700182345794269168e+01
1.740951619516746405e+02 2.700203519294268517e+01
1.739518925706746586e+02 2.700224323994268616e+01
1.738086231856746053e+02 2.700244759894269464e+01
1.736653537956746050e+02 2.700264827294267889e+01
1.735220844016746469e+02 2.700284526194269574e+01
1.733788150026746280e+02 2.700303856894268506e+01
1.732355456006746408e+02 2.700322819294268584e+01
1.730922765106746510e+02 2.700341413694269477e+01
1.729490071006746348e+02 2.700359640294269070e+01
1.728057376856746714e+02 2.700377498994268421e+01
1.726624682676746261e+02 2.700394990194268985e+01
1.725191988446746336e+02 2.700412113794268976e+01
1.723759294196746623e+02 2.700428869994269121e+01
1.722326599896746302e+02 2.700445258994267306e+01
1.720893905566746298e+02 2.700461280894268157e+01
1.719461211206746611e+02 2.700476935794267774e+01
1.718028516816746105e+02 2.700492223794267943e+01
1.716595822386746022e+02 2.700507144994267605e+01
1.715163127926746256e+02 2.700521699694269273e+01
1.713730433446746702e+02 2.700535887794268319e+01
1.712297738926746433e+02 2.700549709594267256e+01
1.710865044376746482e+02 2.700563165194267867e+01
1.709432349806746743e+02 2.700576254594267311e+01
1.707999655206746183e+02 2.700588977994269158e+01
1.706566960586746973e+02 2.700601335494269506e+01
1.705134265936746942e+02 2.700613327194267299e+01
1.703701571256746092e+02 2.700624953294268948e+01
1.702268876566746485e+02 2.700636213894267712e+01
1.700836181846746058e+02 2.700647109094268217e+01
1.699403487106746979e+02 2.700657638894267620e+01
1.697970792346746975e+02 2.700667803594268435e+01
1.696538097566746046e+02 2.700677603194267817e+01
1.695105402766746465e+02 2.700687037894269338e+01
1.693672707946747096e+02 2.700696107794269096e+01
1.692240013116746695e+02 2.700704812894267093e+01
1.690807318266746506e+02 2.700713153394266897e+01
1.689374623406746423e+02 2.700721129394267450e+01
1.687941928526746551e+02 2.700728740994267696e+01
1.686509233636746785e+02 2.700735988394268361e+01
1.685076538736747125e+02 2.700742871494267661e+01
1.683643843816746539e+02 2.700749390594268107e+01
1.682211148886746059e+02 2.700755545794268642e+01
1.680778453956746716e+02 2.700761337094269265e+01
1.679345759006746448e+02 2.700766764694267863e+01
1.677913064056746180e+02 2.700771828694269061e+01
1.676480369096746017e+02 2.700776529094267175e+01
1.675047674136746991e+02 2.700780866094268617e+01
1.673614979166746934e+02 2.700784839794269487e+01
1.672182284186746983e+02 2.700788450194266943e+01
1.670749589206747032e+02 2.700791697594269181e+01
1.669316894226747081e+02 2.700794581994267674e+01
1.667884199246747130e+02 2.700797103394268106e+01
1.666451504256746148e+02 2.700799261994268363e+01
1.665018809276746197e+02 2.700801057994269172e+01
1.663586114286746351e+02 2.700802491294268748e+01
1.662153419306746400e+02 2.700803562094267818e+01
1.660720724326746449e+02 2.700804270494268167e+01
1.659288029346746498e+02 2.700804616594268737e+01
1.657855334376746441e+02 2.700804600394269528e+01
1.656422639406746384e+02 2.700804222194267368e+01
1.654989944446746222e+02 2.700803481894268998e+01
1.653557249496747090e+02 2.700802379694269462e+01
1.652124554546746822e+02 2.700800915694267701e+01
1.650691859606746448e+02 2.700799089894269400e+01
1.649259164676747105e+02 2.700796902394267818e+01
1.647826469756746519e+02 2.700794353394269365e+01
1.646393774856746859e+02 2.700791442994267300e+01
1.644961079956746062e+02 2.700788171094268364e+01
1.643528385076746190e+02 2.700784537994269385e+01
1.642095690206746212e+02 2.700780543694267521e+01
1.640662995346746129e+02 2.700776188194268457e+01
1.639230300506746971e+02 2.700771471794269019e+01
1.637797605686746465e+02 2.700766394394267422e+01
1.636364910876746990e+02 2.700760956194267237e+01
1.634932216086746166e+02 2.700755157194268463e+01
1.633499521316746268e+02 2.700748997494267201e+01
1.632066826566746158e+02 2.700742477294267019e+01
1.630634131836746974e+02 2.700735596594267918e+01
1.629201437126746441e+02 2.700728355394267055e+01
1.627768742446746728e+02 2.700720753894268000e+01
1.626336047776746909e+02 2.700712792194266854e+01
1.624903353136746773e+02 2.700704470294269299e+01
1.623470658526746320e+02 2.700695788294268596e+01
1.622037963936746792e+02 2.700686746294269369e+01
1.620605269376746946e+02 2.700677344394267720e+01
1.619172574836746890e+02 2.700667582694268276e+01
1.617739880326746515e+02 2.700657461194268194e+01
1.616307185856746855e+02 2.700646979994269259e+01
1.614874491406746984e+02 2.700636139194267571e+01
1.613441796986746795e+02 2.700624938794268814e+01
1.612009102596746288e+02 2.700613378994268032e+01
1.610576408246746496e+02 2.700601459894267009e+01
1.609143713926746386e+02 2.700589181394269644e+01
1.607711019636747096e+02 2.700576543794267081e+01
1.606278325386746246e+02 2.700563546894267120e+01
1.604845631166746216e+02 2.700550190994269428e+01
1.603412936986746899e+02 2.700536476094268323e+01
1.601980242846746023e+02 2.700522402294268431e+01
1.600547548746746997e+02 2.700507969594266910e+01
1.599114854676746518e+02 2.700493178194267330e+01
1.597682160656746646e+02 2.700478027994267904e+01
1.596249466666746457e+02 2.700462519194269362e+01
1.594816772726746876e+02 2.700446651794268860e+01
1.593384078826746872e+02 2.700430425994267125e+01
1.591951384966746446e+02 2.700413841694268058e+01
1.590518691156746627e+02 2.700396898994267758e+01
1.589085997386746385e+02 2.700379598094266953e+01
1.587653303666746751e+02 2.700361938894269542e+01
1.586220609986746695e+02 2.700343921494268784e+01
1.584787916356746109e+02 2.700325546094268248e+01
1.583355223986746978e+02 2.700306812694267933e+01
1.581922530356746392e+02 2.700287721294267840e+01
1.580489836786746309e+02 2.700268271994266911e+01
1.579057143266746834e+02 2.700248464894266931e+01
1.577624449806746725e+02 2.700228299994267900e+01
1.576191756406747118e+02 2.700207777394268760e+01
1.574759063056746982e+02 2.700186897194268454e+01
1.573326369776746105e+02 2.700165659394266982e+01
1.571893676546746974e+02 2.700144064094268970e+01
1.570460983376746071e+02 2.700122111294268734e+01
1.569028290276746702e+02 2.700099801194267002e+01
1.567595597226746804e+02 2.700077133694267673e+01
1.566162904246746166e+02 2.700054108894266847e+01
1.564730211326746030e+02 2.700030726994268093e+01
1.563297518466746396e+02 2.700006987794267843e+01
1.561864825676746023e+02 2.699982891594268608e+01
1.560432132956746045e+02 2.699958438394267546e+01
1.558999440286746676e+02 2.699933628194267499e+01
1.557566747696746461e+02 2.699908460994268466e+01
1.556134055166746748e+02 2.699882936994268334e+01
1.554701362706746295e+02 2.699857056194267102e+01
1.553268670316746238e+02 2.699830818594267612e+01
1.551835977986746684e+02 2.699804224394267749e+01
1.550403285736746284e+02 2.699777273394269628e+01
1.548970593546746386e+02 2.699749965894267234e+01
1.547537901436746779e+02 2.699722301894269094e+01
1.546105209396746432e+02 2.699694281394269524e+01
1.544672517426746481e+02 2.699665904394268523e+01
1.543239825526746927e+02 2.699637171094269661e+01
1.541807133706746527e+02 2.699608081394268311e+01
1.540374441956746523e+02 2.699578635494268042e+01
1.538941750296746704e+02 2.699548833294267070e+01
1.537509058696746251e+02 2.699518674994268963e+01
1.536076367166746195e+02 2.699488160494269096e+01
1.534643675716746429e+02 2.699457289894269252e+01
1.533210984346746955e+02 2.699426063394267317e+01
1.531778293056746634e+02 2.699394480794268247e+01
1.533210680676746733e+02 2.699099366394267463e+01
1.534643072206746410e+02 2.698804607294269431e+01
1.536075464466746325e+02 2.698510204194269591e+01
1.537507857456746478e+02 2.698216156994268999e+01
1.538940251176746870e+02 2.697922465994267327e+01
1.540372645616746468e+02 2.697629130994269531e+01
1.541805040796746198e+02 2.697336152094268868e+01
1.543237436706746166e+02 2.697043529494268910e+01
1.544669833346746373e+02 2.696751263094267870e+01
1.546102230716746817e+02 2.696459352994267533e+01
1.547534628806746468e+02 2.696167799294266842e+01
1.548967027626746358e+02 2.695876601994268640e+01
1.550399427176746485e+02 2.695585761194269026e+01
1.551831827456746851e+02 2.695295276894268000e+01
1.553264228456746423e+02 2.695005149094268404e+01
1.554696630176746339e+02 2.694715377994268124e+01
1.556129032626746493e+02 2.694425963494268217e+01
1.557561435806746886e+02 2.694136905794269410e+01
1.558993839696746591e+02 2.693848204894268861e+01
1.560426244316746534e+02 2.693559860794269412e+01
1.561858649656746820e+02 2.693271873694268947e+01
1.563291055726746208e+02 2.692984243494268526e+01
1.564723462506746046e+02 2.692696970294267089e+01
1.566155870016746121e+02 2.692410054194269264e+01
1.567588278236746646e+02 2.692123495194269367e+01
1.569020687186746272e+02 2.691837293394269182e+01
1.570453096846746348e+02 2.691551448894267651e+01
1.571885507226746768e+02 2.691265961694267617e+01
1.573317918326746394e+02 2.690980831894268022e+01
1.574750330136746470e+02 2.690696059594267808e+01
1.576182742676746784e+02 2.690411644694268034e+01
1.577615155916746517e+02 2.690127587394269426e+01
1.579047569886746487e+02 2.689843887694269142e+01
1.580479984566746907e+02 2.689560545794267910e+01
1.581912399956746640e+02 2.689277561594269628e+01
1.583344816056746822e+02 2.688994935194267555e+01
1.584777231576746317e+02 2.688712666894267045e+01
1.586209648996746182e+02 2.688430756394268428e+01
1.587642067126746497e+02 2.688149203894269590e+01
1.589074485956746230e+02 2.687868009394267688e+01
1.590506905496746413e+02 2.687587173194268075e+01
1.591939325746747045e+02 2.687306695094267184e+01
1.593371746686746064e+02 2.687026575394267525e+01
1.594804168336746670e+02 2.686746813994267313e+01
1.596236590686746695e+02 2.686467410994268334e+01
1.597669013736746138e+02 2.686188366494269530e+01
1.599101437496746030e+02 2.685909680594267002e+01
1.600533861946746583e+02 2.685631353394268217e+01
1.601966287096746555e+02 2.685353384794268550e+01
1.603398712946747082e+02 2.685075775094267669e+01
1.604831139496747028e+02 2.684798524094267691e+01
1.606263566736746498e+02 2.684521632194267227e+01
1.607695994676746523e+02 2.684245099194268391e+01
1.609128423316747103e+02 2.683968925294269070e+01
1.610560852646746071e+02 2.683693110594268205e+01
1.611993282666746836e+02 2.683417655094268639e+01
1.613425713386747020e+02 2.683142558894269314e+01
1.614858144796746728e+02 2.682867822094269172e+01
1.616290576896747098e+02 2.682593444794267157e+01
1.617723009696746885e+02 2.682319426994268952e+01
1.619155443176746303e+02 2.682045768794267815e+01
1.620587877356746276e+02 2.681772470294268373e+01
1.622020312216747016e+02 2.681499531594269570e+01
1.623452747766746143e+02 2.681226952694268562e+01
1.624885184006747068e+02 2.680954733794268918e+01
1.626317620936746380e+02 2.680682874894267798e+01
1.627750058546746459e+02 2.680411376094266984e+01
1.629182496846746062e+02 2.680140237494268263e+01
1.630614935836746326e+02 2.679869459094268791e+01
1.632047375506746221e+02 2.679599041094269296e+01
1.633479815856746882e+02 2.679328983594268720e+01
1.634912256886746036e+02 2.679059286494268122e+01
1.636344698606746988e+02 2.678789950094267169e+01
1.637777141006746433e+02 2.678520974294266921e+01
1.639209584086746645e+02 2.678252359394267046e+01
1.640642027846746487e+02 2.677984105294268602e+01
1.642074472276746064e+02 2.677716212094267689e+01
1.643506917396746303e+02 2.677448679994267877e+01
1.644939363196746172e+02 2.677181509094268108e+01
1.646371809666746913e+02 2.676914699294269440e+01
1.647804256816746147e+02 2.676648250894268699e+01
1.649236704646746148e+02 2.676382163894268729e+01
1.650669153146747021e+02 2.676116438294269528e+01
1.652101602316746494e+02 2.675851074394267926e+01
1.653534052166746733e+02 2.675586072094267820e+01
1.654966502696746602e+02 2.675321431594267096e+01
1.656398953886746312e+02 2.675057152994267540e+01
1.657831405756746790e+02 2.674793236294269150e+01
1.659263858296747003e+02 2.674529681694266969e+01
1.660696311496747057e+02 2.674266489294268467e+01
1.662128765376746742e+02 2.674003659094267960e+01
1.663561219926746162e+02 2.673741191194267230e+01
1.664993675146746455e+02 2.673479085894268792e+01
1.666426131026746589e+02 2.673217342994269075e+01
1.667858587576746459e+02 2.672955962794267748e+01
1.669291044796746064e+02 2.672694945294267654e+01
1.670723502676746648e+02 2.672434290694269521e+01
1.672155961226746967e+02 2.672173999094269448e+01
1.673588420436747128e+02 2.671914070494267435e+01
1.675020880316747025e+02 2.671654504994268109e+01
1.676453340846746869e+02 2.671395302794269355e+01
1.677885802046746448e+02 2.671136463994267274e+01
1.679318263916746901e+02 2.670877988594267549e+01
1.680750726436746163e+02 2.670619876794268066e+01
1.682183189616746404e+02 2.670362128694267767e+01
1.683615653466746380e+02 2.670104744294269494e+01
1.685048117966746304e+02 2.669847723894267233e+01
1.686480583126746069e+02 2.669591067394267725e+01
1.687913048946746812e+02 2.669334775094267798e+01
1.689345515416746366e+02 2.669078846994267451e+01
1.690777982546746898e+02 2.668823283194268470e+01
1.692210450336746135e+02 2.668568083794266954e+01
1.693642918776746455e+02 2.668313248994269316e+01
1.695075387866746723e+02 2.668058778894268812e+01
1.696507857616746833e+02 2.667804673494268286e+01
1.697940328016746889e+02 2.667550933094267407e+01
1.699372799076746787e+02 2.667297557594267232e+01
1.700805270776746738e+02 2.667044547194268489e+01
1.702237743136746531e+02 2.666791902094269062e+01
1.703670216136746376e+02 2.666539622394267894e+01
1.705102689796746063e+02 2.666287708094267828e+01
1.706535164096746939e+02 2.666036159394269589e+01
1.707967639046746626e+02 2.665784976394269279e+01
1.709400114646746260e+02 2.665534159294267624e+01
1.710832590896746979e+02 2.665283708094267467e+01
1.712265067786746613e+02 2.665033622894267751e+01
1.713697545326746194e+02 2.664783903994268144e+01
1.715130023506746966e+02 2.664534551394268647e+01
1.716562502326746653e+02 2.664285565194268202e+01
1.717994981796746288e+02 2.664036945494268593e+01
1.719427461906747112e+02 2.663788692594269492e+01
1.720859942666746747e+02 2.663540806494268054e+01
1.722292424056746540e+02 2.663293287294268907e+01
1.723724906096746281e+02 2.663046135094268152e+01
1.725157388766746180e+02 2.662799350194268300e+01
1.726589872086746027e+02 2.662552932594269350e+01
1.728022356036746032e+02 2.662306882394267404e+01
1.729454840626746090e+02 2.662061199894267816e+01
1.730887325856746202e+02 2.661815884994268799e+01
1.732319811726746366e+02 2.661570937994267183e+01
1.733752298226746689e+02 2.661326358994267594e+01
1.735184785366747064e+02 2.661082148094268973e+01
1.736617273136746462e+02 2.660838305394267422e+01
1.738049761546747050e+02 2.660594831094269352e+01
1.739482250586746659e+02 2.660351725294268022e+01
1.740914740256746427e+02 2.660108988194266999e+01
1.742347230546746459e+02 2.659866619894268069e+01
1.743779721476746545e+02 2.659624620494267333e+01
1.745212213046746683e+02 2.659382990194268359e+01
1.746644705236747086e+02 2.659141728994268306e+01
1.748077198066746405e+02 2.658900837294268626e+01
1.749509691516747125e+02 2.658660314994267537e+01
1.750942185596746867e+02 2.658420162394267550e+01
1.752374680306746768e+02 2.658180379494268664e+01
1.753807175636746933e+02 2.657940966594267707e+01
1.755239671606746015e+02 2.657701923694267521e+01
1.756672168186746603e+02 2.657463251094267775e+01
1.758104665396746213e+02 2.657224948794268471e+01
1.759537163236747119e+02 2.656987016994267492e+01
1.760969661696746016e+02 2.656749455894268408e+01
1.762402160776746314e+02 2.656512265594267319e+01
1.763834660476746876e+02 2.656275446194268852e+01
1.765267160806746460e+02 2.656038997994266992e+01
1.766699661746746415e+02 2.655802920994267424e+01
1.768132163316746528e+02 2.655567215394268032e+01
1.769564665506746906e+02 2.655331881394269544e+01
1.770997168306746516e+02 2.655096919094268060e+01
1.772429671726746392e+02 2.654862328694267148e+01
1.773862175766746532e+02 2.654628110394267537e+01
1.775294680426746936e+02 2.654394264194269226e+01
1.776727185696746574e+02 2.654160790394269043e+01
1.778159691586746476e+02 2.653927688994266987e+01
1.779592198086746748e+02 2.653694960394267355e+01
1.781024705206746148e+02 2.653462604594267304e+01
1.782457212936747055e+02 2.653230621794267563e+01
1.783889721276746059e+02 2.652999012094267073e+01
1.785322230236746464e+02 2.652767775794268346e+01
1.786754739806746102e+02 2.652536912894268539e+01
1.788187249976746216e+02 2.652306423694267323e+01
1.789619760766746595e+02 2.652076308294269325e+01
1.791052272166746206e+02 2.651846566894269586e+01
1.792484784176746189e+02 2.651617199694268834e+01
1.793917296786746647e+02 2.651388206694267069e+01
1.795349810016746233e+02 2.651159588294268588e+01
1.796782323846746294e+02 2.650931344494267705e+01
1.798214838276746832e+02 2.650703475594266934e+01
1.799647353316746603e+02 2.650475981694268057e+01
1.801079868966746744e+02 2.650248862994268961e+01
1.802512385216746225e+02 2.650022119594268588e+01
1.803944902076746075e+02 2.649795751794269449e+01
1.805377544856746681e+02 2.649569739894269560e+01
1.806809942546746015e+02 2.649344142694269522e+01
1.808242638066747077e+02 2.649118874794268663e+01
1.809675149966747085e+02 2.648894012094268646e+01
1.811107390946746136e+02 2.648669568394268481e+01
1.812539988746746076e+02 2.648445445494269279e+01
1.813972968176747145e+02 2.648221639894268264e+01
1.815405397446746747e+02 2.647998297394266842e+01
1.816837850286746061e+02 2.647775328394268968e+01
1.818270320606746964e+02 2.647552734194269419e+01
1.819702803806746942e+02 2.647330515594268263e+01
1.821135296616746473e+02 2.647108673194267681e+01
1.822567796676746639e+02 2.646887207794267738e+01
1.824000302326746805e+02 2.646666119694268104e+01
1.825432812356746126e+02 2.646445409294267392e+01
1.826865325876746056e+02 2.646225076994267056e+01
1.828297841336747069e+02 2.646005123194268549e+01
1.829730360496746471e+02 2.645785547794267245e+01
1.831162881476747089e+02 2.645566351194267440e+01
1.832595404066746596e+02 2.645347533894269532e+01
1.834027928096746791e+02 2.645129095794268892e+01
1.835460453436746775e+02 2.644911037394268760e+01
1.836892979956746785e+02 2.644693358694269136e+01
1.838325507576746531e+02 2.644476060094268632e+01
1.839758036206746965e+02 2.644259141594267248e+01
1.841190565786746447e+02 2.644042603694268223e+01
1.842623096266746643e+02 2.643826446394268714e+01
1.844055627576746019e+02 2.643610669894269449e+01
1.845488159706746956e+02 2.643395274594269040e+01
1.846920692616746464e+02 2.643180260494267486e+01
1.848353226286747031e+02 2.642965627994269084e+01
1.849785760676746804e+02 2.642751377094268150e+01
1.851218298516746472e+02 2.642537507894269311e+01
1.852650866726746699e+02 2.642324016294267608e+01
1.854083432636746238e+02 2.642110907594269520e+01
1.855515996466746174e+02 2.641898181994267247e+01
1.856948558446746347e+02 2.641685839494269317e+01
1.858381118766747022e+02 2.641473880394266871e+01
1.859813677596746402e+02 2.641262304894269164e+01
1.861246235116747130e+02 2.641051113194268396e+01
1.862678791456746694e+02 2.640840305394269194e+01
1.864111346766746919e+02 2.640629881794268385e+01
1.865543901166746537e+02 2.640419842594269539e+01
1.866976454766746656e+02 2.640210187994267699e+01
1.868409007686747145e+02 2.640000918194269275e+01
1.869841560016747053e+02 2.639792033394269311e+01
1.871274111846746564e+02 2.639583533894267475e+01
1.872706663266747000e+02 2.639375419794268396e+01
1.874139214326746696e+02 2.639167691294267115e+01
1.875571765116746974e+02 2.638960348794267929e+01
1.877004315696746062e+02 2.638753392294267996e+01
1.878436866126746736e+02 2.638546822194268771e+01
1.879869416466746088e+02 2.638340638694268137e+01
1.881301966756747106e+02 2.638134841994269664e+01
1.882734517046746987e+02 2.637929432394267337e+01
1.884167067386746339e+02 2.637724409994268626e+01
1.885599617806747119e+02 2.637519775094267516e+01
1.887032168346746630e+02 2.637315527894267575e+01
1.888464719046746723e+02 2.637111668794267416e+01
1.889897269926746048e+02 2.636908197894268824e+01
1.891329821016746564e+02 2.636705115394266841e+01
1.892762372356746710e+02 2.636502421694268605e+01
1.894194923956746379e+02 2.636300116994269160e+01
1.895627475846746393e+02 2.636098201394267448e+01
1.897060028046746538e+02 2.635896675394269550e+01
1.898492580576746604e+02 2.635695539094268725e+01
1.899925133456746380e+02 2.635494792694268540e+01
1.901357686696746896e+02 2.635294436594267609e+01
1.902790240316746804e+02 2.635094470894267715e+01
1.904222794336747029e+02 2.634894896094269257e+01
1.905655348756746434e+02 2.634695712194269390e+01
1.907087903596747083e+02 2.634496919594269571e+01
1.908520458866746594e+02 2.634298518494267682e+01
1.909952599036746506e+02 2.634100566594267434e+01
1.911385175046746099e+02 2.633902946594267291e+01
1.912817750546746538e+02 2.633705718994266931e+01
1.914250325596746052e+02 2.633508884194267807e+01
1.915682900266746174e+02 2.633312442394267805e+01
1.917115474586746586e+02 2.633116393894269436e+01
1.918548048626746549e+02 2.632920738894267743e+01
1.919980622416746883e+02 2.632725477694268079e+01
1.921413195996746026e+02 2.632530610594267273e+01
1.922845769426746756e+02 2.632336137894267836e+01
1.924278342726746587e+02 2.632142059894269437e+01
1.925710915936746233e+02 2.631948376694268177e+01
1.927143489096746407e+02 2.631755088794267294e+01
1.928576062226746899e+02 2.631562196294268574e+01
1.930008636616746571e+02 2.631369699394267059e+01
1.931441209676746666e+02 2.631177598794269556e+01
1.932873782806746021e+02 2.630985894494267541e+01
1.934306356026746698e+02 2.630794586894268150e+01
1.935738929376747137e+02 2.630603676194269269e+01
1.937171502856746201e+02 2.630413162694267726e+01
1.938604076506746878e+02 2.630223046694268874e+01
1.940036650326746894e+02 2.630033328494269540e+01
1.941469224346747069e+02 2.629844008394269395e+01
1.942901798576746160e+02 2.629655086794267049e+01
1.944334373036746229e+02 2.629466563794267131e+01
1.945766947746747064e+02 2.629278439894267194e+01
1.947199522716746287e+02 2.629090715294267966e+01
1.948632097956746065e+02 2.628903390394268058e+01
1.950064673486746187e+02 2.628716465394268198e+01
1.951497249316746547e+02 2.628529940594268055e+01
1.952929825446747145e+02 2.628343816494268026e+01
1.954362401906746527e+02 2.628158093194267053e+01
1.955794978696746966e+02 2.627972771194268375e+01
1.957227555826746084e+02 2.627787850594268093e+01
1.958660133296746153e+02 2.627603331994268387e+01
1.960092711136746857e+02 2.627419215494268201e+01
1.961525289346747059e+02 2.627235501494268988e+01
1.962957867926746758e+02 2.627052190394269360e+01
1.964390446886746986e+02 2.626869282394267202e+01
1.965823026236746500e+02 2.626686777894269653e+01
1.967255605976746438e+02 2.626504677194267856e+01
1.968688186126746587e+02 2.626322980694268949e+01
1.970120766676747053e+02 2.626141688694266918e+01
1.971553347646746488e+02 2.625960801494267116e+01
1.972985929026746135e+02 2.625780319594267098e+01
1.974418510836746918e+02 2.625600243094268649e+01
1.975851093076746565e+02 2.625420572494269322e+01
1.977283675746746212e+02 2.625241308194267731e+01
1.978716258846746996e+02 2.625062450394267444e+01
1.980148842386746537e+02 2.624883999494267073e+01
1.981581426376747004e+02 2.624705955994267015e+01
1.983014010806746228e+02 2.624528319994269054e+01
1.984446595696746272e+02 2.624351091994267904e+01
1.985879181026746210e+02 2.624174272394267859e+01
1.987311766826746862e+02 2.623997861494268591e+01
1.988744353076746165e+02 2.623821859694268710e+01
1.990176939786746289e+02 2.623646267394266829e+01
1.991609526966747126e+02 2.623471084794269359e+01
1.993042114606746509e+02 2.623296312394268170e+01
1.994474702716746606e+02 2.623121950594267560e+01
1.995907291296746280e+02 2.622947999694267196e+01
1.997339880336746774e+02 2.622774460194267476e+01
1.998772469866746633e+02 2.622601332294269127e+01
2.000205059856746175e+02 2.622428616494266862e+01
2.001637650336746219e+02 2.622256313094268876e+01
2.003070241276747083e+02 2.622084422594267039e+01
2.004502832706746176e+02 2.621912945394268490e+01
2.005935424616747014e+02 2.621741881694268272e+01
2.007368017006746186e+02 2.621571232094268566e+01
2.008800609886746997e+02 2.621400996894269042e+01
2.010233203236746249e+02 2.621231176394269369e+01
2.011665797066746109e+02 2.621061771194268886e+01
2.013098391376746576e+02 2.620892781694269047e+01
2.014530986176746410e+02 2.620724208094267738e+01
2.015963581456746851e+02 2.620556050894268196e+01
2.017396177226746659e+02 2.620388310594267978e+01
2.018828773486746968e+02 2.620220987594268536e+01
2.020261370226746749e+02 2.620054082194269540e+01
2.021693967456747032e+02 2.619887594894268545e+01
2.023126565166746786e+02 2.619721525994268063e+01
2.024559163366747043e+02 2.619555876194269217e+01
2.025991762056746666e+02 2.619390645594268108e+01
2.027424361226746896e+02 2.619225834794266916e+01
2.028856960886746492e+02 2.619061444294268881e+01
2.030289561036746591e+02 2.618897474294269045e+01
2.031722161666746160e+02 2.618733925494268533e+01
2.033154762786746232e+02 2.618570798094268071e+01
2.034587364396746807e+02 2.618408092694266998e+01
2.036019966486746853e+02 2.618245809694269610e+01
2.037452569066746264e+02 2.618083949494268836e+01
2.038885172126746284e+02 2.617922512594267914e+01
2.040317775676746805e+02 2.617761499494267241e+01
2.041750379716746693e+02 2.617600910494269328e+01
2.043182984236746051e+02 2.617440746194267831e+01
2.044615589246747049e+02 2.617281006994267045e+01
2.046048194736746382e+02 2.617121693394267368e+01
2.047480800706746322e+02 2.616962805794267410e+01
2.048913407166746765e+02 2.616804344694267570e+01
2.050346014106746679e+02 2.616646310494269301e+01
2.051778621536747096e+02 2.616488703794269099e+01
2.053211229436747089e+02 2.616331524994268420e+01
2.054643837826746449e+02 2.616174774694269445e+01
2.056076446696746416e+02 2.616018453194269000e+01
2.057509056046746991e+02 2.615862560994267483e+01
2.058941665876747038e+02 2.615707098794268859e+01
2.060374276186746556e+02 2.615552066794268171e+01
2.061806886976746682e+02 2.615397465694269385e+01
2.063239497136746650e+02 2.615243296094268999e+01
2.064672109036746406e+02 2.615089558194267738e+01
2.066104721406746876e+02 2.614936252494268842e+01
2.067537334226747134e+02 2.614783379794269536e+01
2.068969947516746970e+02 2.614630940394269487e+01
2.070402561256746594e+02 2.614478934894268036e+01
2.071835175466746932e+02 2.614327363694269479e+01
2.073267790136746953e+02 2.614176227394267471e+01
2.074700405276746551e+02 2.614025526594267035e+01
2.076133020866747074e+02 2.613875261694269625e+01
2.077565636926746038e+02 2.613725433294268896e+01
2.078998253456746852e+02 2.613576041894268087e+01
2.080430870436746318e+02 2.613427088094269379e+01
2.081863487886746498e+02 2.613278572294268542e+01
2.083296105806746255e+02 2.613130495194269542e+01
2.084728724176746937e+02 2.612982857194268149e+01
2.086161343016746059e+02 2.612835658894269386e+01
2.087593962326747032e+02 2.612688900894266908e+01
2.089026582086746657e+02 2.612542583794268580e+01
2.090459202316746996e+02 2.612396707994267331e+01
2.091891823006747018e+02 2.612251274194267125e+01
2.093324444166746616e+02 2.612106282894268361e+01
2.094757065786747035e+02 2.611961734594268592e+01
2.096189687866747136e+02 2.611817630094267884e+01
2.097622310406746919e+02 2.611673969694268749e+01
2.099054933416746280e+02 2.611530754194268411e+01
2.100487556866746672e+02 2.611387984094267267e+01
2.101920180796746536e+02 2.611245659894268556e+01
2.103352805176746187e+02 2.611103782394269501e+01
2.104785430016746659e+02 2.610962351994268715e+01
2.106218055326746708e+02 2.610821369394267322e+01
2.107650681086746545e+02 2.610680835194267502e+01
2.109083307306746065e+02 2.610540749994268594e+01
2.110515933976746510e+02 2.610401114394267097e+01
2.111948561116746532e+02 2.610261928894269090e+01
2.113381188706746343e+02 2.610123194394267898e+01
2.114813816756746974e+02 2.609984911294267818e+01
2.116246445256746256e+02 2.609847080194268187e+01
2.117679074206746463e+02 2.609709701894269074e+01
2.119111703616746354e+02 2.609572776994266974e+01
2.120544333486747064e+02 2.609436305994267968e+01
2.121976963796746531e+02 2.609300289694269281e+01
2.123409594566746819e+02 2.609164728594268468e+01
2.124842225786746894e+02 2.609029623594267377e+01
2.126274857456746759e+02 2.608894975094267465e+01
2.127707489576746411e+02 2.608760783794267013e+01
2.129140122146746990e+02 2.608627050494268929e+01
2.130572755166746219e+02 2.608493775794266867e+01
2.132005388626746480e+02 2.608360960394267636e+01
2.133438021246746530e+02 2.608228604994269517e+01
2.134870655476746606e+02 2.608096710194269008e+01
2.136303290136746682e+02 2.607965276594268289e+01
2.137735925246746547e+02 2.607834305194268154e+01
2.139168560776746517e+02 2.607703796394267215e+01
2.140601196746746382e+02 2.607573750994268380e+01
2.142033833156746141e+02 2.607444169794268873e+01
2.143466469996747037e+02 2.607315053394268034e+01
2.144899107266746796e+02 2.607186402494266986e+01
2.146331744966746555e+02 2.607058217994267579e+01
2.147764383096746315e+02 2.606930500394267369e+01
2.149197021656746074e+02 2.606803250594268206e+01
2.150629660646746970e+02 2.606676469194269430e+01
2.152062300066746729e+02 2.606550157094267206e+01
2.153494939916746489e+02 2.606424314894269401e+01
2.154927580186746354e+02 2.606298943394267553e+01
2.156360220876746325e+02 2.606174043494269199e+01
2.157792861996746296e+02 2.606049615694269050e+01
2.159225503536746373e+02 2.605925660994267901e+01
2.160658145496746556e+02 2.605802179994267931e+01
2.162090787876746845e+02 2.605679173594268150e+01
2.163523430686747133e+02 2.605556642494266839e+01
2.164956073906746497e+02 2.605434587594268692e+01
2.166388717546747102e+02 2.605313009494267362e+01
2.167821361606746677e+02 2.605191909194269329e+01
2.169254018856746598e+02 2.605071286394269237e+01
2.170686689266746043e+02 2.604951141894267153e+01
2.172119359916746362e+02 2.604831477494269620e+01
2.173552030806746416e+02 2.604712294194268907e+01
2.174984701936746205e+02 2.604593592694268978e+01
2.176417373296746973e+02 2.604475373894268841e+01
2.177850044896746340e+02 2.604357638594268565e+01
2.179282716736746579e+02 2.604240387694267156e+01
2.180715388806746660e+02 2.604123621994267523e+01
2.182148061116746476e+02 2.604007342394268676e+01
2.183580733666746028e+02 2.603891549794269622e+01
2.185013406446746558e+02 2.603776244994267586e+01
2.186446079456746929e+02 2.603661428894267260e+01
2.187878752706747036e+02 2.603547102394267654e+01
2.189311426186746985e+02 2.603433266294268833e+01
2.190744099896746775e+02 2.603319921694267691e+01
2.192176773836746406e+02 2.603207069294268194e+01
2.193609448016746910e+02 2.603094710094268294e+01
2.195042122426746118e+02 2.602982845094268782e+01
2.196474797066746305e+02 2.602871474994267942e+01
2.197907902806746279e+02 2.602760567694267024e+01
2.199340571956746544e+02 2.602650191194268814e+01
2.200773241406747047e+02 2.602540312494267027e+01
2.202205911136746863e+02 2.602430932594268143e+01
2.203638581156747023e+02 2.602322052494267268e+01
2.205071251466746389e+02 2.602213673094269097e+01
2.206503922056746205e+02 2.602105795394268739e+01
2.207936592936746365e+02 2.601998420394266986e+01
2.209369264096746974e+02 2.601891548994268533e+01
2.210801935546746790e+02 2.601785182394269214e+01
2.212234607266746025e+02 2.601679321394269095e+01
2.213667279276746740e+02 2.601573967094267914e+01
2.215099951566746768e+02 2.601469120494269305e+01
2.216532624136746108e+02 2.601364782594268377e+01
2.217965296986747035e+02 2.601260954494267708e+01
2.219397970106746243e+02 2.601157637294267033e+01
2.220830643506747037e+02 2.601054831894268204e+01
2.222263317186747145e+02 2.600952539394268115e+01
2.223695991136746670e+02 2.600850760894269342e+01
2.225128665356746751e+02 2.600749497494268780e+01
2.226561339856746145e+02 2.600648750294269007e+01
2.227994014616746199e+02 2.600548520294267973e+01
2.229426689656746703e+02 2.600448808594268257e+01
2.230859364966746625e+02 2.600349616494267480e+01
2.232292040536746072e+02 2.600250944894267491e+01
2.233724716376746073e+02 2.600152794994266969e+01
2.235157392486746630e+02 2.600055167994267435e+01
2.236590068866746606e+02 2.599958064994268625e+01
2.238022745496746211e+02 2.599861487094267432e+01
2.239455422396746371e+02 2.599765435594267160e+01
2.240888099566747087e+02 2.599669911494268604e+01
2.242320776986746296e+02 2.599574916194268326e+01
2.243753454676746060e+02 2.599480450694267120e+01
2.245186132616746590e+02 2.599386516294268290e+01
2.246618810816746645e+02 2.599293114194267673e+01
2.248051489276746224e+02 2.599200245594269632e+01
2.249484167986746570e+02 2.599107911694267159e+01
2.250916846956746440e+02 2.599016113794269245e+01
2.252349526176747077e+02 2.598924853194267826e+01
2.253782205656746100e+02 2.598834131094267264e+01
2.255214885376747134e+02 2.598743948794268022e+01
2.256647565356746554e+02 2.598654307594267721e+01
2.258080245586746742e+02 2.598565208694267881e+01
2.259512926056746664e+02 2.598476653594266850e+01
2.260945606776746217e+02 2.598388643394267206e+01
2.262378287746746537e+02 2.598301179494268354e+01
2.263810968956746592e+02 2.598214263294266857e+01
2.265243650416746277e+02 2.598127896094268863e+01
2.266676332116746835e+02 2.598042079294268092e+01
2.268109014046746097e+02 2.597956814294269634e+01
2.269541696236746020e+02 2.597872102394268268e+01
2.270974378646747027e+02 2.597787944994269083e+01
2.272407061306746527e+02 2.597704343694269369e+01
2.273839744206746900e+02 2.597621299594268862e+01
2.275272427336747114e+02 2.597538814494268422e+01
2.276705110696746033e+02 2.597456889494267784e+01
2.278137794296746961e+02 2.597375526294268866e+01
2.279570478126746593e+02 2.597294726294268230e+01
2.281003162186746067e+02 2.597214490994267067e+01
2.282435846476746519e+02 2.597134821894269407e+01
2.283868530986746919e+02 2.597055720494267916e+01
2.285301215736747054e+02 2.596977188294269467e+01
2.286733900706747136e+02 2.596899226994267451e+01
2.288166585906747059e+02 2.596821837894268015e+01
2.289599271326746930e+02 2.596745022694267391e+01
2.291031956966746748e+02 2.596668782994268554e+01
2.292464644106746618e+02 2.596593120294267010e+01
2.293897330156746648e+02 2.596518036394269302e+01
2.295330016426746624e+02 2.596443532794268094e+01
2.296762702906746654e+02 2.596369611194268145e+01
2.298195389606746630e+02 2.596296273194269588e+01
2.299628076526746554e+02 2.596223520494268655e+01
2.301060763656746531e+02 2.596151354694268321e+01
2.302493451006746454e+02 2.596079777694268387e+01
2.303926138556746537e+02 2.596008790994267201e+01
2.305358826316746672e+02 2.595938396494267408e+01
2.306791514296746755e+02 2.595868595894268083e+01
2.308224202466747101e+02 2.595799390994267242e+01
2.309656890856746259e+02 2.595730783494269645e+01
2.311089579436746817e+02 2.595662775194267624e+01
2.312522268226746291e+02 2.595595368094268451e+01
2.313954957216747061e+02 2.595528563794269417e+01
2.315387646406746853e+02 2.595462364294269264e+01
2.316820335796746804e+02 2.595396771494267796e+01
2.318253025376747019e+02 2.595331787194268713e+01
2.319685715156746255e+02 2.595267413294268977e+01
2.321118405126746893e+02 2.595203651794267330e+01
2.322551095296746553e+02 2.595140504594269260e+01
2.323983785646746583e+02 2.595077973694267826e+01
2.325416476186746877e+02 2.595016061094267457e+01
2.326849166916746299e+02 2.594954768794266897e+01
2.328281857836747122e+02 2.594894098794267734e+01
2.329714548936746041e+02 2.594834053094268711e+01
2.331147240216746468e+02 2.594774633894269300e+01
2.332579931676746128e+02 2.594715843194268245e+01
2.334012623316746158e+02 2.594657683094268918e+01
2.335445315136746558e+02 2.594600155794267948e+01
2.336878007126746297e+02 2.594543263294266922e+01
2.338310699296746407e+02 2.594487007994268879e+01
2.339743391636746992e+02 2.594431391994268665e+01
2.341176084146746916e+02 2.594376417394269652e+01
2.342608776816746285e+02 2.594322086694268137e+01
2.344041469666746025e+02 2.594268401894268550e+01
2.345474162676746346e+02 2.594215365494267189e+01
2.346906855846746112e+02 2.594162979694269211e+01
2.348339549176746459e+02 2.594111246794267345e+01
2.349772242676746146e+02 2.594060169294269258e+01
2.351204936326746520e+02 2.594009749594269465e+01
2.352637630126746444e+02 2.593959989894267437e+01
2.354070324086746950e+02 2.593910892894268727e+01
2.355503018196747007e+02 2.593862460994267849e+01
2.356935712456746614e+02 2.593814696594267843e+01
2.358368406866746909e+02 2.593767602194267852e+01
2.359801101426746754e+02 2.593721180494267742e+01
2.361233796116746362e+02 2.593675434094268439e+01
2.362666490956746657e+02 2.593630365394267301e+01
2.364099185936746608e+02 2.593585977294267764e+01
2.365531881046746321e+02 2.593542272194267184e+01
2.366964576296746827e+02 2.593499252994269000e+01
2.368397271676747096e+02 2.593456922294268452e+01
2.369829967196747020e+02 2.593415282994268978e+01
2.371262662836746813e+02 2.593374337794267603e+01
2.372695358596746473e+02 2.593334089494268824e+01
2.374128054486747033e+02 2.593294540994267550e+01
2.375560750496746323e+02 2.593255695194267219e+01
2.376993446626746618e+02 2.593217554994268426e+01
2.378426142876746781e+02 2.593180123294268924e+01
2.379858839236746917e+02 2.593143403294268978e+01
2.381291535706747027e+02 2.593107397694268457e+01
2.382724232286747110e+02 2.593072109894268351e+01
2.384156928976746030e+02 2.593037542794269257e+01
2.385589625766746167e+02 2.593003699494269654e+01
2.387022322656746383e+02 2.592970583394267692e+01
2.388455019646746678e+02 2.592938197494268593e+01
2.389887716736747052e+02 2.592906545094268722e+01
2.391320413916746475e+02 2.592875629594269071e+01
2.392753111186746082e+02 2.592845454194267063e+01
2.394185808536747118e+02 2.592816022294269374e+01
2.395618505976746064e+02 2.592787337394267411e+01
2.397051203506746333e+02 2.592759402894267851e+01
2.398483901106746998e+02 2.592732222394269570e+01
2.399916598776746923e+02 2.592705799294267877e+01
2.401349296526747139e+02 2.592680137194267331e+01
2.402781994346746615e+02 2.592655239894267538e+01
2.404214692236746487e+02 2.592631110894268431e+01
2.405647390186746861e+02 2.592607753994269615e+01
2.407080088186746707e+02 2.592585173094269635e+01
2.408512786256746949e+02 2.592563371894269153e+01
2.409945484376746663e+02 2.592542354294269558e+01
2.411378182546746984e+02 2.592522124294268338e+01
2.412810880756746883e+02 2.592502685794266881e+01
2.414243579016746253e+02 2.592484042894267304e+01
2.415676277306746442e+02 2.592466199594267096e+01
2.417108975646746103e+02 2.592449160194269098e+01
2.418541674006746689e+02 2.592432928794266900e+01
2.419974372396746958e+02 2.592417509794267971e+01
2.421407070816746909e+02 2.592402907294268743e+01
2.422839769246746755e+02 2.592389125894268886e+01
2.424272467706746284e+02 2.592376169894268401e+01
2.425705166166746949e+02 2.592364043894266956e+01
2.427137864646746266e+02 2.592352752394268123e+01
2.428570563116746825e+02 2.592342299994268728e+01
2.430003261596746142e+02 2.592332691594268113e+01
2.431435960066746702e+02 2.592323931694267003e+01
2.432868658536746125e+02 2.592316025394268308e+01
2.434301356986746896e+02 2.592308977394267799e+01
2.435734055416746742e+02 2.592302792794268385e+01
2.437166753826746799e+02 2.592297476594268346e+01
2.438599452206746037e+02 2.592293033994269535e+01
2.440032150566746623e+02 2.592289470194268119e+01
2.441464848876746601e+02 2.592286790294267007e+01
2.442897547146747002e+02 2.592284999894269504e+01
2.444330245366746794e+02 2.592284104394269661e+01
2.445762511986746404e+02 2.592284109094268274e+01
2.447195221556746674e+02 2.592285019694267589e+01
2.448627930866746283e+02 2.592286841994268798e+01
2.450060639896746579e+02 2.592289581794267406e+01
2.451493348646746426e+02 2.592293244994269230e+01
2.452926057126746855e+02 2.592297837494268720e+01
2.454358765316746940e+02 2.592303365494268519e+01
2.455791473226746575e+02 2.592309835094269488e+01
2.457224180836747109e+02 2.592317252594267529e+01
2.458656888156746163e+02 2.592325624394268857e+01
2.460089595176746116e+02 2.592334956794269374e+01
2.461522301886747073e+02 2.592345256594268221e+01
2.462955008286746761e+02 2.592356530394269498e+01
2.464387714366746422e+02 2.592368784994269504e+01
2.465820420136747089e+02 2.592382027294269164e+01
2.467253125576746697e+02 2.592396264394267291e+01
2.468685830676746491e+02 2.592411503394268379e+01
2.470118535446746364e+02 2.592427751594269125e+01
2.471551239876746422e+02 2.592445016394268009e+01
2.472983943956746771e+02 2.592463305394267081e+01
2.474416647686746273e+02 2.592482626194268391e+01
2.475849351046746278e+02 2.592502986594269032e+01
2.477282054056746574e+02 2.592524394594269666e+01
2.478714756676746447e+02 2.592546858294267054e+01
2.480147458916746928e+02 2.592570385894268270e+01
2.481580160766746985e+02 2.592594985794266904e+01
2.483012862226746620e+02 2.592620666594268641e+01
2.484445563276746043e+02 2.592647436894267798e+01
2.485878263926746286e+02 2.592675305694268673e+01
2.487310964146746528e+02 2.592704281894268092e+01
2.488743663946746665e+02 2.592734374794267183e+01
2.490176363306746907e+02 2.592765593694267068e+01
2.491609062226746119e+02 2.592797948294267485e+01
2.493041760686746784e+02 2.592831448294268171e+01
2.494474458696746524e+02 2.592866103694268531e+01
2.495907156226746793e+02 2.592901924494267973e+01
2.497339853276746453e+02 2.592938921194269142e+01
2.498772549826746854e+02 2.592977104294268997e+01
2.500205245886746752e+02 2.593016484594267013e+01
2.501637941426746465e+02 2.593057072994267287e+01
2.503070636436746099e+02 2.593098880994267574e+01
2.504503330916746791e+02 2.593141919794268802e+01
2.505936024856746371e+02 2.593186201194268392e+01
2.507368718226746296e+02 2.593231737194267339e+01
2.508801411026746564e+02 2.593278539994267362e+01
2.510234103236746250e+02 2.593326621994268066e+01
2.511666794846746598e+02 2.593375996094269453e+01
2.513099485846746575e+02 2.593426675294267625e+01
2.514532176216746393e+02 2.593478672894266879e+01
2.515964865946746158e+02 2.593532002594267283e+01
2.517397555016746082e+02 2.593586678294269632e+01
2.518830243416746271e+02 2.593642714294267648e+01
2.520262931116747041e+02 2.593700125194268935e+01
2.521695618116746118e+02 2.593758925894269396e+01
2.523128304386746095e+02 2.593819131794268174e+01
2.524560989916747076e+02 2.593880758594266922e+01
2.525993674686746999e+02 2.593943822194268023e+01
2.527426358666746182e+02 2.594008339194269297e+01
2.528859041846747004e+02 2.594074326394269292e+01
2.530291725386746293e+02 2.594141801194268737e+01
2.531724406796746507e+02 2.594210781094267304e+01
2.533157087346746721e+02 2.594281284394267573e+01
2.534589767016747146e+02 2.594353329794267893e+01
2.536022445776746963e+02 2.594426936294269126e+01
2.537455123606746383e+02 2.594502123694269358e+01
2.538887800466746967e+02 2.594578911994267401e+01
2.540320476356746440e+02 2.594657322094269603e+01
2.541753151216746573e+02 2.594737375194267770e+01
2.543185825036746337e+02 2.594819093094267259e+01
2.544618497786746047e+02 2.594902498494269594e+01
2.546051169426746128e+02 2.594987614294268496e+01
2.547483839936746790e+02 2.595074464494268796e+01
2.548916509266746289e+02 2.595163073394269304e+01
2.550349177386746078e+02 2.595253466394268571e+01
2.551781844266746475e+02 2.595345669294269442e+01
2.553214509866746766e+02 2.595439708994268813e+01
2.554647174136746344e+02 2.595535612994268604e+01
2.556079837046746661e+02 2.595633409694266902e+01
2.557512498546747111e+02 2.595733128494268271e+01
2.558945158586747084e+02 2.595834799694267758e+01
2.560377817136746899e+02 2.595938454394269002e+01
2.561810474136746052e+02 2.596044124994267577e+01
2.563243129536746210e+02 2.596151844794269437e+01
2.564675783276746870e+02 2.596261648294267843e+01
2.566108435316746181e+02 2.596373571094267163e+01
2.567541085586746021e+02 2.596487649994267599e+01
2.568973734026747024e+02 2.596603923394269486e+01
2.570406380566746520e+02 2.596722430594269326e+01
2.571839025156746175e+02 2.596843212894268049e+01
2.573271667716746833e+02 2.596966312494268436e+01
2.574704308166747069e+02 2.597091773594269171e+01
2.576136946436746484e+02 2.597219642094268011e+01
2.577569582436746032e+02 2.597349965394269589e+01
2.579002216096746452e+02 2.597482792894268755e+01
2.580434847316746527e+02 2.597618176094269415e+01
2.581867476016747105e+02 2.597756168494268536e+01
2.583300102066746149e+02 2.597896825694269296e+01
2.584732725376746885e+02 2.598040205794268331e+01
2.586165345846746959e+02 2.598186369294268161e+01
2.587597963346746610e+02 2.598335379494267272e+01
2.589030577746746076e+02 2.598487302194268977e+01
2.590463188936746519e+02 2.598642206594269055e+01
2.591895795526746724e+02 2.598800164594268836e+01
2.593328400176746982e+02 2.598961252194268923e+01
2.594761001086747001e+02 2.599125548294267674e+01
2.596193598116747125e+02 2.599293136094269130e+01
2.597626191076747091e+02 2.599464102894268080e+01
2.599058779796746421e+02 2.599638540394269626e+01
2.600491364076746095e+02 2.599816544994268952e+01
2.601923943716747090e+02 2.599998218594268451e+01
2.603356518476746260e+02 2.600183668294269523e+01
2.604789088136747068e+02 2.600373007494269473e+01
