8.259455153165617958e-04 -6.750498361686268822e+01
-4.740271334846966056e-01 -6.750512491386268721e+01
-9.488800604847256182e-01 -6.750554461286267838e+01
-1.423732691484701718e+00 -6.750623660286268546e+01
-1.898584894484656616e+00 -6.750719499486268660e+01
-2.373436365484622002e+00 -6.750841411286268112e+01
-2.848287220484735371e+00 -6.750988848786269614e+01
-3.323137250484705874e+00 -6.751161283786268541e+01
-3.797986349484745006e+00 -6.751358206686268204e+01
-4.272834415484567216e+00 -6.751579125386268743e+01
-4.747681355484701271e+00 -6.751823564186270232e+01
-5.222527081484713563e+00 -6.752091063486270173e+01
-5.697371512484778577e+00 -6.752381178586267652e+01
-6.172214570484584328e+00 -6.752693479486268302e+01
-6.647056185484643720e+00 -6.753027549686268571e+01
-7.121896289484766385e+00 -6.753382986086268147e+01
-7.596734821484687927e+00 -6.753759398086268106e+01
-8.071571721484588124e+00 -6.754156407286268404e+01
-8.546406939484768372e+00 -6.754573646686267807e+01
-9.021240420484673450e+00 -6.755010760486268850e+01
-9.496072118484789826e+00 -6.755467403386268188e+01
-9.970901991484652171e+00 -6.755943240386270077e+01
-1.044572999548472580e+01 -6.756437946086268198e+01
-1.092055609548469874e+01 -6.756951204586269455e+01
-1.139538025548472433e+01 -6.757482708986267994e+01
-1.187020244248469680e+01 -6.758032160986269332e+01
-1.234502262548471663e+01 -6.758599270486269006e+01
-1.281984077848460402e+01 -6.759183755686268569e+01
-1.329465687348465508e+01 -6.759785342186268053e+01
-1.376947088648466888e+01 -6.760403763186269543e+01
-1.424428279748462955e+01 -6.761038758786267522e+01
-1.471909258448476976e+01 -6.761690076286268436e+01
-1.519390022948459773e+01 -6.762357469286268952e+01
-1.566870571548474800e+01 -6.763040697886268049e+01
-1.614350902648470765e+01 -6.763739528386270194e+01
-1.661831014848462473e+01 -6.764453732986268619e+01
-1.709310906948462616e+01 -6.765183089586270171e+01
-1.756790577748461146e+01 -6.765927381786269734e+01
-1.804270026148469697e+01 -6.766686398086270060e+01
-1.851749251348473990e+01 -6.767459932786269405e+01
-1.899228252448460807e+01 -6.768247784686269597e+01
-1.946707028748460289e+01 -6.769049757486268959e+01
-1.994185579648478779e+01 -6.769865659786267997e+01
-2.041663904648476091e+01 -6.770695304486270061e+01
-2.089142003248457513e+01 -6.771538508886268914e+01
-2.136619875048472750e+01 -6.772395094486267908e+01
-2.184097519748456762e+01 -6.773264887186269334e+01
-2.231574937248478818e+01 -6.774147716386269735e+01
-2.279052127348472823e+01 -6.775043415586267770e+01
-2.326529089948462570e+01 -6.775951821986268442e+01
-2.374001268248457563e+01 -6.776872687386267557e+01
-2.421477496648458327e+01 -6.777806027486269613e+01
-2.468953499948474928e+01 -6.778751607486267972e+01
-2.516429252448460829e+01 -6.779709277886269092e+01
-2.563904766448467853e+01 -6.780678893086269454e+01
-2.611380041748475378e+01 -6.781660310486267917e+01
-2.658855078548458550e+01 -6.782653390386269621e+01
-2.706329876948461788e+01 -6.783657995986268929e+01
-2.753804436948462353e+01 -6.784673993386269331e+01
-2.801278758948478753e+01 -6.785701251386268495e+01
-2.848752842948465513e+01 -6.786739641586268590e+01
-2.896226689348463879e+01 -6.787789038086268079e+01
-2.943700298248472791e+01 -6.788849317686268137e+01
-2.991173670148464225e+01 -6.789920359486268353e+01
-3.038646805248458804e+01 -6.791002045186269243e+01
-3.086119703948475035e+01 -6.792094258486270064e+01
-3.133592366548464270e+01 -6.793196885786269945e+01
-3.181064793648465638e+01 -6.794309815486269599e+01
-3.228536985448477026e+01 -6.795432938086267427e+01
-3.276008942448470407e+01 -6.796566146286269827e+01
-3.323480665248462174e+01 -6.797709334886269517e+01
-3.370952154148471891e+01 -6.798862400586267540e+01
-3.418423409748470476e+01 -6.800025242086269373e+01
-3.465894432548475379e+01 -6.801197759886269978e+01
-3.513365223048458574e+01 -6.802379856586267692e+01
-3.560835781848459192e+01 -6.803571436286267726e+01
-3.608306109448471943e+01 -6.804772404986269407e+01
-3.655776206348468804e+01 -6.805982670586269023e+01
-3.703246073348464051e+01 -6.807202142186270066e+01
-3.750715710748477250e+01 -6.808430731086269816e+01
-3.798185119348477201e+01 -6.809668349886268857e+01
-3.845654299748457561e+01 -6.810914912586270020e+01
-3.893123252448458516e+01 -6.812170335086267414e+01
-3.940591978148472663e+01 -6.813434534486268035e+01
-3.988060477448470920e+01 -6.814707429486267642e+01
-4.035528751048468621e+01 -6.815988940186269929e+01
-4.082996799448460479e+01 -6.817278987886268737e+01
-4.130464623448460770e+01 -6.818577495686270140e+01
-4.177932223648463150e+01 -6.819884387486268906e+01
-4.225399600648461274e+01 -6.821199588786268464e+01
-4.272866755248469417e+01 -6.822523026286268077e+01
-4.320333687948459556e+01 -6.823854627986267474e+01
-4.367800399448469761e+01 -6.825194322986268958e+01
-4.415266890548468837e+01 -6.826542041786268555e+01
-4.462733161748474231e+01 -6.827897715686268043e+01
-4.510199213848477484e+01 -6.829261277386268603e+01
-4.557665047448472251e+01 -6.830632660686268309e+01
-4.605130663248473866e+01 -6.832011800486267816e+01
-4.652596061948474926e+01 -6.833398632486267843e+01
-4.700061244148469086e+01 -6.834793093886267457e+01
-4.747526210648470624e+01 -6.836195122586269690e+01
-4.794990962048473193e+01 -6.837604657586268786e+01
-4.842455498948470449e+01 -6.839021638786269364e+01
-4.889919822248475612e+01 -6.840446007186270094e+01
-4.937383932348461713e+01 -6.841877704586269715e+01
-4.984847830148464709e+01 -6.843316673786267756e+01
-5.032311516248478256e+01 -6.844762858586270227e+01
-5.079774991248473270e+01 -6.846216203586268989e+01
-5.127238255948464030e+01 -6.847676654086268400e+01
-5.174701310848467983e+01 -6.849144156686267593e+01
-5.222164156848475614e+01 -6.850618658286268214e+01
-5.269626794348459953e+01 -6.852100106986267747e+01
-5.317089224248456958e+01 -6.853588451586267638e+01
-5.364551447048461341e+01 -6.855083641686269402e+01
-5.412013463448465700e+01 -6.856585627686268936e+01
-5.459475274048463689e+01 -6.858094360686268942e+01
-5.506936879648469585e+01 -6.859609792586269350e+01
-5.554398280748478101e+01 -6.861131875986268369e+01
-5.601859478148458038e+01 -6.862660564286269960e+01
-5.649320472248473379e+01 -6.864195811486268894e+01
-5.696781263948469132e+01 -6.865737572386268539e+01
-5.744241853748462745e+01 -6.867285802486267698e+01
-5.791702242248470611e+01 -6.868840457886270201e+01
-5.839162430148462590e+01 -6.870401495386269630e+01
-5.886622418048477812e+01 -6.871968872486269220e+01
-5.934082206548464455e+01 -6.873542547186269758e+01
-5.981541796248461651e+01 -6.875122478186267472e+01
-6.029001187748463053e+01 -6.876708624986270024e+01
-6.076460381748461259e+01 -6.878300947486269479e+01
-6.123919378748473719e+01 -6.879899406186268607e+01
-6.171378179448470291e+01 -6.881503962286268461e+01
-6.218836784248469485e+01 -6.883114577586269434e+01
-6.266295193948462838e+01 -6.884731214286267686e+01
-6.313753409048467802e+01 -6.886353835386267974e+01
-6.361211430048479087e+01 -6.887982404286267979e+01
-6.408669257648466555e+01 -6.889616884986267564e+01
-6.456126892348470392e+01 -6.891257242086268775e+01
-6.503584334748461515e+01 -6.892903440486267641e+01
-6.551041585348457374e+01 -6.894555445886268785e+01
-6.598498644748474362e+01 -6.896213224286267973e+01
-6.645955513448461716e+01 -6.897876742486269563e+01
-6.693412191948459622e+01 -6.899545967586269057e+01
-6.740868680948460678e+01 -6.901220867086269095e+01
-6.788324980748461712e+01 -6.902901409186267756e+01
-6.835781091948479116e+01 -6.904587562386268473e+01
-6.883237015248460011e+01 -6.906279295886270120e+01
-6.930692751048468381e+01 -6.907976579186268395e+01
-6.978148299848476199e+01 -6.909679382286267924e+01
-7.025603662048456499e+01 -6.911387675586269097e+01
-7.073058838348470090e+01 -6.913101430186267748e+01
-7.120513829048468324e+01 -6.914820617186268237e+01
-7.167968634748467593e+01 -6.916545208686270030e+01
-7.215423255848463668e+01 -6.918275176686267969e+01
-7.262877692948472941e+01 -6.920010494086270114e+01
-7.310331946348469501e+01 -6.921751133786267474e+01
-7.357786016548470798e+01 -6.923497069386269231e+01
-7.405239904048471544e+01 -6.925248274786270031e+01
-7.452693609348466453e+01 -6.927004724486269538e+01
-7.500147132848474030e+01 -6.928766392986267419e+01
-7.547600474848468366e+01 -6.930533255686268035e+01
-7.595053635948465853e+01 -6.932305288086269002e+01
-7.642506616548462262e+01 -6.934082465986267607e+01
-7.689959416948477156e+01 -6.935864765786269004e+01
-7.737412037648459773e+01 -6.937652164386270215e+01
-7.784864479048474095e+01 -6.939444638586269321e+01
-7.832316741548470418e+01 -6.941242166086269094e+01
-7.879768825548467248e+01 -6.943044724586269467e+01
-7.927220731348461413e+01 -6.944852292386269710e+01
-7.974672459448470363e+01 -6.946664847986269820e+01
-8.022124010048469245e+01 -6.948482370286268406e+01
-8.069575383648475508e+01 -6.950304838686270159e+01
-8.117026580548463244e+01 -6.952132232786269128e+01
-8.164477601148473696e+01 -6.953964532486267558e+01
-8.211928445748458216e+01 -6.955801718086269148e+01
-8.259379114648459108e+01 -6.957643770286267682e+01
-8.306829608348471083e+01 -6.959490670086267983e+01
-8.354279926948470347e+01 -6.961342398686269917e+01
-8.401730070848475407e+01 -6.963198937786268061e+01
-8.449180040348460352e+01 -6.965060269386268033e+01
-8.496629835748467485e+01 -6.966926375586268705e+01
-8.544079457348470896e+01 -6.968797238986269349e+01
-8.591528905548466355e+01 -6.970672842486268905e+01
-8.638978180448475541e+01 -6.972553169086268099e+01
-8.686427282448471487e+01 -6.974438202386269836e+01
-8.733876211748474816e+01 -6.976327925886269554e+01
-8.781324968648459617e+01 -6.978222323486269829e+01
-8.828773553348469250e+01 -6.980121379586267949e+01
-8.876221966148477804e+01 -6.982025078486267944e+01
-8.923670207348459371e+01 -6.983933404886269614e+01
-8.971118277048458367e+01 -6.985846343686267801e+01
-9.018566175648470562e+01 -6.987763879886267659e+01
-9.066013903248472161e+01 -6.989685998886270113e+01
-9.113461460048461049e+01 -6.991612685986268616e+01
-9.160908846448478471e+01 -6.993543926786267662e+01
-9.208356062548477894e+01 -6.995479706986267843e+01
-9.255803108548457203e+01 -6.997420012286269753e+01
-9.303249984748458701e+01 -6.999364828686267970e+01
-9.350696691348457534e+01 -7.001314141986267714e+01
-9.398143228548474326e+01 -7.003267938086267463e+01
-9.445589596548461486e+01 -7.005226202586268869e+01
-9.493035795648461317e+01 -7.007188921386267566e+01
-9.540481826048471703e+01 -7.009156079886270163e+01
-9.587927687948467792e+01 -7.011127663386270115e+01
-9.635373381748468091e+01 -7.013103656786267948e+01
-9.682818907548471543e+01 -7.015084044586268419e+01
-9.730264265848472860e+01 -7.017068810886269148e+01
-9.777709456848469927e+01 -7.019057938886268744e+01
-9.825154480848459571e+01 -7.021051411186269320e+01
-9.872599338448458184e+01 -7.023049209286267569e+01
-9.920044029948462594e+01 -7.025051313686267918e+01
-9.967488555848467513e+01 -7.027057703086268248e+01
-1.001493291684846554e+02 -7.029068354786269879e+01
-1.006237711344847412e+02 -7.031083243786270032e+01
-1.010982114654846100e+02 -7.033102342786267513e+01
-1.015726501704846214e+02 -7.035125621086268666e+01
-1.020470872594846696e+02 -7.037153044686269254e+01
-1.025215227454846172e+02 -7.039184574786267490e+01
-1.029959566434847602e+02 -7.041220167486270043e+01
-1.034703889704846915e+02 -7.043259771886269505e+01
-1.039448197484846332e+02 -7.045303329186268115e+01
-1.044192490034847651e+02 -7.047350770186270097e+01
-1.048936767664847594e+02 -7.049402013386267640e+01
-1.053681030774846477e+02 -7.051456961086267938e+01
-1.058425279814846363e+02 -7.053515495486269060e+01
-1.063169515404847516e+02 -7.055577472686269402e+01
-1.067913738294846553e+02 -7.057642714786268812e+01
-1.072657948254845905e+02 -7.059710998186270103e+01
-1.077402149594847742e+02 -7.061782040286269080e+01
-1.082146341694847251e+02 -7.063855471986269663e+01
-1.086890526814846680e+02 -7.065930805086267696e+01
-1.091634708064847246e+02 -7.068007376386267993e+01
-1.096378889854846648e+02 -7.070084253686269449e+01
-1.101123078624847267e+02 -7.072160073486267606e+01
-1.105867281824846486e+02 -7.074232726086268030e+01
-1.110611517254847058e+02 -7.076298693386269179e+01
-1.115355812994846474e+02 -7.078351378786268810e+01
-1.120100234014846592e+02 -7.080375682586267772e+01
-1.124498319604846301e+02 -7.074609994886267827e+01
-1.127438144644846716e+02 -7.037318688186269355e+01
-1.130278577974846712e+02 -6.999264219986270064e+01
-1.133035072424846703e+02 -6.960597048486269500e+01
-1.135719444234846378e+02 -6.921425444486268930e+01
-1.138340938214846574e+02 -6.881830096086270032e+01
-1.140906940464847139e+02 -6.841872735886269652e+01
-1.143423451474847070e+02 -6.801601728886268461e+01
-1.145895419964846269e+02 -6.761055684186268877e+01
-1.148326979334847238e+02 -6.720265936286267561e+01
-1.150721620474846532e+02 -6.679258277286268708e+01
-1.153082320364846964e+02 -6.638054196386269723e+01
-1.155411639524846805e+02 -6.596671787686267407e+01
-1.157711796964846371e+02 -6.555126423686269277e+01
-1.159984728754847083e+02 -6.513431265486269695e+01
-1.162232134904846816e+02 -6.471597641286268754e+01
-1.164455515264846781e+02 -6.429635369086270202e+01
-1.166656202084847109e+02 -6.387552942086267649e+01
-1.168835128234846934e+02 -6.345362704186268843e+01
-1.170993775844847278e+02 -6.303062986086268893e+01
-1.173132697664847228e+02 -6.260667260986269866e+01
-1.175252899824846509e+02 -6.218177573586268636e+01
-1.177355133894847086e+02 -6.175598664386268410e+01
-1.179440074254846422e+02 -6.132934772186268901e+01
-1.181508325944846547e+02 -6.090189693186269437e+01
-1.183560431474846837e+02 -6.047366831186269565e+01
-1.185596876354846927e+02 -6.004469239886267928e+01
-1.187618093904847001e+02 -5.961499658386267697e+01
-1.189624469184847158e+02 -5.918460541286268040e+01
-1.191616342334847332e+02 -5.875354083186269349e+01
-1.193594011254846237e+02 -5.832182241286270141e+01
-1.195557733174846362e+02 -5.788946764486269103e+01
-1.197507738284846255e+02 -5.745648944086269694e+01
-1.199444150634847119e+02 -5.702291420286269386e+01
-1.201367162994846467e+02 -5.658874308286269184e+01
-1.203276885214846743e+02 -5.615398582786269799e+01
-1.205173390884847322e+02 -5.571865047386268088e+01
-1.207056716774847018e+02 -5.528274337086267565e+01
-1.208926861424846493e+02 -5.484626926586270201e+01
-1.210783785084846613e+02 -5.440923091986269355e+01
-1.212627404464847132e+02 -5.397162974586268547e+01
-1.214457594974846870e+02 -5.353346452086267959e+01
-1.216274200484846233e+02 -5.309472790786267637e+01
-1.218076779874846807e+02 -5.265546699486267812e+01
-1.219348350944846970e+02 -5.220308602386268149e+01
-1.219769170494846549e+02 -5.173009972886268315e+01
-1.220195881364846855e+02 -5.125716576786268774e+01
-1.220627669474846471e+02 -5.078427743586269116e+01
-1.221063803654847106e+02 -5.031142865886269533e+01
-1.221503623504846701e+02 -4.983861342286269291e+01
-1.221946528404846504e+02 -4.936582655386268925e+01
-1.222391969494847217e+02 -4.889306309886268309e+01
-1.222839442484846586e+02 -4.842031844686269437e+01
-1.223288481694846723e+02 -4.794758829286269020e+01
-1.223738655044846837e+02 -4.747486861586267537e+01
-1.224189559804847249e+02 -4.700215564686268976e+01
-1.224640818904846356e+02 -4.652944585186267545e+01
-1.225092077814846334e+02 -4.605673591186268823e+01
-1.225543001834846564e+02 -4.558402269986268607e+01
-1.225993273574846398e+02 -4.511130339586267723e+01
-1.226442591224846410e+02 -4.463857513186269443e+01
-1.226890666364846538e+02 -4.416583536586267655e+01
-1.227337222514846644e+02 -4.369308166986269271e+01
-1.227781993724846643e+02 -4.322031175286269900e+01
-1.228224723234847033e+02 -4.274752346186269847e+01
-1.228665162354847098e+02 -4.227471475986268956e+01
-1.229103069424846808e+02 -4.180188372286269782e+01
-1.229538208914847246e+02 -4.132902850686269858e+01
-1.229970350574847089e+02 -4.085614732286268236e+01
-1.230399268674847235e+02 -4.038323838286268597e+01
-1.230824741374847235e+02 -3.991029981286268935e+01
-1.231246550154846773e+02 -3.943732951386269292e+01
-1.231664479604846747e+02 -3.896432467686270229e+01
-1.232078268414846889e+02 -3.849133736586267673e+01
-1.232487894894846931e+02 -3.801814523186268957e+01
-1.232892913824846346e+02 -3.754501445086268063e+01
-1.233293200044846571e+02 -3.707184349686269798e+01
-1.233688541084846975e+02 -3.659863094486269119e+01
-1.234078723814847081e+02 -3.612537538086269251e+01
-1.234463490314847149e+02 -3.565212950986267515e+01
-1.234842751264847038e+02 -3.517873531586269564e+01
-1.235216095644847201e+02 -3.470543346486269343e+01
-1.235583403264846538e+02 -3.423209950586269201e+01
-1.235944757364846964e+02 -3.375832777086267811e+01
-1.236299353744847167e+02 -3.328487378386267892e+01
-1.236647261524847181e+02 -3.281134606186267888e+01
-1.236988263374846611e+02 -3.233771792586267679e+01
-1.237322083524846903e+02 -3.186403750986269756e+01
-1.237648476924846364e+02 -3.139030458586267969e+01
-1.237967193034846787e+02 -3.091651882386267403e+01
-1.238277975194846476e+02 -3.044267989686269971e+01
-1.238580560054846273e+02 -2.996878752586269457e+01
-1.238874677064846992e+02 -2.949484150986268105e+01
-1.239160047844846986e+02 -2.902084172486269154e+01
-1.239436385594847252e+02 -2.854678815086268173e+01
-1.239703394494846407e+02 -2.807268087086268338e+01
-1.239960768944846450e+02 -2.759852008986268856e+01
-1.240208192944846814e+02 -2.712430614186268940e+01
-1.240445339324846827e+02 -2.665003935786268130e+01
-1.240671868764846977e+02 -2.617572057686268749e+01
-1.240887429194847300e+02 -2.570135050286268097e+01
-1.241091654684846617e+02 -2.522693011186268564e+01
-1.241284164534846468e+02 -2.475246058386269965e+01
-1.241464562154847044e+02 -2.427794331886269674e+01
-1.241632433934846631e+02 -2.380337996086268504e+01
-1.241787348004846763e+02 -2.332877242086269121e+01
-1.241928852854846355e+02 -2.285412290886267783e+01
-1.242056475884846805e+02 -2.237943395786268752e+01
-1.242169721854846784e+02 -2.190470846386267567e+01
-1.242268071084846497e+02 -2.142994972386267705e+01
-1.242350977584846987e+02 -2.095516147986268152e+01
-1.242417867014846706e+02 -2.048034796786268430e+01
-1.242468134394846402e+02 -2.000551397486268002e+01
-1.242501141614847029e+02 -1.953066490586269310e+01
-1.242516214714846683e+02 -1.905580684986267670e+01
-1.242512640844846601e+02 -1.858094666986269772e+01
-1.242489665184846217e+02 -1.810609549886268610e+01
-1.242446488034846652e+02 -1.763126917086268008e+01
-1.242382263274846537e+02 -1.715649890486270124e+01
-1.242296073764846369e+02 -1.668171668986269651e+01
-1.242186962204847305e+02 -1.620699195586269070e+01
-1.242053895114846682e+02 -1.573232396986267645e+01
-1.241895769824847093e+02 -1.525772909986270065e+01
-1.241711404884846388e+02 -1.478322593286267761e+01
-1.241499532024846530e+02 -1.430883538686268253e+01
-1.241258786964847332e+02 -1.383458100886269904e+01
-1.240987699074846660e+02 -1.336048939886268272e+01
-1.240684679534846282e+02 -1.288659057086269399e+01
-1.240348008004847316e+02 -1.241291878586270059e+01
-1.239975817124847026e+02 -1.193951301286267608e+01
-1.239566074944847287e+02 -1.146641787186268857e+01
-1.239116564524846353e+02 -1.099368464086268204e+01
-1.238624860444846263e+02 -1.052137244986269593e+01
-1.238088301594847280e+02 -1.004954990086270072e+01
-1.237503958704846809e+02 -9.578296268862686702e+00
-1.236868597944846897e+02 -9.107704525862686751e+00
-1.236178804574847163e+02 -8.637993285862677340e+00
-1.235430308744846570e+02 -8.169092202862685781e+00
-1.234619007984846348e+02 -7.701361738862686934e+00
-1.233739531634846571e+02 -7.234754209862700236e+00
-1.232786408904846667e+02 -6.769569906862699327e+00
-1.231753376684846444e+02 -6.306101460862691965e+00
-1.230633264304847216e+02 -5.844664511862674772e+00
-1.229417290574846220e+02 -5.385423333862689788e+00
-1.228098489894846352e+02 -4.929696132862687818e+00
-1.226661759354847163e+02 -4.476598373862685776e+00
-1.225099027654846395e+02 -4.028265952862682298e+00
-1.223394510574846663e+02 -3.585124323862686424e+00
-1.221531452214846922e+02 -3.148300439862680378e+00
-1.219491815784846267e+02 -2.719538801862682931e+00
-1.217331116754846789e+02 -2.296698656862702137e+00
-1.215168429904846334e+02 -1.873932923862696498e+00
-1.213005313544846331e+02 -1.451197455862683228e+00
-1.210841228644846979e+02 -1.028520700862685544e+00
-1.208675587724846991e+02 -6.059270298626984186e-01
-1.206507790304847276e+02 -1.834438248626781842e-01
-1.204337248374846467e+02 2.388934471373147517e-01
-1.202163328454846578e+02 6.610523881373069344e-01
-1.199985348024846417e+02 1.083004198137302865e+00
-1.197802432024847121e+02 1.504751153137306119e+00
-1.195614282144846356e+02 1.926178008137299003e+00
-1.193419968774846893e+02 2.347285309137305376e+00
-1.191218741914847215e+02 2.768032495137305204e+00
-1.189009828034846805e+02 3.188377106137323835e+00
-1.186792427194847050e+02 3.608275265137308452e+00
-1.184565716744846213e+02 4.027680906137305783e+00
-1.182328849554846784e+02 4.446546068137308794e+00
-1.180080954734846728e+02 4.864820725137320778e+00
-1.177821138134846706e+02 5.282452703137323624e+00
-1.175548482844847058e+02 5.699387588137312832e+00
-1.173262049974846377e+02 6.115568644137312049e+00
-1.170960879514847193e+02 6.530936728137305636e+00
-1.168643991344846427e+02 6.945430207137320622e+00
-1.166310386524846763e+02 7.358984881137303091e+00
-1.163959048394847287e+02 7.771533958137325726e+00
-1.161588945634846368e+02 8.183007743137324042e+00
-1.159199031474846606e+02 8.593334038137300013e+00
-1.156788776164846695e+02 9.002348618137318681e+00
-1.154355256524846709e+02 9.410285951137325355e+00
-1.151899604384847180e+02 9.816693919137321700e+00
-1.149419759684847122e+02 1.022165368413732267e+01
-1.146914720954846416e+02 1.062506544013731968e+01
-1.144383432054846708e+02 1.102683620713730761e+01
-1.141824811354846361e+02 1.142687526413732257e+01
-1.140658318694846685e+02 1.186132122413729917e+01
-1.141002570334846951e+02 1.233493647013730765e+01
-1.141319653324846968e+02 1.280874171813729845e+01
-1.141612996324846563e+02 1.328270027113731544e+01
-1.141883761564846509e+02 1.375679337013730219e+01
-1.142132247074846418e+02 1.423100906513730024e+01
-1.142358266364847168e+02 1.470533762413731438e+01
-1.142561294894846924e+02 1.517977098013730597e+01
-1.142740530904846992e+02 1.565430027113731626e+01
-1.142894917524846505e+02 1.612891464913730033e+01
-1.143023143264846340e+02 1.660360458913731918e+01
-1.143123623604847126e+02 1.707835920113731731e+01
-1.143194468654846787e+02 1.755316516913731562e+01
-1.143233434084846749e+02 1.802797752013731269e+01
-1.143237862004847329e+02 1.850284328613730622e+01
-1.143204575894847039e+02 1.897769324613730646e+01
-1.143129771894846272e+02 1.945249236813731386e+01
-1.143008845814846381e+02 1.992719362613732415e+01
-1.142836158894846221e+02 2.040173253213731641e+01
-1.142604704174847257e+02 2.087601919913731763e+01
-1.142305618274847347e+02 2.134992559013730329e+01
-1.141927442964846477e+02 2.182326433513730990e+01
-1.141454967064846642e+02 2.229574864113732247e+01
-1.140867302534846885e+02 2.276693134013731878e+01
-1.140086635994846347e+02 2.323518499013729866e+01
-1.138777303134846761e+02 2.369133945013732045e+01
-1.136992511814846694e+02 2.413118630913731977e+01
-1.134846025564846741e+02 2.455463638913730051e+01
-1.132424633394846296e+02 2.496303851513729910e+01
-1.129792594894846616e+02 2.535822448913731364e+01
-1.126997403244846510e+02 2.574205793113731033e+01
-1.124074462434846282e+02 2.611626946513732150e+01
-1.121050685884846416e+02 2.648238970213731136e+01
-1.117946894224846801e+02 2.684175744113730389e+01
-1.114779525154847306e+02 2.719553837913731797e+01
-1.111561819104846336e+02 2.754475016913731622e+01
-1.108304655764846984e+02 2.789028668213731521e+01
-1.105017153274847033e+02 2.823293944513730480e+01
-1.101707104764847145e+02 2.857341586513730647e+01
-1.098381302244846438e+02 2.891235442013730506e+01
-1.095045781344846318e+02 2.925033724813731340e+01
-1.091706010294847147e+02 2.958790054613730547e+01
-1.088367038604847039e+02 2.992554320313730898e+01
-1.085033617064847249e+02 3.026373396913730573e+01
-1.081710296924846944e+02 3.060291744713731532e+01
-1.078401514224847233e+02 3.094351909713731175e+01
-1.075111663444847636e+02 3.128594944413731582e+01
-1.071845163994846644e+02 3.163060757713731164e+01
-1.068606521894846537e+02 3.197788404013731167e+01
-1.065400388764846866e+02 3.232816316713730487e+01
-1.062231619694846358e+02 3.268182486413731169e+01
-1.059105331144846787e+02 3.303924584613730531e+01
-1.056026959974847159e+02 3.340080026913730649e+01
-1.053002321434846635e+02 3.376686004213730996e+01
-1.050037684864846597e+02 3.413779243613731751e+01
-1.047139809474847425e+02 3.451396195513731868e+01
-1.044316039164846188e+02 3.489572402113731187e+01
-1.041574361454847804e+02 3.528342160713731346e+01
-1.038923467094846274e+02 3.567737998713731429e+01
-1.036372810304847008e+02 3.607789871313731567e+01
-1.033932657374846258e+02 3.648524127413730866e+01
-1.031614111164847145e+02 3.689962308813731795e+01
-1.029429111624847337e+02 3.732119605313731370e+01
-1.027390393774846871e+02 3.775003064713730794e+01
-1.025421276874847081e+02 3.818210785413731401e+01
-1.023403902264847147e+02 3.861197813713731364e+01
-1.021371159974846705e+02 3.904112437113731460e+01
-1.019323246294845831e+02 3.946954885313731154e+01
-1.017260350934845974e+02 3.989725396613731334e+01
-1.015182658194846681e+02 4.032424195413730672e+01
-1.013090345444845752e+02 4.075051526613731312e+01
-1.010983586034847121e+02 4.117607598913731692e+01
-1.008862512404846257e+02 4.160093323313731162e+01
-1.006727335224845774e+02 4.202507930513731083e+01
-1.004578191544846959e+02 4.244852020013730964e+01
-1.002415232974847186e+02 4.287125791313731327e+01
-1.000238606384846207e+02 4.329329432913731068e+01
-9.980484541348459970e+01 4.371463120913730904e+01
-9.958451252148461208e+01 4.413523005313730607e+01
-9.936283728148464434e+01 4.455516507413730665e+01
-9.913984978748476351e+01 4.497440477713730900e+01
-9.891556241348462208e+01 4.539295070213731265e+01
-9.868998734548472385e+01 4.581080383613731044e+01
-9.846313642748464190e+01 4.622796494213730512e+01
-9.823500084248462372e+01 4.664447153013730940e+01
-9.800562710948474887e+01 4.706025928713731332e+01
-9.777500913148469408e+01 4.747535929013730538e+01
-9.754316095848457735e+01 4.788976507813731587e+01
-9.731008484648464218e+01 4.830349045813731834e+01
-9.707579682948471600e+01 4.871652388213730944e+01
-9.684030072548466705e+01 4.912887467113731077e+01
-9.660361382648466133e+01 4.954052778413731062e+01
-9.636570901148456869e+01 4.995154430013731428e+01
-9.612664177848478175e+01 5.036184161613731192e+01
-9.588641381748470849e+01 5.077142998213730607e+01
-9.564499320448476283e+01 5.118037539113731782e+01
-9.540243611648475053e+01 5.158859359413730772e+01
-9.515872748148467508e+01 5.199612051113730615e+01
-9.491388991848475598e+01 5.240292797413731307e+01
-9.466788888248470357e+01 5.280908185513730757e+01
-9.442075193548475909e+01 5.321454404213730527e+01
-9.417248290148472734e+01 5.361931519013731418e+01
-9.392308559348475683e+01 5.402339519013730751e+01
-9.367256387848465238e+01 5.442678307013731853e+01
-9.342092180448457839e+01 5.482947680913731858e+01
-9.316816376048473103e+01 5.523147309713731090e+01
-9.291429467548459797e+01 5.563276704813731044e+01
-9.265929934348469033e+01 5.603338460713730740e+01
-9.240321505348470055e+01 5.643326853513731578e+01
-9.214604250248476092e+01 5.683241873913731013e+01
-9.188775845148461485e+01 5.723087108413730562e+01
-9.162839700548465771e+01 5.762857201313731537e+01
-9.136788294048460557e+01 5.802563448013731318e+01
-9.110629044848474223e+01 5.842194211613731625e+01
-9.084359383148466804e+01 5.881753034213731723e+01
-9.057982698548471490e+01 5.921234381813731318e+01
-9.031495023548473000e+01 5.960643664313731449e+01
-9.004898007148472061e+01 5.999977777113731747e+01
-8.978191086148467548e+01 6.039236823613731531e+01
-8.951373708448477373e+01 6.078420776813730697e+01
-8.924445349648476622e+01 6.117529454613730877e+01
-8.897405549048471585e+01 6.156562466713731396e+01
-8.870253912148473319e+01 6.195519212713730894e+01
-8.842990085048472793e+01 6.234398918613730700e+01
-8.815613749348472084e+01 6.273200642613731759e+01
-8.788124638748467987e+01 6.311923251113731226e+01
-8.760522521248458361e+01 6.350565442313731523e+01
-8.732807134948461680e+01 6.389125832213731826e+01
-8.704978138248475261e+01 6.427603019213731272e+01
-8.677036912348467013e+01 6.465993106213731778e+01
-8.648975554948469835e+01 6.504304749813731235e+01
-8.620800519348472335e+01 6.542526785813731749e+01
-8.592509371248456773e+01 6.580660075213731375e+01
-8.564100865548471120e+01 6.618703660313731518e+01
-8.535573256548468635e+01 6.656657049913731328e+01
-8.506915957048477139e+01 6.694531175913731147e+01
-8.478142292848474426e+01 6.732305138213730800e+01
-8.449244381148469074e+01 6.769985887913730949e+01
-8.420232639448477130e+01 6.807556287413731866e+01
-8.391072350548461145e+01 6.845057213313731381e+01
-8.361825289248463378e+01 6.882405288913730601e+01
-8.332388905148468439e+01 6.919726750813731542e+01
-8.302879366648471660e+01 6.956869535413731853e+01
-8.273177042448469365e+01 6.993979124413731085e+01
-8.243369284348477777e+01 7.030940554013730548e+01
-8.213418448148468087e+01 7.067795065313731584e+01
-8.183363361048463958e+01 7.104489141613731817e+01
-8.153098553448467101e+01 7.141144487513730610e+01
-8.122717447148465908e+01 7.177640322113731486e+01
-8.092187541248472371e+01 7.214008529213731435e+01
-8.061504564648475935e+01 7.250246031213731612e+01
-8.030662381348474810e+01 7.286351244313731002e+01
-7.999656182448461550e+01 7.322320239513730655e+01
-7.968485701048462033e+01 7.358143073713731042e+01
-7.937145785248458196e+01 7.393814650113731091e+01
-7.905627376548477514e+01 7.429333275213731724e+01
-7.873929570448467530e+01 7.464686958413730622e+01
-7.842056996048472683e+01 7.499856663413730473e+01
-7.809971231848476236e+01 7.534869260413731240e+01
-7.777683902648459480e+01 7.569694855513731113e+01
-7.745186936148456880e+01 7.604323659313730843e+01
-7.712474433748457159e+01 7.638741664413731769e+01
-7.679528245948472431e+01 7.672945438213730540e+01
-7.646345654248466417e+01 7.706912825213731821e+01
-7.612910994748472149e+01 7.740632148913731214e+01
-7.579210755048461579e+01 7.774085947913731331e+01
-7.545232359848478154e+01 7.807251806013731255e+01
-7.510952239448465662e+01 7.840113146313731818e+01
-7.476355046448475150e+01 7.872639554913730819e+01
-7.441418435448463242e+01 7.904800410413730560e+01
-7.406116780048478176e+01 7.936559614313731004e+01
-7.370417307448474276e+01 7.967876911313730659e+01
-7.334291905248460353e+01 7.998694896213730487e+01
-7.297696705548469254e+01 8.028953251413730641e+01
-7.260583414448478834e+01 8.058573637613730511e+01
-7.222891395848478169e+01 8.087459121313730748e+01
-7.184549774748461459e+01 8.115482136613731257e+01
-7.145474505848460467e+01 8.142471804713731842e+01
-7.105557844548457069e+01 8.168197954913730996e+01
-7.064632438948478921e+01 8.192279875613731122e+01
-7.022162520948472775e+01 8.213508522913731724e+01
-6.978555467748469709e+01 8.232300323213731019e+01
-6.934224832648465053e+01 8.249317415313731772e+01
-6.889395526148473436e+01 8.264972850013731431e+01
-6.844202682748459665e+01 8.279542809013730675e+01
-6.798922727748458783e+01 8.293166840413731222e+01
-6.753339595648458271e+01 8.306072995013731486e+01
-6.707368632248471840e+01 8.318398012213731363e+01
-6.661171159748460013e+01 8.330185830313730833e+01
-6.615075756448459288e+01 8.341428970013731714e+01
-6.568937008348461859e+01 8.352226603313731346e+01
-6.522611206148462770e+01 8.362660129513730567e+01
-6.476207614048462347e+01 8.372743874413731646e+01
-6.429739396448462685e+01 8.382508900013731079e+01
-6.383208206348467684e+01 8.391983699513731665e+01
-6.336512580748467371e+01 8.401212701813730632e+01
-6.289878339648475958e+01 8.410172768313731240e+01
-6.243456648348478666e+01 8.418856428113731738e+01
-6.196507528948473009e+01 8.427416878713731307e+01
-6.149843566448475940e+01 8.435719326213731506e+01
-6.103057328148474880e+01 8.443850755013731657e+01
-6.056240559048478644e+01 8.451806242513731604e+01
-6.009395647648466365e+01 8.459595785013731017e+01
-5.962524704748466320e+01 8.467228415013731535e+01
-5.915629604948458109e+01 8.474712324713730993e+01
-5.868712020948464669e+01 8.482054970413730643e+01
-5.821773451348462913e+01 8.489263160613731429e+01
-5.774815244748469922e+01 8.496343131313730623e+01
-5.727838618548457816e+01 8.503300609713731717e+01
-5.680844675948469558e+01 8.510140870013731274e+01
-5.633834420048469838e+01 8.516868780713731724e+01
-5.586808765048476744e+01 8.523488846213730596e+01
-5.539768547148469224e+01 8.530005243313731000e+01
-5.492714532848458475e+01 8.536421852113731745e+01
-5.445647427048470490e+01 8.542742284713730783e+01
-5.398567847348476789e+01 8.548969912913730695e+01
-5.351476477648475338e+01 8.555107871513730800e+01
-5.304373807848469369e+01 8.561159111613730488e+01
-5.257260358548478507e+01 8.567126389113731477e+01
-5.210137423848459548e+01 8.573012189213730494e+01
-5.163005108048469083e+01 8.578818986913731237e+01
-5.115863628148463249e+01 8.584549093113730578e+01
-5.068713408348457961e+01 8.590204655913731813e+01
-5.021554782948464890e+01 8.595787707713731152e+01
-4.974388076848458695e+01 8.601300164413731864e+01
-4.927213592548469023e+01 8.606743836013731652e+01
-4.880031611648473699e+01 8.612120433113730655e+01
-4.832842397448462179e+01 8.617431574413731710e+01
-4.785641898848462006e+01 8.622679267413731452e+01
-4.738439147048461564e+01 8.627863986113730732e+01
-4.691229846348460342e+01 8.632987611713731724e+01
-4.644014201448476342e+01 8.638051449913730551e+01
-4.596792404948473632e+01 8.643056739813731326e+01
-4.549564638648462278e+01 8.648004658213730522e+01
-4.502331074248468212e+01 8.652896322813731445e+01
-4.455091873948458669e+01 8.657732795813731741e+01
-4.407847191248470153e+01 8.662515087013731829e+01
-4.360597182848459852e+01 8.667244155313731824e+01
-4.313341961848459505e+01 8.671920916213731800e+01
-4.266081672348468601e+01 8.676546237013731400e+01
-4.218816437948476050e+01 8.681120943813731117e+01
-4.171546375948469176e+01 8.685645822513731673e+01
-4.124271597748474960e+01 8.690121620713730977e+01
-4.077120330548473248e+01 8.694537116913731722e+01
-4.029728037848462918e+01 8.698926967213731132e+01
-3.982447710748465397e+01 8.703258943613731446e+01
-3.935091411348457768e+01 8.707550953913731462e+01
-3.887722364948467657e+01 8.711797738913730882e+01
-3.840493330548474660e+01 8.715986359713731702e+01
-3.793198892648479159e+01 8.720135682713731740e+01
-3.745926034048466136e+01 8.724238526113731496e+01
-3.698607782248473086e+01 8.728301154613731683e+01
-3.651290119548457369e+01 8.732320017813731283e+01
-3.603972374948466495e+01 8.736295608313730554e+01
-3.556651108748474144e+01 8.740228620913731561e+01
-3.509326225048471315e+01 8.744119440713731706e+01
-3.461988078048466377e+01 8.747969202413730727e+01
-3.414620250548477998e+01 8.751779525813731198e+01
-3.367358274148477904e+01 8.755539929113730580e+01
-3.319978242248475908e+01 8.759268510313731326e+01
-3.272603083848457572e+01 8.762955726313731475e+01
-3.225223984848457803e+01 8.766602522913731832e+01
-3.177874683148456825e+01 8.770206574813731493e+01
-3.130521812448478158e+01 8.773770673713731583e+01
-3.083166575648465368e+01 8.777294920913730891e+01
-3.035805719748464071e+01 8.780779728613731550e+01
-2.988503514448461829e+01 8.784220595913731700e+01
-2.941137953348470546e+01 8.787626534813730927e+01
-2.893768908348465629e+01 8.790993280913731667e+01
-2.846398417148475346e+01 8.794320789413731632e+01
-2.798986470148474837e+01 8.797611905613730698e+01
-2.751702539048460494e+01 8.800855042913731552e+01
-2.704182127248463985e+01 8.804075118813730683e+01
-2.656934180148459745e+01 8.807237724013731395e+01
-2.609619957248469291e+01 8.810365803113731431e+01
-2.562103807548464829e+01 8.813467989413730663e+01
-2.514714752348459115e+01 8.816522687613731080e+01
-2.467323306048479026e+01 8.819538358413731771e+01
-2.419929640748478050e+01 8.822514925913731076e+01
-2.372579322848469019e+01 8.825449500613731857e+01
-2.325184513348472137e+01 8.828347427013731874e+01
-2.277787141348471778e+01 8.831205964413730669e+01
-2.230387202748465825e+01 8.834024968313731563e+01
-2.182984681248467496e+01 8.836804273813730504e+01
-2.135579549148474143e+01 8.839543695513731336e+01
-2.088171767548465141e+01 8.842243026313731491e+01
-2.040761285048461104e+01 8.844902037313731569e+01
-1.993348036948464141e+01 8.847520476713731341e+01
-1.945931944148469483e+01 8.850098069513731502e+01
-1.898512911648458612e+01 8.852634515913730695e+01
-1.851090826148470114e+01 8.855129491313731194e+01
-1.803670495648475480e+01 8.857582391113730580e+01
-1.756243306948476857e+01 8.859993276413730712e+01
-1.708812866548464626e+01 8.862361543513731021e+01
-1.661378985748478954e+01 8.864686755413731589e+01
-1.613941426648466404e+01 8.866968444913730707e+01
-1.566499949548460791e+01 8.869206110313730562e+01
-1.519054202948473176e+01 8.871399219113730794e+01
-1.471603892448456463e+01 8.873547197413731169e+01
-1.424148844148476201e+01 8.875649425813730886e+01
-1.376689625848462128e+01 8.877705211213731218e+01
-1.329241320348478439e+01 8.879713211413731244e+01
-1.281790037048472186e+01 8.881673281613731774e+01
-1.234340760548457183e+01 8.883584421013731003e+01
-1.186889481548473668e+01 8.885445945213730568e+01
-1.139435986348462393e+01 8.887256954513730989e+01
-1.091980774848457258e+01 8.889016462613730596e+01
-1.044523354748457677e+01 8.890723456713730855e+01
-9.971244036484677054e+00 8.892374757213731584e+01
-9.495992619484695751e+00 8.893975514113731151e+01
-9.021351755484602108e+00 8.895518061013731881e+01
-8.547555181484767672e+00 8.897000568713731639e+01
-8.072308420484660019e+00 8.898428682013731361e+01
-7.597745574484633835e+00 8.899794321413730813e+01
-7.123179838484702486e+00 8.901097961113731571e+01
-6.648581866484619241e+00 8.902337924613730991e+01
-6.173991335484743104e+00 8.903512223513730817e+01
-5.699349201484665173e+00 8.904618972913731056e+01
-5.224698856484565113e+00 8.905655881113730743e+01
-4.750026006484631580e+00 8.906620623213731847e+01
-4.275299707484691680e+00 8.907510705013730501e+01
-3.800529270484730660e+00 8.908323335713731694e+01
-3.325720799484770396e+00 8.909055500013731432e+01
-2.850878581484721508e+00 8.909703926413730812e+01
-2.376004769484779899e+00 8.910265055313730898e+01
-1.901101081484739552e+00 8.910734998513731853e+01
-1.426125803484637800e+00 8.911109525613731819e+01
-9.511849394846194627e-01 8.911383877413730659e+01
-4.762092974847291771e-01 8.911552947213731102e+01
-1.201179484723979840e-03 8.911611012213731442e+01
4.738367785153059231e-01 8.911553898113730554e+01
9.488640195152129309e-01 8.911385675413731633e+01
1.423714759515405603e+00 8.911112174313731771e+01
1.898563172515423503e+00 8.910738505213731742e+01
2.373411461515388510e+00 8.910269335313731176e+01
2.848199836515277639e+00 8.909708986713731349e+01
3.323049615515401456e+00 8.909061188913730689e+01
3.797864705515394235e+00 8.908329608913730624e+01
4.272669634515295911e+00 8.907517471113730778e+01
4.747460109515259319e+00 8.906627777713731575e+01
5.222227588515352181e+00 8.905663308013731694e+01
5.696953055515223241e+00 8.904626659113731080e+01
6.171623048515357368e+00 8.903520235213731837e+01
6.646332088515237047e+00 8.902346000213731259e+01
7.121024965515289296e+00 8.901106110513731551e+01
7.595708933515425088e+00 8.899802435113731747e+01
8.070412240515224767e+00 8.898436647213731021e+01
8.546480797515414451e+00 8.897006245813730629e+01
9.019891522515308679e+00 8.895525086813731264e+01
9.494432473515416859e+00 8.893983025213731253e+01
9.968826871515375387e+00 8.892385361213730732e+01
1.044432891351539183e+01 8.890728950613731740e+01
1.091868080651534001e+01 8.889022833813730529e+01
1.139248512951530756e+01 8.887266222413731498e+01
1.186717890151521715e+01 8.885454756313731650e+01
1.234222571651525868e+01 8.883591243113731650e+01
1.281694355651529804e+01 8.881679258013731726e+01
1.329140911751528620e+01 8.879719430213731357e+01
1.376572082351526660e+01 8.877712209413731159e+01
1.424040089151526445e+01 8.875656098313730524e+01
1.471495061451537367e+01 8.873553920513731441e+01
1.518901493251541979e+01 8.871407993913730650e+01
1.566347702351527005e+01 8.869214947213731648e+01
1.613789166651531559e+01 8.866977362713731736e+01
1.661226491851539322e+01 8.864695762413731472e+01
1.708660155251527613e+01 8.862370637313730981e+01
1.756090555951527676e+01 8.860002446513730945e+01
1.803517944251530025e+01 8.857591623613731713e+01
1.850938631851522587e+01 8.855138776313731341e+01
1.898361097351539684e+01 8.852643850513730683e+01
1.945780193851533113e+01 8.850107469013731532e+01
1.993195679251539332e+01 8.847529977213730490e+01
2.040607515851525022e+01 8.844911683813731429e+01
2.088016655251522025e+01 8.842252817213730509e+01
2.135398374451528980e+01 8.839555050813730475e+01
2.182812585051533461e+01 8.836815192113731143e+01
2.230182916451531128e+01 8.834037871213730853e+01
2.277632217551536087e+01 8.831216021913731140e+01
2.325029634851534865e+01 8.828357551613731857e+01
2.372424488651540742e+01 8.825459692913730692e+01
2.419688938151534785e+01 8.822530546313731747e+01
2.467196976251534579e+01 8.819546891513731168e+01
2.514535538251539037e+01 8.816534656713730556e+01
2.561920119851538402e+01 8.813480342513730648e+01
2.609363548351529971e+01 8.810383032713731666e+01
2.656747076651527095e+01 8.807250502813731430e+01
2.704115336451536677e+01 8.804079898413731087e+01
2.751429107551530251e+01 8.800873916113731354e+01
2.798839209151537943e+01 8.797622251013730477e+01
2.846255030451538914e+01 8.794330939713731254e+01
2.893482873151538115e+01 8.791013584113731838e+01
2.940944606051539267e+01 8.787640406213731126e+01
2.988314602751529492e+01 8.784234265513731543e+01
3.035647819651535428e+01 8.780791246613731005e+01
3.083008746951531975e+01 8.777306527013730886e+01
3.130364049151535255e+01 8.773782370413731257e+01
3.177716896451534012e+01 8.770218370713730849e+01
3.225101848251529191e+01 8.766611689913730743e+01
3.272442577051538137e+01 8.762967934713731211e+01
3.319659302051536542e+01 8.759293224213730866e+01
3.367098692151535033e+01 8.755560193213730713e+01
3.414500347451530615e+01 8.751788813813730883e+01
3.461713659951533373e+01 8.747991066213731415e+01
3.509128759251530028e+01 8.744135230813731141e+01
3.556366252551538309e+01 8.740251787613730983e+01
3.603776671151535993e+01 8.736311560413730604e+01
3.651011533951532329e+01 8.732343128813731425e+01
3.698407530551526179e+01 8.728317814113731288e+01
3.745722496351527298e+01 8.724255638213730890e+01
3.792991659451536179e+01 8.720153292813731127e+01
3.840289577951534739e+01 8.716003845513731108e+01
3.887597865351540349e+01 8.711808341313731319e+01
3.934946710251529112e+01 8.707563487813730774e+01
3.982351553651528775e+01 8.703267187513731074e+01
4.029630479851539349e+01 8.698935428713731710e+01
4.076920475551537493e+01 8.694555198513731398e+01
4.124113331651528824e+01 8.690135986613731234e+01
4.171382764251529807e+01 8.685660859213730589e+01
4.218628345551542225e+01 8.681138508413731358e+01
4.265806986751522345e+01 8.676572431013731546e+01
4.313078011851530391e+01 8.671946355013730567e+01
4.360323467951525345e+01 8.667270861813730676e+01
4.407570485851533704e+01 8.662542408113731085e+01
4.454820302251528119e+01 8.657759918413731270e+01
4.502167361851525129e+01 8.652912665213730747e+01
4.549405751451536162e+01 8.648020702313731078e+01
4.596636597251540479e+01 8.643072663213730777e+01
4.643861219951531893e+01 8.638067277213731643e+01
4.691076900051530174e+01 8.633003642213731155e+01
4.738245327651543448e+01 8.627884691413731844e+01
4.785448204751537560e+01 8.622700231213731570e+01
4.832648788351525582e+01 8.617452808113731066e+01
4.879838047151542924e+01 8.612141948313731632e+01
4.927020024451530844e+01 8.606765645913731078e+01
4.974194451951530027e+01 8.601322283313730566e+01
5.021361043051524575e+01 8.595810150813731809e+01
5.068519490851531373e+01 8.590227439913731189e+01
5.115669466451527114e+01 8.584572235813730856e+01
5.162810627251542428e+01 8.578842507713730470e+01
5.209942561551542894e+01 8.573036107013730600e+01
5.257064981851522134e+01 8.567150732613731634e+01
5.304177683551529299e+01 8.561183923313731725e+01
5.351279638251526194e+01 8.555133161713730772e+01
5.398370327851534967e+01 8.548995692313731354e+01
5.445449240951529646e+01 8.542768567013730774e+01
5.492515722651523902e+01 8.536448648413731632e+01
5.539569145051541454e+01 8.530032566513730785e+01
5.586608803751528285e+01 8.523516710213731074e+01
5.633633932551538237e+01 8.516897200113730548e+01
5.680643695551520977e+01 8.510169860613731885e+01
5.727637178551526631e+01 8.503330188213730878e+01
5.774613379051538686e+01 8.496373315813731608e+01
5.821571193951535861e+01 8.489293970513730869e+01
5.868509406051521182e+01 8.482086426713730987e+01
5.915426667251540493e+01 8.474744450113730920e+01
5.962321479051524875e+01 8.467261234313731677e+01
6.009192169251537052e+01 8.459629325213731477e+01
6.056036863851522867e+01 8.451840533013731260e+01
6.102853452551539704e+01 8.443885828213731770e+01
6.149639547551532814e+01 8.435755217913731485e+01
6.196358686251528525e+01 8.427443673213731756e+01
6.243204132651521832e+01 8.418903005413730511e+01
6.289777709951522411e+01 8.410191738713730558e+01
6.336325241751524118e+01 8.401249025613731192e+01
6.383004061251540406e+01 8.392024381213731488e+01
6.429535355451525902e+01 8.382550724013731269e+01
6.476003722651535099e+01 8.372786923913730561e+01
6.522407523951528674e+01 8.362704498813731391e+01
6.568733594851528323e+01 8.352272404313731613e+01
6.614924390151531952e+01 8.341463985613731325e+01
6.661021028251525422e+01 8.330221817413730889e+01
6.707062856051538802e+01 8.318476085813730947e+01
6.753192213951524536e+01 8.306111247913730722e+01
6.798705196351534141e+01 8.293227320813731751e+01
6.844055387251523825e+01 8.279584892713731392e+01
6.889248950751539269e+01 8.265017175913730796e+01
6.934079194851528882e+01 8.249364432113731027e+01
6.978411108051523115e+01 8.232350672213731002e+01
7.022020018051534862e+01 8.213563176813731559e+01
7.064492895551529728e+01 8.192340428713731626e+01
7.105422498151528998e+01 8.168265656913730766e+01
7.145343076251538150e+01 8.142545601013731016e+01
7.184421934051533754e+01 8.115561142913730919e+01
7.222766848851529176e+01 8.087542641013730815e+01
7.260461914351526502e+01 8.058661096113731048e+01
7.297577992751530473e+01 8.029044207513730669e+01
7.334175766151543030e+01 7.998788970513730590e+01
7.370303550251537672e+01 7.967973784113731028e+01
7.406005233851533376e+01 7.936659012513730715e+01
7.441308942851537722e+01 7.904902100613730909e+01
7.476247465851542984e+01 7.872743334013730987e+01
7.510846442051524718e+01 7.840218837113731354e+01
7.545128227451527891e+01 7.807359253013731859e+01
7.579108200451537414e+01 7.774194992713731267e+01
7.612809907151540756e+01 7.740742680613730897e+01
7.646245944451538890e+01 7.707024732213730545e+01
7.679429832851542415e+01 7.673058619613730968e+01
7.712377218451524641e+01 7.638856054513730953e+01
7.745090858951539303e+01 7.604439166113731119e+01
7.777588900551540974e+01 7.569811403613731216e+01
7.809877243951541459e+01 7.534986784213731426e+01
7.841963967751530618e+01 7.499975100913731296e+01
7.873837611751537224e+01 7.464806073713731394e+01
7.905536170451523503e+01 7.429453316413730590e+01
7.937055457651536017e+01 7.393935380713730865e+01
7.968396108651540999e+01 7.358264566413731700e+01
7.999567261751531078e+01 7.322442485413731106e+01
8.030571904551538864e+01 7.286476764013731611e+01
8.061418019651523537e+01 7.250368347813731873e+01
8.092100427551531538e+01 7.214132846813731703e+01
8.122631338851533656e+01 7.177764720913731367e+01
8.153012566751522172e+01 7.141269968913731248e+01
8.183248198651540406e+01 7.104651289613731535e+01
8.213334951251522398e+01 7.067919831813730980e+01
8.243284716251537247e+01 7.031067735313730793e+01
8.273102072451524691e+01 6.994095429713730994e+01
8.302781546151527436e+01 6.957015449413731289e+01
8.332307562051528294e+01 6.919852988113731840e+01
8.361715088551522967e+01 6.882569210813731786e+01
8.390990753151527315e+01 6.845185686513731582e+01
8.420141526051543224e+01 6.807697971613731625e+01
8.449163589751537984e+01 6.770115159513731840e+01
8.478062069751536001e+01 6.732434562413730816e+01
8.506836170951532949e+01 6.694660905513731564e+01
8.535493954451521859e+01 6.656787007313731408e+01
8.564021972251521220e+01 6.618833932013731669e+01
8.592430845851527010e+01 6.580790705613731006e+01
8.620722349551533625e+01 6.542657784013731259e+01
8.648897732951536454e+01 6.504436121513731450e+01
8.676959459651538964e+01 6.466124819013731440e+01
8.704901097451534042e+01 6.427735013113731100e+01
8.732730462751533196e+01 6.389258167313731462e+01
8.760446228351543141e+01 6.350698106513731034e+01
8.788048737551525846e+01 6.312056231813731699e+01
8.815538253051522588e+01 6.273333927313731806e+01
8.842915005951522289e+01 6.234532497813731311e+01
8.870179260351528683e+01 6.195653082013731705e+01
8.897331332351541278e+01 6.156696626313731713e+01
8.924371574451538436e+01 6.117663908613731394e+01
8.951300378851533424e+01 6.078555534213731448e+01
8.978118203851522594e+01 6.039371899013731593e+01
9.004825571951528218e+01 6.000113189713731288e+01
9.031423034651538728e+01 5.960779436013730503e+01
9.057911154251542030e+01 5.921370537813730550e+01
9.084288322751535816e+01 5.881889540613731526e+01
9.110558489051527431e+01 5.842331063013730841e+01
9.136718178951537084e+01 5.802700769213731746e+01
9.162770266051529688e+01 5.762994656213730593e+01
9.188706875251523343e+01 5.723225057513731429e+01
9.214535778751542239e+01 5.683380299613730813e+01
9.240253616351537858e+01 5.643465660113730564e+01
9.265862621651535846e+01 5.603477694913731000e+01
9.291362768351541490e+01 5.563416346313731253e+01
9.316750295651536362e+01 5.523287390313731748e+01
9.342026744051531750e+01 5.483088202313730619e+01
9.367191618851529711e+01 5.442819275513731725e+01
9.392244480051522260e+01 5.402480944113730743e+01
9.417184922251522039e+01 5.362073412913731829e+01
9.442012558551527945e+01 5.321596781113731822e+01
9.466727007951521955e+01 5.281051061113731748e+01
9.491327888151522529e+01 5.240436188513730542e+01
9.515812456751541504e+01 5.199755953513731299e+01
9.540184148151524823e+01 5.159003804213730859e+01
9.564440710151529856e+01 5.118182543013730879e+01
9.588583673351536163e+01 5.077288540213730528e+01
9.612607365651524560e+01 5.036330314413730491e+01
9.636515009151526101e+01 4.995301218813730770e+01
9.660306432351535477e+01 4.954200234413731607e+01
9.683976175951534060e+01 4.913035465813730696e+01
9.707526824651540664e+01 4.871801027813731366e+01
9.730956702851540285e+01 4.830498333813730483e+01
9.754265428951521244e+01 4.789126453113730975e+01
9.777451385851531995e+01 4.747686566613731429e+01
9.800514356951521222e+01 4.706177280313731615e+01
9.823452950351543222e+01 4.664599218613730613e+01
9.846267766851542547e+01 4.622949291713730702e+01
9.868954153651543493e+01 4.581233934713731060e+01
9.891512997051540879e+01 4.539449390713731702e+01
9.913943113151526632e+01 4.497595584713731398e+01
9.936243278251527045e+01 4.455672429513731458e+01
9.958412268651522936e+01 4.413679748513730772e+01
9.980447068451530868e+01 4.371620704913731004e+01
1.000235014865152152e+02 4.329487875313731138e+01
1.002411801995153837e+02 4.287285110913731501e+01
1.004574925995152626e+02 4.245012235613731377e+01
1.006724240115154316e+02 4.202669061313730481e+01
1.008859592885153234e+02 4.160255388913731167e+01
1.010980847585153697e+02 4.117770614913730753e+01
1.013087793225154201e+02 4.075215517913731844e+01
1.015180297775152667e+02 4.032589181713731818e+01
1.017258188025152776e+02 3.989891397913730486e+01
1.019321286765152763e+02 3.947121921813730694e+01
1.021369409835153874e+02 3.904280529013730927e+01
1.023402367675153073e+02 3.861366981913731422e+01
1.025419964155153139e+02 3.818381050413731259e+01
1.027389365255153280e+02 3.775174698713730947e+01
1.029427473655152880e+02 3.732288400713731846e+01
1.031611914625152622e+02 3.690128269313731835e+01
1.033929949725152255e+02 3.648687289813730672e+01
1.036369635385153742e+02 3.607950297613730584e+01
1.038919865115153698e+02 3.567895770013731749e+01
1.041570369085152379e+02 3.528497371313730469e+01
1.044311689755152202e+02 3.489725155513731636e+01
1.047135127045153240e+02 3.451546682813730627e+01
1.050032688105152374e+02 3.413927681813731851e+01
1.052997034705153965e+02 3.376832499213730898e+01
1.056021405375154245e+02 3.340224685513730662e+01
1.059099528885153632e+02 3.304067512013730834e+01
1.062225588205153599e+02 3.268323786513731477e+01
1.065394144965152918e+02 3.232956091513730712e+01
1.068600081325153042e+02 3.197926754013731454e+01
1.071838541035153867e+02 3.163197781613730797e+01
1.075104870425152512e+02 3.128730750413731698e+01
1.078394564345153412e+02 3.094486586113731619e+01
1.081703201955153872e+02 3.060425387313730994e+01
1.085026388225153369e+02 3.026506101313731278e+01
1.088359686715152748e+02 2.992686182413730478e+01
1.091698545925153212e+02 2.958921171813730666e+01
1.095038214995154249e+02 2.925164196713731712e+01
1.098373644515152137e+02 2.891365371413731111e+01
1.101699366605153045e+02 2.857471080913731498e+01
1.105009346215153982e+02 2.823423117613731392e+01
1.108296792245153028e+02 2.789157642113731583e+01
1.111553912895153644e+02 2.754603924013731842e+01
1.114771591925152734e+02 2.719682823913731795e+01
1.117938952245153814e+02 2.684304971513731175e+01
1.121042757105153669e+02 2.648368622213732237e+01
1.124066573915154095e+02 2.611757231613731278e+01
1.126989589245154093e+02 2.574336950213731257e+01
1.129784899975152257e+02 2.535954749913730666e+01
1.132417116725152937e+02 2.496437604513729980e+01
1.134838767375154021e+02 2.455599175113729871e+01
1.136985622045153832e+02 2.413256269513732377e+01
1.138770931215153723e+02 2.369273902413732458e+01
1.140080976155152257e+02 2.323660699913730809e+01
1.140862292835154221e+02 2.276836670513731065e+01
1.141450346665153575e+02 2.229719094113730193e+01
1.141923137435153421e+02 2.182471184713730850e+01
1.142301574435152816e+02 2.135137718613731295e+01
1.142600882565152460e+02 2.087747415313731381e+01
1.142832529355152928e+02 2.040319034413730037e+01
1.143005384745154061e+02 1.992865393613732294e+01
1.143126460445153043e+02 1.945395491213730566e+01
1.143201398785154197e+02 1.897915782013731700e+01
1.143234806705152096e+02 1.850430973113731170e+01
1.143230490155153802e+02 1.802944570813730252e+01
1.143191627365154091e+02 1.755463494713731620e+01
1.143120877635153647e+02 1.707983051113731676e+01
1.143020486445152528e+02 1.660507735013732145e+01
1.142892344645154026e+02 1.613038878813731003e+01
1.142738037665153570e+02 1.565577572013731356e+01
1.142558877755152480e+02 1.518124767413732457e+01
1.142355922565152468e+02 1.470681549513730602e+01
1.142129974665153895e+02 1.423248804713730920e+01
1.141881559495152487e+02 1.375827339713731590e+01
1.141610864765152655e+02 1.328418127313730679e+01
1.141317594345152884e+02 1.281022361013731370e+01
1.141000589895152189e+02 1.233641913813730184e+01
1.140656435875152965e+02 1.186280444613731788e+01
1.141813739005153820e+02 1.142812695913730181e+01
1.144372481745153891e+02 1.102809708613730777e+01
1.146903926175152719e+02 1.062633746913732580e+01
1.149409150185153976e+02 1.022293850613732502e+01
1.151889206125154033e+02 9.817992860137309208e+00
1.154345090875153801e+02 9.411600153137300140e+00
1.156778861395152944e+02 9.003678821137299337e+00
1.159189379945153178e+02 8.594680987137309103e+00
1.161579567565154321e+02 8.184371666137309376e+00
1.163949949375153210e+02 7.772914950137305823e+00
1.166301568165154094e+02 7.360382814137324203e+00
1.168635451385152919e+02 6.946844745137298105e+00
1.170952611905154299e+02 6.532367333137301557e+00
1.173254044965153753e+02 6.117014591137319712e+00
1.175540727065153987e+02 5.700847971137307013e+00
1.177813614735152896e+02 5.283926446137314770e+00
1.180073643495152282e+02 4.866306590137298826e+00
1.182321726975153524e+02 4.448042663137300678e+00
1.184558756235153396e+02 4.029186696137315948e+00
1.186785599135153007e+02 3.609788575137315547e+00
1.189003099955152720e+02 3.189896132137306495e+00
1.191212078625153481e+02 2.769555309137302856e+00
1.193413332485154115e+02 2.348809866137315794e+00
1.195607632585154079e+02 1.927702150137321269e+00
1.197795726625154202e+02 1.506272617137312864e+00
1.199978541935154226e+02 1.084520632137298435e+00
1.202156374905152916e+02 6.625613211373035938e-01
1.204330098605153125e+02 2.403923261373108744e-01
1.206500393575154249e+02 -1.819576058626921622e-01
1.208667891735153717e+02 -6.044561868626772139e-01
1.210833179555152128e+02 -1.027068025862689638e+00
1.212996856005154314e+02 -1.449765811862675946e+00
1.215159507245152781e+02 -1.872525246862693393e+00
1.217321671145152777e+02 -2.295317959862700263e+00
1.219481959785152867e+02 -2.718179468862700787e+00
1.221522203795152564e+02 -3.146912282862700749e+00
1.223385817895152741e+02 -3.583713026862682227e+00
1.225090842635154331e+02 -4.026835269862687028e+00
1.226654043775154150e+02 -4.475152048862696574e+00
1.228090665515153432e+02 -4.928057060862698791e+00
1.229410413775153756e+02 -5.383952650862681821e+00
1.230626495355152201e+02 -5.843077548862680715e+00
1.231746885465154264e+02 -6.304463282862684537e+00
1.232780278305153843e+02 -6.767923131862687569e+00
1.233733742365152466e+02 -7.233099914862691548e+00
1.234613543015152572e+02 -7.699700896862680111e+00
1.235425219425153500e+02 -8.167465690862684369e+00
1.236174003735152382e+02 -8.636360712862682476e+00
1.236864172165153377e+02 -9.106136330862682371e+00
1.237499792245153003e+02 -9.576724052862687131e+00
1.238084385025154006e+02 -1.004797408886270205e+01
1.238621185135152700e+02 -1.051979342286267638e+01
1.239113122505152660e+02 -1.099210273786269454e+01
1.239562858825154308e+02 -1.146483339686270142e+01
1.239972820035152381e+02 -1.193792624286268733e+01
1.240345223515153066e+02 -1.241132997186269904e+01
1.240682101615152533e+02 -1.288499994086268430e+01
1.240985322025153437e+02 -1.335889716286268936e+01
1.241256605395153656e+02 -1.383298736086268832e+01
1.241497540795153327e+02 -1.430724050386268686e+01
1.241709599115154106e+02 -1.478162998286268248e+01
1.241894144815153140e+02 -1.525613223686269748e+01
1.242052446355153279e+02 -1.573072633786267716e+01
1.242185685345152706e+02 -1.620539369086267811e+01
1.242294964595153033e+02 -1.668011791486267725e+01
1.242381317695153484e+02 -1.715489962486267927e+01
1.242445702105153487e+02 -1.762966971086268586e+01
1.242489035005153255e+02 -1.810449582286270243e+01
1.242512157305152414e+02 -1.857915657386269004e+01
1.242515887115152964e+02 -1.905401044086269735e+01
1.242500966475154200e+02 -1.952886284086270052e+01
1.242468108185153142e+02 -2.000370691386268618e+01
1.242417986195152935e+02 -2.047853657586267673e+01
1.242351238585154078e+02 -2.095334641786269003e+01
1.242268470295152838e+02 -2.142813164786269908e+01
1.242170255655153142e+02 -2.190288802386268685e+01
1.242057140605152199e+02 -2.237761179286269453e+01
1.241929644785152504e+02 -2.285229964386269330e+01
1.241788263425153218e+02 -2.332694866286269075e+01
1.241633469075152334e+02 -2.380155629286269914e+01
1.241465713215152391e+02 -2.427612029886267919e+01
1.241285427685152172e+02 -2.475063873586267960e+01
1.241093007495153415e+02 -2.522515438086267636e+01
1.240888883095153687e+02 -2.569958185186268906e+01
1.240673419445154195e+02 -2.617395990886268464e+01
1.240446982385153660e+02 -2.664828756986267422e+01
1.240209923935153711e+02 -2.712256412586268084e+01
1.239962583355152219e+02 -2.759678872986268061e+01
1.239705287835154195e+02 -2.807096086486268405e+01
1.239438353195153013e+02 -2.854508044586268056e+01
1.239162085025152464e+02 -2.901914712886269854e+01
1.238876779105153219e+02 -2.949316080186270028e+01
1.238582722175153776e+02 -2.996712144786269505e+01
1.238280192525153325e+02 -3.044102923086268220e+01
1.237969499585153699e+02 -3.091482571186267592e+01
1.237650726985152687e+02 -3.138877930086269430e+01
1.237324529185152642e+02 -3.186230476186267424e+01
1.236990740835153701e+02 -3.233601103886269357e+01
1.236649791615152481e+02 -3.280962951086269186e+01
1.236301826545152380e+02 -3.328329035586267537e+01
1.235947229775154028e+02 -3.375679143886267752e+01
1.235585706485153423e+02 -3.423082231886269255e+01
1.235218625145153055e+02 -3.470389557786268142e+01
1.234845298705154164e+02 -3.517720140686267882e+01
1.234466057575152718e+02 -3.565059130886268690e+01
1.234081303045152254e+02 -3.612383671286269760e+01
1.233691127195152148e+02 -3.659709198486268633e+01
1.233295787965153067e+02 -3.707030424986268713e+01
1.232895498345153555e+02 -3.754347492286268562e+01
1.232490470635152633e+02 -3.801660542386269981e+01
1.232080829845153858e+02 -3.848979730686269818e+01
1.231667021085152101e+02 -3.896278433186267875e+01
1.231249065835152123e+02 -3.943578887986268455e+01
1.230827225215152794e+02 -3.990875888186269549e+01
1.230401714465153873e+02 -4.038169714086268414e+01
1.229972751875152426e+02 -4.085460575586267851e+01
1.229540559085153291e+02 -4.132748659486267684e+01
1.229105361585152423e+02 -4.180034144486268133e+01
1.228667389375152652e+02 -4.227317209086268690e+01
1.228226877735153266e+02 -4.274598037386269311e+01
1.227784068035152814e+02 -4.321876821586269557e+01
1.227339208645153121e+02 -4.369153764886269187e+01
1.226892556015152422e+02 -4.416429082386270011e+01
1.226444375765154291e+02 -4.463703002486269611e+01
1.225994943975154001e+02 -4.510975768086268545e+01
1.225544548665152433e+02 -4.558247632786267900e+01
1.225093491215152426e+02 -4.605518882886269694e+01
1.224642088535154016e+02 -4.652789800186269531e+01
1.224190674825154019e+02 -4.700060696686267647e+01
1.223739604035154116e+02 -4.747331904086269105e+01
1.223289252635154298e+02 -4.794603775286267933e+01
1.222840022695152129e+02 -4.841876686586269329e+01
1.222392345545154058e+02 -4.889151039786267461e+01
1.221946686055152895e+02 -4.936427264786269120e+01
1.221503547625152351e+02 -4.983705822286268017e+01
1.221063478115154339e+02 -5.030987206886268837e+01
1.220627077035153434e+02 -5.078271935686268534e+01
1.220195003535152409e+02 -5.125560609486268504e+01
1.219767987385152992e+02 -5.172853835286269941e+01
1.219346841065153058e+02 -5.220152282986268233e+01
1.218080034945153329e+02 -5.265402788886268581e+01
1.216277991815152291e+02 -5.309331202286267626e+01
1.214461870735153752e+02 -5.353206999086268070e+01
1.212632117165153431e+02 -5.397025482386268891e+01
1.210788891265153779e+02 -5.440787395186268327e+01
1.208932321145152855e+02 -5.484492873886267716e+01
1.207062493305152202e+02 -5.528141788086267638e+01
1.205179450535154047e+02 -5.571733871986268127e+01
1.203283197075152202e+02 -5.615268660486268004e+01
1.201373698725153645e+02 -5.658745527986269508e+01
1.199450884355153448e+02 -5.702163679486270098e+01
1.197514646405152234e+02 -5.745522148886269065e+01
1.195564794385152254e+02 -5.788820826586268709e+01
1.193601206115154127e+02 -5.832057085286268716e+01
1.191623653525152804e+02 -5.875229639086268207e+01
1.189631881295154017e+02 -5.918336746486269817e+01
1.187625593425152601e+02 -5.961376458086269281e+01
1.185604451625154070e+02 -6.004346586786269313e+01
1.183568072645152824e+02 -6.047244685686268895e+01
1.181516024975153414e+02 -6.090068023686268361e+01
1.179447824915152978e+02 -6.132813555186268673e+01
1.177362931785153251e+02 -6.175477884686267771e+01
1.175260742385153208e+02 -6.218057224886268841e+01
1.173140584245152240e+02 -6.260547346286267612e+01
1.171001707725154120e+02 -6.302943518086269137e+01
1.168843110285154125e+02 -6.345243676386269271e+01
1.166664238685152668e+02 -6.387434410286269326e+01
1.164463613285154224e+02 -6.429517396186270162e+01
1.162240304545152867e+02 -6.471480286386270109e+01
1.159992982655153355e+02 -6.513314604286267695e+01
1.157720150525153713e+02 -6.555010549686269883e+01
1.155420111105154319e+02 -6.596556814586267592e+01
1.153090931625154099e+02 -6.637940260686269767e+01
1.150730396685153210e+02 -6.679145541786269291e+01
1.148335949835152405e+02 -6.720154594686269434e+01
1.145904618635154293e+02 -6.760945966386267969e+01
1.143432917385152905e+02 -6.801493908786270026e+01
1.140916718595153725e+02 -6.841767140086270160e+01
1.138351080385152727e+02 -6.881727116686269596e+01
1.135730010205152212e+02 -6.921325555186268730e+01
1.133046131225153204e+02 -6.960500827086269737e+01
1.130290209525153386e+02 -6.999172379586269699e+01
1.127450441655153099e+02 -7.037232120586267570e+01
1.124511389385152142e+02 -7.074529836186269449e+01
1.120117156285152760e+02 -7.080380207486268773e+01
1.115372708935153696e+02 -7.078356205986267469e+01
1.110628387035153537e+02 -7.076303725486269514e+01
1.105884125445152222e+02 -7.074237914986269971e+01
1.101139896005154242e+02 -7.072165389586268702e+01
1.096395680875152721e+02 -7.070089676786270161e+01
1.091651472585153897e+02 -7.068012891286269905e+01
1.086907263765153857e+02 -7.065936399686268032e+01
1.082163052155153764e+02 -7.063861137186268024e+01
1.077418833345152507e+02 -7.061787768286268374e+01
1.072674605075153522e+02 -7.059716782086269404e+01
1.067930367995152210e+02 -7.057648548786269771e+01
1.063186117805153117e+02 -7.055583351786268054e+01
1.058441854735153811e+02 -7.053521415086268576e+01
1.053697578045153023e+02 -7.051462917186267987e+01
1.048953287135152550e+02 -7.049408002286267561e+01
1.044208987185152182e+02 -7.047356790986268038e+01
1.039464678045153505e+02 -7.045309381286267580e+01
1.034720354805153875e+02 -7.043265853186269965e+01
1.029976017205153767e+02 -7.041226275886268127e+01
1.025231665035153128e+02 -7.039190708386269080e+01
1.020487298115153862e+02 -7.037159201786269591e+01
1.015742916285153115e+02 -7.035131800086267617e+01
1.010998517865152735e+02 -7.033108541486268450e+01
1.006254105175153200e+02 -7.031089461286268261e+01
1.001509677085152816e+02 -7.029074589586269894e+01
9.967652334651529600e+01 -7.027063954086267472e+01
9.920207742551542651e+01 -7.025057579586268730e+01
9.872762993451533475e+01 -7.023055489086269176e+01
9.825318086651532212e+01 -7.021057703686270202e+01
9.777873021551522470e+01 -7.019064243086268107e+01
9.730427797351535446e+01 -7.017075125786269041e+01
9.682982413551530954e+01 -7.015090369286269834e+01
9.635536869451539133e+01 -7.013109990386269033e+01
9.588091164551542533e+01 -7.011134004986269019e+01
9.540645298251524764e+01 -7.009162428586267879e+01
9.493199270051536587e+01 -7.007195276386269711e+01
9.445753079451537815e+01 -7.005232563186268635e+01
9.398306726051532678e+01 -7.003274303386268684e+01
9.350860209251527522e+01 -7.001320511286269266e+01
9.303413528551527634e+01 -6.999371201286268729e+01
9.255966683651536187e+01 -6.997426387386269653e+01
9.208519673951536788e+01 -6.995486083786269660e+01
9.161072499051533669e+01 -6.993550304786268157e+01
9.113625158451532116e+01 -6.991619064386267723e+01
9.066177651851535302e+01 -6.989692377086268493e+01
9.018729978551527893e+01 -6.987770257286268816e+01
8.971282138451533683e+01 -6.985852719586267767e+01
8.923834130751538396e+01 -6.983939778686269051e+01
8.876385955251521409e+01 -6.982031449486268571e+01
8.828937611551532427e+01 -6.980127747186267584e+01
8.781489098951533379e+01 -6.978228687086269133e+01
8.734040417251526378e+01 -6.976334284786267403e+01
8.686591565951539451e+01 -6.974444556086268676e+01
8.639142544551532410e+01 -6.972559517086267533e+01
8.591693352551533280e+01 -6.970679183986268868e+01
8.544243989751521440e+01 -6.968803573586268385e+01
8.496794455451527028e+01 -6.966932702586268533e+01
8.449344749351530481e+01 -6.965066588286268257e+01
8.401894870951537087e+01 -6.963205247986269342e+01
8.354444819751529394e+01 -6.961348699686269015e+01
8.306994595351534372e+01 -6.959496961186269459e+01
8.259544197351533512e+01 -6.957650050986268297e+01
8.212093625151533161e+01 -6.955807987886268506e+01
8.164642878351537547e+01 -6.953970790786269163e+01
8.117191956551528165e+01 -6.952138479086269740e+01
8.069740859151534096e+01 -6.950311072486269381e+01
8.022289585851535776e+01 -6.948488590986269742e+01
7.974838135951540607e+01 -6.946671054986268246e+01
7.927386509251527968e+01 -6.944858485286269456e+01
7.879934704951529056e+01 -6.943050902786268352e+01
7.832482722851523249e+01 -6.941248329086269564e+01
7.785030562251540687e+01 -6.939450785786269194e+01
7.737578222751540125e+01 -6.937658295286269095e+01
7.690125703851526850e+01 -6.935870879986268278e+01
7.642673005051528889e+01 -6.934088562886267937e+01
7.595220125751529849e+01 -6.932311367086268206e+01
7.547767065651532903e+01 -6.930539316486269286e+01
7.500313824051522715e+01 -6.928772434886269593e+01
7.452860400451527312e+01 -6.927010746986269396e+01
7.405406794451528185e+01 -6.925254277486268961e+01
7.357953005451531681e+01 -6.923503051686267895e+01
7.310499032851521406e+01 -6.921757095286270101e+01
7.263044876251524329e+01 -6.920016434186268839e+01
7.215590535051524057e+01 -6.918281094986269864e+01
7.168136008651526936e+01 -6.916551104686269014e+01
7.120681296551538253e+01 -6.914826490386269597e+01
7.073226398251540559e+01 -6.913107279986269305e+01
7.025771313251539141e+01 -6.911393501686268337e+01
6.978316040751542459e+01 -6.909685183986269408e+01
6.930860580451530950e+01 -6.907982356186269612e+01
6.883404931651534753e+01 -6.906285047586268888e+01
6.835949093751537475e+01 -6.904593288386269023e+01
6.788493066351543348e+01 -6.902907108986269691e+01
6.741036848651538094e+01 -6.901226540186269176e+01
6.693580440151527000e+01 -6.899551613486269730e+01
6.646123840351538092e+01 -6.897882360886268316e+01
6.598667048451534356e+01 -6.896218814586268309e+01
6.551210064151541701e+01 -6.894561007586267465e+01
6.503752886551524170e+01 -6.892908973186268895e+01
6.456295515251531469e+01 -6.891262745286269364e+01
6.408837949651524468e+01 -6.889622358386267820e+01
6.361380189051533307e+01 -6.887987847286268561e+01
6.313922232751542651e+01 -6.886359247586267429e+01
6.266464080351533994e+01 -6.884736595186268460e+01
6.219005731051538532e+01 -6.883119926686268286e+01
6.171547184351538817e+01 -6.881509279286268566e+01
6.124088439551542251e+01 -6.879904690486267782e+01
6.076629496051532442e+01 -6.878306198686269113e+01
6.029170353151539530e+01 -6.876713842786267605e+01
5.981711010251524385e+01 -6.875127662086268288e+01
5.934251466751538828e+01 -6.873547696686267727e+01
5.886791721851523107e+01 -6.871973987186268573e+01
5.839331775051527984e+01 -6.870406574886268913e+01
5.791871625751537067e+01 -6.868845501786267960e+01
5.744411273051537137e+01 -6.867290810386268163e+01
5.696950716551532423e+01 -6.865742543786268470e+01
5.649489955351532444e+01 -6.864200745986269681e+01
5.602028988951542487e+01 -6.862665461486270146e+01
5.554567816651524481e+01 -6.861136735486269345e+01
5.507106437751531303e+01 -6.859614613986269660e+01
5.459644851551524880e+01 -6.858099143586269975e+01
5.412183057451534296e+01 -6.856590371686269236e+01
5.364721054751521478e+01 -6.855088346386267517e+01
5.317258842651540363e+01 -6.853593116586267797e+01
5.269796420651528024e+01 -6.852104731886268496e+01
5.222333787951538397e+01 -6.850623242686268100e+01
5.174870943851533411e+01 -6.849148700186268002e+01
5.127407887751542148e+01 -6.847681156486268605e+01
5.079944618851527594e+01 -6.846220664386268595e+01
5.032481136451542625e+01 -6.844767277386267779e+01
4.985017440051524318e+01 -6.843321050286269269e+01
4.937553528751527665e+01 -6.841882038386268050e+01
4.890089401951536274e+01 -6.840450297886269482e+01
4.842625058951534811e+01 -6.839025886186269076e+01
4.795160498951531736e+01 -6.837608861186268427e+01
4.747695721451532336e+01 -6.836199282186268533e+01
4.700230725551523392e+01 -6.834797209086269731e+01
4.652765510751532929e+01 -6.833402702886269253e+01
4.605300555351527692e+01 -6.832015839686269487e+01
4.557834963651521321e+01 -6.830636656286267794e+01
4.510369152751536603e+01 -6.829265229086269073e+01
4.462903121951535468e+01 -6.827901623086268046e+01
4.415436870551525317e+01 -6.826545904686270205e+01
4.367970397851536291e+01 -6.825198141286267628e+01
4.320503703351528202e+01 -6.823858401186268452e+01
4.273036786251532249e+01 -6.822526754186267794e+01
4.225569645851533096e+01 -6.821203271086270092e+01
4.178102281651536032e+01 -6.819888023986268877e+01
4.130634692751527837e+01 -6.818581086186267726e+01
4.083166878751535478e+01 -6.817282532186268895e+01
4.035695606051535833e+01 -6.815992350286268220e+01
3.988227443751543433e+01 -6.814710796286269101e+01
3.940759052051521394e+01 -6.813437857586268365e+01
3.893290430351521536e+01 -6.812173614186269788e+01
3.845821578051527467e+01 -6.810918147386269084e+01
3.798352494651521738e+01 -6.809671539986268840e+01
3.750883179451534488e+01 -6.808433876386268935e+01
3.703413631851526588e+01 -6.807205242386268651e+01
3.655943851351526064e+01 -6.805985725286268462e+01
3.608473837351539260e+01 -6.804775414086267915e+01
3.561003589351525989e+01 -6.803574399386269533e+01
3.513533106751538071e+01 -6.802382773486269230e+01
3.466062389051535320e+01 -6.801200630386267676e+01
3.418591435651524080e+01 -6.800028065886269246e+01
3.371120246251530261e+01 -6.798865177486268863e+01
3.323648820151538530e+01 -6.797712064786267661e+01
3.276177157051529321e+01 -6.796568828886267966e+01
3.228705256351531716e+01 -6.795435573186267675e+01
3.181233117751526152e+01 -6.794312402986270172e+01
3.133760740851539595e+01 -6.793199425486270115e+01
3.086288125051532916e+01 -6.792096750186269105e+01
3.038815270251529910e+01 -6.791004488686269269e+01
2.991342175951535864e+01 -6.789922754786269365e+01
2.943868841851531215e+01 -6.788851664586269408e+01
2.896395267651541872e+01 -6.787791336486267824e+01
2.848921453051525532e+01 -6.786741891386267866e+01
2.801447397951528728e+01 -6.785703452486268361e+01
2.753973101951532954e+01 -6.784676145686268001e+01
2.706498565051538208e+01 -6.783660099586268188e+01
2.659023787051523868e+01 -6.782655445086268742e+01
2.611548767751537525e+01 -6.781662316286269743e+01
2.564073507251532646e+01 -6.780680849986268299e+01
2.516598005551531969e+01 -6.779711185786268857e+01
2.469122262451537608e+01 -6.778753466486267598e+01
2.421646266051538987e+01 -6.777807837586269102e+01
2.374170041851539281e+01 -6.776874448686268693e+01
2.326697865951541644e+01 -6.775953534486268381e+01
2.279220902551537620e+01 -6.775045079386268299e+01
2.231743709251531982e+01 -6.774149331586269795e+01
2.184266286051524730e+01 -6.773266453886267868e+01
2.136788633251535430e+01 -6.772396612886268485e+01
2.089310751051539228e+01 -6.771539978986268693e+01
2.041832639851531894e+01 -6.770696726486269768e+01
1.994354300051531936e+01 -6.769867033986270144e+01
1.946875732051535124e+01 -6.769051084086268588e+01
1.899396936451535112e+01 -6.768249063886267436e+01
1.851917914051523439e+01 -6.767461164886267966e+01
1.804438665451539237e+01 -6.766687583386269011e+01
1.756959191551527510e+01 -6.765928520486269804e+01
1.709479493351523161e+01 -6.765184182186268913e+01
1.661999571951537291e+01 -6.764454779786268546e+01
1.614519428551534475e+01 -6.763740529686268133e+01
1.567039064451523700e+01 -6.763041654186270080e+01
1.519558481051535637e+01 -6.762358381086269787e+01
1.472077680051529569e+01 -6.761690943986269531e+01
1.424596663251531936e+01 -6.761039582986268215e+01
1.377115432351524760e+01 -6.760404544386270231e+01
1.329633989651529191e+01 -6.759786080986268075e+01
1.282152337251523022e+01 -6.759184452686270106e+01
1.234670477651525289e+01 -6.758599926486269283e+01
1.187188413551530175e+01 -6.758032776486268745e+01
1.139706147851529749e+01 -6.757483284886268393e+01
1.092223683451538818e+01 -6.756951741586269122e+01
1.044741023751521425e+01 -6.756438445086268985e+01
9.972581723515304475e+00 -6.755943702286268149e+01
9.497751331515246420e+00 -6.755467829086268239e+01
9.022919102515288614e+00 -6.755011150886269888e+01
8.548085080515420486e+00 -6.754574002986268511e+01
8.073249312515372367e+00 -6.754156730486269566e+01
7.598411851515265880e+00 -6.753759689286269463e+01
7.123572751515212076e+00 -6.753383246586270161e+01
6.648732071515269126e+00 -6.753027780786268863e+01
6.173889873515236104e+00 -6.752693682486270177e+01
5.699046224515313952e+00 -6.752381354986269457e+01
5.224201197515412787e+00 -6.752091214686268472e+01
4.749354869515400424e+00 -6.751823691886269785e+01
4.274507323515308599e+00 -6.751579231186269681e+01
3.799658646515354121e+00 -6.751358292386268545e+01
3.324808933515214449e+00 -6.751161351186269144e+01
2.849958286515402506e+00 -6.750988899786267439e+01
2.375106963515236203e+00 -6.750841448086268315e+01
1.900254950515318342e+00 -6.750719524086269985e+01
1.425402191515331651e+00 -6.750623675086268349e+01
9.505486425152867014e-01 -6.750554468586270218e+01
4.756950955152206006e-01 -6.750512493686269977e+01
