-1.210701581484846656e+02 -1.001318062862679881e+00
-1.212635781474846226e+02 -1.379047057862692327e+00
-1.214569171404847339e+02 -1.756817528862683275e+00
-1.216501993234846850e+02 -2.134617071862692228e+00
-1.218434698764847326e+02 -2.512422562862695941e+00
-1.220337559664847049e+02 -2.891723030862692667e+00
-1.222102334964846477e+02 -3.277629350862696356e+00
-1.223731994174846704e+02 -3.669439289862680198e+00
-1.225236047294846458e+02 -4.066245129862693375e+00
-1.226628731534847248e+02 -4.467097152862692155e+00
-1.227919536664846873e+02 -4.871347424862676689e+00
-1.229117077664847102e+02 -5.278460187862691555e+00
-1.230229144674847248e+02 -5.687991943862698463e+00
-1.231262763274846748e+02 -6.099574944862695247e+00
-1.232224258974846407e+02 -6.512903589862702347e+00
-1.233119321864846825e+02 -6.927723273862682163e+00
-1.233950983614846564e+02 -7.343861150862693421e+00
-1.234725464304847264e+02 -7.761100819862690514e+00
-1.235447228134846682e+02 -8.179285718862701060e+00
-1.236116973064846434e+02 -8.598335571862691040e+00
-1.236741095924846832e+02 -9.018089197862678930e+00
-1.237319941144846780e+02 -9.438491537862688574e+00
-1.237858453124846392e+02 -9.859429755862691991e+00
-1.238354649134846568e+02 -1.028088798886270183e+01
-1.238817931484846895e+02 -1.070272034486268353e+01
-1.239244466144846228e+02 -1.112494055886267574e+01
-1.239636798884846485e+02 -1.154749223786268431e+01
-1.239998383774847071e+02 -1.197031777386268914e+01
-1.240330602664846538e+02 -1.239338414686270085e+01
-1.240634755914846892e+02 -1.281666174786269607e+01
-1.240912067934847300e+02 -1.324012401386269744e+01
-1.241163692364847293e+02 -1.366374709686269284e+01
-1.241390716924846629e+02 -1.408750958686269428e+01
-1.241592848044846278e+02 -1.451139824286269686e+01
-1.241772319344846665e+02 -1.493538871586270034e+01
-1.241930329434846954e+02 -1.535946443486270141e+01
-1.242067721794846875e+02 -1.578361186986268194e+01
-1.242185294944846419e+02 -1.620781882986267419e+01
-1.242283805354846891e+02 -1.663207433286268611e+01
-1.242363970154847266e+02 -1.705636847986269800e+01
-1.242426469604846488e+02 -1.748069235386267906e+01
-1.242471949494846513e+02 -1.790503791786269971e+01
-1.242501023244847147e+02 -1.832939793286269037e+01
-1.242514273944847218e+02 -1.875376587886267998e+01
-1.242512256264847110e+02 -1.917813588386269430e+01
-1.242495498184846383e+02 -1.960250266486269766e+01
-1.242464502594847318e+02 -2.002686147186270205e+01
-1.242419748894847089e+02 -2.045120803486270233e+01
-1.242361694334846334e+02 -2.087553851786267956e+01
-1.242290775404846954e+02 -2.129984948586269411e+01
-1.242207409044847282e+02 -2.172413785686268284e+01
-1.242111993824846650e+02 -2.214840087786268441e+01
-1.242004910994846796e+02 -2.257263609086268730e+01
-1.241886525564847261e+02 -2.299684130886268463e+01
-1.241757187204847241e+02 -2.342101458686269666e+01
-1.241617231184847014e+02 -2.384515420586268419e+01
-1.241466979164846407e+02 -2.426925864786269926e+01
-1.241306740044847174e+02 -2.469332658186269214e+01
-1.241136810684846523e+02 -2.511735684586270168e+01
-1.240957476594846867e+02 -2.554134843386268017e+01
-1.240768722884846511e+02 -2.596529915786268816e+01
-1.240570872394846447e+02 -2.638920837186267931e+01
-1.240364424554846892e+02 -2.681307653786268475e+01
-1.240149627914846633e+02 -2.723690317786270043e+01
-1.239923423884846443e+02 -2.766067026186269118e+01
-1.239694523854847148e+02 -2.808442318986269015e+01
-1.239454902164846999e+02 -2.850811614386267934e+01
-1.239209776274847172e+02 -2.893177830786268601e+01
-1.238956583354846543e+02 -2.935539233686267835e+01
-1.238696170084846244e+02 -2.977896328186270125e+01
-1.238430124174847151e+02 -3.020249863686268554e+01
-1.238155322504846936e+02 -3.062597866786268241e+01
-1.237877089114846285e+02 -3.104943587986269904e+01
-1.237588762654846732e+02 -3.147282597786269775e+01
-1.237298962394846740e+02 -3.189620581786269327e+01
-1.236997943404846865e+02 -3.231950756786270063e+01
-1.236696924424846884e+02 -3.274280931886269741e+01
-1.236384252294847101e+02 -3.316602655686267553e+01
-1.236071345344846577e+02 -3.358924209186270105e+01
-1.235749021814847310e+02 -3.401238676186270027e+01
-1.235425007334846441e+02 -3.443551870686269467e+01
-1.235093539214847169e+02 -3.485859265786268679e+01
-1.234759176924846997e+02 -3.528164409086269870e+01
-1.234419055824846509e+02 -3.570464935086269520e+01
-1.234075088004847203e+02 -3.612762376786270124e+01
-1.233727832084846341e+02 -3.655057118186269349e+01
-1.233375263184847199e+02 -3.697347472086269704e+01
-1.233018716804846235e+02 -3.739634491886269529e+01
-1.232658342084846481e+02 -3.781918266886268043e+01
-1.232294288204847135e+02 -3.824198890686270147e+01
-1.231926704574847236e+02 -3.866476460986268648e+01
-1.231555741254846907e+02 -3.908751079786267724e+01
-1.231181549184847199e+02 -3.951022853286269765e+01
-1.230804280554847310e+02 -3.993291892586267977e+01
-1.230424089084847310e+02 -4.035558313286267662e+01
-1.230041130434847219e+02 -4.077822235986269561e+01
-1.229655562514847134e+02 -4.120083786486267741e+01
-1.229267545874846519e+02 -4.162343095986270214e+01
-1.228877244114846690e+02 -4.204600301086267677e+01
-1.228484824284846582e+02 -4.246855544686269468e+01
-1.228090457344846982e+02 -4.289108975486269060e+01
-1.227694318624846801e+02 -4.331360748886268652e+01
-1.227296588294847197e+02 -4.373611027086269587e+01
-1.226897451944846580e+02 -4.415859979286270232e+01
-1.226497101144847193e+02 -4.458107782486268889e+01
-1.226095734014846812e+02 -4.500354621386267695e+01
-1.225693555924847260e+02 -4.542600689086268062e+01
-1.225290780194847002e+02 -4.584846187486269287e+01
-1.224887628854846753e+02 -4.627091327586268221e+01
-1.224484333464846486e+02 -4.669336330186268924e+01
-1.224081136034847077e+02 -4.711581426386268845e+01
-1.223678290014846652e+02 -4.753826857686269136e+01
-1.223276061314846856e+02 -4.796072877186267647e+01
-1.222874729524846771e+02 -4.838319749586267449e+01
-1.222474589194846430e+02 -4.880567752086270161e+01
-1.222076022594847018e+02 -4.922817242086267697e+01
-1.221679472474846762e+02 -4.965068629186268367e+01
-1.221285193364847146e+02 -5.007322140986269687e+01
-1.220893567754847027e+02 -5.049578119786269781e+01
-1.220505003104847219e+02 -5.091836923986269881e+01
-1.220119934254846612e+02 -5.134098928086268643e+01
-1.219739336134846326e+02 -5.176364980986269870e+01
-1.219363545764846322e+02 -5.218635333986267710e+01
-1.218330456404846700e+02 -5.259310445586268656e+01
-1.216722343464846290e+02 -5.298582578886268379e+01
-1.215102311474846601e+02 -5.337805695386268212e+01
-1.213471262554846817e+02 -5.376983123886267890e+01
-1.211829793164846478e+02 -5.416117003286268528e+01
-1.210177972884846440e+02 -5.455207308586270187e+01
-1.208515634104846868e+02 -5.494253006686270169e+01
-1.206841789254847299e+02 -5.533249517986268984e+01
-1.205157699094846748e+02 -5.572201884886268886e+01
-1.203463344454846720e+02 -5.611109709886270025e+01
-1.201758687574846363e+02 -5.649972511086269833e+01
-1.200043672304847178e+02 -5.688789720486269630e+01
-1.198313809634846621e+02 -5.727540999786268117e+01
-1.196578689644846918e+02 -5.766268676786268088e+01
-1.194829748434847261e+02 -5.804934235586267732e+01
-1.193070470844846795e+02 -5.843552733586270165e+01
-1.191302528434846408e+02 -5.882131781286270211e+01
-1.189518332234846412e+02 -5.920635844286269389e+01
-1.187728412334846553e+02 -5.959113349186267783e+01
-1.185920737184846985e+02 -5.997507828186269307e+01
-1.184106611014847203e+02 -6.035871774386268385e+01
-1.182277334314846939e+02 -6.074163760486268870e+01
-1.180435619554847335e+02 -6.112396085186267669e+01
-1.178580869474847077e+02 -6.150565352286270127e+01
-1.176711402684846917e+02 -6.188662751586269906e+01
-1.174828294644846665e+02 -6.226692889186267621e+01
-1.172931110584846692e+02 -6.264652993986268825e+01
-1.171019379624847261e+02 -6.302540052186267872e+01
-1.169092033394846339e+02 -6.340347921286269184e+01
-1.167147078524847075e+02 -6.378065501586269193e+01
-1.165185684214847015e+02 -6.415697829086269621e+01
-1.163207177384846318e+02 -6.453240467586269347e+01
-1.161210299134846764e+02 -6.490685722686268377e+01
-1.159191811154846619e+02 -6.528014925086267795e+01
-1.157153464454846699e+02 -6.565236026086267884e+01
-1.155094285274847152e+02 -6.602342295186269894e+01
-1.153009453254846903e+02 -6.639305013586269411e+01
-1.150900221704846444e+02 -6.676129014486269853e+01
-1.148765914284846303e+02 -6.712808258086269575e+01
-1.146600843394846834e+02 -6.749306811586268395e+01
-1.144404380084846480e+02 -6.785617225386269524e+01
-1.142173813014846928e+02 -6.821719090186269341e+01
-1.139905859994846651e+02 -6.857587218986267885e+01
-1.137596720664846544e+02 -6.893191532886268647e+01
-1.135241976794847005e+02 -6.928495841386268239e+01
-1.132835055584846486e+02 -6.963446371586269379e+01
-1.130370365814846991e+02 -6.997991731386269976e+01
-1.127839038724846432e+02 -7.032051508786270233e+01
-1.125230831804847185e+02 -7.065525885786269100e+01
-1.121770759424846347e+02 -7.081074781586269751e+01
-1.117530830854847181e+02 -7.079284441086269908e+01
-1.113291046104847055e+02 -7.077460311486268552e+01
-1.109051329924847096e+02 -7.075620305086269468e+01
-1.104811650024846585e+02 -7.073771954986267474e+01
-1.100571990014847188e+02 -7.071919047586268903e+01
-1.096332339914846443e+02 -7.070063874486268674e+01
-1.092092693434847206e+02 -7.068207875186269007e+01
-1.087853046244846382e+02 -7.066352037286267773e+01
-1.083613395274846880e+02 -7.064497063086270146e+01
-1.079373738254846558e+02 -7.062643470386268518e+01
-1.075134073654846816e+02 -7.060791614186268816e+01
-1.070894399784847337e+02 -7.058941882286268310e+01
-1.066654715934846536e+02 -7.057094436786269398e+01
-1.062415021554845680e+02 -7.055249412486267602e+01
-1.058175315824846621e+02 -7.053406996886269553e+01
-1.053935597544846132e+02 -7.051567470386268610e+01
-1.049695867734847070e+02 -7.049730604886269703e+01
-1.045456124204847583e+02 -7.047896907986267934e+01
-1.041216368594846244e+02 -7.046066005486270001e+01
-1.036976598714845750e+02 -7.044238410986270083e+01
-1.032736816644846840e+02 -7.042413648686269312e+01
-1.028497019374847241e+02 -7.040592417986269425e+01
-1.024257209284846795e+02 -7.038774178386267977e+01
-1.020017385324847510e+02 -7.036959173486269492e+01
-1.015777546484846425e+02 -7.035147647686270034e+01
-1.011537694354847190e+02 -7.033339235786269228e+01
-1.007297828294847477e+02 -7.031534090486269406e+01
-1.003057946664846440e+02 -7.029732607686267443e+01
-9.988180513348470413e+01 -7.027934354486268376e+01
-9.945781421648462128e+01 -7.026139365486270094e+01
-9.903382186948465460e+01 -7.024347755186269637e+01
-9.860982794548476704e+01 -7.022559882786268304e+01
-9.818583261248477356e+01 -7.020775356386269550e+01
-9.776183586048477991e+01 -7.018994202786268488e+01
-9.733783768248463275e+01 -7.017216447686269021e+01
-9.691383807148463347e+01 -7.015442115086267449e+01
-9.648983695748461287e+01 -7.013671375286267562e+01
-9.606583431048466082e+01 -7.011904309186269302e+01
-9.564183021948474561e+01 -7.010140713886269737e+01
-9.521782467848470333e+01 -7.008380608486268670e+01
-9.479381768248458684e+01 -7.006624011086267956e+01
-9.436980922748466583e+01 -7.004870939086268322e+01
-9.394579930848476579e+01 -7.003121408886269705e+01
-9.352178792448466993e+01 -7.001375436186268075e+01
-9.309777507048465850e+01 -6.999633036186267532e+01
-9.267376074348476322e+01 -6.997894223186267482e+01
-9.224974494148477788e+01 -6.996159010786269050e+01
-9.182572766248472362e+01 -6.994427412186269066e+01
-9.140170890448462160e+01 -6.992699439986267862e+01
-9.097768866448473091e+01 -6.990975106086267488e+01
-9.055366694248459680e+01 -6.989254422086267482e+01
-9.012964373648469518e+01 -6.987537398886269102e+01
-8.970561904448459245e+01 -6.985824047186270036e+01
-8.928159286748473278e+01 -6.984114376986269690e+01
-8.885756520348468257e+01 -6.982408398086269585e+01
-8.843353605148467977e+01 -6.980706119786268005e+01
-8.800950541248471382e+01 -6.979007550986267461e+01
-8.758547328648478469e+01 -6.977312700386269739e+01
-8.716143967248467561e+01 -6.975621576086268760e+01
-8.673740457048461394e+01 -6.973934186286268755e+01
-8.631336798048459968e+01 -6.972250538286269261e+01
-8.588932990448461169e+01 -6.970570639786268430e+01
-8.546529034148466053e+01 -6.968894497586268244e+01
-8.504124929348472506e+01 -6.967222118586269630e+01
-8.461720675948458847e+01 -6.965553509386268161e+01
-8.419316274148468437e+01 -6.963888676286268264e+01
-8.376911724048477481e+01 -6.962227625286269017e+01
-8.334507025648463241e+01 -6.960570362486268436e+01
-8.292102177048468548e+01 -6.958916947486270033e+01
-8.249697164048461673e+01 -6.957267753986269554e+01
-8.207292002048461654e+01 -6.955622398486269731e+01
-8.164886691048468492e+01 -6.953980886686269969e+01
-8.122481231248457334e+01 -6.952343223686267493e+01
-8.080075622748472597e+01 -6.950709414886267723e+01
-8.037669865848465633e+01 -6.949079465286268942e+01
-7.995263960448460239e+01 -6.947453379786267647e+01
-7.952857906948474920e+01 -6.945831163086268134e+01
-7.910451696348468431e+01 -6.944213056986268384e+01
-7.868045319748466682e+01 -6.942599308186268559e+01
-7.825638794148471789e+01 -6.940989478486270059e+01
-7.783232119848457842e+01 -6.939383572586268656e+01
-7.740825296948469258e+01 -6.937781595186268646e+01
-7.698418325648458449e+01 -6.936183550686268973e+01
-7.656011206148468773e+01 -6.934589443486268578e+01
-7.613603929248461100e+01 -6.932999529286269080e+01
-7.571196480248477201e+01 -6.931414210686267552e+01
-7.528788882448475306e+01 -6.929832881386269605e+01
-7.486381135848478152e+01 -6.928255545686269556e+01
-7.443973240648460887e+01 -6.926682208186269918e+01
-7.401565197248464756e+01 -6.925112873086268905e+01
-7.359157002448478124e+01 -6.923547632386268447e+01
-7.316748624148476665e+01 -6.921987372386269044e+01
-7.274340096748460383e+01 -6.920431168986269199e+01
-7.231931420648470521e+01 -6.918879026786268582e+01
-7.189522595848461606e+01 -6.917330950386269706e+01
-7.147113622648475939e+01 -6.915786944386269397e+01
-7.104704483448472274e+01 -6.914247504286268509e+01
-7.062295169948470175e+01 -6.912712873586269779e+01
-7.019885707348475989e+01 -6.911182370086268634e+01
-6.977476095848464865e+01 -6.909655998786269038e+01
-6.935066335648457425e+01 -6.908133764686269274e+01
-6.892656421748461071e+01 -6.906615815286269822e+01
-6.850246316648463107e+01 -6.905103218186269487e+01
-6.807836062148476231e+01 -6.903594818086267537e+01
-6.765425658448475588e+01 -6.902090620486268335e+01
-6.723015105548461179e+01 -6.900590630886267718e+01
-6.680604400048468960e+01 -6.899094962586269730e+01
-6.638193497848465086e+01 -6.897604884386268509e+01
-6.595782445748477585e+01 -6.896119077386268259e+01
-6.553371244148456753e+01 -6.894637547586268056e+01
-6.510959893048470803e+01 -6.893160301386268429e+01
-6.468548378848458924e+01 -6.891687740486267444e+01
-6.426136673648466058e+01 -6.890220694286267644e+01
-6.383724818348468943e+01 -6.888757998586268627e+01
-6.341312812848468639e+01 -6.887299660486269204e+01
-6.298900657548460913e+01 -6.885845686786268516e+01
-6.256488317848470615e+01 -6.884397097786268205e+01
-6.214075803748460203e+01 -6.882953628586270156e+01
-6.171663080348457697e+01 -6.881516324486267422e+01
-6.129250215848469452e+01 -6.880083185986268290e+01
-6.086837351248459527e+01 -6.878650047486269159e+01
-6.044424070448462771e+01 -6.877229283186269981e+01
-6.002010781548460727e+01 -6.875808758686270039e+01
-5.959597321848468710e+01 -6.874393356786268328e+01
-5.917183604448473488e+01 -6.872985685786269983e+01
-5.874769886948456588e+01 -6.871578014786268795e+01
-5.832355820748466613e+01 -6.870180903886267743e+01
-5.789941670548478214e+01 -6.868786331686268909e+01
-5.747527431048456492e+01 -6.867394490086269343e+01
-5.705112844048471743e+01 -6.866013268286269522e+01
-5.662698257048464257e+01 -6.864632046486269701e+01
-5.620283408048476304e+01 -6.863258910586267803e+01
-5.577868380048471408e+01 -6.861891297386267752e+01
-5.535453352048466513e+01 -6.860523684286269486e+01
-5.493037889848460509e+01 -6.859169607486268205e+01
-5.450622416748478827e+01 -6.857815868086268551e+01
-5.408206786648474917e+01 -6.856467074986269949e+01
-5.365790864448467801e+01 -6.855127481386267618e+01
-5.323374942348459626e+01 -6.853787887786268129e+01
-5.280958695348476795e+01 -6.852458633086268946e+01
-5.238542320048463807e+01 -6.851133464886268598e+01
-5.196125909348461391e+01 -6.849809435686267989e+01
-5.153709076948462098e+01 -6.848498979986268864e+01
-5.111292244548462804e+01 -6.847188524286269740e+01
-5.068875212848456613e+01 -6.845884557586268215e+01
-5.026457919448466782e+01 -6.844589109586269160e+01
-4.984040626048476952e+01 -6.843293661686269047e+01
-4.941622969048466985e+01 -6.842010189786267915e+01
-4.899205210848458591e+01 -6.840730053086269891e+01
-4.856787392848468699e+01 -6.839451906786268864e+01
-4.814369165948460250e+01 -6.838187393686268933e+01
-4.771950939148473481e+01 -6.836922880486270060e+01
-4.729532490848464477e+01 -6.835665839786270226e+01
-4.687113791648471306e+01 -6.834417271386269022e+01
-4.644695092448478135e+01 -6.833168703086269602e+01
-4.602276009448473815e+01 -6.831933260886268044e+01
-4.559856834348465782e+01 -6.830700967986268779e+01
-4.517437557048469898e+01 -6.829472228786269739e+01
-4.475017660048456491e+01 -6.828265037586268704e+01
-4.432597763148464765e+01 -6.827057846386267670e+01
-4.390177866248473038e+01 -6.825850655286268420e+01
-4.347757969348458573e+01 -6.824643464086270228e+01
-4.305338072448466846e+01 -6.823436272886269194e+01
-4.262917392248459691e+01 -6.822257007286268049e+01
-4.220496523148472079e+01 -6.821084475786270218e+01
-4.178075654048461729e+01 -6.819911944286269545e+01
-4.135654784948474116e+01 -6.818739412786268872e+01
-4.093233915848463766e+01 -6.817566881286268199e+01
-4.050812588248459178e+01 -6.816411198386268211e+01
-4.008390734748468276e+01 -6.815274840086269137e+01
-3.965968881248477373e+01 -6.814138481786270063e+01
-3.923547027748463734e+01 -6.813002123486268147e+01
-3.881125174248472831e+01 -6.811865765186269073e+01
-3.838703194848471867e+01 -6.810734186886267594e+01
-3.796280346048456522e+01 -6.809635612386267667e+01
-3.753857497248463915e+01 -6.808537037786268797e+01
-3.711434648448471307e+01 -6.807438463186269928e+01
-3.669011799748477642e+01 -6.806339888586268216e+01
-3.626588950948462298e+01 -6.805241313986269347e+01
-3.584165506648469091e+01 -6.804166048986269288e+01
-3.541741906548463703e+01 -6.803096881486268899e+01
-3.499318241248465711e+01 -6.802030324186267762e+01
-3.456894136948471896e+01 -6.800981354586269845e+01
-3.414470032548479139e+01 -6.799932384986269085e+01
-3.372045691048469962e+01 -6.798893105186269281e+01
-3.329621080848460224e+01 -6.797864798986267942e+01
-3.287196470648473223e+01 -6.796836492786269446e+01
-3.244771448348478771e+01 -6.795825363586268963e+01
-3.202346330948466857e+01 -6.794818201986268491e+01
-3.159921132148474499e+01 -6.793814505186267638e+01
-3.117495506448472042e+01 -6.792828985986270141e+01
-3.075069880648470644e+01 -6.791843466786269801e+01
-3.032643994048476088e+01 -6.790869308186267972e+01
-2.990217859448466697e+01 -6.789905946486268817e+01
-2.947791724848457307e+01 -6.788942584886268605e+01
-2.905365146748476946e+01 -6.787998983286269095e+01
-2.862938503048462735e+01 -6.787058312386270131e+01
-2.820511739548464902e+01 -6.786123104886269175e+01
-2.778084586848467552e+01 -6.785205676986268486e+01
-2.735657434048471259e+01 -6.784288249086267797e+01
-2.693229973348456951e+01 -6.783385251886269884e+01
-2.650802312248470116e+01 -6.782491639286268992e+01
-2.608374651248459486e+01 -6.781598026686268099e+01
-2.565946491248473649e+01 -6.780728434386267622e+01
-2.523518323048460843e+01 -6.779859230286268712e+01
-2.481089967948469166e+01 -6.778999287586267997e+01
-2.438661294648477451e+01 -6.778155107186267969e+01
-2.396232621248464056e+01 -6.777310926886269726e+01
-2.353803563448468594e+01 -6.776486366786269855e+01
-2.311374387248474704e+01 -6.775667848486267530e+01
-2.268945127048459653e+01 -6.774853754486269963e+01
-2.226515451148475222e+01 -6.774061560886269717e+01
-2.184085775348466996e+01 -6.773269367286269471e+01
-2.141655811348459792e+01 -6.772492873586267592e+01
-2.099225639748465255e+01 -6.771727692786268449e+01
-2.056795466448465959e+01 -6.770962606486267532e+01
-2.014364926348457630e+01 -6.770218137686268278e+01
-1.971934210448466729e+01 -6.769483786686268445e+01
-1.929503319748459944e+01 -6.768759610686268502e+01
-1.887072254248460013e+01 -6.768045733586268398e+01
-1.844640986348463230e+01 -6.767343973886269737e+01
-1.802209506848475939e+01 -6.766655144386268717e+01
-1.759777854348476467e+01 -6.765977070386267656e+01
-1.717346029248460582e+01 -6.765309889986269809e+01
-1.674914031648472701e+01 -6.764653744986267725e+01
-1.632481818348469460e+01 -6.764011683886269566e+01
-1.590049417648469898e+01 -6.763382163186270191e+01
-1.547616847448466615e+01 -6.762764189586269481e+01
-1.505184108248477060e+01 -6.762157921486269174e+01
-1.462751200748471092e+01 -6.761563521786268893e+01
-1.420318079748471973e+01 -6.760984547986268467e+01
-1.377884784648472305e+01 -6.760418519286270111e+01
-1.335451325748476847e+01 -6.759864933786269603e+01
-1.293017703848477140e+01 -6.759323973986269607e+01
-1.250583920048461550e+01 -6.758795827486270014e+01
-1.208149940548469203e+01 -6.758283623086268221e+01
-1.165715790648459915e+01 -6.757785788286270190e+01
-1.123281485248458011e+01 -6.757301414586268606e+01
-1.080847026048468251e+01 -6.756830712386269511e+01
-1.038412414648473714e+01 -6.756373898386269161e+01
-9.959776398484791571e+00 -6.755932473886269918e+01
-9.535426910484602558e+00 -6.755508134886270000e+01
-9.111075991484767655e+00 -6.755098416786267990e+01
-8.686723665484578305e+00 -6.754703562686268015e+01
-8.262369958484669041e+00 -6.754323823486268452e+01
-7.838014898484743753e+00 -6.753959457586267945e+01
-7.413658358484781274e+00 -6.753612713886269603e+01
-6.989300401484570102e+00 -6.753283815986267768e+01
-6.564941223484765942e+00 -6.752971146586267537e+01
-6.140580863484728980e+00 -6.752674996986269207e+01
-5.716219361484718320e+00 -6.752395667486268849e+01
-5.291856761484723393e+00 -6.752133468386267623e+01
-4.867493092484664885e+00 -6.751889076286269642e+01
-4.443128260484627390e+00 -6.751665800486267699e+01
-4.018762521484632089e+00 -6.751460659186270163e+01
-3.594395932484758305e+00 -6.751274002686270137e+01
-3.170028559484762809e+00 -6.751106192986267729e+01
-2.745660468484629746e+00 -6.750957604186268668e+01
-2.321291731484734555e+00 -6.750828623186268374e+01
-1.896922427484696527e+00 -6.750719649886269735e+01
-1.472552599484743041e+00 -6.750633302986270223e+01
-1.048182387484757783e+00 -6.750568891086268764e+01
-6.238119124845979968e-01 -6.750525749786268648e+01
-1.994412774847660330e-01 -6.750504333286269798e+01
2.249294105154149293e-01 -6.750505044286268230e+01
6.493000375153314963e-01 -6.750527867086267975e+01
1.073670496515433115e+00 -6.750572392586269643e+01
1.498040684515217436e+00 -6.750638167386267696e+01
1.922410506515234374e+00 -6.750724752986269550e+01
2.346779785515309413e+00 -6.750834834386267858e+01
2.771148484515379096e+00 -6.750965137886268508e+01
3.195516530515305931e+00 -6.751115028986268385e+01
3.619883853515375449e+00 -6.751284121586269293e+01
4.044250385515397284e+00 -6.751472041886268016e+01
4.468616062515366139e+00 -6.751678428286268741e+01
4.892980827515430065e+00 -6.751902930886268450e+01
5.317344495515271774e+00 -6.752147333186269407e+01
5.741707022515356584e+00 -6.752410742186268067e+01
6.166068446515282631e+00 -6.752691263886268302e+01
6.590428725515266706e+00 -6.752988588586268293e+01
7.014787816515308805e+00 -6.753302416386267737e+01
7.439145682515345470e+00 -6.753632456286268848e+01
7.863502222515307949e+00 -6.753979213786269042e+01
8.287857187515328405e+00 -6.754344706286269684e+01
8.712210795515375139e+00 -6.754725556486269511e+01
9.136563019515278938e+00 -6.755121506086268823e+01
9.560913833515314764e+00 -6.755532304786268583e+01
9.985263212515292253e+00 -6.755957709486267504e+01
1.040961095851525897e+01 -6.756399150486268468e+01
1.083395696151524135e+01 -6.756857016386268810e+01
1.125830143851521825e+01 -6.757328756186268492e+01
1.168264437551533774e+01 -6.757814153686268810e+01
1.210698575551532485e+01 -6.758312998786269077e+01
1.253132554751528005e+01 -6.758825221386268822e+01
1.295566326251537248e+01 -6.759354365186268865e+01
1.337999935751531666e+01 -6.759896309186268581e+01
1.380433381951525007e+01 -6.760450866086267752e+01
1.422866664151524674e+01 -6.761017853586270121e+01
1.465299781451540184e+01 -6.761597094886269588e+01
1.507732679351533989e+01 -6.762192193586270150e+01
1.550165405151528830e+01 -6.762799396486269643e+01
1.592597961951537400e+01 -6.763418292986267488e+01
1.635030349051521625e+01 -6.764048724986270145e+01
1.677462561951529096e+01 -6.764690806786268240e+01
1.719894545851525436e+01 -6.765347851886269837e+01
1.762326357051529158e+01 -6.766015921186269111e+01
1.804757995351542377e+01 -6.766694873186267500e+01
1.847189460751542356e+01 -6.767384569786267434e+01
1.889620728351542311e+01 -6.768086350886269997e+01
1.932051779451535367e+01 -6.768801084786269939e+01
1.974482655751535276e+01 -6.769526107086269917e+01
2.016913357151543096e+01 -6.770261294186269652e+01
2.059343877151536617e+01 -6.771006891786268511e+01
2.101774048351535384e+01 -6.771772094686269838e+01
2.144204219551534152e+01 -6.772537297586268323e+01
2.186634154351531834e+01 -6.773315382286267550e+01
2.229063829751521553e+01 -6.774107598286269649e+01
2.271493505251532952e+01 -6.774899814386267849e+01
2.313922735951541654e+01 -6.775715461486268509e+01
2.356351911651540831e+01 -6.776534002386267730e+01
2.398780939751532060e+01 -6.777360078986268377e+01
2.441209612651528005e+01 -6.778204282086269927e+01
2.483638285651522892e+01 -6.779048485186268636e+01
2.526066610851535188e+01 -6.779909909186270056e+01
2.568494778451531602e+01 -6.780779136086269432e+01
2.610922908451539115e+01 -6.781650175586267437e+01
2.653350568951532296e+01 -6.782543810986268795e+01
2.695778229551524419e+01 -6.783437446486269096e+01
2.738205660151538723e+01 -6.784341857886269622e+01
2.780632812351541361e+01 -6.785259308586267935e+01
2.823059964651542941e+01 -6.786176759386268031e+01
2.865486697751521206e+01 -6.787113349086268954e+01
2.907913341051539646e+01 -6.788054042886270167e+01
2.950339888751523176e+01 -6.788998995786269575e+01
2.992766022851537855e+01 -6.789962380286269195e+01
3.035192156951529796e+01 -6.790925764786268815e+01
3.077618013251526463e+01 -6.791901244786268421e+01
3.120043638451534207e+01 -6.792886786686267442e+01
3.162469263651541951e+01 -6.793872328586269305e+01
3.204894432051537478e+01 -6.794877317986268395e+01
3.247319548951531942e+01 -6.795884502186268605e+01
3.289744540951528506e+01 -6.796896895886268908e+01
3.332169150551521852e+01 -6.797925224486269258e+01
3.374593760251536878e+01 -6.798953553186268550e+01
3.417018071551524372e+01 -6.799994070186269823e+01
3.459442175251524532e+01 -6.801043062086267810e+01
3.501866279051523634e+01 -6.802092053986268638e+01
3.544289914051523738e+01 -6.803159822086269060e+01
3.586713513651534413e+01 -6.804229011686268791e+01
3.629136913151523913e+01 -6.805306030886268331e+01
3.671559761351522866e+01 -6.806404627286269715e+01
3.713982609551521819e+01 -6.807503223686268257e+01
3.756405457751543508e+01 -6.808601819986267856e+01
3.798828305951542461e+01 -6.809700416386269239e+01
3.841251154251540356e+01 -6.810799012786267781e+01
3.883673074351531795e+01 -6.811932841986268272e+01
3.926094927251529043e+01 -6.813069221486267679e+01
3.968516780151526291e+01 -6.814205601086268871e+01
4.010938633151522481e+01 -6.815341980686270063e+01
4.053360486051542466e+01 -6.816478360286268412e+01
4.095781754851532241e+01 -6.817636202386267996e+01
4.138202623451525142e+01 -6.818808754586268606e+01
4.180623491951541837e+01 -6.819981306786269215e+01
4.223044360451535795e+01 -6.821153858986269825e+01
4.265465228951529753e+01 -6.822326411086268649e+01
4.307885851051537429e+01 -6.823507749286270041e+01
4.350305747451534444e+01 -6.824714960486269888e+01
4.392725643751532516e+01 -6.825922171686269735e+01
4.435145540051530588e+01 -6.827129382986268524e+01
4.477565436451527603e+01 -6.828336594186268371e+01
4.519985332751525675e+01 -6.829543805386268218e+01
4.562404566751524726e+01 -6.830774052486268033e+01
4.604823741351538047e+01 -6.832006364886268557e+01
4.647242795551528616e+01 -6.833242792186268844e+01
4.689661494151528132e+01 -6.834491379586268067e+01
4.732080192851526590e+01 -6.835739967086269075e+01
4.774498612451543522e+01 -6.836997973486268165e+01
4.816916838751535579e+01 -6.838262505386268231e+01
4.859335065051527636e+01 -6.839527037186269354e+01
4.901752854651522284e+01 -6.840806130186268774e+01
4.944170612351535965e+01 -6.842086285086267594e+01
4.986588241151525835e+01 -6.843370685586268110e+01
5.029005533951522011e+01 -6.844666151386269348e+01
5.071422826851539867e+01 -6.845961617186267745e+01
5.113839830551523846e+01 -6.847266494386269642e+01
5.156256662451528427e+01 -6.848576967486269496e+01
5.198673494251534066e+01 -6.849887440686268292e+01
5.241089877251533835e+01 -6.851212362586269933e+01
5.283506252051529373e+01 -6.852537547886268499e+01
5.325922471451531237e+01 -6.853867678486270165e+01
5.368338393051521962e+01 -6.855207288686267475e+01
5.410754314751534366e+01 -6.856546898786268684e+01
5.453169917551531398e+01 -6.857896550986268380e+01
5.495585390151541105e+01 -6.859250306486268300e+01
5.538000825251538117e+01 -6.860605226486268293e+01
5.580415852751525563e+01 -6.861972855186269271e+01
5.622830880251535746e+01 -6.863340483886267407e+01
5.665245702451534271e+01 -6.864714446886267751e+01
5.707660289051523250e+01 -6.866095683786269888e+01
5.750074875551536024e+01 -6.867476920586270239e+01
5.792489088451543466e+01 -6.868869573586269439e+01
5.834903238151537153e+01 -6.870264160286268407e+01
5.877317278151531355e+01 -6.871662067786269290e+01
5.919730995051531863e+01 -6.873069752786270215e+01
5.962144712051531315e+01 -6.874477437686269354e+01
6.004558145751525444e+01 -6.875893621086268581e+01
6.046971434151532776e+01 -6.877314158886269979e+01
6.089384689151529528e+01 -6.878735690486269050e+01
6.131797553251522004e+01 -6.880168841886268183e+01
6.174210417351537217e+01 -6.881601993286270158e+01
6.216623121451539191e+01 -6.883039866986268862e+01
6.259035622651526865e+01 -6.884483715386269864e+01
6.301447961851522450e+01 -6.885932316486270111e+01
6.343860104351529117e+01 -6.887386665486269521e+01
6.386272097051528362e+01 -6.888845375386267733e+01
6.428683939751522303e+01 -6.890308439386268446e+01
6.471095632251535790e+01 -6.891775850486268951e+01
6.513507146051529162e+01 -6.893248422386270136e+01
6.555918484551534675e+01 -6.894726029786269805e+01
6.598329673751527480e+01 -6.896207917386269060e+01
6.640740713351533486e+01 -6.897694078886269153e+01
6.683151603251531014e+01 -6.899184508286268169e+01
6.725562308351527463e+01 -6.900680186186269793e+01
6.767972848951535525e+01 -6.902180523386269329e+01
6.810383240451528764e+01 -6.903685065386270026e+01
6.852793482851529916e+01 -6.905193806586268579e+01
6.895203575851542155e+01 -6.906706741486269152e+01
6.937613489451541682e+01 -6.908224699386269663e+01
6.980023237651539603e+01 -6.909747267886268673e+01
7.022432837251540150e+01 -6.911273970386270094e+01
7.064842288051522701e+01 -6.912804801986268899e+01
7.107251589751535903e+01 -6.914339757786268592e+01
7.149660728651542740e+01 -6.915879204886269349e+01
7.192069690151538452e+01 -6.917423532486267845e+01
7.234478503351533618e+01 -6.918971927386269272e+01
7.276887167951531410e+01 -6.920524385086270058e+01
7.319295683751533943e+01 -6.922080901086269478e+01
7.361704050751541217e+01 -6.923641470586269975e+01
7.404112245351529964e+01 -6.925206716586268385e+01
7.446520277451531911e+01 -6.926776357786269500e+01
7.488928161351532253e+01 -6.928349998486268646e+01
7.531335896751534165e+01 -6.929927634486267607e+01
7.573743483551538702e+01 -6.931509261186269555e+01
7.616150921451526301e+01 -6.933094874186269863e+01
7.658558198251535032e+01 -6.934684791886269295e+01
7.700965306851526293e+01 -6.936279190186269261e+01
7.743372267251538688e+01 -6.937877522986269696e+01
7.785779079351527798e+01 -6.939479785886268814e+01
7.828185742951541215e+01 -6.941085974286269789e+01
7.870592257951534521e+01 -6.942696083786267991e+01
7.912998623951534682e+01 -6.944310109586268709e+01
7.955404834551541171e+01 -6.945928216786268194e+01
7.997810877651522787e+01 -6.947550707186269392e+01
8.040216772551525537e+01 -6.949177063686269662e+01
8.082622519251526683e+01 -6.950807281486268607e+01
8.125028117451529397e+01 -6.952441355686269731e+01
8.167433567151533680e+01 -6.954079281286269065e+01
8.209838868051542704e+01 -6.955721052986268660e+01
8.252244020051534790e+01 -6.957366665586269505e+01
8.294649023151532674e+01 -6.959016113586270080e+01
8.337053871851526310e+01 -6.960669526086269343e+01
8.379458560351531560e+01 -6.962327040186269755e+01
8.421863100751534148e+01 -6.963988339586268239e+01
8.464267492951535132e+01 -6.965653418486269288e+01
8.506671736751536628e+01 -6.967322270686267416e+01
8.549075832151538634e+01 -6.968994889986268504e+01
8.591479779051542209e+01 -6.970671269786268454e+01
8.633883577351525673e+01 -6.972351403286268123e+01
8.676287227051534501e+01 -6.974035283386268702e+01
8.718690728151523217e+01 -6.975722902686268867e+01
8.761094080551538354e+01 -6.977414253686268353e+01
8.803497284251534438e+01 -6.979109328286267555e+01
8.845900339251534206e+01 -6.980808118386269712e+01
8.888303245551537657e+01 -6.982510615286270195e+01
8.930706003251520997e+01 -6.984216809986267549e+01
8.973108612451528643e+01 -6.985926693286268119e+01
9.015511073051538915e+01 -6.987640255286268598e+01
9.057913385251526961e+01 -6.989357485986269580e+01
9.100315549251536140e+01 -6.991078374786269478e+01
9.142717564951522036e+01 -6.992802910686268092e+01
9.185119432651526949e+01 -6.994531082186267668e+01
9.227521152551526029e+01 -6.996262877086269327e+01
9.269922724851539897e+01 -6.997998282986267782e+01
9.312324149651522021e+01 -6.999737286786267987e+01
9.354725427351536382e+01 -7.001479874586269148e+01
9.397126558151535392e+01 -7.003226032186267958e+01
9.439527542451537556e+01 -7.004975744386268843e+01
9.481928380551539703e+01 -7.006728995486270151e+01
9.524329072851537603e+01 -7.008485768986270159e+01
9.566729619851525968e+01 -7.010246047386269197e+01
9.609130021951523304e+01 -7.012009812786268981e+01
9.651530278051541245e+01 -7.013777083586268191e+01
9.693930376451521624e+01 -7.015548132086269106e+01
9.736330331051522080e+01 -7.017322622986267788e+01
9.778730142351537324e+01 -7.019100533186269786e+01
9.821129811151536160e+01 -7.020881838386267759e+01
9.863529338251532863e+01 -7.022666513186268844e+01
9.905928720851534308e+01 -7.024454617686268421e+01
9.948327946151539436e+01 -7.026246448586269366e+01
9.990727032151539788e+01 -7.028041572886269250e+01
1.003312597995152373e+02 -7.029839957886269985e+01
1.007552478875152246e+02 -7.031641615186268268e+01
1.011792343945153334e+02 -7.033446991386267655e+01
1.016032195575153310e+02 -7.035255520486268210e+01
1.020272033935152649e+02 -7.037067159586268872e+01
1.024511856815154260e+02 -7.038882415686268246e+01
1.028751666485152327e+02 -7.040700756786267789e+01
1.032991462755153407e+02 -7.042522217786267902e+01
1.037231244455153956e+02 -7.044347068786268551e+01
1.041471013965153816e+02 -7.046174746986270065e+01
1.045710768715152881e+02 -7.048005847886270203e+01
1.049950511815152367e+02 -7.049839645386268216e+01
1.054190241015153333e+02 -7.051676651486269520e+01
1.058429958625154086e+02 -7.053516331686267904e+01
1.062669664175152775e+02 -7.055358788886269394e+01
1.066909358035152309e+02 -7.057203934686268099e+01
1.071149041445153216e+02 -7.059051478786270195e+01
1.075388715005153699e+02 -7.060901283886269653e+01
1.079628379595153547e+02 -7.062753142386267768e+01
1.083868036485152970e+02 -7.064606761886270192e+01
1.088107687485153292e+02 -7.066461729886268017e+01
1.092347334905152820e+02 -7.068317515486268121e+01
1.096586981855152771e+02 -7.070173407686269229e+01
1.100826632775153939e+02 -7.072028394786269700e+01
1.105066294155153628e+02 -7.073880988586267904e+01
1.109305976085154271e+02 -7.075728870886268851e+01
1.113545696055152803e+02 -7.077568005086268954e+01
1.117785486785153353e+02 -7.079390742986268492e+01
1.122025429955153868e+02 -7.081177614086269045e+01
1.125391893525152227e+02 -7.063582724586268569e+01
1.127995426265154038e+02 -7.030071920186267675e+01
1.130521654965152720e+02 -6.995974234086267529e+01
1.132982801845153062e+02 -6.961403592386270134e+01
1.135385546225152211e+02 -6.926424327886269339e+01
1.137737374285152328e+02 -6.891100626386267436e+01
1.140043824825152114e+02 -6.855478902086269954e+01
1.142309292095153523e+02 -6.819595073486269143e+01
1.144537555215154043e+02 -6.783478991186268559e+01
1.146731877645154327e+02 -6.747155650486268996e+01
1.148894833435153942e+02 -6.710644598086270207e+01
1.151027688385154306e+02 -6.673956913286269810e+01
1.153135710235153510e+02 -6.637125980586267815e+01
1.155218340335152334e+02 -6.600150862486268011e+01
1.157276459925153631e+02 -6.563038726286268343e+01
1.159313793075152716e+02 -6.525812073586268980e+01
1.161330926035152515e+02 -6.488475546886269285e+01
1.163326372775152322e+02 -6.451022656186268023e+01
1.165304011275152334e+02 -6.413475446586269868e+01
1.167264567835152320e+02 -6.375838749486268853e+01
1.169208487505152334e+02 -6.338115828486269265e+01
1.171134511855152596e+02 -6.300301219286268406e+01
1.173045500545154027e+02 -6.262410421486268319e+01
1.174941960915152777e+02 -6.224446700186268799e+01
1.176824361555152336e+02 -6.186413055586268683e+01
1.178692732165152393e+02 -6.148310279286269520e+01
1.180546545195152248e+02 -6.110136462086268239e+01
1.182387601365153387e+02 -6.071900969686268468e+01
1.184216226145153996e+02 -6.033605870686270123e+01
1.186029398785153717e+02 -5.995237411786268922e+01
1.187837039065152567e+02 -5.956842768586270154e+01
1.189625714065152806e+02 -5.918359443886268423e+01
1.191408697215154007e+02 -5.879849783986267653e+01
1.193176566565152825e+02 -5.841270401386267963e+01
1.194934634175153860e+02 -5.802646394886269832e+01
1.196683477625153955e+02 -5.763980393986270201e+01
1.198417379115153381e+02 -5.725247242786269908e+01
1.200146302935152107e+02 -5.686491788786267421e+01
1.201860629585153220e+02 -5.647671541886268187e+01
1.203564580935153572e+02 -5.608805648786270126e+01
1.205258210965153012e+02 -5.569894668886269073e+01
1.206941555185153447e+02 -5.530939075386268655e+01
1.208614323615154262e+02 -5.491937945886269290e+01
1.210275646945153767e+02 -5.452887927086268860e+01
1.211926637695153204e+02 -5.413794119786268766e+01
1.213567244805153678e+02 -5.374656624586268094e+01
1.215197395775153382e+02 -5.335475456186267706e+01
1.216815957115152287e+02 -5.296246269486269398e+01
1.218423080085153742e+02 -5.256970087186269325e+01
1.219382903685152542e+02 -5.216117030086269324e+01
1.219759213065153745e+02 -5.173847138286268432e+01
1.220140497505153689e+02 -5.131581703886268997e+01
1.220525993905152973e+02 -5.089320089886268761e+01
1.220914954695153938e+02 -5.047061650186267912e+01
1.221306946425152091e+02 -5.004806010786268189e+01
1.221701562975154047e+02 -4.962552813786268757e+01
1.222098449985153366e+02 -4.920301742886269381e+01
1.222497355105153929e+02 -4.878052572386269503e+01
1.222897737885152765e+02 -4.835804799586267677e+01
1.223299288345153855e+02 -4.793558134986270147e+01
1.223701712805152511e+02 -4.751312301986268949e+01
1.224104732455152771e+02 -4.709067036186269206e+01
1.224508082085153546e+02 -4.666822085386269237e+01
1.224911508945153855e+02 -4.624577208286268615e+01
1.225314771645153087e+02 -4.582332174486268173e+01
1.225717639195154334e+02 -4.540086763586268148e+01
1.226119890115153339e+02 -4.497840765286269971e+01
1.226521311595154202e+02 -4.455593977986268328e+01
1.226921698705152721e+02 -4.413346209086267891e+01
1.227320853765152151e+02 -4.371097274486268702e+01
1.227718585605152839e+02 -4.328846997586268230e+01
1.228114708995153705e+02 -4.286595209586269561e+01
1.228509044085153619e+02 -4.244341748886267851e+01
1.228901415875152452e+02 -4.202086460486268038e+01
1.229291653685152141e+02 -4.159829195986267791e+01
1.229679590725152138e+02 -4.117569813186267424e+01
1.230065063615152212e+02 -4.075308175586269499e+01
1.230447912035153877e+02 -4.033044152586268183e+01
1.230827978245154100e+02 -3.990777618786268022e+01
1.231205106785153021e+02 -3.948508453986269728e+01
1.231579144055153847e+02 -3.906236542886267671e+01
1.231949938015152384e+02 -3.863961775086269768e+01
1.232317337825152208e+02 -3.821684044486269727e+01
1.232681193545154201e+02 -3.779403249586269453e+01
1.233041355805153216e+02 -3.737119293186268010e+01
1.233397675515152514e+02 -3.694832082086267633e+01
1.233750003575153187e+02 -3.652541527186269832e+01
1.234096865965152574e+02 -3.610246462586269445e+01
1.234440839515152675e+02 -3.567949025486268511e+01
1.234780391855153994e+02 -3.525648043586269864e+01
1.235114753045152156e+02 -3.483342899386269664e+01
1.235445602375152703e+02 -3.441035022786269337e+01
1.235769609275153016e+02 -3.398721822586267649e+01
1.236091263235152837e+02 -3.356406851586268658e+01
1.236404156475152831e+02 -3.314085287986267758e+01
1.236716107315153295e+02 -3.271763040986269289e+01
1.237017106785153828e+02 -3.229432851986268815e+01
1.237318106245152194e+02 -3.187102663086270127e+01
1.237607126795153363e+02 -3.144764136686268330e+01
1.237895428225153864e+02 -3.102425109886269183e+01
1.238172827875152961e+02 -3.060078834586269636e+01
1.238447599305152380e+02 -3.017730811886269748e+01
1.238712755785152240e+02 -2.975376714586269600e+01
1.238973133865154068e+02 -2.933019598386269422e+01
1.239225379745153077e+02 -2.890657630486268204e+01
1.239470465795152450e+02 -2.848291391086269186e+01
1.239709080665152214e+02 -2.805921532386270201e+01
1.239937936445153355e+02 -2.763546215586268318e+01
1.240163334925152867e+02 -2.721169083986268333e+01
1.240377556825153533e+02 -2.678786132686269639e+01
1.240583412525152198e+02 -2.636399032586268731e+01
1.240780653095152957e+02 -2.594007832386267864e+01
1.240969020495153927e+02 -2.551612591786269491e+01
1.241148057795153363e+02 -2.509213304886267792e+01
1.241317338815154017e+02 -2.466810012886267600e+01
1.241476910695153038e+02 -2.424402961986268679e+01
1.241626476145152083e+02 -2.381992269686267605e+01
1.241765725805153124e+02 -2.339578070286268030e+01
1.241894337505152635e+02 -2.297160516886268056e+01
1.242011975465152318e+02 -2.254739782986268892e+01
1.242118289465154248e+02 -2.212316064486267919e+01
1.242212913925152407e+02 -2.169889581886269525e+01
1.242295466965153992e+02 -2.127460582886268980e+01
1.242365549395153721e+02 -2.085029344586268962e+01
1.242422743575152708e+02 -2.042596177086269904e+01
1.242466612335153968e+02 -2.000161426486269534e+01
1.242496697645153745e+02 -1.957725478386268492e+01
1.242512519345152668e+02 -1.915288762386268218e+01
1.242513573675153111e+02 -1.872851756386268107e+01
1.242499331805154270e+02 -1.830414991586269480e+01
1.242469238155154017e+02 -1.787979058286268241e+01
1.242422708635153867e+02 -1.745544611886268171e+01
1.242359128795153538e+02 -1.703112380086270150e+01
1.242277851795154220e+02 -1.660683170486268523e+01
1.242178196225154352e+02 -1.618257879186268156e+01
1.242059443755154007e+02 -1.575837500686267845e+01
1.241920836665153729e+02 -1.533423138186267920e+01
1.241761575085154163e+02 -1.491016016186267734e+01
1.241580814135152195e+02 -1.448617493686268176e+01
1.241376064605153715e+02 -1.406229885386269984e+01
1.241147626735153153e+02 -1.363854422186270199e+01
1.240894544305153886e+02 -1.321493003386268583e+01
1.240615727785152558e+02 -1.279147779286267905e+01
1.240310021575153314e+02 -1.236821143986267657e+01
1.239976199215152519e+02 -1.194515764686269677e+01
1.239612958185152820e+02 -1.152234613686269427e+01
1.239218914325153946e+02 -1.109981005486270078e+01
1.238788861185153110e+02 -1.067762546686267910e+01
1.238323686965152319e+02 -1.025581425286267745e+01
1.237825298995153389e+02 -9.834382295862695855e+00
1.237284497465152526e+02 -9.413473469862680076e+00
1.236703178645152548e+02 -8.993105297862683756e+00
1.236076130225153520e+02 -8.573395112862698397e+00
1.235402962195153123e+02 -8.154400508862693187e+00
1.234678708285152879e+02 -7.736258752862681831e+00
1.233900419475153285e+02 -7.319089962862676657e+00
1.233064988925152647e+02 -6.903028161862692968e+00
1.232166820315153473e+02 -6.488275495862694697e+00
1.231200880435153522e+02 -6.075049890862686652e+00
1.230162545695152403e+02 -5.663585439862686144e+00
1.229045470875153114e+02 -5.254190113862676981e+00
1.227842609755152807e+02 -4.847234413862679503e+00
1.226546150905153354e+02 -4.443165036862694706e+00
1.225147457775153725e+02 -4.042521453862690350e+00
1.223635306205153483e+02 -3.646023943862701344e+00
1.221998230865153801e+02 -3.254524356862674495e+00
1.220225742965153586e+02 -2.868971299862693058e+00
1.218317057865153856e+02 -2.489958402862697540e+00
1.216384846315152117e+02 -2.112127644862681564e+00
1.214452471555152897e+02 -1.734305232862681123e+00
1.212519435815154338e+02 -1.356516637862682728e+00
1.210447768585154336e+02 -1.000520253862674736e+00
1.206205929445152378e+02 -1.006621395862680401e+00
1.201989347865153377e+02 -1.052914467862677839e+00
1.197845400185153721e+02 -1.143384917862675820e+00
1.193831227125153873e+02 -1.280311486862700576e+00
1.190007036275153496e+02 -1.463703700862680535e+00
1.186425197085152377e+02 -1.690840279862698026e+00
1.183121411005154187e+02 -1.956850954862687786e+00
1.180111145505152308e+02 -2.255726648862690809e+00
1.177391573285153754e+02 -2.581324953862690563e+00
1.174947209405154354e+02 -2.928100163862694671e+00
1.172755794425152089e+02 -3.291419612862682698e+00
1.170792578005152791e+02 -3.667582528862681102e+00
1.169033098835152487e+02 -4.053711303862684190e+00
1.167454474695152840e+02 -4.447591630862689271e+00
1.166036245495154162e+02 -4.847535673862694239e+00
1.164760365305153300e+02 -5.252251491862693911e+00
1.163610096705153865e+02 -5.660719893862676599e+00
1.162572536335153472e+02 -6.072199246862680866e+00
1.161634863675153611e+02 -6.486071421862675379e+00
1.160786430835153169e+02 -6.901866702862690772e+00
1.160017823905152454e+02 -7.319212950862691969e+00
1.159320700525154280e+02 -7.737813937862682678e+00
1.158687912775153563e+02 -8.157436569862682063e+00
1.158112399535152690e+02 -8.577883610862699015e+00
1.157588075895152997e+02 -8.999000304862676103e+00
1.157109665875152587e+02 -9.420663833862676029e+00
1.156671989565152217e+02 -9.842769979862680430e+00
1.156270135955153364e+02 -1.026523257886267970e+01
1.155900106115152539e+02 -1.068798613986268720e+01
1.155557191635152776e+02 -1.111096837486269351e+01
1.155237285795153639e+02 -1.153413102486268826e+01
1.154936447195152596e+02 -1.195743370486269441e+01
1.154650725165154199e+02 -1.238084127886267538e+01
1.154376269995152597e+02 -1.280432347386269498e+01
1.154108834455153101e+02 -1.322785063786270143e+01
1.153844074985154293e+02 -1.365139463786269403e+01
1.153577413785153567e+02 -1.407492668786269974e+01
1.153303862775153448e+02 -1.449841472086268368e+01
1.153017890885153065e+02 -1.492182054086268295e+01
1.150350365845154101e+02 -1.509092111686268822e+01
1.146106658785154195e+02 -1.509092111686268822e+01
1.141862951715152121e+02 -1.509092111686268822e+01
1.137619244655152215e+02 -1.509092111686268822e+01
1.133375537595152309e+02 -1.509092111686268822e+01
1.129131830525152509e+02 -1.509092111686268822e+01
1.124888123465152603e+02 -1.509092111686268822e+01
1.120644416395152803e+02 -1.509092111686268822e+01
1.116400709335152897e+02 -1.509092111686268822e+01
1.112157002265153096e+02 -1.509092111686268822e+01
1.107913295205153190e+02 -1.509092111686268822e+01
1.103669588145153284e+02 -1.509092111686268822e+01
1.099425881075153484e+02 -1.509092111686268822e+01
1.095182174015153578e+02 -1.509092111686268822e+01
1.090938466945153777e+02 -1.509092111686268822e+01
1.086694759885153871e+02 -1.509092111686268822e+01
1.082451052815154071e+02 -1.509092111686268822e+01
1.078207345755154165e+02 -1.509092111686268822e+01
1.073963638695154259e+02 -1.509092111686268822e+01
1.069719931625152185e+02 -1.509092111686268822e+01
1.065476224565152279e+02 -1.509092111686268822e+01
1.061232517495152479e+02 -1.509092111686268822e+01
1.056988810435152573e+02 -1.509092111686268822e+01
1.052745103365152772e+02 -1.509092111686268822e+01
1.048501396305152866e+02 -1.509092111686268822e+01
1.044257689245152960e+02 -1.509092111686268822e+01
1.040013982175153160e+02 -1.509092111686268822e+01
1.035770275115153254e+02 -1.509092111686268822e+01
1.031526568045153454e+02 -1.509092111686268822e+01
1.027282860985153548e+02 -1.509092111686268822e+01
1.023039153915153747e+02 -1.509092111686268822e+01
1.018795446855153841e+02 -1.509092111686268822e+01
1.014551739795153935e+02 -1.509092111686268822e+01
1.010308032725154135e+02 -1.509092111686268822e+01
1.006064325665154229e+02 -1.509092111686268822e+01
1.001820618595152155e+02 -1.509092111686268822e+01
9.975769115351522487e+01 -1.509092111686268822e+01
9.933332044651524484e+01 -1.509092111686268822e+01
9.890894974051525423e+01 -1.509092111686268822e+01
9.848457903451526363e+01 -1.509092111686268822e+01
9.806020832751528360e+01 -1.509092111686268822e+01
9.763583762151529299e+01 -1.509092111686268822e+01
9.721146691451531296e+01 -1.509092111686268822e+01
9.678709620851532236e+01 -1.509092111686268822e+01
9.636272550151534233e+01 -1.509092111686268822e+01
9.593835479551535173e+01 -1.509092111686268822e+01
9.551398408951536112e+01 -1.509092111686268822e+01
9.508961338251538109e+01 -1.509092111686268822e+01
9.466524267651539049e+01 -1.509092111686268822e+01
9.424087196951541046e+01 -1.509092111686268822e+01
9.381650126351541985e+01 -1.509092111686268822e+01
9.339213055651521245e+01 -1.509092111686268822e+01
9.296775985051522184e+01 -1.509092111686268822e+01
9.254338914451523124e+01 -1.509092111686268822e+01
9.211901843751525121e+01 -1.509092111686268822e+01
9.169464773151526060e+01 -1.509092111686268822e+01
9.127027702451528057e+01 -1.509092111686268822e+01
9.084590631851528997e+01 -1.509092111686268822e+01
9.042153561151530994e+01 -1.509092111686268822e+01
8.999716490551531933e+01 -1.509092111686268822e+01
8.957279419951532873e+01 -1.509092111686268822e+01
8.914842349251534870e+01 -1.509092111686268822e+01
8.872405278651535809e+01 -1.509092111686268822e+01
8.829968207951537806e+01 -1.509092111686268822e+01
8.787531137351538746e+01 -1.509092111686268822e+01
8.745094066651540743e+01 -1.509092111686268822e+01
8.702656996051541682e+01 -1.509092111686268822e+01
8.660219925451542622e+01 -1.509092111686268822e+01
8.617782854751521882e+01 -1.509092111686268822e+01
8.575345784151522821e+01 -1.509092111686268822e+01
8.532908713451524818e+01 -1.509092111686268822e+01
8.490471642851525758e+01 -1.509092111686268822e+01
8.448034572151527755e+01 -1.509092111686268822e+01
8.405597501551528694e+01 -1.509092111686268822e+01
8.363160430951529634e+01 -1.509092111686268822e+01
8.320723360251531631e+01 -1.509092111686268822e+01
8.278286289651532570e+01 -1.509092111686268822e+01
8.235849218951534567e+01 -1.509092111686268822e+01
8.193412148351535507e+01 -1.509092111686268822e+01
8.150975077651537504e+01 -1.509092111686268822e+01
8.108538007051538443e+01 -1.509092111686268822e+01
8.066100936451539383e+01 -1.509092111686268822e+01
8.023663865751541380e+01 -1.509092111686268822e+01
7.981226795151542319e+01 -1.509092111686268822e+01
7.938789724451521579e+01 -1.509092111686268822e+01
7.896352653851522518e+01 -1.509092111686268822e+01
7.853915583151524515e+01 -1.509092111686268822e+01
7.811478512551525455e+01 -1.509092111686268822e+01
7.769041441851527452e+01 -1.509092111686268822e+01
7.726604371251528391e+01 -1.509092111686268822e+01
7.684167300651529331e+01 -1.509092111686268822e+01
7.641730229951531328e+01 -1.509092111686268822e+01
7.599293159351532267e+01 -1.509092111686268822e+01
7.556856088651534264e+01 -1.509092111686268822e+01
7.514419018051535204e+01 -1.509092111686268822e+01
7.471981947351537201e+01 -1.509092111686268822e+01
7.429544876751538141e+01 -1.509092111686268822e+01
7.387107806151539080e+01 -1.509092111686268822e+01
7.344670735451541077e+01 -1.509092111686268822e+01
7.302233664851542017e+01 -1.509092111686268822e+01
7.259796594151521276e+01 -1.509092111686268822e+01
7.225027484151542012e+01 -1.528153305086269143e+01
7.192575746651527879e+01 -1.555479283286268810e+01
7.158958507151533013e+01 -1.581377271886267977e+01
7.124780002851525751e+01 -1.606529719686270141e+01
7.090048348751543017e+01 -1.630912614986269205e+01
7.054756184251527884e+01 -1.654476623086267750e+01
7.018910774351525106e+01 -1.677190324586268844e+01
6.982504758351524288e+01 -1.698993819386268456e+01
6.945565561751527639e+01 -1.719881239386268135e+01
6.908087099851536550e+01 -1.739785050786269949e+01
6.870093152151525828e+01 -1.758685712086267472e+01
6.831609378951543476e+01 -1.776567766386267522e+01
6.792657523251523344e+01 -1.793406390786267934e+01
6.753257315251539694e+01 -1.809167746286269107e+01
6.713443033751536859e+01 -1.823851315686269459e+01
6.673249870151539653e+01 -1.837463237086268464e+01
6.632710988151529818e+01 -1.850008156086269651e+01
6.591860588451527292e+01 -1.861498540886267961e+01
6.550733081351540932e+01 -1.871954398886268223e+01
6.509362313751535112e+01 -1.881402787986269232e+01
6.467780886051536982e+01 -1.889877156086268428e+01
6.426017669951534117e+01 -1.897405187686268846e+01
6.384103603751532319e+01 -1.904041974486267463e+01
6.342064664651525163e+01 -1.909835534286267489e+01
6.299924009051528628e+01 -1.914836353886269649e+01
6.257701998651532449e+01 -1.919097015586268640e+01
6.215416228351523387e+01 -1.922671364786268100e+01
6.173081575251535469e+01 -1.925612775386269959e+01
6.130709936951529926e+01 -1.927963043886268224e+01
6.088312523551530830e+01 -1.929790307086270218e+01
6.045897395951533326e+01 -1.931147135486267530e+01
6.003470837151530759e+01 -1.932084476886268476e+01
5.961037492951527383e+01 -1.932637662586267879e+01
5.918601164951542160e+01 -1.932863087586270012e+01
5.876164230251538356e+01 -1.932809410586267518e+01
5.833728139351524078e+01 -1.932532827286269139e+01
5.791293772951530627e+01 -1.932058150386268380e+01
5.748861540651523683e+01 -1.931419028786268655e+01
5.706431124551522771e+01 -1.930668571186268423e+01
5.664002182551530495e+01 -1.929838450286268881e+01
5.621574333051535177e+01 -1.928953895686268538e+01
5.579146857451542019e+01 -1.928051524286269114e+01
5.536719138351531910e+01 -1.927160710286267431e+01
5.494290611251540213e+01 -1.926309378286268270e+01
5.451860869351526162e+01 -1.925521057586269080e+01
5.409429507451523023e+01 -1.924825686386267876e+01
5.366996496151523388e+01 -1.924240081086267651e+01
5.324561891751523035e+01 -1.923784522286268839e+01
5.282125890251541023e+01 -1.923487284386268925e+01
5.239689055851522426e+01 -1.923358566586267671e+01
5.197251990051540815e+01 -1.923355176986268589e+01
5.154814923851540698e+01 -1.923374237686269339e+01
5.112377864151540052e+01 -1.923404529086269577e+01
5.069940811851529361e+01 -1.923443889586269506e+01
5.027503767251528188e+01 -1.923490895386268562e+01
4.985066730151538650e+01 -1.923544205186269096e+01
4.942629700151542238e+01 -1.923602937286267434e+01
4.900192676951542126e+01 -1.923666387186267457e+01
4.857755660151542543e+01 -1.923733962786269558e+01
4.815318649251526040e+01 -1.923805163186267464e+01
4.772881643851542321e+01 -1.923879562386269981e+01
4.730444643451528464e+01 -1.923956795886269333e+01
4.688007647851532056e+01 -1.924036568286268789e+01
4.645570656651534591e+01 -1.924118694086268988e+01
4.603133669451540300e+01 -1.924202835986270088e+01
4.560696686051528559e+01 -1.924288894186270227e+01
4.518259706051526337e+01 -1.924376606286267588e+01
4.475822729351534690e+01 -1.924465906786269898e+01
4.433385755551535112e+01 -1.924556570386269527e+01
4.390948784551528661e+01 -1.924648529786267659e+01
4.348511816151540188e+01 -1.924741656986267913e+01
4.306074849951528449e+01 -1.924835826586269150e+01
4.263637885951538919e+01 -1.924930954586270104e+01
4.221200923951528239e+01 -1.925026989686267598e+01
4.178763963751521260e+01 -1.925123815086269019e+01
4.136327005251541777e+01 -1.925221361186268609e+01
4.093890048251523694e+01 -1.925319562686269137e+01
4.051453092551537338e+01 -1.925418358286268017e+01
4.009016138251536177e+01 -1.925517690286270067e+01
3.966579184951524439e+01 -1.925617504486268672e+01
3.924142232751523807e+01 -1.925717753586269509e+01
3.881705281351537451e+01 -1.925818383486267749e+01
3.839268330851541577e+01 -1.925919348286268473e+01
3.796831380951539359e+01 -1.926020604986268836e+01
3.754394431751529737e+01 -1.926122112886270088e+01
3.711957483051537565e+01 -1.926223833386268325e+01
3.669520534751541163e+01 -1.926325729686269028e+01
3.627083586751541588e+01 -1.926427768086267633e+01
3.584646639051538841e+01 -1.926529912986268300e+01
3.542209691451535036e+01 -1.926632131786269042e+01
3.499772744051529116e+01 -1.926734394286268071e+01
3.457335796651523196e+01 -1.926836666486269678e+01
3.414898849251540014e+01 -1.926938924386269036e+01
3.372461901651536209e+01 -1.927041140386268125e+01
3.330024953951533462e+01 -1.927143288186269388e+01
3.287588006051532830e+01 -1.927245342386268590e+01
3.245151057851535370e+01 -1.927347268986270024e+01
3.202714109251542141e+01 -1.927449043886269919e+01
3.160277160151531461e+01 -1.927550646986267679e+01
3.117840210751523955e+01 -1.927652055686269250e+01
3.075403260751522794e+01 -1.927753247786267821e+01
3.032966310151527978e+01 -1.927854201486269403e+01
2.990529358951539507e+01 -1.927954895786268708e+01
2.948092407151534644e+01 -1.928055310086267582e+01
2.905655454551538242e+01 -1.928155424086267544e+01
2.863218501251526504e+01 -1.928255217886268724e+01
2.820781547151523228e+01 -1.928354652286267878e+01
2.778344592051530526e+01 -1.928453687586269893e+01
2.735907636051524605e+01 -1.928552335986267963e+01
2.693470679151528202e+01 -1.928650578386267966e+01
2.651033721251542374e+01 -1.928748396086268713e+01
2.608596762251522705e+01 -1.928845770386269010e+01
2.566159802351535291e+01 -1.928942682786268392e+01
2.523722841251537830e+01 -1.929039114686267453e+01
2.481285878951530322e+01 -1.929135030086268898e+01
2.438848915351536562e+01 -1.929230347986268157e+01
2.396411950551532755e+01 -1.929325120086269862e+01
2.353974984451542696e+01 -1.929419327886267865e+01
2.311538016751524083e+01 -1.929512765286267495e+01
2.269101047851540898e+01 -1.929605682886267459e+01
2.226664078251542378e+01 -1.929698298986269833e+01
2.184227106051525880e+01 -1.929789696986267700e+01
2.141790133751533176e+01 -1.929881094986268408e+01
2.099353153451534126e+01 -1.929968617286269250e+01
2.056916171951525030e+01 -1.930055607386267980e+01
2.014479190451538670e+01 -1.930142597586268494e+01
1.972042208951529574e+01 -1.930229587686270065e+01
1.929605227451543215e+01 -1.930316577786268795e+01
1.887168246051533060e+01 -1.930403567886267524e+01
1.844731264551523964e+01 -1.930490557986269096e+01
1.802294283051537604e+01 -1.930577548086267825e+01
1.759857301551528508e+01 -1.930664538186269397e+01
1.717420314151536331e+01 -1.930748570686267840e+01
1.674983322651542039e+01 -1.930830512886268480e+01
1.632546329951537700e+01 -1.930911844786268716e+01
1.590109334051521728e+01 -1.930991496486268488e+01
1.547672338151528493e+01 -1.931071148286270045e+01
1.505235339051523624e+01 -1.931149078586270207e+01
1.462798338051538849e+01 -1.931225921686268521e+01
1.420361334951530807e+01 -1.931301677386269944e+01
1.377924329951542859e+01 -1.931376316086269185e+01
1.335487322951530587e+01 -1.931449807086269743e+01
1.293050313951539465e+01 -1.931522118686268641e+01
1.250613302851525077e+01 -1.931593217786269179e+01
1.208176289551533955e+01 -1.931662938386267570e+01
1.165739273951521682e+01 -1.931731292286269763e+01
1.123302256251531617e+01 -1.931798320086269882e+01
1.080865236351542080e+01 -1.931863983586268319e+01
1.038428214351529277e+01 -1.931928243586267513e+01
9.959911902515386828e+00 -1.931991058686267593e+01
9.535541639515258794e+00 -1.932052386186268222e+01
9.111171354515363419e+00 -1.932112181486269264e+01
8.686801047515245955e+00 -1.932170397886270052e+01
8.262430715515392876e+00 -1.932226814086268973e+01
7.838060361515317709e+00 -1.932281511786268879e+01
7.413689985515247827e+00 -1.932334475086270231e+01
6.989319588515400028e+00 -1.932385648986269189e+01
6.564949168515340716e+00 -1.932434975886269513e+01
6.140578727515276114e+00 -1.932482395386267626e+01
5.716208264515216797e+00 -1.932527844286269669e+01
5.291837779515390139e+00 -1.932571256086268363e+01
4.867467274515320241e+00 -1.932612561186269318e+01
4.443096748515245054e+00 -1.932651686186270013e+01
4.018726202515381374e+00 -1.932688553986270108e+01
3.594355637515263879e+00 -1.932723138386268147e+01
3.169985051515368468e+00 -1.932755213086269919e+01
2.745614448515425465e+00 -1.932784768286268218e+01
2.321243827515218072e+00 -1.932811676586268845e+01
1.896873190515407259e+00 -1.932835886386268953e+01
1.472502537515310905e+00 -1.932857293186268066e+01
1.048131871515352032e+00 -1.932875786286268749e+01
6.237611935152926890e-01 -1.932891248686269137e+01
1.993905055153391004e-01 -1.932903556686270008e+01
-2.249801914847466833e-01 -1.932912578586268637e+01
-6.493508944847690145e-01 -1.932918175086268775e+01
-1.073721600484759620e+00 -1.932920197986268818e+01
-1.498092305484760800e+00 -1.932918528886267495e+01
-1.922463008484783131e+00 -1.932913214086269704e+01
-2.346833706484630966e+00 -1.932904393986268587e+01
-2.771204395484573979e+00 -1.932892225286269650e+01
-3.195575073484633322e+00 -1.932876823886269335e+01
-3.619945739484592195e+00 -1.932858300086269310e+01
-4.044316391484699125e+00 -1.932836758886267603e+01
-4.468687027484747887e+00 -1.932812300286269647e+01
-4.893057645484759632e+00 -1.932785012986269635e+01
-5.317428245484734362e+00 -1.932754934786268564e+01
-5.741798825484693225e+00 -1.932722202186269556e+01
-6.166169385484636223e+00 -1.932686899586269647e+01
-6.590539923484584506e+00 -1.932649107586269110e+01
-7.014910439484765448e+00 -1.932608902986268617e+01
-7.439280932484734876e+00 -1.932566359686268243e+01
-7.863651402484720165e+00 -1.932521548086268126e+01
-8.288021848484731890e+00 -1.932474535786269598e+01
-8.712392269484780627e+00 -1.932425387786270221e+01
-9.136762666484628426e+00 -1.932374165986269077e+01
-9.561133039484730034e+00 -1.932320930286269345e+01
-9.985503386484651855e+00 -1.932265737886268653e+01
-1.040987370948460011e+01 -1.932208643986268726e+01
-1.083424400648459596e+01 -1.932149701686267917e+01
-1.125861427748463939e+01 -1.932088962086268680e+01
-1.168298452348471983e+01 -1.932026474286269035e+01
-1.210735474448460991e+01 -1.931962285886268660e+01
-1.253172494048476437e+01 -1.931896432186269408e+01
-1.295609510848476020e+01 -1.931828825486269352e+01
-1.338046525148456567e+01 -1.931759655286268185e+01
-1.380483536848464610e+01 -1.931688963186269348e+01
-1.422920546148475296e+01 -1.931616789586269078e+01
-1.465357552048476464e+01 -1.931542692686269902e+01
-1.507794556448470757e+01 -1.931467713486267712e+01
-1.550231558548466637e+01 -1.931391451586267749e+01
-1.592668557548472563e+01 -1.931313480386268111e+01
-1.635105555348468442e+01 -1.931234866786269322e+01
-1.677542549148461148e+01 -1.931154067186270140e+01
-1.719979542648457027e+01 -1.931073183986268305e+01
-1.762416528748462952e+01 -1.930988453486267531e+01
-1.804853514748469934e+01 -1.930903722986269599e+01
-1.847290500848475858e+01 -1.930818992486268826e+01
-1.889727486848460103e+01 -1.930734261986268052e+01
-1.932164467048460210e+01 -1.930646673286270243e+01
-1.974601443348478824e+01 -1.930557196886269367e+01
-2.017038419748473643e+01 -1.930467720486268490e+01
-2.059475396048469520e+01 -1.930378244086267614e+01
-2.101912371048479145e+01 -1.930288182186268386e+01
-2.144349340548478722e+01 -1.930195499386269375e+01
-2.186786309948456619e+01 -1.930102816486268580e+01
-2.229223275148478933e+01 -1.930008224486269341e+01
-2.271660240248456830e+01 -1.929913585486269767e+01
-2.314097202248467511e+01 -1.929817535986268240e+01
-2.356534163248466029e+01 -1.929721072986268382e+01
-2.398971122548459789e+01 -1.929623868786268304e+01
-2.441408079648476814e+01 -1.929525727686268510e+01
-2.483845035148465286e+01 -1.929426860786267639e+01
-2.526281989048470678e+01 -1.929327292286268403e+01
-2.568718941248471310e+01 -1.929227046286268887e+01
-2.611155891948465069e+01 -1.929126147086267906e+01
-2.653592841148474690e+01 -1.929024618686267445e+01
-2.696029788748478495e+01 -1.928922451986269948e+01
-2.738466735048473311e+01 -1.928819692086267423e+01
-2.780903679948460194e+01 -1.928716382686269526e+01
-2.823340623548460826e+01 -1.928612548086269385e+01
-2.865777565948474148e+01 -1.928508212886268325e+01
-2.908214507148477423e+01 -1.928403401886268398e+01
-2.950651447248469594e+01 -1.928298140286267426e+01
-2.993088386248473398e+01 -1.928192453586268584e+01
-3.035525324248465040e+01 -1.928086367386268307e+01
-3.077962261448465142e+01 -1.927979908086268779e+01
-3.120399197648475820e+01 -1.927873102386269011e+01
-3.162836133048472220e+01 -1.927765977586270196e+01
-3.205273067748476024e+01 -1.927658561486268241e+01
-3.247710001848463435e+01 -1.927550882486269757e+01
-3.290146935248458249e+01 -1.927442969786270055e+01
-3.332583868148458350e+01 -1.927334853486269139e+01
-3.375020800648462682e+01 -1.927226564386268137e+01
-3.417457732748471244e+01 -1.927118133986269299e+01
-3.459894664648459184e+01 -1.927009595286267540e+01
-3.502331596248473033e+01 -1.926900981986267425e+01
-3.544768527748465203e+01 -1.926792328986269354e+01
-3.587205459348479053e+01 -1.926683672486268506e+01
-3.629642390948470165e+01 -1.926575050286268720e+01
-3.672079322748459163e+01 -1.926466496586269272e+01
-3.714516254848467725e+01 -1.926358058986269839e+01
-3.756953187348472056e+01 -1.926249776886268705e+01
-3.799390120348471100e+01 -1.926141694186267728e+01
-3.841827054048462742e+01 -1.926033857086270018e+01
-3.884263988348470775e+01 -1.925926313686269964e+01
-3.926700923648468233e+01 -1.925819114486267836e+01
-3.969137859848478911e+01 -1.925712318986268201e+01
-4.011574797348475840e+01 -1.925605989686269481e+01
-4.054011736048460079e+01 -1.925500178286267783e+01
-4.096448676248473930e+01 -1.925394947186268269e+01
-4.138885617948471918e+01 -1.925290362686268963e+01
-4.181322561548472549e+01 -1.925186524386268161e+01
-4.223759507148474768e+01 -1.925083498786267455e+01
-4.266196454848477515e+01 -1.924981354286268243e+01
-4.308633404948477619e+01 -1.924880209286268951e+01
-4.351070357748471906e+01 -1.924780168686268667e+01
-4.393507313148461435e+01 -1.924681297386268852e+01
-4.435944271848461540e+01 -1.924583803886270061e+01
-4.478381233748473278e+01 -1.924487720886267539e+01
-4.520818199248469682e+01 -1.924393294186268122e+01
-4.563255168648470317e+01 -1.924300586886269571e+01
-4.605692142348470952e+01 -1.924209885586267887e+01
-4.648129120548469473e+01 -1.924121323586268772e+01
-4.690566103648461649e+01 -1.924035125586269146e+01
-4.733003092148464930e+01 -1.923951604986268649e+01
-4.775440086348476143e+01 -1.923871056886270026e+01
-4.817877086648468321e+01 -1.923793800786268093e+01
-4.860314093548458914e+01 -1.923720244486267461e+01
-4.902751107448466428e+01 -1.923650859486269837e+01
-4.945188128748463896e+01 -1.923586201386268613e+01
-4.987625158148466653e+01 -1.923527065386269896e+01
-5.030062195748473641e+01 -1.923474133686269738e+01
-5.072499241848458951e+01 -1.923428551086269067e+01
-5.114936296248470171e+01 -1.923391560686269486e+01
-5.157373358448467116e+01 -1.923364996886269296e+01
-5.199810426648468820e+01 -1.923351258986269841e+01
-5.242247457048461001e+01 -1.923389891886267833e+01
-5.284684010848468461e+01 -1.923591503286269244e+01
-5.327119505348468920e+01 -1.923954106986269608e+01
-5.369553472448478715e+01 -1.924465702586269344e+01
-5.411985784448461345e+01 -1.925100151486267919e+01
-5.454416477848462819e+01 -1.925835281986269365e+01
-5.496845666548460940e+01 -1.926652906886269534e+01
-5.539273802048478501e+01 -1.927523597186268489e+01
-5.581701350548473783e+01 -1.928422522686270213e+01
-5.624128906148462193e+01 -1.929321116086268262e+01
-5.666557093848473414e+01 -1.930189232786267439e+01
-5.708986557748471569e+01 -1.930992413886269787e+01
-5.751417715248476270e+01 -1.931699570786270215e+01
-5.793850943648476459e+01 -1.932267699786268622e+01
-5.836286021748469466e+01 -1.932672546086268994e+01
-5.878722539548471104e+01 -1.932874522986267607e+01
-5.921159504748470681e+01 -1.932811675586268052e+01
-5.963594904648471129e+01 -1.932449790986268567e+01
-6.006026008848471065e+01 -1.931747401186268576e+01
-6.048448634148462588e+01 -1.930646994286269091e+01
-6.090857244348467248e+01 -1.929100021786268826e+01
-6.133244958048476292e+01 -1.927060896886268893e+01
-6.175602887748459580e+01 -1.924476592286268328e+01
-6.217919867848468130e+01 -1.921291317486267758e+01
-6.260181287748469003e+01 -1.917439259386267736e+01
-6.302371959948459335e+01 -1.912878655086268509e+01
-6.344473154448473906e+01 -1.907556132086267553e+01
-6.386463352848477371e+01 -1.901419900086267489e+01
-6.428318258148465247e+01 -1.894420607086269115e+01
-6.470010912048473983e+01 -1.886512240986269262e+01
-6.511511934348459363e+01 -1.877653046286269500e+01
-6.552788863248474627e+01 -1.867802335186269147e+01
-6.593806639548461135e+01 -1.856923308786269899e+01
-6.634533033748471098e+01 -1.845000477186269450e+01
-6.674933564648472384e+01 -1.832016813186268678e+01
-6.714974284248478398e+01 -1.817962972886269313e+01
-6.754622617348468339e+01 -1.802837491586268470e+01
-6.793848196048475074e+01 -1.786646745586267571e+01
-6.832614127648457725e+01 -1.769384138286270058e+01
-6.870897477548464849e+01 -1.751076678286267452e+01
-6.908682584848475017e+01 -1.731761985686267735e+01
-6.945952172248462375e+01 -1.711469690686269018e+01
-6.982669928648465429e+01 -1.690195144586269294e+01
-7.018851679548470202e+01 -1.668021496186267427e+01
-7.054474747448466587e+01 -1.644960622386270188e+01
-7.089540750948458481e+01 -1.621061293086268051e+01
-7.124048513248476411e+01 -1.596362516286268374e+01
-7.158005444848458865e+01 -1.570911656386269328e+01
-7.191365658848462772e+01 -1.544684597786269364e+01
-7.222884960848477931e+01 -1.516286180286269314e+01
-7.262368996748477912e+01 -1.509092111686268822e+01
-7.304806067448475915e+01 -1.509092111686268822e+01
-7.347243138048474975e+01 -1.509092111686268822e+01
-7.389680208748472978e+01 -1.509092111686268822e+01
-7.432117279348472039e+01 -1.509092111686268822e+01
-7.474554349948471099e+01 -1.509092111686268822e+01
-7.516991420648469102e+01 -1.509092111686268822e+01
-7.559428491248468163e+01 -1.509092111686268822e+01
-7.601865561948466166e+01 -1.509092111686268822e+01
-7.644302632548465226e+01 -1.509092111686268822e+01
-7.686739703248463229e+01 -1.509092111686268822e+01
-7.729176773848462290e+01 -1.509092111686268822e+01
-7.771613844448461350e+01 -1.509092111686268822e+01
-7.814050915148459353e+01 -1.509092111686268822e+01
-7.856487985748458414e+01 -1.509092111686268822e+01
-7.898925056448479154e+01 -1.509092111686268822e+01
-7.941362127048478214e+01 -1.509092111686268822e+01
-7.983799197748476217e+01 -1.509092111686268822e+01
-8.026236268348475278e+01 -1.509092111686268822e+01
-8.068673338948474338e+01 -1.509092111686268822e+01
-8.111110409648472341e+01 -1.509092111686268822e+01
-8.153547480248471402e+01 -1.509092111686268822e+01
-8.195984550948469405e+01 -1.509092111686268822e+01
-8.238421621548468465e+01 -1.509092111686268822e+01
-8.280858692248466468e+01 -1.509092111686268822e+01
-8.323295762848465529e+01 -1.509092111686268822e+01
-8.365732833448464589e+01 -1.509092111686268822e+01
-8.408169904148462592e+01 -1.509092111686268822e+01
-8.450606974748461653e+01 -1.509092111686268822e+01
-8.493044045448459656e+01 -1.509092111686268822e+01
-8.535481116048458716e+01 -1.509092111686268822e+01
-8.577918186748456719e+01 -1.509092111686268822e+01
-8.620355257348478517e+01 -1.509092111686268822e+01
-8.662792327948477578e+01 -1.509092111686268822e+01
-8.705229398648475581e+01 -1.509092111686268822e+01
-8.747666469248474641e+01 -1.509092111686268822e+01
-8.790103539948472644e+01 -1.509092111686268822e+01
-8.832540610548471705e+01 -1.509092111686268822e+01
-8.874977681248469707e+01 -1.509092111686268822e+01
-8.917414751848468768e+01 -1.509092111686268822e+01
-8.959851822448467829e+01 -1.509092111686268822e+01
-9.002288893148465831e+01 -1.509092111686268822e+01
-9.044725963748464892e+01 -1.509092111686268822e+01
-9.087163034448462895e+01 -1.509092111686268822e+01
-9.129600105048461955e+01 -1.509092111686268822e+01
-9.172037175748459958e+01 -1.509092111686268822e+01
-9.214474246348459019e+01 -1.509092111686268822e+01
-9.256911316948458079e+01 -1.509092111686268822e+01
-9.299348387648478820e+01 -1.509092111686268822e+01
-9.341785458248477880e+01 -1.509092111686268822e+01
-9.384222528948475883e+01 -1.509092111686268822e+01
-9.426659599548474944e+01 -1.509092111686268822e+01
-9.469096670248472947e+01 -1.509092111686268822e+01
-9.511533740848472007e+01 -1.509092111686268822e+01
-9.553970811448471068e+01 -1.509092111686268822e+01
-9.596407882148469071e+01 -1.509092111686268822e+01
-9.638844952748468131e+01 -1.509092111686268822e+01
-9.681282023448466134e+01 -1.509092111686268822e+01
-9.723719094048465195e+01 -1.509092111686268822e+01
-9.766156164748463198e+01 -1.509092111686268822e+01
-9.808593235348462258e+01 -1.509092111686268822e+01
-9.851030305948461319e+01 -1.509092111686268822e+01
-9.893467376648459322e+01 -1.509092111686268822e+01
-9.935904447248458382e+01 -1.509092111686268822e+01
-9.978341517948479122e+01 -1.509092111686268822e+01
-1.002077858854847818e+02 -1.509092111686268822e+01
-1.006321565924847619e+02 -1.509092111686268822e+01
-1.010565272984847525e+02 -1.509092111686268822e+01
-1.014808980044847431e+02 -1.509092111686268822e+01
-1.019052687114847231e+02 -1.509092111686268822e+01
-1.023296394174847137e+02 -1.509092111686268822e+01
-1.027540101244846937e+02 -1.509092111686268822e+01
-1.031783808304846843e+02 -1.509092111686268822e+01
-1.036027515374846644e+02 -1.509092111686268822e+01
-1.040271222434846550e+02 -1.509092111686268822e+01
-1.044514929494846456e+02 -1.509092111686268822e+01
-1.048758636564846256e+02 -1.509092111686268822e+01
-1.053002343624846162e+02 -1.509092111686268822e+01
-1.057246050694845962e+02 -1.509092111686268822e+01
-1.061489757754845868e+02 -1.509092111686268822e+01
-1.065733464824845669e+02 -1.509092111686268822e+01
-1.069977171884847849e+02 -1.509092111686268822e+01
-1.074220878944847755e+02 -1.509092111686268822e+01
-1.078464586014846418e+02 -1.509092111686268822e+01
-1.082708293074846324e+02 -1.509092111686268822e+01
-1.086952000144847261e+02 -1.509092111686268822e+01
-1.091195707204847167e+02 -1.509092111686268822e+01
-1.095439414274846968e+02 -1.509092111686268822e+01
-1.099683121334846874e+02 -1.509092111686268822e+01
-1.103926828404846674e+02 -1.509092111686268822e+01
-1.108170535464846580e+02 -1.509092111686268822e+01
-1.112414242524846486e+02 -1.509092111686268822e+01
-1.116657949594846286e+02 -1.509092111686268822e+01
-1.120901656654847329e+02 -1.509092111686268822e+01
-1.125145363724847130e+02 -1.509092111686268822e+01
-1.129389070784847036e+02 -1.509092111686268822e+01
-1.133632777854846836e+02 -1.509092111686268822e+01
-1.137876484914846742e+02 -1.509092111686268822e+01
-1.142120191974846648e+02 -1.509092111686268822e+01
-1.146363899044846448e+02 -1.509092111686268822e+01
-1.150607606104846354e+02 -1.509092111686268822e+01
-1.153038518964847299e+02 -1.489645885386269697e+01
-1.153323552054846459e+02 -1.447304668286270157e+01
-1.153596467154847005e+02 -1.404955453586268277e+01
-1.153862779184846659e+02 -1.362602028486267614e+01
-1.154127464394846356e+02 -1.320247582086270199e+01
-1.154395092514846510e+02 -1.277894987686269701e+01
-1.154669965904846549e+02 -1.235547040486270021e+01
-1.154956196814846408e+02 -1.193206625986269387e+01
-1.155257943634846924e+02 -1.150877001386268716e+01
-1.155579022944847338e+02 -1.108561624786267430e+01
-1.155923382314846322e+02 -1.066264581886269980e+01
-1.156294909164846558e+02 -1.023990548786269983e+01
-1.156698423304846983e+02 -9.817458719862685257e+00
-1.157138344454846219e+02 -9.395375913862693551e+00
-1.157619098074846988e+02 -8.973739118862681607e+00
-1.158146003844847201e+02 -8.552654620862682577e+00
-1.158724723434846737e+02 -8.132251592862701273e+00
-1.159361103284846877e+02 -7.712683544862699137e+00
-1.160061921074847078e+02 -7.294144529862677473e+00
-1.160834739514847342e+02 -6.876876087862683562e+00
-1.161688036954847121e+02 -6.461180243862685302e+00
-1.162631349224847099e+02 -6.047436269862686231e+00
-1.163675419474847104e+02 -5.636122240862675881e+00
-1.164832348924846883e+02 -5.227842638862682634e+00
-1.166116179164846471e+02 -4.823378646862693131e+00
-1.167543429364847043e+02 -4.423756144862693418e+00
-1.169132157454846492e+02 -4.030282869862674033e+00
-1.170903150534846873e+02 -3.644681419862678240e+00
-1.172879406854847275e+02 -3.269203010862696601e+00
-1.175085317554846824e+02 -2.906763434862682516e+00
-1.177545702254847129e+02 -2.561125206862698178e+00
-1.180282448714847305e+02 -2.236971830862700017e+00
-1.183310517754846387e+02 -1.939903085862681564e+00
-1.186631742164846628e+02 -1.676076038862674977e+00
-1.190229418884846382e+02 -1.451458902862697187e+00
-1.194066663084846596e+02 -1.270814445862697539e+00
-1.198090342794846492e+02 -1.136704287862698948e+00
-1.202240174994847166e+02 -1.048964701862701077e+00
-1.206459457714846621e+02 -1.005183511862696832e+00
