-1.190671018110813435e+02 -1.392218705469001065e+02
-1.187137063465968936e+02 -1.392180390577679532e+02
-1.183603108101027317e+02 -1.392142076406454407e+02
-1.180069153456182676e+02 -1.392103762235229567e+02
-1.176535198811337608e+02 -1.392065447343908033e+02
-1.173001244166492398e+02 -1.392027133172682909e+02
-1.169467289521647899e+02 -1.391988819001457784e+02
-1.165933334876802832e+02 -1.391950504830232660e+02
-1.162399379511861213e+02 -1.391912189938911411e+02
-1.158865424867016714e+02 -1.391873875767686286e+02
-1.155331470222171504e+02 -1.391835561596461162e+02
-1.151797515577326436e+02 -1.391797246705139628e+02
-1.148263560932481795e+02 -1.391758932533914503e+02
-1.144729606287636727e+02 -1.391720618362689663e+02
-1.141195650922695677e+02 -1.391682304191464539e+02
-1.137661696277850609e+02 -1.391643989300143005e+02
-1.134127741633005400e+02 -1.391605675128918165e+02
-1.130593786988160900e+02 -1.391567360957693040e+02
-1.127059832343315833e+02 -1.391529046786467916e+02
-1.123525877698470623e+02 -1.391490731895146666e+02
-1.119991923053626124e+02 -1.391452417723921542e+02
-1.116457967688684505e+02 -1.391414103552696417e+02
-1.112924013043839295e+02 -1.391375788661374884e+02
-1.109390058398994796e+02 -1.391337474490149759e+02
-1.105856103754149729e+02 -1.391299160318924635e+02
-1.102322149109304519e+02 -1.391260846147699795e+02
-1.098788194464460020e+02 -1.391222531256378261e+02
-1.095254239099518401e+02 -1.391184217085153136e+02
-1.091720284454673902e+02 -1.391145902913928296e+02
-1.088186329809828692e+02 -1.391107588022606762e+02
-1.084652375164983624e+02 -1.391069273851381638e+02
-1.081118420520139125e+02 -1.391030959680156514e+02
-1.077584465875293915e+02 -1.390992645508931389e+02
-1.074050510510352296e+02 -1.390954330617610140e+02
-1.070516558025797309e+02 -1.390915828501214548e+02
-1.066982606981434003e+02 -1.390877147800902094e+02
-1.063448656657167817e+02 -1.390838467100589639e+02
-1.059914705612805221e+02 -1.390799786400277185e+02
-1.056380755288539035e+02 -1.390761105699964730e+02
-1.052846804244176440e+02 -1.390722424999652276e+02
-1.049312853199813702e+02 -1.390683744299339821e+02
-1.045778902875546947e+02 -1.390645062878930673e+02
-1.042244951831184352e+02 -1.390606382178618219e+02
-1.038711000786821614e+02 -1.390567701478306049e+02
-1.035177050462555428e+02 -1.390529020777993594e+02
-1.031643099418192833e+02 -1.390490340077681140e+02
-1.028109149093926646e+02 -1.390451659377368685e+02
-1.024575198049564051e+02 -1.390412978677056230e+02
-1.021041247005200745e+02 -1.390374297976743776e+02
-1.017507296680934559e+02 -1.390335617276431321e+02
-1.013973345636571963e+02 -1.390296936576118867e+02
-1.010439395312305777e+02 -1.390258255875806412e+02
-1.006905444267943182e+02 -1.390219575175493958e+02
-1.003371493223580444e+02 -1.390180893755085094e+02
-9.998375428993136893e+01 -1.390142213054772640e+02
-9.963035918549509518e+01 -1.390103532354460185e+02
-9.927696408105883563e+01 -1.390064851654147731e+02
-9.892356904863221700e+01 -1.390026170953835276e+02
-9.857017394419595746e+01 -1.389987490253522822e+02
-9.821677891176933883e+01 -1.389948809553210367e+02
-9.786338380733307929e+01 -1.389910128852897913e+02
-9.750998870289674869e+01 -1.389871448152585458e+02
-9.715659367047013006e+01 -1.389832767452273004e+02
-9.680319856603387052e+01 -1.389794086751960549e+02
-9.644980346159759677e+01 -1.389755405331551685e+02
-9.609640842917099235e+01 -1.389716724631239231e+02
-9.574301332473471859e+01 -1.389678043930926776e+02
-9.538961829230809997e+01 -1.389639363230614322e+02
-9.503622318787176937e+01 -1.389600682530301867e+02
-9.468282808343550982e+01 -1.389562001829989413e+02
-9.432943305100889120e+01 -1.389523321129676958e+02
-9.397603744250514524e+01 -1.389485125054267769e+02
-9.362264168998203218e+01 -1.389447065077085597e+02
-9.326924593745897596e+01 -1.389409005820000118e+02
-9.291585018493593395e+01 -1.389370945842817946e+02
-9.256245443241282089e+01 -1.389332885865635774e+02
-9.220905867988976468e+01 -1.389294825888453886e+02
-9.185566292736672267e+01 -1.389256765911271714e+02
-9.150226717484366645e+01 -1.389218706654185951e+02
-9.114887142232055339e+01 -1.389180646677003779e+02
-9.079547566979749718e+01 -1.389142586699821607e+02
-9.044207991727445517e+01 -1.389104526722639434e+02
-9.008868416475139895e+01 -1.389066467465553956e+02
-8.973528841222828589e+01 -1.389028407488371784e+02
-8.938189265970524389e+01 -1.388990347511189611e+02
-8.902849690718218767e+01 -1.388952287534007723e+02
-8.867510115465907461e+01 -1.388914227556825267e+02
-8.832170540213603260e+01 -1.388876168299739788e+02
-8.796830964961297639e+01 -1.388838108322557616e+02
-8.761491389708992017e+01 -1.388800048345375444e+02
-8.726151814456680711e+01 -1.388761988368193556e+02
-8.690812239204376510e+01 -1.388723929111107793e+02
-8.655472663952070889e+01 -1.388685869133925621e+02
-8.620133088699759583e+01 -1.388647809156743449e+02
-8.584793513447455382e+01 -1.388609749179561561e+02
-8.549453938195149760e+01 -1.388571689202379389e+02
-8.514114362942845560e+01 -1.388533629945293626e+02
-8.478774787690532833e+01 -1.388495569968111454e+02
-8.443435212438228632e+01 -1.388457509990929566e+02
-8.408095637185923010e+01 -1.388419450013747394e+02
-8.372756061933618810e+01 -1.388381390756661631e+02
-8.337416486681307504e+01 -1.388343330779479743e+02
-8.302076911429001882e+01 -1.388305270802297287e+02
-8.266737336176697681e+01 -1.388267210825115399e+02
-8.231397760924386375e+01 -1.388229150847933226e+02
-8.196058185672080754e+01 -1.388191091590847464e+02
-8.160718610419775132e+01 -1.388153031613665576e+02
-8.125379035167470931e+01 -1.388114971636483403e+02
-8.090039459915159625e+01 -1.388076911659301231e+02
-8.054699884662854004e+01 -1.388038870404626550e+02
-8.019360150989332681e+01 -1.388002323350062568e+02
-7.984020417315811358e+01 -1.387965777015594995e+02
-7.948680683642282929e+01 -1.387929229961031012e+02
-7.913340949968760185e+01 -1.387892682906467030e+02
-7.878001209094273349e+01 -1.387856135851903048e+02
-7.842661475420752026e+01 -1.387819588797339065e+02
-7.807321741747229282e+01 -1.387783041742775083e+02
-7.771982008073702275e+01 -1.387746494688211101e+02
-7.736642274400179531e+01 -1.387709948353743812e+02
-7.701302540726658208e+01 -1.387673401299179829e+02
-7.665962799852171372e+01 -1.387636854244615847e+02
-7.630623066178642944e+01 -1.387600307190051865e+02
-7.595283332505121621e+01 -1.387563760135487883e+02
-7.559943598831598877e+01 -1.387527213080923900e+02
-7.524603865158077554e+01 -1.387490666026359918e+02
-7.489264131484554810e+01 -1.387454119691892345e+02
-7.453924390610062289e+01 -1.387417572637328362e+02
-7.418584656936539545e+01 -1.387381025582764380e+02
-7.383244923263018222e+01 -1.387344478528200398e+02
-7.347905189589496899e+01 -1.387307931473636415e+02
-7.312565455915974155e+01 -1.387271384419072433e+02
-7.277225722242445727e+01 -1.387234837364508451e+02
-7.241885981367958891e+01 -1.387198290309944753e+02
-7.206546247694437568e+01 -1.387161743975477179e+02
-7.171206514020916245e+01 -1.387125196920913197e+02
-7.135866780347387817e+01 -1.387088649866349215e+02
-7.100527046673865073e+01 -1.387052102811785232e+02
-7.065187313000343750e+01 -1.387015555757221250e+02
-7.029847579326822427e+01 -1.386979008702657552e+02
-6.994507838452335591e+01 -1.386942461648093570e+02
-6.959168104778807162e+01 -1.386905915313625712e+02
-6.923828371105284418e+01 -1.386869368259061730e+02
-6.888488637431763095e+01 -1.386832821204497748e+02
-6.853148903758241772e+01 -1.386796274149934050e+02
-6.817809170084719028e+01 -1.386759727095370067e+02
-6.782469429210226508e+01 -1.386723180040806085e+02
-6.747129695536703764e+01 -1.386686632986242103e+02
-6.711789961863182441e+01 -1.386650086651774529e+02
-6.676450228189661118e+01 -1.386613539597210547e+02
-6.641110386501669893e+01 -1.386578030201615093e+02
-6.605770407995358084e+01 -1.386543971080247672e+02
-6.570430422288080763e+01 -1.386509912678976377e+02
-6.535090436580803441e+01 -1.386475854277705366e+02
-6.499750458074491632e+01 -1.386441795156337662e+02
-6.464410472367214311e+01 -1.386407736755066651e+02
-6.429070486659936989e+01 -1.386373678353795640e+02
-6.393730508153625181e+01 -1.386339619232427935e+02
-6.358390522446347859e+01 -1.386305560831157209e+02
-6.323050536739070537e+01 -1.386271502429885913e+02
-6.287710558232752334e+01 -1.386237443308518493e+02
-6.252370572525475012e+01 -1.386203384907247482e+02
-6.217030586818197690e+01 -1.386169326505976187e+02
-6.181690608311885882e+01 -1.386135268104705176e+02
-6.146350622604608560e+01 -1.386101208983337472e+02
-6.111010636897331239e+01 -1.386067150582066461e+02
-6.075670651190053917e+01 -1.386033092180795450e+02
-6.040330672683742108e+01 -1.385999033059427745e+02
-6.004990686976464787e+01 -1.385964974658156734e+02
-5.969650701269187465e+01 -1.385930916256885723e+02
-5.934310722762875656e+01 -1.385896857135518019e+02
-5.898970737055598335e+01 -1.385862798734247008e+02
-5.863630751348321013e+01 -1.385828740332975997e+02
-5.828290772842009204e+01 -1.385794681211608292e+02
-5.792950787134731883e+01 -1.385760622810337281e+02
-5.757610801427454561e+01 -1.385726564409066270e+02
-5.722270822921142752e+01 -1.385692505287698566e+02
-5.686930837213865431e+01 -1.385658446886427555e+02
-5.651590851506588109e+01 -1.385624388485156544e+02
-5.616250873000276300e+01 -1.385590330083885533e+02
-5.580910887292998979e+01 -1.385556270962517829e+02
-5.545570901585721657e+01 -1.385522212561246818e+02
-5.510230923079409848e+01 -1.385488154159975807e+02
-5.474890937372132527e+01 -1.385454095038608102e+02
-5.439550951664855205e+01 -1.385420036637337091e+02
-5.404210973158543396e+01 -1.385385978236066080e+02
-5.368870987451266075e+01 -1.385351919114698376e+02
-5.333531001743988753e+01 -1.385317860713427365e+02
-5.298191023237676944e+01 -1.385283802312156354e+02
-5.262850965520762259e+01 -1.385250505052821097e+02
-5.227510641368156996e+01 -1.385220180351585668e+02
-5.192170317215551023e+01 -1.385189854930254114e+02
-5.156830000263909852e+01 -1.385159529508922276e+02
-5.121489676111316669e+01 -1.385129204807686847e+02
-5.086149351958710696e+01 -1.385098879386355009e+02
-5.050809027806105433e+01 -1.385068554685119580e+02
-5.015468703653499460e+01 -1.385038229263788025e+02
-4.980128379500906277e+01 -1.385007903842456187e+02
-4.944788055348300304e+01 -1.384977579141220758e+02
-4.909447731195694331e+01 -1.384947253719888920e+02
-4.874107407043088358e+01 -1.384916929018653775e+02
-4.838767082890483096e+01 -1.384886603597321937e+02
-4.803426758737889912e+01 -1.384856278175990099e+02
-4.768086441786248741e+01 -1.384825953474754670e+02
-4.732746117633642768e+01 -1.384795628053422831e+02
-4.697405793481036795e+01 -1.384765303352187686e+02
-4.662065469328431533e+01 -1.384734977930855848e+02
-4.626725145175838350e+01 -1.384704652509524010e+02
-4.591384821023232377e+01 -1.384674327808288581e+02
-4.556044496870626404e+01 -1.384644002386957027e+02
-4.520704172718020430e+01 -1.384613677685721598e+02
-4.485363848565414457e+01 -1.384583352264389760e+02
-4.450023524412821985e+01 -1.384553026843057921e+02
-4.414683200260216012e+01 -1.384522702141822492e+02
-4.379342883308574841e+01 -1.384492376720490938e+02
-4.344002559155968868e+01 -1.384462052019255509e+02
-4.308662235003362895e+01 -1.384431726597923671e+02
-4.273321910850770422e+01 -1.384401401176591833e+02
-4.237981586698164449e+01 -1.384371076475356404e+02
-4.202641262545558476e+01 -1.384340751054024850e+02
-4.167300938392952503e+01 -1.384310426352789420e+02
-4.131960614240346530e+01 -1.384280100931457582e+02
-4.096620290087753347e+01 -1.384249775510125744e+02
-4.061279965935148084e+01 -1.384219450808890599e+02
-4.025939641782542111e+01 -1.384189125387558761e+02
-3.990599324830900940e+01 -1.384158800686323332e+02
-3.955259000678294967e+01 -1.384128475264991778e+02
-3.919918424491940101e+01 -1.384101377315899128e+02
-3.884577668281473706e+01 -1.384076590156278996e+02
-3.849236912071007310e+01 -1.384051803716755273e+02
-3.813896155860540915e+01 -1.384027016557135141e+02
-3.778555399650073809e+01 -1.384002230117611418e+02
-3.743214643439607414e+01 -1.383977443678087695e+02
-3.707873894430105821e+01 -1.383952656518467563e+02
-3.672533138219639426e+01 -1.383927870078943840e+02
-3.637192382009173031e+01 -1.383903082919323708e+02
-3.601851625798705925e+01 -1.383878296479799985e+02
-3.566510869588239530e+01 -1.383853509320179853e+02
-3.531170113377773134e+01 -1.383828722880656130e+02
-3.495829357167306739e+01 -1.383803935721035998e+02
-3.460488600956839633e+01 -1.383779149281512275e+02
-3.425147851947338040e+01 -1.383754362841988552e+02
-3.389807095736871645e+01 -1.383729575682368420e+02
-3.354466339526405250e+01 -1.383704789242844697e+02
-3.319125583315938854e+01 -1.383680002083224565e+02
-3.283784827105471749e+01 -1.383655215643700842e+02
-3.248444070895005353e+01 -1.383630428484080994e+02
-3.213103314684538958e+01 -1.383605642044556987e+02
-3.177762558474072208e+01 -1.383580855605033264e+02
-3.142421809464570615e+01 -1.383556068445413416e+02
-3.107081053254104219e+01 -1.383531282005889693e+02
-3.071740297043637469e+01 -1.383506494846269561e+02
-3.036399540833171073e+01 -1.383481708406745838e+02
-3.001058784622704323e+01 -1.383456921247125706e+02
-2.965718028412237572e+01 -1.383432134807601983e+02
-2.930377272201771177e+01 -1.383407348368078260e+02
-2.895036515991304427e+01 -1.383382561208458128e+02
-2.859695759780838031e+01 -1.383357774768934405e+02
-2.824355010771336438e+01 -1.383332987609314273e+02
-2.789014254560869688e+01 -1.383308201169790550e+02
-2.753673498350403293e+01 -1.383283414010170418e+02
-2.718332742139936542e+01 -1.383258627570646695e+02
-2.682991611479316418e+01 -1.383240308317240874e+02
-2.647650365603282197e+01 -1.383224008934346330e+02
-2.612309112526270027e+01 -1.383207710271547910e+02
-2.576967866650222660e+01 -1.383191410888653081e+02
-2.541626613573210491e+01 -1.383175111505758537e+02
-2.506285367697163480e+01 -1.383158812842960401e+02
-2.470944121821116113e+01 -1.383142513460065572e+02
-2.435602868744116734e+01 -1.383126214077170744e+02
-2.400261622868069722e+01 -1.383109914694276199e+02
-2.364920369791057553e+01 -1.383093616031477779e+02
-2.329579123915010186e+01 -1.383077316648583235e+02
-2.294237878038963174e+01 -1.383061017265688406e+02
-2.258896624961963795e+01 -1.383044718602889986e+02
-2.223555379085916428e+01 -1.383028419219995442e+02
-2.188214126008904259e+01 -1.383012119837100613e+02
-2.152872880132857247e+01 -1.382995820454205784e+02
-2.117531634256809880e+01 -1.382979521791407649e+02
-2.082190381179810501e+01 -1.382963222408513104e+02
-2.046849135303763489e+01 -1.382946923025618275e+02
-2.011507882226751320e+01 -1.382930624362820140e+02
-1.976166636350704309e+01 -1.382914324979925311e+02
-1.940825390474656942e+01 -1.382898025597030767e+02
-1.905484137397644773e+01 -1.382881726214135938e+02
-1.870142891521610551e+01 -1.382865427551337518e+02
-1.834801645645563184e+01 -1.382849128168442974e+02
-1.799460392568551015e+01 -1.382832828785548145e+02
-1.764119146692504003e+01 -1.382816529402653600e+02
-1.728777893615491834e+01 -1.382800230739855181e+02
-1.693436647739457257e+01 -1.382783931356960352e+02
-1.658095401863410245e+01 -1.382767631974065807e+02
-1.622754148786398076e+01 -1.382751333311267672e+02
-1.587412550063092098e+01 -1.382748373714903494e+02
-1.552070936937869128e+01 -1.382746101090542368e+02
-1.516729316611681000e+01 -1.382743827746084833e+02
-1.481387696285480260e+01 -1.382741554401627013e+02
-1.446046083160257290e+01 -1.382739281057169478e+02
-1.410704462834056372e+01 -1.382737007712711943e+02
-1.375362849708833402e+01 -1.382734734368254124e+02
-1.340021229382632661e+01 -1.382732461023796589e+02
-1.304679616257409513e+01 -1.382730188399435463e+02
-1.269337995931221563e+01 -1.382727915054977643e+02
-1.233996375605020646e+01 -1.382725641710520108e+02
-1.198654762479797675e+01 -1.382723368366062573e+02
-1.163313142153596935e+01 -1.382721095021604754e+02
-1.127971529028373787e+01 -1.382718821677147218e+02
-1.092629908702173047e+01 -1.382716548332689683e+02
-1.057288295576949899e+01 -1.382714275708328273e+02
-1.021946675250761949e+01 -1.382712002363870738e+02
-9.866050549245612089e+00 -1.382709729019413203e+02
-9.512634417993380609e+00 -1.382707455674955384e+02
-9.159218214731373209e+00 -1.382705182330497848e+02
-8.805802083479143505e+00 -1.382702908986040313e+02
-8.452385880217134329e+00 -1.382700636361678903e+02
-8.098969748964904625e+00 -1.382698363017221368e+02
-7.745553545703024234e+00 -1.382696089672763833e+02
-7.392137342441015946e+00 -1.382693816328306013e+02
-7.038724235593823764e+00 -1.382701138268896841e+02
-6.685316457460207751e+00 -1.382725607145891047e+02
-6.331908679326592626e+00 -1.382750076022885253e+02
-5.978500901192977501e+00 -1.382774544899879174e+02
-5.625093123059362377e+00 -1.382799013776873380e+02
-5.271685344925746364e+00 -1.382823482653867586e+02
-4.918277566792259137e+00 -1.382847950810765383e+02
-4.564869788658644012e+00 -1.382872419687759304e+02
-4.211462010525028887e+00 -1.382896888564753510e+02
-3.858054232391413318e+00 -1.382921357441747716e+02
-3.504646454257797750e+00 -1.382945826318741922e+02
-3.151238676124182625e+00 -1.382970295195735844e+02
-2.797830897990567056e+00 -1.382994764072730050e+02
-2.444423119857079829e+00 -1.383019232229627846e+02
-2.091015341723464260e+00 -1.383043701106622052e+02
-1.737607563589848914e+00 -1.383068169983616258e+02
-1.384199785456233567e+00 -1.383092638860610180e+02
-1.030792007322618220e+00 -1.383117107737604385e+02
-6.773842291890029843e-01 -1.383141576614598591e+02
-3.239835800102109920e-01 -1.383172222478845583e+02
2.938768923400085151e-02 -1.383228631233387489e+02
3.827588864684349224e-01 -1.383285039987929679e+02
7.361301557126467277e-01 -1.383341448022374891e+02
1.089501352947080948e+00 -1.383397856776917081e+02
1.442872550181642843e+00 -1.383454265531458987e+02
1.796243819425726862e+00 -1.383510674286000892e+02
2.149615016660288980e+00 -1.383567082320446389e+02
2.502985997865773360e+00 -1.383623626453118902e+02
2.856355970936415911e+00 -1.383680835954900772e+02
3.209725944006930565e+00 -1.383738045456682926e+02
3.563095845067794976e+00 -1.383795254958465080e+02
3.916465818138437527e+00 -1.383852463740150540e+02
4.269835719199302382e+00 -1.383909673241932694e+02
4.623205692269817035e+00 -1.383966882743714564e+02
4.976575593330809788e+00 -1.384024091525400024e+02
5.329945566401324442e+00 -1.384081301027182178e+02
5.683315467462188408e+00 -1.384138510528964332e+02
6.036685440532830960e+00 -1.384195719310649793e+02
6.390055341593695815e+00 -1.384252928812431946e+02
6.743425314664210468e+00 -1.384310138314213816e+02
7.096795215725203221e+00 -1.384367347095899561e+02
7.450165188795717874e+00 -1.384424556597681431e+02
7.803535089856582729e+00 -1.384481766099463584e+02
8.156905062927224392e+00 -1.384538975601245738e+02
8.510274963988090136e+00 -1.384596184382931199e+02
8.863644937058603901e+00 -1.384653393884713068e+02
9.217014838119597542e+00 -1.384710603386495222e+02
9.570384811190111307e+00 -1.384767812168180683e+02
9.923754712251103172e+00 -1.384825021669962837e+02
1.027712468532161871e+01 -1.384882231171744706e+02
1.063049321819926440e+01 -1.384940292547614149e+02
1.098386146303843880e+01 -1.384998538988268137e+02
1.133722970787748352e+01 -1.385056784708825717e+02
1.169059795271653002e+01 -1.385115031149479705e+02
1.204396619755570441e+01 -1.385173276870037284e+02
1.239733444239475091e+01 -1.385231523310691557e+02
1.275070268723392530e+01 -1.385289769031249136e+02
1.310407093207297002e+01 -1.385348015471903125e+02
1.345743917691214442e+01 -1.385406261192460704e+02
1.381080742175119092e+01 -1.385464507633114977e+02
1.416417566659023741e+01 -1.385522753353672272e+02
1.451754391142941003e+01 -1.385580999794326544e+02
1.487091215626845653e+01 -1.385639246234980533e+02
1.522428040110763092e+01 -1.385697491955538112e+02
1.557764864594667742e+01 -1.385755738396192100e+02
1.593101689078585181e+01 -1.385813984116749964e+02
1.628438513562489831e+01 -1.385872230557403952e+02
1.663775338046394481e+01 -1.385930476277961532e+02
1.699112162530311565e+01 -1.385988722718615520e+02
1.734448987014216215e+01 -1.386046968439173099e+02
1.769785811498133654e+01 -1.386105214879827372e+02
1.805122635982038304e+01 -1.386163460600384667e+02
1.840459460465955743e+01 -1.386221707041038940e+02
1.875796284949860393e+01 -1.386279952761596519e+02
1.911133109433765043e+01 -1.386338199202250507e+02
1.946469933917682482e+01 -1.386396444922808371e+02
1.981806758401587132e+01 -1.386454691363462359e+02
2.017143582885504216e+01 -1.386512937084019939e+02
2.052480407369408866e+01 -1.386571183524673927e+02
2.087817231853326305e+01 -1.386629429245231506e+02
2.123154056337230955e+01 -1.386687675685885495e+02
2.158490880821135605e+01 -1.386745921406443358e+02
2.193827705305053044e+01 -1.386804167847097347e+02
2.229164529788957694e+01 -1.386862413567654926e+02
2.264501195851658011e+01 -1.386921598293968998e+02
2.299837811507603647e+01 -1.386981111384259009e+02
2.335174427163536492e+01 -1.387040623754452611e+02
2.370511035618517326e+01 -1.387100136844742622e+02
2.405847651274462962e+01 -1.387159649935032917e+02
2.441184266930408597e+01 -1.387219163025322928e+02
2.476520882586354233e+01 -1.387278676115612939e+02
2.511857491041321921e+01 -1.387338188485806540e+02
2.547194106697267557e+01 -1.387397701576096836e+02
2.582530722353213193e+01 -1.387457214666386847e+02
2.617867330808194026e+01 -1.387516727756676858e+02
2.653203946464139662e+01 -1.387576240846967153e+02
2.688540562120072508e+01 -1.387635753937257164e+02
2.723877170575052986e+01 -1.387695266307450765e+02
2.759213786230998622e+01 -1.387754779397740776e+02
2.794550401886944258e+01 -1.387814292488031072e+02
2.829887010341925091e+01 -1.387873805578321083e+02
2.865223625997857937e+01 -1.387933318668611093e+02
2.900560241653803573e+01 -1.387992831758901389e+02
2.935896850108784051e+01 -1.388052344129094990e+02
2.971233465764729686e+01 -1.388111857219385001e+02
3.006570081420662532e+01 -1.388171370309675012e+02
3.041906697076608168e+01 -1.388230883399965307e+02
3.077243305531588646e+01 -1.388290396490255318e+02
3.112579921187534282e+01 -1.388349908860449204e+02
3.147916536843479918e+01 -1.388409421950738931e+02
3.183253145298460751e+01 -1.388468935041029226e+02
3.218589760954393597e+01 -1.388528448131319237e+02
3.253926376610338878e+01 -1.388587961221609248e+02
3.289262985065320066e+01 -1.388647474311899543e+02
3.324599600721265347e+01 -1.388706986682093145e+02
3.359936216377198548e+01 -1.388766499772383440e+02
3.395272824832179026e+01 -1.388826012862673167e+02
3.430609440488124307e+01 -1.388885525952963462e+02
3.465946056144070297e+01 -1.388945039043253473e+02
3.501282664599050776e+01 -1.389004552133543484e+02
3.536619280254983977e+01 -1.389064064503737370e+02
3.571955895910929257e+01 -1.389123577594027381e+02
3.607292504365909735e+01 -1.389183090684317676e+02
3.642629120021855726e+01 -1.389242603774607403e+02
3.677965735677801007e+01 -1.389302116864897698e+02
3.713302351333734208e+01 -1.389361629235091300e+02
3.748638959788714686e+01 -1.389421142325381311e+02
3.783975438626338672e+01 -1.389481458323201082e+02
3.819311780645627152e+01 -1.389542539063438369e+02
3.854648129865893935e+01 -1.389603619803676224e+02
3.889984479086147928e+01 -1.389664700543913796e+02
3.925320821105449909e+01 -1.389725781284151367e+02
3.960657170325716692e+01 -1.389786862024388938e+02
3.995993512345005882e+01 -1.389847942764626509e+02
4.031329861565272665e+01 -1.389909022784767672e+02
4.066666203584561856e+01 -1.389970103525005243e+02
4.102002552804828639e+01 -1.390031184265242814e+02
4.137338894824117119e+01 -1.390092265005480670e+02
4.172675244044383902e+01 -1.390153345745717957e+02
4.208011586063673093e+01 -1.390214426485955528e+02
4.243347935283939876e+01 -1.390275507226193383e+02
4.278684277303229067e+01 -1.390336587966430955e+02
4.314020626523495849e+01 -1.390397667986572117e+02
4.349356968542784330e+01 -1.390458748726809688e+02
4.384693317763051112e+01 -1.390519829467047259e+02
4.420029666983305106e+01 -1.390580910207284830e+02
4.455366009002607086e+01 -1.390641990947522402e+02
4.490702358222861079e+01 -1.390703071687759973e+02
4.526038700242163060e+01 -1.390764152427997828e+02
4.561375049462429843e+01 -1.390825233168235115e+02
4.596711391481718323e+01 -1.390886313908472971e+02
4.632047740701985106e+01 -1.390947393928614133e+02
4.667384082721274297e+01 -1.391008474668851704e+02
4.702720431941541079e+01 -1.391069555409089276e+02
4.738056773960830270e+01 -1.391130636149326847e+02
4.773393123181097053e+01 -1.391191716889564418e+02
4.808729465200386244e+01 -1.391252797629801989e+02
4.844065814420653027e+01 -1.391313878370039561e+02
4.879402163640907020e+01 -1.391374959110277416e+02
4.914738505660208290e+01 -1.391436039130418294e+02
4.950074854880462283e+01 -1.391497119870656149e+02
4.985411196899764263e+01 -1.391558200610893437e+02
5.020747546120018256e+01 -1.391619281351131292e+02
5.056083888139320237e+01 -1.391680362091368863e+02
5.091420237359574230e+01 -1.391741442831606435e+02
5.126756579378875500e+01 -1.391802523571844006e+02
5.162092928599142283e+01 -1.391863604312081577e+02
5.197429270618431474e+01 -1.391924684332222739e+02
5.232765619838698257e+01 -1.391985765072460310e+02
5.268101961857987448e+01 -1.392046845812697882e+02
5.303438311078254230e+01 -1.392107926552935737e+02
5.338774660298508223e+01 -1.392169007293173308e+02
5.374111002317810204e+01 -1.392230088033410880e+02
5.409447351538064197e+01 -1.392291168773648451e+02
5.444783693557365467e+01 -1.392352249513886022e+02
5.480120042777619460e+01 -1.392413330254123593e+02
5.515456384796921441e+01 -1.392474410274264756e+02
5.550792481983426541e+01 -1.392536931207380064e+02
5.586128478356434357e+01 -1.392599996533403441e+02
5.621464474729442884e+01 -1.392663062579523228e+02
5.656800471102437911e+01 -1.392726127905546321e+02
5.692136467475446437e+01 -1.392789193231569698e+02
5.727472463848454254e+01 -1.392852258557592791e+02
5.762808460221462070e+01 -1.392915323883616168e+02
5.798144456594457807e+01 -1.392978389929735670e+02
5.833480460168430426e+01 -1.393041455255759047e+02
5.868816456541438953e+01 -1.393104520581782140e+02
5.904152452914446769e+01 -1.393167585907805517e+02
5.939488449287455296e+01 -1.393230651953925019e+02
5.974824445660450323e+01 -1.393293717279948396e+02
6.010160442033458139e+01 -1.393356782605971489e+02
6.045496438406466666e+01 -1.393419847931994866e+02
6.080832434779474482e+01 -1.393482913978114652e+02
6.116168438353435022e+01 -1.393545979304137745e+02
6.151504434726442838e+01 -1.393609044630161122e+02
6.186840431099451365e+01 -1.393672109956184215e+02
6.222176427472459181e+01 -1.393735175282207592e+02
6.257512423845466998e+01 -1.393798241328327094e+02
6.292848420218462735e+01 -1.393861306654350187e+02
6.328184416591470551e+01 -1.393924371980373564e+02
6.363520412964479078e+01 -1.393987437306396657e+02
6.398856409337486895e+01 -1.394050503352516444e+02
6.434192412911460224e+01 -1.394113568678539821e+02
6.469528409284454540e+01 -1.394176634004562914e+02
6.504864405657463067e+01 -1.394239699330586291e+02
6.540200402030471594e+01 -1.394302764656609384e+02
6.575536398403480121e+01 -1.394365830702729170e+02
6.610872394776474437e+01 -1.394428896028752263e+02
6.646208391149482964e+01 -1.394491961354775640e+02
6.681544387522491490e+01 -1.394555026680798733e+02
6.716880391096464109e+01 -1.394618092726918519e+02
6.752216387469472636e+01 -1.394681158052941612e+02
6.787552383842466952e+01 -1.394744223378964989e+02
6.822888380215475479e+01 -1.394807288704988082e+02
6.858224376588484006e+01 -1.394870354031011459e+02
6.893560372961491112e+01 -1.394933420077131245e+02
6.928896369334499639e+01 -1.394996485403154338e+02
6.964232365707495376e+01 -1.395059550729177715e+02
6.999568362080503903e+01 -1.395122616055200808e+02
7.034904365654476521e+01 -1.395185682101320310e+02
7.070240362027485048e+01 -1.395248747427343687e+02
7.105576358400479364e+01 -1.395311812753367064e+02
7.140912354773487891e+01 -1.395374878079390157e+02
7.176248351146496418e+01 -1.395437944125509944e+02
7.211584347519503524e+01 -1.395501009451533321e+02
7.246920343892512051e+01 -1.395564074777556414e+02
7.282256340265507788e+01 -1.395627140103579507e+02
7.317592343839480407e+01 -1.395690205429602884e+02
7.352928340212488934e+01 -1.395753271475722386e+02
7.388264336585496039e+01 -1.395816336801745763e+02
7.423600332958491776e+01 -1.395879402127768856e+02
7.458935875670744053e+01 -1.395944977709978332e+02
7.494271396780101213e+01 -1.396010634663085170e+02
7.529606925090423886e+01 -1.396076291616192009e+02
7.564942446199782466e+01 -1.396141947849202438e+02
7.600277974510103718e+01 -1.396207604802309277e+02
7.635613495619449509e+01 -1.396273261755416115e+02
7.670949023929770760e+01 -1.396338918708522954e+02
7.706284552240093433e+01 -1.396404575661630076e+02
7.741620073349450593e+01 -1.396470232614736915e+02
7.776955601659773265e+01 -1.396535888847747344e+02
7.812291122769131846e+01 -1.396601545800854183e+02
7.847626651079440308e+01 -1.396667202753961021e+02
7.882962172188798888e+01 -1.396732859707067860e+02
7.918297700499120140e+01 -1.396798516660174698e+02
7.953633228809442812e+01 -1.396864173613281537e+02
7.988968749918801393e+01 -1.396929829846291966e+02
8.024304278229122644e+01 -1.396995486799398805e+02
8.059639799338468436e+01 -1.397061143752505643e+02
8.094975327648789687e+01 -1.397126800705612766e+02
8.130310848758148268e+01 -1.397192457658719604e+02
8.165646377068469519e+01 -1.397258114611826443e+02
8.200981905378792192e+01 -1.397323770844836872e+02
8.236317426488150772e+01 -1.397389427797943711e+02
8.271652954798459234e+01 -1.397455084751050549e+02
8.306988475907817815e+01 -1.397520741704157388e+02
8.342324004218139066e+01 -1.397586398657264226e+02
8.377659525327497647e+01 -1.397652055610371065e+02
8.412995053637818899e+01 -1.397717711843381494e+02
8.448330581948141571e+01 -1.397783368796488332e+02
8.483666103057487362e+01 -1.397849025749595455e+02
8.519001631367808614e+01 -1.397914682702702294e+02
8.554337152477167194e+01 -1.397980339655809132e+02
8.589672680787488446e+01 -1.398045996608915971e+02
8.625008201896847027e+01 -1.398111652841926400e+02
8.660343730207169699e+01 -1.398177309795033239e+02
8.695679258517478161e+01 -1.398242966748140077e+02
8.731014779626836741e+01 -1.398308623701246916e+02
8.766350307937157993e+01 -1.398374280654353754e+02
8.801685829046516574e+01 -1.398439937607460877e+02
8.837021357356837825e+01 -1.398505593840471022e+02
8.872356878466196406e+01 -1.398571250793578145e+02
8.907692406776506289e+01 -1.398636907746684983e+02
8.943027935086827540e+01 -1.398702564699791822e+02
8.978363456196186121e+01 -1.398768221652898660e+02
9.013698984506507372e+01 -1.398833878606005499e+02
9.049034505615865953e+01 -1.398899534839015928e+02
9.084370033926188626e+01 -1.398965191792122766e+02
9.119705555035545785e+01 -1.399030848745229605e+02
9.155041083345855668e+01 -1.399096505698336443e+02
9.190376611656176919e+01 -1.399162162651443282e+02
9.225712132765535500e+01 -1.399227819604550405e+02
9.261047661075856752e+01 -1.399293475837560834e+02
9.296383182185215333e+01 -1.399359132790667672e+02
9.331718710495538005e+01 -1.399424789743774511e+02
9.367054231604882375e+01 -1.399490446696881349e+02
9.402389205440951514e+01 -1.399559026521433793e+02
9.437724056860616884e+01 -1.399628207626512619e+02
9.473058908280282253e+01 -1.399697388731591445e+02
9.508393759699946202e+01 -1.399766569836670556e+02
9.543728611119624361e+01 -1.399835750941749382e+02
9.579063469740255243e+01 -1.399904932046828208e+02
9.614398321159919192e+01 -1.399974113151907034e+02
9.649733172579584561e+01 -1.400043294256986144e+02
9.685068023999249931e+01 -1.400112475362064970e+02
9.720402875418915301e+01 -1.400181656467143796e+02
9.755737734039557552e+01 -1.400250837572222622e+02
9.791072585459222921e+01 -1.400320018677301732e+02
9.826407436878888291e+01 -1.400389199782380558e+02
9.861742288298552239e+01 -1.400458380887459384e+02
9.897077139718217609e+01 -1.400527561992538210e+02
9.932411991137895768e+01 -1.400596743097617320e+02
9.967746849758525229e+01 -1.400665924202695862e+02
1.000308170117819060e+02 -1.400735105307774973e+02
1.003841655259785597e+02 -1.400804286412853799e+02
1.007375140401752134e+02 -1.400873467517932909e+02
1.010908625543719808e+02 -1.400942648623011735e+02
1.014442111405782896e+02 -1.401011829728090561e+02
1.017975596547749433e+02 -1.401081010833169387e+02
1.021509081689715828e+02 -1.401150191218151804e+02
1.025042566831682365e+02 -1.401219372323230914e+02
1.028576051973648902e+02 -1.401288553428309740e+02
1.032109537835713127e+02 -1.401357734533388566e+02
1.035643022977679664e+02 -1.401426915638467392e+02
1.039176508119646201e+02 -1.401496096743546502e+02
1.042709993261612738e+02 -1.401565277848625044e+02
1.046243478403579132e+02 -1.401634458953704154e+02
1.049776964265643500e+02 -1.401703640058782980e+02
1.053310449407609894e+02 -1.401772821163861806e+02
1.056843934549576431e+02 -1.401842002268940917e+02
1.060377419691542968e+02 -1.401911183374019743e+02
1.063910904833509505e+02 -1.401980364479098569e+02
1.067444390695572451e+02 -1.402049545584177395e+02
1.070977875837540267e+02 -1.402118726689256221e+02
1.074511360979506804e+02 -1.402187907794335331e+02
1.078044846121473199e+02 -1.402257088899414157e+02
1.081578331263439736e+02 -1.402326270004492983e+02
1.085111817125502824e+02 -1.402395451109571809e+02
1.088645302267470498e+02 -1.402464632214650919e+02
1.092178787409437035e+02 -1.402533813319729745e+02
1.095712272551403572e+02 -1.402602994424808571e+02
1.099245757693370109e+02 -1.402672175529887397e+02
1.102779242835336504e+02 -1.402741355914869814e+02
1.106312728697399592e+02 -1.402810537019948924e+02
1.109846213839367408e+02 -1.402879718125027750e+02
1.113379698981333803e+02 -1.402948899230106576e+02
1.116913184123300340e+02 -1.403018080335185402e+02
1.120446669265266877e+02 -1.403087261440264513e+02
1.123980155127329823e+02 -1.403156442545343339e+02
1.127513640269297639e+02 -1.403225623650422165e+02
1.131047033238919965e+02 -1.403299349284127118e+02
1.134580415407096154e+02 -1.403373600588232364e+02
1.138113798295367616e+02 -1.403447851892337610e+02
1.141647180463543805e+02 -1.403522103196442856e+02
1.145180562631719994e+02 -1.403596354500548102e+02
1.148713944799896041e+02 -1.403670605804653349e+02
1.152247327688168781e+02 -1.403744857108758595e+02
1.155780709856344970e+02 -1.403819107692767432e+02
1.159314092024521159e+02 -1.403893358996872678e+02
1.162847474912792478e+02 -1.403967610300977924e+02
1.166380857080968667e+02 -1.404041861605083170e+02
1.169914239249144856e+02 -1.404116112909188416e+02
1.173447621417321045e+02 -1.404190364213293662e+02
1.176981004305593643e+02 -1.404264615517398909e+02
1.180514386473769832e+02 -1.404338866101407746e+02
1.184047768641944742e+02 -1.404413117405512992e+02
1.187581151530217483e+02 -1.404487368709618238e+02
1.191114533698393672e+02 -1.404561620013723484e+02
1.194647915866569861e+02 -1.404635871317828730e+02
1.198181298034745907e+02 -1.404710122621933976e+02
1.201714680923018648e+02 -1.404784373926039223e+02
1.205248063091193558e+02 -1.404858624510048060e+02
1.208781445259369747e+02 -1.404932875814153306e+02
1.212314828147642345e+02 -1.405007127118258552e+02
1.215848210315818534e+02 -1.405081378422363798e+02
1.219381592483994723e+02 -1.405155629726469044e+02
1.222914974652170912e+02 -1.405229881030574290e+02
1.226448357540442231e+02 -1.405304132334679537e+02
1.229981739708618420e+02 -1.405378382918688374e+02
1.233515121876794609e+02 -1.405452634222793620e+02
1.237048504765067349e+02 -1.405526885526898866e+02
1.240581886933243538e+02 -1.405601136831004112e+02
1.244115269101419727e+02 -1.405675388135109358e+02
1.247648651269595774e+02 -1.405749639439214604e+02
1.251182034157867236e+02 -1.405823890743319851e+02
1.254715416326043425e+02 -1.405898141327328688e+02
1.258248798494219614e+02 -1.405972392631433934e+02
1.261782181382492212e+02 -1.406046643935539180e+02
1.265315563550668401e+02 -1.406120895239644426e+02
1.268848945718844590e+02 -1.406195146543749672e+02
1.272382327887019500e+02 -1.406269397847854918e+02
1.275915710775292098e+02 -1.406343648431863755e+02
1.279449092943468287e+02 -1.406417899735969002e+02
1.282982475111644476e+02 -1.406492151040074248e+02
1.286515857999917216e+02 -1.406566402344179494e+02
1.290049240168093263e+02 -1.406640653648284740e+02
1.293582622336269594e+02 -1.406714904952389986e+02
1.297116004504444504e+02 -1.406789156256495232e+02
1.300649387392716960e+02 -1.406863406840504069e+02
1.304182769560893291e+02 -1.406937658144609316e+02
1.307716019231324083e+02 -1.407017904971664848e+02
1.311249226416066449e+02 -1.407100073736116030e+02
1.314782433600807394e+02 -1.407182242500566929e+02
1.318315640785548624e+02 -1.407264411265018111e+02
1.321848847970289569e+02 -1.407346580029469294e+02
1.325382055155030798e+02 -1.407428748793920192e+02
1.328915262339773165e+02 -1.407510917558371375e+02
1.332448468804417701e+02 -1.407593086322822273e+02
1.335981675989158930e+02 -1.407675255087273456e+02
1.339514883173899875e+02 -1.407757423851724639e+02
1.343048090358641105e+02 -1.407839592616175537e+02
1.346581297543382334e+02 -1.407921760660530310e+02
1.350114504728124700e+02 -1.408003929424981209e+02
1.353647711912865645e+02 -1.408086098189432391e+02
1.357180919097606875e+02 -1.408168266953883574e+02
1.360714126282347820e+02 -1.408250435718334472e+02
1.364247333467089049e+02 -1.408332604482785655e+02
1.367780540651830279e+02 -1.408414773247236553e+02
1.371313747116475952e+02 -1.408496942011687736e+02
1.374846954301217181e+02 -1.408579110776138918e+02
1.378380161485958411e+02 -1.408661279540589817e+02
1.381913368670699356e+02 -1.408743448305040999e+02
1.385446575855440585e+02 -1.408825617069491898e+02
1.388979783040182951e+02 -1.408907785833943080e+02
1.392512990224923897e+02 -1.408989954598393979e+02
1.396046197409665126e+02 -1.409072123362845161e+02
1.399579404594406355e+02 -1.409154292127296344e+02
1.403112611779147301e+02 -1.409236460891747242e+02
1.406645818963888530e+02 -1.409318629656198425e+02
1.410179025428534487e+02 -1.409400798420649323e+02
1.413712232613275432e+02 -1.409482967185100506e+02
1.417245439798016662e+02 -1.409565135229454995e+02
1.420778646982757607e+02 -1.409647303993906178e+02
1.424311854167498836e+02 -1.409729472758357076e+02
1.427845061352241203e+02 -1.409811641522808259e+02
1.431378268536982432e+02 -1.409893810287259157e+02
1.434911475721723377e+02 -1.409975979051710340e+02
1.438444682906464607e+02 -1.410058147816161522e+02
1.441977890091205552e+02 -1.410140316580612421e+02
1.445511097275946781e+02 -1.410222485345063603e+02
1.449044303740592738e+02 -1.410304654109514502e+02
1.452577510925333684e+02 -1.410386822873965684e+02
1.456110718110074913e+02 -1.410468991638416583e+02
1.459643925294815858e+02 -1.410551160402867765e+02
1.456109919523124461e+02 -1.410584444700467088e+02
1.452575913751431926e+02 -1.410617728998066411e+02
1.449041907979740529e+02 -1.410651013295665450e+02
1.445507902928144119e+02 -1.410684296873168364e+02
1.441973897156451585e+02 -1.410717581170767687e+02
1.438439891384760188e+02 -1.410750865468367010e+02
1.434905885613067369e+02 -1.410784149765966333e+02
1.431371879841375971e+02 -1.410817434063565372e+02
1.427837874069683153e+02 -1.410850718361164695e+02
1.424303868297991755e+02 -1.410884002658764018e+02
1.420769862526299221e+02 -1.410917286956363341e+02
1.417235856754607823e+02 -1.410950570533866255e+02
1.413701850982915005e+02 -1.410983854831465294e+02
1.410167845211223607e+02 -1.411017139129064617e+02
1.406633839439530789e+02 -1.411050423426663656e+02
1.403099833667839391e+02 -1.411083707724263263e+02
1.399565827896146857e+02 -1.411116992021862302e+02
1.396031822844551868e+02 -1.411150276319461625e+02
1.392497817072859050e+02 -1.411183560617060948e+02
1.388963811301167652e+02 -1.411216844914660271e+02
1.385429805529475118e+02 -1.411250128492163185e+02
1.381895799757783720e+02 -1.411283412789762224e+02
1.378361793986090902e+02 -1.411316697087361547e+02
1.374827788214399504e+02 -1.411349981384960870e+02
1.371293782442706686e+02 -1.411383265682560193e+02
1.367759776671015288e+02 -1.411416549980159232e+02
1.364225770899322754e+02 -1.411449834277758555e+02
1.360691765127631356e+02 -1.411483118575357878e+02
1.357157759355938538e+02 -1.411516402152860792e+02
1.353623753584245719e+02 -1.411549686450459831e+02
1.350089748532651015e+02 -1.411582970748059154e+02
1.346555742760958196e+02 -1.411616255045658477e+02
1.343021736989266799e+02 -1.411649539343257800e+02
1.339487731217573980e+02 -1.411682823640856839e+02
1.335953725445882583e+02 -1.411716107938456446e+02
1.332419719674190048e+02 -1.411749392236055485e+02
1.328885713902498651e+02 -1.411782676533654808e+02
1.325351708130805832e+02 -1.411815960111157722e+02
1.321817702359114435e+02 -1.411849244408756761e+02
1.318283696587421616e+02 -1.411882528706356368e+02
1.314749690815730219e+02 -1.411915813003955407e+02
1.311215685044037684e+02 -1.411949097301554730e+02
1.307681679272346287e+02 -1.411982381599153769e+02
1.304147657658531898e+02 -1.412013743239261316e+02
1.300613586358064140e+02 -1.412039107916225475e+02
1.297079515057596382e+02 -1.412064473313286044e+02
1.293545443757127487e+02 -1.412089837990250203e+02
1.290011372456660013e+02 -1.412115203387310771e+02
1.286477300436095845e+02 -1.412140568064274930e+02
1.282943229135628087e+02 -1.412165933461335499e+02
1.279409157835159050e+02 -1.412191298138299658e+02
1.275875086534691434e+02 -1.412216663535360226e+02
1.272341015234223818e+02 -1.412242028212324385e+02
1.268806943933754781e+02 -1.412267393609384953e+02
1.265272871913190613e+02 -1.412292758286349112e+02
1.261738800612722997e+02 -1.412318123683409681e+02
1.258204729312255381e+02 -1.412343488360373840e+02
1.254670658011786344e+02 -1.412368853757434408e+02
1.251136586711318728e+02 -1.412394218434398567e+02
1.247602514690754560e+02 -1.412419583111362726e+02
1.244068443390286802e+02 -1.412444948508423295e+02
1.240534372089817907e+02 -1.412470313185387454e+02
1.237000300789350291e+02 -1.412495678582448022e+02
1.233466229488882533e+02 -1.412521043259412181e+02
1.229932158188413638e+02 -1.412546408656472749e+02
1.226398086167849470e+02 -1.412571773333436909e+02
1.222864014867381854e+02 -1.412597138730497477e+02
1.219329943566914096e+02 -1.412622503407461636e+02
1.215795872266445201e+02 -1.412647868804522204e+02
1.212261800965977585e+02 -1.412673233481486363e+02
1.208727728945413418e+02 -1.412698598878546647e+02
1.205193657644945660e+02 -1.412723963555511091e+02
1.201659586344476764e+02 -1.412749328952571659e+02
1.198125515044009148e+02 -1.412774693629535534e+02
1.194591443743541390e+02 -1.412800059026596387e+02
1.191057372443072495e+02 -1.412825423703560546e+02
1.187523300422508328e+02 -1.412850788380524421e+02
1.183989229122040570e+02 -1.412876153777585273e+02
1.180455157821572953e+02 -1.412901518454549148e+02
1.176921086521104058e+02 -1.412926883851609716e+02
1.173387015220636300e+02 -1.412952248528574160e+02
1.169852943920168684e+02 -1.412977613925634728e+02
1.166318871899604517e+02 -1.413002978602598603e+02
1.162784800599135622e+02 -1.413028343999659171e+02
1.159250729298667864e+02 -1.413053708676623330e+02
1.155716657998200247e+02 -1.413079074073683898e+02
1.152182586697732631e+02 -1.413104438750648342e+02
1.148648514677167185e+02 -1.413129804147708910e+02
1.145114443376699427e+02 -1.413155168824672785e+02
1.141580372076231811e+02 -1.413180534221733353e+02
1.138046300775762916e+02 -1.413205898898697512e+02
1.134512229475295157e+02 -1.413231264295758081e+02
1.130978158174827541e+02 -1.413256628972722524e+02
1.127444083273877311e+02 -1.413281468699382515e+02
1.123909978848973310e+02 -1.413301762457223845e+02
1.120375874424069309e+02 -1.413322056215065174e+02
1.116841770719260438e+02 -1.413342350693002913e+02
1.113307666294356437e+02 -1.413362644450844243e+02
1.109773561869452436e+02 -1.413382938208685573e+02
1.106239458164644844e+02 -1.413403231966526903e+02
1.102705353739740843e+02 -1.413423526444464926e+02
1.099171249314836700e+02 -1.413443820202305972e+02
1.095637145610027972e+02 -1.413464113960147586e+02
1.092103041185123971e+02 -1.413484408438085325e+02
1.088568936760219827e+02 -1.413504702195926654e+02
1.085034833055412378e+02 -1.413524995953767984e+02
1.081500728630508235e+02 -1.413545289711609314e+02
1.077966624205604234e+02 -1.413565584189547053e+02
1.074432520500796642e+02 -1.413585877947388383e+02
1.070898416075891362e+02 -1.413606171705229713e+02
1.067364311650987361e+02 -1.413626465463071042e+02
1.063830207946179769e+02 -1.413646759941008781e+02
1.060296103521275768e+02 -1.413667053698850111e+02
1.056761999096371767e+02 -1.413687347456691441e+02
1.053227895391564175e+02 -1.413707641214533055e+02
1.049693790966660174e+02 -1.413727935692470794e+02
1.046159686541754894e+02 -1.413748229450311840e+02
1.042625582836947302e+02 -1.413768523208153454e+02
1.039091478412043301e+02 -1.413788817686091193e+02
1.035557373987139158e+02 -1.413809111443932522e+02
1.032023270282331708e+02 -1.413829405201773852e+02
1.028489165857427565e+02 -1.413849698959615182e+02
1.024955061432522285e+02 -1.413869993437552921e+02
1.021420957727714836e+02 -1.413890287195394251e+02
1.017886853302810692e+02 -1.413910580953235581e+02
1.014352748877906691e+02 -1.413930874711076910e+02
1.010818645173099100e+02 -1.413951169189014649e+02
1.007284540748195099e+02 -1.413971462946855979e+02
1.003750436323291098e+02 -1.413991756704697309e+02
1.000216331898385818e+02 -1.414012051182635048e+02
9.966822281935782257e+01 -1.414032344940476378e+02
9.931481237686742247e+01 -1.414052638698317992e+02
9.896140193437700816e+01 -1.414072932456159322e+02
9.860799156389626319e+01 -1.414093226934097061e+02
9.825458112140584888e+01 -1.414113520691938390e+02
9.790117067891532088e+01 -1.414133814449779720e+02
9.754776030843457590e+01 -1.414154108207621050e+02
9.719434986594416159e+01 -1.414174402685558789e+02
9.684093942345376149e+01 -1.414194696443400119e+02
9.648752905297300231e+01 -1.414214990201241449e+02
9.613411861048260221e+01 -1.414235284679179188e+02
9.578070816799220211e+01 -1.414255578437020802e+02
9.542729779751131503e+01 -1.414275872194861847e+02
9.507388735502091492e+01 -1.414296165952703461e+02
9.472047691253051482e+01 -1.414316460430641200e+02
9.436706654204975564e+01 -1.414336754188482246e+02
9.401365609955935554e+01 -1.414357047946323860e+02
9.366024536903034914e+01 -1.414376741143734932e+02
9.330683312629882664e+01 -1.414393510029507866e+02
9.295342081155764902e+01 -1.414410279635377208e+02
9.260000856882612652e+01 -1.414427048521150141e+02
9.224659632609460402e+01 -1.414443817406923074e+02
9.189318401135344061e+01 -1.414460587012792132e+02
9.153977176862191811e+01 -1.414477355898565065e+02
9.118635952589039562e+01 -1.414494124784337998e+02
9.083294721114921799e+01 -1.414510894390207341e+02
9.047953496841769550e+01 -1.414527663275980274e+02
9.012612272568617300e+01 -1.414544432161753207e+02
8.977271041094500958e+01 -1.414561201047525856e+02
8.941929816821348709e+01 -1.414577970653395482e+02
8.906588592548196459e+01 -1.414594739539168131e+02
8.871247361074078697e+01 -1.414611508424941064e+02
8.835906136800926447e+01 -1.414628278030810407e+02
8.800564912527786987e+01 -1.414645046916583340e+02
8.765223681053669225e+01 -1.414661815802356273e+02
8.729882456780516975e+01 -1.414678585408225331e+02
8.694541232507364725e+01 -1.414695354293998548e+02
8.659200001033248384e+01 -1.414712123179771197e+02
8.623858776760096134e+01 -1.414728892785640539e+02
8.588517552486943885e+01 -1.414745661671413473e+02
8.553176321012826122e+01 -1.414762430557186406e+02
8.517835096739673872e+01 -1.414779200163055748e+02
8.482493872466521623e+01 -1.414795969048828681e+02
8.447152640992405281e+01 -1.414812737934601330e+02
8.411811416719253032e+01 -1.414829507540470956e+02
8.376470192446100782e+01 -1.414846276426243605e+02
8.341128960971983020e+01 -1.414863045312016538e+02
8.305787736698830770e+01 -1.414879814917885881e+02
8.270446512425678520e+01 -1.414896583803658530e+02
8.235105280951562179e+01 -1.414913352689431747e+02
8.199764056678409929e+01 -1.414930122295300805e+02
8.164422832405257680e+01 -1.414946891181073738e+02
8.129081600931139917e+01 -1.414963660066846671e+02
8.093740376657987667e+01 -1.414980429672716014e+02
8.058399152384835418e+01 -1.414997198558488947e+02
8.023057920910717655e+01 -1.415013967444261880e+02
7.987716696637578195e+01 -1.415030737050131222e+02
7.952375472364425946e+01 -1.415047505935904155e+02
7.917034240890309604e+01 -1.415064274821676804e+02
7.881693016617157355e+01 -1.415081043707449737e+02
7.846351792344005105e+01 -1.415097813313319079e+02
7.811010560869887343e+01 -1.415114582199091728e+02
7.775669336596735093e+01 -1.415131351084864946e+02
7.740328112323582843e+01 -1.415148120690734004e+02
7.704986880849466502e+01 -1.415164889576506937e+02
7.669645656576314252e+01 -1.415181658462279870e+02
7.634304425102196490e+01 -1.415198428068149212e+02
7.598963200829044240e+01 -1.415215196953922145e+02
7.563621976555891990e+01 -1.415231965839695079e+02
7.528280745081775649e+01 -1.415248735445564421e+02
7.492939520808623399e+01 -1.415265504331337354e+02
7.457598296535471150e+01 -1.415282273217110003e+02
7.422257065061353387e+01 -1.415298961452081699e+02
7.386915725572774249e+01 -1.415313138710770886e+02
7.351574386084195112e+01 -1.415327315969460358e+02
7.316233046595615974e+01 -1.415341493228149545e+02
7.280891707107024047e+01 -1.415355670486838733e+02
7.245550360417479396e+01 -1.415369847745527920e+02
7.210209020928900259e+01 -1.415384025724313801e+02
7.174867681440321121e+01 -1.415398202983002989e+02
7.139526341951729194e+01 -1.415412380241692176e+02
7.104185002463150056e+01 -1.415426557500381364e+02
7.068843662974570918e+01 -1.415440734759070835e+02
7.033502323485991781e+01 -1.415454912017759739e+02
6.998160983997412643e+01 -1.415469089996545620e+02
6.962819644508820716e+01 -1.415483267255234807e+02
6.927478305020241578e+01 -1.415497444513923995e+02
6.892136965531662440e+01 -1.415511621772613466e+02
6.856795618842117790e+01 -1.415525799031302654e+02
6.821454279353525862e+01 -1.415539976289991841e+02
6.786112939864946725e+01 -1.415554153548681029e+02
6.750771600376367587e+01 -1.415568331527466626e+02
6.715430260887788450e+01 -1.415582508786156097e+02
6.680088921399209312e+01 -1.415596686044845285e+02
6.644747581910617384e+01 -1.415610863303534472e+02
6.609406242422038247e+01 -1.415625040562223660e+02
6.574064902933459109e+01 -1.415639217820912847e+02
6.538723563444879971e+01 -1.415653395799698728e+02
6.503382216755322531e+01 -1.415667573058387916e+02
6.468040877266743394e+01 -1.415681750317077103e+02
6.432699537778164256e+01 -1.415695927575766575e+02
6.397358198289585118e+01 -1.415710104834455478e+02
6.362016858801005981e+01 -1.415724282093144950e+02
6.326675519312414053e+01 -1.415738459351834138e+02
6.291334179823834916e+01 -1.415752637330619734e+02
6.255992840335255778e+01 -1.415766814589309206e+02
6.220651500846676640e+01 -1.415780991847998393e+02
6.185310161358084002e+01 -1.415795169106687581e+02
6.149968821869504865e+01 -1.415809346365376769e+02
6.114627475179960925e+01 -1.415823523624065956e+02
6.079286135691381787e+01 -1.415837701602851837e+02
6.043944796202802650e+01 -1.415851878861541024e+02
6.008603456714210722e+01 -1.415866056120230212e+02
5.973262117225631584e+01 -1.415880233378919684e+02
5.937920777737052447e+01 -1.415894410637608587e+02
5.902579438248473309e+01 -1.415908587896298059e+02
5.867238098759880671e+01 -1.415922765154987246e+02
5.831896759271301534e+01 -1.415936943133772843e+02
5.796555419782722396e+01 -1.415951120392462315e+02
5.761214073093178456e+01 -1.415965297651151502e+02
5.725872733604599318e+01 -1.415979474909840690e+02
5.690531394116007391e+01 -1.415993652168529877e+02
5.655190054627428253e+01 -1.416007829427219065e+02
5.619848715138849116e+01 -1.416022007406004661e+02
5.584507375650269978e+01 -1.416036184664694133e+02
5.549166036161678051e+01 -1.416050361923383321e+02
5.513824675070203796e+01 -1.416063994069068315e+02
5.478483263571987294e+01 -1.416076186741971981e+02
5.443141844872793200e+01 -1.416088378694778953e+02
5.407800433374564619e+01 -1.416100571367682619e+02
5.372459014675370526e+01 -1.416112763320489876e+02
5.337117603177154024e+01 -1.416124955273297132e+02
5.301776191678924732e+01 -1.416137147946200798e+02
5.266434772979730639e+01 -1.416149339899007771e+02
5.231093361481502058e+01 -1.416161532571911437e+02
5.195751949983285556e+01 -1.416173724524718693e+02
5.160410531284091462e+01 -1.416185916477525666e+02
5.125069119785862881e+01 -1.416198109150429332e+02
5.089727701086668787e+01 -1.416210301103236588e+02
5.054386289588452286e+01 -1.416222493776139970e+02
5.019044878090222994e+01 -1.416234685728947511e+02
4.983703459391028900e+01 -1.416246877681754484e+02
4.948362047892800319e+01 -1.416259070354658149e+02
4.913020629193619015e+01 -1.416271262307465406e+02
4.877679217695389724e+01 -1.416283454980369072e+02
4.842337806197161143e+01 -1.416295646933176045e+02
4.806996387497967049e+01 -1.416307838885983301e+02
4.771654975999750548e+01 -1.416320031558886967e+02
4.736313564501521256e+01 -1.416332223511693940e+02
4.700972145802327873e+01 -1.416344416184597605e+02
4.665630734304098581e+01 -1.416356608137404862e+02
4.630289315604917277e+01 -1.416368800090212119e+02
4.594947904106687986e+01 -1.416380992763115785e+02
4.559606492608459405e+01 -1.416393184715922757e+02
4.524265073909278101e+01 -1.416405377388826423e+02
4.488923662411048809e+01 -1.416417569341633396e+02
4.453582250912819518e+01 -1.416429761294440937e+02
4.418240832213626135e+01 -1.416441953967344318e+02
4.382899420715409633e+01 -1.416454145920151575e+02
4.347558002016215539e+01 -1.416466338593055241e+02
4.312216590517986248e+01 -1.416478530545862498e+02
4.276875179019757667e+01 -1.416490723218765879e+02
4.241533760320576363e+01 -1.416502915171573136e+02
4.206192348822347071e+01 -1.416515107124380108e+02
4.170850930123152978e+01 -1.416527299797283774e+02
4.135509518624924397e+01 -1.416539491750091031e+02
4.100168107126707895e+01 -1.416551684422994697e+02
4.064826688427513801e+01 -1.416563876375801954e+02
4.029485276929284510e+01 -1.416576068328609210e+02
3.994143865431055929e+01 -1.416588261001512592e+02
3.958802446731874625e+01 -1.416600452954319849e+02
3.923461035233645333e+01 -1.416612645627223515e+02
3.888119616534451239e+01 -1.416624837580030487e+02
3.852778205036222658e+01 -1.416637029532837744e+02
3.817436793538006157e+01 -1.416649222205741410e+02
3.782095374838812063e+01 -1.416661414158548666e+02
3.746753934536722852e+01 -1.416672841368937554e+02
3.711412472631752024e+01 -1.416683466391893660e+02
3.676071010726768407e+01 -1.416694090694753356e+02
3.640729541620832066e+01 -1.416704714997613053e+02
3.605388079715860528e+01 -1.416715339300472749e+02
3.570046610609912108e+01 -1.416725963603332445e+02
3.534705148704940569e+01 -1.416736587906192142e+02
3.499363686799956952e+01 -1.416747212209051838e+02
3.464022217694020611e+01 -1.416757836511911535e+02
3.428680755789049783e+01 -1.416768460814770947e+02
3.393339286683100653e+01 -1.416779085117630643e+02
3.357997824778129825e+01 -1.416789709420490340e+02
3.322656362873145497e+01 -1.416800333723350036e+02
3.287314893767209156e+01 -1.416810958026209732e+02
3.251973431862225539e+01 -1.416821582329069429e+02
3.216631962756289198e+01 -1.416832206631929125e+02
3.181290500851318370e+01 -1.416842830934788822e+02
3.145949038946334397e+01 -1.416853455237648518e+02
3.110607569840398057e+01 -1.416864079540507930e+02
3.075266107935414084e+01 -1.416874703843367627e+02
3.039924638829478099e+01 -1.416885328146227323e+02
3.004583176924506915e+01 -1.416895952449087019e+02
2.969241707818558140e+01 -1.416906576751946716e+02
2.933900245913586957e+01 -1.416917201054806412e+02
2.898558784008602984e+01 -1.416927825357666109e+02
2.863217314902666999e+01 -1.416938449660525805e+02
2.827875852997695816e+01 -1.416949074683481911e+02
2.792534383891746685e+01 -1.416959698986341607e+02
2.757192921986775502e+01 -1.416970323289201303e+02
2.721851460081791529e+01 -1.416980947592060716e+02
2.686509990975855544e+01 -1.416991571894920412e+02
2.651168529070871571e+01 -1.417002196197780393e+02
2.615827059964935586e+01 -1.417012820500639805e+02
2.580485598059964403e+01 -1.417023444803499501e+02
2.545144136154980430e+01 -1.417034069106359198e+02
2.509802667049044445e+01 -1.417044693409218894e+02
2.474461205144060472e+01 -1.417055317712078590e+02
2.439119736038124131e+01 -1.417065942014938287e+02
2.403778274133152948e+01 -1.417076566317797699e+02
2.368436812228168975e+01 -1.417087190620657395e+02
2.333095343122232990e+01 -1.417097814923517376e+02
2.297753881217249017e+01 -1.417108439226376788e+02
2.262412412111313031e+01 -1.417119063529236485e+02
2.227070943005363901e+01 -1.417129359468119958e+02
2.191729437894602839e+01 -1.417138716401247223e+02
2.156387939984806934e+01 -1.417148074054470896e+02
2.121046434874045872e+01 -1.417157430987598161e+02
2.085704936964249967e+01 -1.417166788640821835e+02
2.050363439054453707e+01 -1.417176145573948816e+02
2.015021933943679855e+01 -1.417185503227172489e+02
1.979680436033883950e+01 -1.417194860160299754e+02
1.944338938124087690e+01 -1.417204217813523428e+02
1.908997433013326628e+01 -1.417213574746650409e+02
1.873655935103530723e+01 -1.417222932399874082e+02
1.838314429992756871e+01 -1.417232289333001347e+02
1.802972932082960611e+01 -1.417241646986225021e+02
1.767631434173164706e+01 -1.417251003919352286e+02
1.732289929062403644e+01 -1.417260361572575675e+02
1.696948431152607384e+01 -1.417269718505702940e+02
1.661606926041846322e+01 -1.417279076158926614e+02
1.626265428132037627e+01 -1.417288433092053879e+02
1.590923930222241545e+01 -1.417297790745277553e+02
1.555582425111480482e+01 -1.417307147678404533e+02
1.520240927201684400e+01 -1.417316505331628207e+02
1.484899429291888318e+01 -1.417325862264755472e+02
1.449557924181114466e+01 -1.417335219917978861e+02
1.414216426271318383e+01 -1.417344576851106126e+02
1.378874921160557321e+01 -1.417353934504329800e+02
1.343533423250761238e+01 -1.417363291437457065e+02
1.308191925340965334e+01 -1.417372649090680738e+02
1.272850420230204271e+01 -1.417382006023808003e+02
1.237508922320395399e+01 -1.417391363677031677e+02
1.202167417209634337e+01 -1.417400720610158658e+02
1.166825919299838255e+01 -1.417410078263382331e+02
1.131484421390042172e+01 -1.417419435196509312e+02
1.096142916279281110e+01 -1.417428792849732986e+02
1.060801418369472238e+01 -1.417438149782860251e+02
1.025459913258711175e+01 -1.417447323091395504e+02
9.901183865450551735e+00 -1.417455643085650649e+02
9.547768598313991717e+00 -1.417463963800002205e+02
9.194353331177431699e+00 -1.417472283794257635e+02
8.840938064040871680e+00 -1.417480604508609190e+02
8.487522796904311662e+00 -1.417488924502864052e+02
8.134107529767751643e+00 -1.417497245217215891e+02
7.780692262631191625e+00 -1.417505565211470753e+02
7.427276995494631606e+00 -1.417513885205726183e+02
7.073861728358071588e+00 -1.417522205920077738e+02
6.720446461221511569e+00 -1.417530525914332884e+02
6.367031194084950663e+00 -1.417538846628684439e+02
6.013615926948390644e+00 -1.417547166622939585e+02
5.660200659811830626e+00 -1.417555487337291140e+02
5.306785392675270607e+00 -1.417563807331546286e+02
4.953370125538710589e+00 -1.417572128045897841e+02
4.599954858402150570e+00 -1.417580448040153271e+02
4.246539591265590552e+00 -1.417588768754504827e+02
3.893124324129030533e+00 -1.417597088748759973e+02
3.539709056992470515e+00 -1.417605409463111528e+02
3.186293789855910497e+00 -1.417613729457366674e+02
2.832878522719350478e+00 -1.417622050171718229e+02
2.479463255582790016e+00 -1.417630370165973375e+02
2.126047844426930400e+00 -1.417638025511215574e+02
1.772632433271070562e+00 -1.417645544758230471e+02
1.419216950105560926e+00 -1.417653064725342063e+02
1.065801538949701310e+00 -1.417660583972357244e+02
7.123860557841916741e-01 -1.417668103939468551e+02
3.589706446283318364e-01 -1.417675623186483733e+02
5.555161462950154207e-03 -1.417683143153595324e+02
-3.478602496929096288e-01 -1.417690662400610506e+02
-7.012695400290438474e-01 -1.417672418037234081e+02
-1.054677318162659194e+00 -1.417647995246412052e+02
-1.408085168305924340e+00 -1.417623573175686715e+02
-1.761492946439539686e+00 -1.417599151104960811e+02
-2.114900796582805054e+00 -1.417574729034235190e+02
-2.468308574716292281e+00 -1.417550306243413161e+02
-2.821716352849907850e+00 -1.417525884172687540e+02
-3.175124202993172773e+00 -1.417501462101962204e+02
-3.528531981126788342e+00 -1.417477039311140175e+02
-3.881939831270053709e+00 -1.417452617240414270e+02
-4.235347609403668834e+00 -1.417428195169688649e+02
-4.588755387537283958e+00 -1.417403773098963313e+02
-4.942163237680421872e+00 -1.417379350308140999e+02
-5.295571015814036997e+00 -1.417354928237415663e+02
-5.648978865957301920e+00 -1.417330506166690043e+02
-6.002386644090917045e+00 -1.417306084095964138e+02
-6.355794422224533058e+00 -1.417281661305142109e+02
-6.709202272367797981e+00 -1.417257239234416772e+02
-7.062610050501285208e+00 -1.417232817163691152e+02
-7.415999538185373829e+00 -1.417191248876658562e+02
-7.769378728490301533e+00 -1.417140086024674019e+02
-8.122757990805007822e+00 -1.417088923172689476e+02
-8.476137181109935526e+00 -1.417037760320704933e+02
-8.829516371414863229e+00 -1.416986597468720674e+02
-9.182895561719918831e+00 -1.416935434616736131e+02
-9.536274824034496334e+00 -1.416884271764751588e+02
-9.889654014339424037e+00 -1.416833108912767045e+02
-1.024303320464447964e+01 -1.416781946060782502e+02
-1.059641246695905714e+01 -1.416730783208797959e+02
-1.094979165726398485e+01 -1.416679620356813416e+02
-1.130317084756904045e+01 -1.416628457504829157e+02
-1.165655003787396815e+01 -1.416577294652844614e+02
-1.200992930018854565e+01 -1.416526131800859787e+02
-1.236330849049360125e+01 -1.416474968948875528e+02
-1.271668768079852896e+01 -1.416423806096890985e+02
-1.307006687110358456e+01 -1.416372643244906442e+02
-1.342344613341816206e+01 -1.416321480392921899e+02
-1.377682532372308977e+01 -1.416270317540937356e+02
-1.413020451402814537e+01 -1.416219154688952813e+02
-1.448358377634272287e+01 -1.416167991836968554e+02
-1.483696296664765057e+01 -1.416116828264887602e+02
-1.519034215695270618e+01 -1.416065665412903058e+02
-1.554372134725763566e+01 -1.416014502560918515e+02
-1.589710060957221316e+01 -1.415963339708933972e+02
-1.625047864772287198e+01 -1.415911491325139764e+02
-1.660383479494189274e+01 -1.415846304595007439e+02
-1.695719094216078915e+01 -1.415781117144778705e+02
-1.731054701737003398e+01 -1.415715930414646380e+02
-1.766390316458892684e+01 -1.415650743684514055e+02
-1.801725923979829957e+01 -1.415585556234285605e+02
-1.837061538701719599e+01 -1.415520369504153280e+02
-1.872397153423608884e+01 -1.415455182774020955e+02
-1.907732760944546158e+01 -1.415389995323792220e+02
-1.943068375666435799e+01 -1.415324808593659895e+02
-1.978403990388325084e+01 -1.415259621863527855e+02
-2.013739597909249568e+01 -1.415194434413299120e+02
-2.049075212631151999e+01 -1.415129247683166795e+02
-2.084410827353041640e+01 -1.415064060953034470e+02
-2.119746434873966123e+01 -1.414998873502805736e+02
-2.155082049595855409e+01 -1.414933686772673695e+02
-2.190417664317757840e+01 -1.414868500042541370e+02
-2.225753271838682323e+01 -1.414803312592312636e+02
-2.261088886560571609e+01 -1.414738125862180311e+02
-2.296424501282461250e+01 -1.414672939132047986e+02
-2.331760108803398523e+01 -1.414607751681819252e+02
-2.367095723525287809e+01 -1.414542564951686927e+02
-2.402431338247177450e+01 -1.414477378221554602e+02
-2.437766945768114724e+01 -1.414412190771326152e+02
-2.473102560490004365e+01 -1.414347004041193827e+02
-2.508438175211893650e+01 -1.414281817311061502e+02
-2.543773782732818134e+01 -1.414216629860832768e+02
-2.579109397454720565e+01 -1.414151443130700727e+02
-2.614445012176609850e+01 -1.414086256400568402e+02
-2.649780619697534334e+01 -1.414021068950339668e+02
-2.685116234419423975e+01 -1.413955882220207343e+02
-2.720451445887312403e+01 -1.413888675619564026e+02
-2.755785389985466338e+01 -1.413815002552899216e+02
-2.791119341284585076e+01 -1.413741329486234406e+02
-2.826453285382751446e+01 -1.413667656419569596e+02
-2.861787229480905026e+01 -1.413593983352904786e+02
-2.897121173579058961e+01 -1.413520310286239976e+02
-2.932455117677212542e+01 -1.413446637219575166e+02
-2.967789061775366122e+01 -1.413372964152910356e+02
-3.003123005873519702e+01 -1.413299291086245546e+02
-3.038456949971673637e+01 -1.413225618019580736e+02
-3.073790894069827218e+01 -1.413151944952915926e+02
-3.109124838167980798e+01 -1.413078271886251116e+02
-3.144458789467099535e+01 -1.413004599539682715e+02
-3.179792733565253116e+01 -1.412930926473017905e+02
-3.215126677663406696e+01 -1.412857253406353095e+02
-3.250460621761560986e+01 -1.412783580339688285e+02
-3.285794565859714567e+01 -1.412709907273023475e+02
-3.321128509957868147e+01 -1.412636234206358665e+02
-3.356462454056021727e+01 -1.412562561139693855e+02
-3.391796398154175307e+01 -1.412488888073029045e+02
-3.427130342252341677e+01 -1.412415215006364235e+02
-3.462464286350495257e+01 -1.412341541939699425e+02
-3.497798230448649548e+01 -1.412267868873034615e+02
-3.533132181747767930e+01 -1.412194195806369805e+02
-3.568466125845921511e+01 -1.412120522739704995e+02
-3.603800069944075091e+01 -1.412046849673040185e+02
-3.639134014042228671e+01 -1.411973176606375375e+02
-3.674467958140382962e+01 -1.411899503539710565e+02
-3.709801902238536542e+01 -1.411825830473045755e+02
-3.745135846336690122e+01 -1.411752157406380945e+02
-3.780469790434843702e+01 -1.411678484339716135e+02
-3.815803734532997282e+01 -1.411604811273051325e+02
-3.851137678631150862e+01 -1.411531138206386515e+02
-3.886471629930269955e+01 -1.411457465139721705e+02
-3.921805574028423536e+01 -1.411383792073056895e+02
-3.957139014059079329e+01 -1.411307808216919568e+02
-3.992471762797135426e+01 -1.411228597608639461e+02
-4.027804511535203602e+01 -1.411149387720456048e+02
-4.063137253072306976e+01 -1.411070177112175941e+02
-4.098470001810375862e+01 -1.410990967223992243e+02
-4.133802750548444038e+01 -1.410911756615712420e+02
-4.169135499286500135e+01 -1.410832546727528722e+02
-4.204468240823603509e+01 -1.410753336119248900e+02
-4.239800989561671685e+01 -1.410674125510968793e+02
-4.275133738299740571e+01 -1.410594915622785095e+02
-4.310466487037808747e+01 -1.410515705014505272e+02
-4.345799228574912831e+01 -1.410436495126321574e+02
-4.381131977312968218e+01 -1.410357284518041467e+02
-4.416464726051037104e+01 -1.410278074629858054e+02
-4.451797474789105280e+01 -1.410198864021577947e+02
-4.487130216326208654e+01 -1.410119653413298124e+02
-4.522462965064277540e+01 -1.410040443525114426e+02
-4.557795713802332926e+01 -1.409961232916834319e+02
-4.593128455339437011e+01 -1.409882023028650622e+02
-4.628461204077505187e+01 -1.409802812420370799e+02
-4.663793952815574073e+01 -1.409723602532187101e+02
-4.699126701553642249e+01 -1.409644391923907278e+02
-4.734459443090732833e+01 -1.409565181315627171e+02
-4.769792191828801720e+01 -1.409485971427443474e+02
-4.805124940566869896e+01 -1.409406760819163367e+02
-4.840457689304938782e+01 -1.409327550930979953e+02
-4.875790430842042156e+01 -1.409248340322699846e+02
-4.911123179580098252e+01 -1.409169130434516148e+02
-4.946455928318166428e+01 -1.409089919826236326e+02
-4.981788677056234604e+01 -1.409010709217956219e+02
-5.017121418593338689e+01 -1.408931499329772805e+02
-5.052454167331406865e+01 -1.408852288721492698e+02
-5.087786916069462961e+01 -1.408773078833309000e+02
-5.123119664807531137e+01 -1.408693868225029178e+02
-5.158452406344634511e+01 -1.408614658336845480e+02
-5.193785155082703398e+01 -1.408535447728565373e+02
-5.229117903820771573e+01 -1.408456237120285266e+02
-5.264450645357875658e+01 -1.408377027232101852e+02
-5.299782710004321729e+01 -1.408294845505915021e+02
-5.335114601827621073e+01 -1.408211902637791866e+02
-5.370446493650920416e+01 -1.408128959769668995e+02
-5.405778385474231840e+01 -1.408046016901546409e+02
-5.441110277297531184e+01 -1.407963074033423254e+02
-5.476442161919878515e+01 -1.407880131165300384e+02
-5.511774053743177859e+01 -1.407797187577081104e+02
-5.547105945566477203e+01 -1.407714244708958233e+02
-5.582437837389789337e+01 -1.407631301840835363e+02
-5.617769729213088681e+01 -1.407548358972712492e+02
-5.653101613835422512e+01 -1.407465416104589622e+02
-5.688433505658734646e+01 -1.407382473236466751e+02
-5.723765397482033990e+01 -1.407299530368343881e+02
-5.759097289305333334e+01 -1.407216586780124317e+02
-5.794429181128645467e+01 -1.407133643912001730e+02
-5.829761065750980009e+01 -1.407050701043878576e+02
-5.865092957574278643e+01 -1.406967758175755705e+02
-5.900424849397590776e+01 -1.406884815307633119e+02
-5.935756741220890120e+01 -1.406801872439509964e+02
-5.971088625843224662e+01 -1.406718929571387093e+02
-6.006420517666536796e+01 -1.406635986703264223e+02
-6.041752409489836140e+01 -1.406553043115044943e+02
-6.077084301313135484e+01 -1.406470100246922073e+02
-6.112416193136447617e+01 -1.406387157378799202e+02
-6.147748077758781449e+01 -1.406304214510676331e+02
-6.183079969582080793e+01 -1.406221271642553461e+02
-6.218411861405392926e+01 -1.406138328774430590e+02
-6.253743753228692270e+01 -1.406055385906307720e+02
-6.289075645051998009e+01 -1.405972442318088440e+02
-6.324407529674338946e+01 -1.405889499449965285e+02
-6.359739421497637579e+01 -1.405806556581842415e+02
-6.395071313320943318e+01 -1.405723613713719544e+02
-6.430403205144249057e+01 -1.405640670845596674e+02
-6.465735096967549111e+01 -1.405557727977473803e+02
-6.501066981589889338e+01 -1.405474785109350933e+02
-6.536398873413195076e+01 -1.405391841521131653e+02
-6.571730765236500815e+01 -1.405308898653008782e+02
-6.607062657059799449e+01 -1.405225955784885912e+02
-6.642394541682141096e+01 -1.405143012916763041e+02
-6.677726087859151960e+01 -1.405058619774412136e+02
-6.713057389203373759e+01 -1.404973188973092704e+02
-6.748388683346637151e+01 -1.404887758171773555e+02
-6.783719984690858951e+01 -1.404802327370454123e+02
-6.819051278834122343e+01 -1.404716896569134690e+02
-6.854382580178344142e+01 -1.404631465767815541e+02
-6.889713874321600429e+01 -1.404546034966496109e+02
-6.925045175665827912e+01 -1.404460604165176960e+02
-6.960376469809085620e+01 -1.404375174083953937e+02
-6.995707763952341907e+01 -1.404289743282634788e+02
-7.031039065296569390e+01 -1.404204312481315355e+02
-7.066370359439827098e+01 -1.404118881679995923e+02
-7.101701660784054582e+01 -1.404033450878676774e+02
-7.137032954927310868e+01 -1.403948020077357342e+02
-7.172364256271532668e+01 -1.403862589276038193e+02
-7.207695550414796060e+01 -1.403777158474718760e+02
-7.243026851759017859e+01 -1.403691728393496021e+02
-7.278358145902274146e+01 -1.403606297592176588e+02
-7.313689447246503050e+01 -1.403520866790857156e+02
-7.349020741389759337e+01 -1.403435435989538007e+02
-7.384352042733981136e+01 -1.403350005188218574e+02
-7.419683336877244528e+01 -1.403264574386899426e+02
-7.455014638221466328e+01 -1.403179143585579993e+02
-7.490345932364728299e+01 -1.403093712784260561e+02
-7.525677233708950098e+01 -1.403008282703037537e+02
-7.561008527852207806e+01 -1.402922851901718388e+02
-7.596339821995469777e+01 -1.402837421100398956e+02
-7.631671123339691576e+01 -1.402751990299079807e+02
-7.667002417482949284e+01 -1.402666559497760375e+02
-7.702333718827176767e+01 -1.402581128696440942e+02
-7.737665012970433054e+01 -1.402495697895121793e+02
-7.772996314314654853e+01 -1.402410267093802361e+02
-7.808327608457918245e+01 -1.402324837012579621e+02
-7.843658909802140045e+01 -1.402239406211260189e+02
-7.878990203945403437e+01 -1.402153975409941040e+02
-7.914321505289625236e+01 -1.402068544608621607e+02
-7.949652799432881523e+01 -1.401983113807302175e+02
-7.984984100777109006e+01 -1.401897683005983026e+02
-8.020315394920366714e+01 -1.401812252204663594e+02
-8.055646696264588513e+01 -1.401726821403344445e+02
-8.090977623158661913e+01 -1.401639897122010723e+02
-8.126308557253707932e+01 -1.401552954118169794e+02
-8.161639484147782753e+01 -1.401466010394232455e+02
-8.196970411041857574e+01 -1.401379067390391242e+02
-8.232301337935930974e+01 -1.401292124386550313e+02
-8.267632272030971308e+01 -1.401205180662612690e+02
-8.302963198925046129e+01 -1.401118237658771761e+02
-8.338294125819119529e+01 -1.401031294654930832e+02
-8.373625052713201455e+01 -1.400944351651089619e+02
-8.408955979607274855e+01 -1.400857407927152281e+02
-8.444286913702315189e+01 -1.400770464923311067e+02
-8.479617840596388589e+01 -1.400683521919470138e+02
-8.514948767490463410e+01 -1.400596578195532516e+02
-8.550279694384538232e+01 -1.400509635191691586e+02
-8.585610628479577144e+01 -1.400422692187850657e+02
-8.620941555373657650e+01 -1.400335749184009728e+02
-8.656272482267732471e+01 -1.400248805460072106e+02
-8.691603409161807292e+01 -1.400161862456230892e+02
-8.726934343256846205e+01 -1.400074919452389963e+02
-8.762265270150921026e+01 -1.399987975728452625e+02
-8.797596197044995847e+01 -1.399901032724611412e+02
-8.832927123939069247e+01 -1.399814089720770482e+02
-8.868258058034109581e+01 -1.399727146716929553e+02
-8.903588984928190087e+01 -1.399640202992991931e+02
-8.938919911822264908e+01 -1.399553259989151002e+02
-8.974250838716339729e+01 -1.399466316985309788e+02
-9.009581765610413129e+01 -1.399379373261372450e+02
-9.044912699705453463e+01 -1.399292430257531521e+02
-9.080243626599526863e+01 -1.399205487253690308e+02
-9.115574553493601684e+01 -1.399118544249849379e+02
-9.150905480387682189e+01 -1.399031600525912040e+02
-9.186236414482722523e+01 -1.398944657522070827e+02
-9.221567341376795923e+01 -1.398857714518229898e+02
-9.256898268270870744e+01 -1.398770771514388684e+02
-9.292229195164945565e+01 -1.398683827790451346e+02
-9.327560129259984478e+01 -1.398596884786610417e+02
-9.362891056154059299e+01 -1.398509941782769204e+02
-9.398221983048139805e+01 -1.398422998058831865e+02
-9.433552881138353996e+01 -1.398335918956763919e+02
-9.468883656812177207e+01 -1.398248355229792423e+02
-9.504214425285034906e+01 -1.398160790782724803e+02
-9.539545200958863802e+01 -1.398073227055753307e+02
-9.574875976632687014e+01 -1.397985662608685402e+02
-9.610206752306508804e+01 -1.397898098881714191e+02
-9.645537527980332015e+01 -1.397810535154742979e+02
-9.680868303654153806e+01 -1.397722970707675074e+02
-9.716199079327977017e+01 -1.397635406980703578e+02
-9.751529855001798808e+01 -1.397547843253732083e+02
-9.786860630675622019e+01 -1.397460278806664462e+02
-9.822191406349443810e+01 -1.397372715079692966e+02
-9.857522182023272705e+01 -1.397285150632625346e+02
-9.892852957697095917e+01 -1.397197586905653850e+02
-9.928183733370917707e+01 -1.397110023178682354e+02
-9.963514509044740919e+01 -1.397022458731614734e+02
-9.998845284718562709e+01 -1.396934895004643238e+02
-1.003417606039238592e+02 -1.396847331277672026e+02
-1.006950683606620913e+02 -1.396759766830604121e+02
-1.010483760453906541e+02 -1.396672203103632626e+02
-1.014016838021289573e+02 -1.396584638656565005e+02
-1.017549915588671752e+02 -1.396497074929593509e+02
-1.021082993156054073e+02 -1.396409511202622298e+02
-1.024616070723436252e+02 -1.396321946755554393e+02
-1.028149148290818573e+02 -1.396234383028583181e+02
-1.031682225858200752e+02 -1.396146818581515276e+02
-1.035215303425583073e+02 -1.396059254854543781e+02
-1.038748380992965252e+02 -1.395971691127572569e+02
-1.042281458560348142e+02 -1.395884126680504664e+02
-1.045814536127730463e+02 -1.395796562953533453e+02
-1.049347613695112642e+02 -1.395708999226561957e+02
-1.052880691262494963e+02 -1.395621434779494052e+02
-1.056413768829877142e+02 -1.395533871052522841e+02
-1.059946846397259463e+02 -1.395446306605454936e+02
-1.063479923964641785e+02 -1.395358742878483440e+02
-1.067013001532023964e+02 -1.395271179151512229e+02
-1.070546078379310302e+02 -1.395183614704444324e+02
-1.074079160987367487e+02 -1.395096229561389976e+02
-1.077612247195907145e+02 -1.395009031643409401e+02
-1.081145334124543211e+02 -1.394921833725429110e+02
-1.084678420333082727e+02 -1.394834636527545229e+02
-1.088211507261718793e+02 -1.394747438609564654e+02
-1.091744593470258451e+02 -1.394660240691584363e+02
-1.095277680398894518e+02 -1.394573042773603788e+02
-1.098810766607434175e+02 -1.394485845575719907e+02
-1.102343853536070242e+02 -1.394398647657739332e+02
-1.105876939744609899e+02 -1.394311449739759041e+02
-1.109410026673245966e+02 -1.394224252541875160e+02
-1.112943112881785481e+02 -1.394137054623894869e+02
-1.116476199810420979e+02 -1.394049856705914294e+02
-1.120009286018960637e+02 -1.393962659508030413e+02
-1.123542372947596704e+02 -1.393875461590049838e+02
-1.127075459156136361e+02 -1.393788263672069547e+02
-1.130608546084772428e+02 -1.393701065754089257e+02
-1.134141632293311943e+02 -1.393613868556205375e+02
-1.137674719221948152e+02 -1.393526670638224800e+02
-1.141207805430487667e+02 -1.393439472720244225e+02
-1.144740892359123734e+02 -1.393352275522360344e+02
-1.148273979287759943e+02 -1.393265077604380053e+02
-1.151807065496299458e+02 -1.393177879686399478e+02
-1.155340152424935525e+02 -1.393090682488515881e+02
-1.158873238633475182e+02 -1.393003484570535306e+02
-1.162406325562111249e+02 -1.392916286652554732e+02
-1.165939411770650906e+02 -1.392829088734574441e+02
-1.169472498699286973e+02 -1.392741891536690559e+02
-1.173005584907826488e+02 -1.392654693618709985e+02
-1.176538671836462697e+02 -1.392567495700729694e+02
-1.180071758045002213e+02 -1.392480298502845812e+02
-1.183604844973637711e+02 -1.392393100584865238e+02
-1.187137931182177368e+02 -1.392305902666884947e+02
