1.459647926150630326e+02 -1.410553160830775141e+02
1.461038785221419403e+02 -1.410123863817176186e+02
1.462429645012305173e+02 -1.409694567523673925e+02
1.463820504083093113e+02 -1.409265271230171663e+02
1.465211363873978883e+02 -1.408835974936669118e+02
1.466602222944768243e+02 -1.408406678643166856e+02
1.467993082015557320e+02 -1.407977381629567901e+02
1.469383941806441953e+02 -1.407548085336065640e+02
1.470774800877231030e+02 -1.407118789042563378e+02
1.472165660668116800e+02 -1.406689492749060832e+02
1.473556519738904740e+02 -1.406260196455558571e+02
1.474947379529790510e+02 -1.405830899441959900e+02
1.476338238600579871e+02 -1.405401603148457355e+02
1.477729098391465641e+02 -1.404972306854955093e+02
1.479119957462253581e+02 -1.404543010561452832e+02
1.480510817253139351e+02 -1.404113714267950286e+02
1.481901676323928427e+02 -1.403684417254351615e+02
1.483292535394716651e+02 -1.403255120960849069e+02
1.484683395185602137e+02 -1.402825824667346808e+02
1.486074254256391498e+02 -1.402396528373844546e+02
1.487465114047277268e+02 -1.401967232080342285e+02
1.488855973118065208e+02 -1.401537935066743330e+02
1.490246832908950978e+02 -1.401108638773241069e+02
1.491638063549502817e+02 -1.400680547201081083e+02
1.493029384202107792e+02 -1.400252748708171566e+02
1.494420704854714188e+02 -1.399824950215262049e+02
1.495812026227416993e+02 -1.399397151722352532e+02
1.497203346880023673e+02 -1.398969353229443300e+02
1.498594667532630069e+02 -1.398541554736534067e+02
1.499985988185236465e+02 -1.398113756243624550e+02
1.501377309557939270e+02 -1.397685957750715033e+02
1.502768630210545666e+02 -1.397258159257805517e+02
1.504159950863150641e+02 -1.396830360764896284e+02
1.505551272235853730e+02 -1.396402562271986767e+02
1.506942592888460126e+02 -1.395974763779077250e+02
1.508333913541066522e+02 -1.395546965286168017e+02
1.509725234193672918e+02 -1.395119166793258501e+02
1.511116555566375723e+02 -1.394691368300348984e+02
1.512507876218982119e+02 -1.394263569807439751e+02
1.513899196871587378e+02 -1.393835771314530234e+02
1.515290518244290183e+02 -1.393407972821620717e+02
1.516681838896896579e+02 -1.392980174328711200e+02
1.518073159549502975e+02 -1.392552375835801968e+02
1.519464480202109371e+02 -1.392124577342892451e+02
1.520856301321740034e+02 -1.391698408428224241e+02
1.522248169967737113e+02 -1.391272395774483357e+02
1.523640038613732770e+02 -1.390846383120742473e+02
1.525031907259729564e+02 -1.390420371187097999e+02
1.526423776625821915e+02 -1.389994358533357115e+02
1.527815645271817573e+02 -1.389568345879616231e+02
1.529207513917814651e+02 -1.389142333225875063e+02
1.530599382563810309e+02 -1.388716320572134180e+02
1.531991251209807388e+02 -1.388290307918393296e+02
1.533383119855803045e+02 -1.387864295264652412e+02
1.534774988501799839e+02 -1.387438282610911529e+02
1.536166857147795781e+02 -1.387012269957170645e+02
1.537558725793791439e+02 -1.386586257303429477e+02
1.538950594439788233e+02 -1.386160244649688877e+02
1.540342463805880584e+02 -1.385734231995947709e+02
1.541734332451877663e+02 -1.385308219342206826e+02
1.543126201097873320e+02 -1.384882206688465942e+02
1.544518069743870115e+02 -1.384456194034725058e+02
1.545909938389866056e+02 -1.384030181380984175e+02
1.547302077072026805e+02 -1.383605053005670129e+02
1.548694606766554500e+02 -1.383181205681920858e+02
1.550087136461080775e+02 -1.382757358358171871e+02
1.551479666155608186e+02 -1.382333511034422884e+02
1.552872195130039472e+02 -1.381909663710673613e+02
1.554264724824565747e+02 -1.381485816386924625e+02
1.555657254519093442e+02 -1.381061969063175354e+02
1.557049784213620853e+02 -1.380638121739426367e+02
1.558442313908147128e+02 -1.380214274415677096e+02
1.559834843602674823e+02 -1.379790427091928109e+02
1.561227373297202519e+02 -1.379366579768178838e+02
1.562619902991728793e+02 -1.378942732444429851e+02
1.564012432686256204e+02 -1.378518885120680579e+02
1.565404962380783900e+02 -1.378095037796931592e+02
1.566797491355213765e+02 -1.377671190473182321e+02
1.568190021049741461e+02 -1.377247343149433334e+02
1.569582550744268872e+02 -1.376823495825684063e+02
1.570975080438795146e+02 -1.376399648501935076e+02
1.572367914014019732e+02 -1.375976803552428862e+02
1.573761256697426063e+02 -1.375555636427625359e+02
1.575154599380834100e+02 -1.375134468582725162e+02
1.576547941344144306e+02 -1.374713300737825250e+02
1.577941284027550637e+02 -1.374292132892925338e+02
1.579334625990860843e+02 -1.373870965048025425e+02
1.580727968674267458e+02 -1.373449797203125513e+02
1.582121311357674074e+02 -1.373028629358225601e+02
1.583514653320984280e+02 -1.372607462233422098e+02
1.584907996004390611e+02 -1.372186294388522185e+02
1.586301337967700817e+02 -1.371765126543621989e+02
1.587694680651107433e+02 -1.371343958698722361e+02
1.589088023334514048e+02 -1.370922790853822164e+02
1.590481365297825391e+02 -1.370501623008922252e+02
1.591874707981232007e+02 -1.370080455884118749e+02
1.593268049944542213e+02 -1.369659288039218836e+02
1.594661392627948544e+02 -1.369238120194318924e+02
1.596055649833832888e+02 -1.368819993316680552e+02
1.597450016494375973e+02 -1.368402226487261544e+02
1.598844382434822364e+02 -1.367984460377938944e+02
1.600238748375267619e+02 -1.367566693548519936e+02
1.601633114315714295e+02 -1.367148926719100928e+02
1.603027480256160686e+02 -1.366731160609778328e+02
1.604421846196607362e+02 -1.366313393780359604e+02
1.605816212137053753e+02 -1.365895627671037005e+02
1.607210578077500429e+02 -1.365477860841617996e+02
1.608604944017946821e+02 -1.365060094732295397e+02
1.609999309958393212e+02 -1.364642327902876389e+02
1.611393675898839888e+02 -1.364224561073457380e+02
1.612788041839285142e+02 -1.363806794964135065e+02
1.614182407779731534e+02 -1.363389028134716057e+02
1.615576841409243798e+02 -1.362971488855771725e+02
1.616972535207523549e+02 -1.362558180863502457e+02
1.618368229725899994e+02 -1.362144873591329599e+02
1.619763923524179745e+02 -1.361731565599060332e+02
1.621159618042555906e+02 -1.361318258326887474e+02
1.622555311840835657e+02 -1.360904951054714900e+02
1.623951006359211817e+02 -1.360491643062445632e+02
1.625346700157491568e+02 -1.360078335790272774e+02
1.626742394675867729e+02 -1.359665028518099916e+02
1.628138088474147480e+02 -1.359251720525830649e+02
1.629533782992523641e+02 -1.358838413253657791e+02
1.630929476790803392e+02 -1.358425105261388524e+02
1.632325171309179836e+02 -1.358011797989215665e+02
1.633720865107459588e+02 -1.357598490717042807e+02
1.635118222328512445e+02 -1.357190843402879921e+02
1.636515708446828512e+02 -1.356783636067641226e+02
1.637913194565144863e+02 -1.356376428732402530e+02
1.639310680683460930e+02 -1.355969220677067142e+02
1.640708166081680304e+02 -1.355562013341828163e+02
1.642105652199996655e+02 -1.355154806006589467e+02
1.643503138318312722e+02 -1.354747598671350772e+02
1.644900624436629926e+02 -1.354340390616015384e+02
1.646298110554945993e+02 -1.353933183280776689e+02
1.647695596673262060e+02 -1.353525975945537709e+02
1.649093082791578411e+02 -1.353118767890202605e+02
1.650492119277527650e+02 -1.352716945436133642e+02
1.651892153817140922e+02 -1.352318587366033000e+02
1.653292188356754195e+02 -1.351920229295931790e+02
1.654692222896367184e+02 -1.351521871225830864e+02
1.656092256715884048e+02 -1.351123513155729654e+02
1.657492291255498458e+02 -1.350725155085628728e+02
1.658892325795111731e+02 -1.350326797015527518e+02
1.660292359614628310e+02 -1.349928438945426592e+02
1.661692394154241583e+02 -1.349530080875325382e+02
1.663093114225665090e+02 -1.349134178334080900e+02
1.664497054568363694e+02 -1.348749814618173559e+02
1.665900995631157571e+02 -1.348365450902266502e+02
1.667304936693952584e+02 -1.347981087906455571e+02
1.668708877756746460e+02 -1.347596724190548230e+02
1.670112818099445349e+02 -1.347212360474640889e+02
1.671516759162240362e+02 -1.346827997478830241e+02
1.672920700225034238e+02 -1.346443633762922900e+02
1.674335449935377653e+02 -1.346102359897823533e+02
1.675754582152646321e+02 -1.345778554852235516e+02
1.677173713649819717e+02 -1.345454749086551089e+02
1.678592845867089522e+02 -1.345130944040963357e+02
1.680011978084359612e+02 -1.344807138995375340e+02
1.681431109581533008e+02 -1.344483333949787607e+02
1.682850241798802813e+02 -1.344159528904199590e+02
1.684269374016072618e+02 -1.343835723138515164e+02
1.685688505513246014e+02 -1.343511918092927431e+02
1.687107637730516103e+02 -1.343188113047339414e+02
1.688526769227689499e+02 -1.342864308001751681e+02
1.689945901444959304e+02 -1.342540502236067255e+02
1.691365033662229393e+02 -1.342216697190479238e+02
1.692784165159402789e+02 -1.341892892144891505e+02
1.694203297376671458e+02 -1.341569087099303488e+02
1.695622429593941263e+02 -1.341245282053715471e+02
1.697041561091114659e+02 -1.340921476288031329e+02
1.698460693308384464e+02 -1.340597671242443596e+02
1.699879824805557860e+02 -1.340273866196855295e+02
1.701298957022827949e+02 -1.339950061151267562e+02
1.702718089240097754e+02 -1.339626255385583420e+02
1.704137220737271150e+02 -1.339302450339995403e+02
1.705556352954540955e+02 -1.338978645294407670e+02
1.706975485171811044e+02 -1.338654840248819653e+02
1.708394616668984440e+02 -1.338331035203231636e+02
1.709813748886254245e+02 -1.338007229437547494e+02
1.711232880383427641e+02 -1.337683424391959477e+02
1.712652012600697731e+02 -1.337359619346371460e+02
1.714071144817966399e+02 -1.337035814300783727e+02
1.715490276315139795e+02 -1.336712008535099301e+02
1.716909408532409600e+02 -1.336388203489511284e+02
1.718328540749679405e+02 -1.336064398443923551e+02
1.719747672246852801e+02 -1.335740593398335534e+02
1.721166804464122890e+02 -1.335416788352747801e+02
1.722585936681392695e+02 -1.335092982587063375e+02
1.724005068178566091e+02 -1.334769177541475358e+02
1.725424971619121948e+02 -1.334449100435151934e+02
1.726856085521039006e+02 -1.334183210585856045e+02
1.728287200143052473e+02 -1.333917320736560441e+02
1.729718314044969247e+02 -1.333651430887264553e+02
1.731149427946886306e+02 -1.333385541037968665e+02
1.732580542568898352e+02 -1.333119650468576651e+02
1.734011656470815410e+02 -1.332853760619281047e+02
1.735442771092828877e+02 -1.332587870769985159e+02
1.736873884994745652e+02 -1.332321980920689555e+02
1.738304998896662710e+02 -1.332056091071393666e+02
1.739736113518676177e+02 -1.331790201222098062e+02
1.741167227420593235e+02 -1.331524310652705765e+02
1.742598342042605282e+02 -1.331258420803409876e+02
1.744029455944522340e+02 -1.330992530954114272e+02
1.745460569846439114e+02 -1.330726641104818384e+02
1.746891684468452581e+02 -1.330460751255522780e+02
1.748322798370369640e+02 -1.330194861406227176e+02
1.749753912992383107e+02 -1.329928970836834878e+02
1.751185026894299881e+02 -1.329663080987538990e+02
1.752616140796216939e+02 -1.329397191138243386e+02
1.754047255418228985e+02 -1.329131301288947498e+02
1.755478369320146044e+02 -1.328865411439651893e+02
1.756909483942159511e+02 -1.328599521590356005e+02
1.758340597844076285e+02 -1.328333631741060401e+02
1.759771711745993343e+02 -1.328067741171668104e+02
1.761202826368006811e+02 -1.327801851322372499e+02
1.762633940269923869e+02 -1.327535961473076611e+02
1.764065054891935915e+02 -1.327270071623781007e+02
1.765496168793852974e+02 -1.327004181774485119e+02
1.766927282695769748e+02 -1.326738291925189515e+02
1.768358397317783215e+02 -1.326472401355797217e+02
1.769789511219700273e+02 -1.326206511506501613e+02
1.771220625841713741e+02 -1.325940621657205725e+02
1.772651739743630515e+02 -1.325674731807910121e+02
1.774082853645547573e+02 -1.325408841958614232e+02
1.775513968267559619e+02 -1.325142952109318628e+02
1.776945082169476677e+02 -1.324877061539926331e+02
1.778376196791490145e+02 -1.324611171690630727e+02
1.779807310693407203e+02 -1.324345281841334838e+02
1.781238424595323977e+02 -1.324079391992039234e+02
1.782669539217337444e+02 -1.323813502142743630e+02
1.784100653119254503e+02 -1.323547612293447742e+02
1.785531767741267970e+02 -1.323281721724055444e+02
1.786962881643183607e+02 -1.323015831874759840e+02
1.788393995545100381e+02 -1.322749942025463952e+02
1.789825110167113849e+02 -1.322484052176168348e+02
1.791256224069030907e+02 -1.322218162326872459e+02
1.792687338691044374e+02 -1.321952272477576855e+02
1.794118452592961148e+02 -1.321686381908184558e+02
1.795552211409098504e+02 -1.321435722818668239e+02
1.796989197697474481e+02 -1.321203654458915366e+02
1.798426183985850457e+02 -1.320971586099161925e+02
1.799863170274226718e+02 -1.320739517019312643e+02
1.801300155842506285e+02 -1.320507448659559486e+02
1.802737142130882262e+02 -1.320275380299806613e+02
1.804174128419258238e+02 -1.320043311940053457e+02
1.805611114707634215e+02 -1.319811243580300584e+02
1.807048100996010476e+02 -1.319579174500451018e+02
1.808485087284386452e+02 -1.319347106140697861e+02
1.809922073572762429e+02 -1.319115037780944988e+02
1.811359059861138689e+02 -1.318882969421191831e+02
1.812796046149514666e+02 -1.318650901061438674e+02
1.814233032437890643e+02 -1.318418831981589108e+02
1.815670018726266903e+02 -1.318186763621836235e+02
1.817107005014642880e+02 -1.317954695262083078e+02
1.818543991303018856e+02 -1.317722626902330205e+02
1.819980977591394833e+02 -1.317490557822480639e+02
1.821417963879771094e+02 -1.317258489462727482e+02
1.822854950168147070e+02 -1.317026421102974609e+02
1.824291936456523047e+02 -1.316794352743221452e+02
1.825728922744899307e+02 -1.316562284383468295e+02
1.827165909033275284e+02 -1.316330215303618729e+02
1.828602895321652682e+02 -1.316098146943865856e+02
1.830039881610028658e+02 -1.315866078584112699e+02
1.831476867898404635e+02 -1.315634010224359827e+02
1.832913854186780895e+02 -1.315401941864606670e+02
1.834350840475156872e+02 -1.315169872784757388e+02
1.835787826043436439e+02 -1.314937804425004231e+02
1.837224812331812416e+02 -1.314705736065251074e+02
1.838661798620188392e+02 -1.314473667705497917e+02
1.840098784908564653e+02 -1.314241599345745044e+02
1.841535771196940630e+02 -1.314009530265895478e+02
1.842972757485316606e+02 -1.313777461906142605e+02
1.844409743773692867e+02 -1.313545393546389448e+02
1.845846730062068843e+02 -1.313313325186636575e+02
1.847283716350444820e+02 -1.313081256826883134e+02
1.848720702638821081e+02 -1.312849187747033852e+02
1.850157688927197057e+02 -1.312617119387280695e+02
1.851594675215573034e+02 -1.312385051027527822e+02
1.853031661503949010e+02 -1.312152982667774666e+02
1.854468647792325271e+02 -1.311920913587925099e+02
1.855905634080701248e+02 -1.311688845228172227e+02
1.857342620369077224e+02 -1.311456776868419070e+02
1.858779606657453485e+02 -1.311224708508666197e+02
1.860216592945829461e+02 -1.310992640148913040e+02
1.861653579234205438e+02 -1.310760571069063474e+02
1.863090565522581699e+02 -1.310528502709310317e+02
1.864527551810958812e+02 -1.310296434349557444e+02
1.865964538099335073e+02 -1.310064365989804287e+02
1.867401524387711049e+02 -1.309832297630051130e+02
1.868838509955990617e+02 -1.309600228550201848e+02
1.870275496244366593e+02 -1.309368160190448691e+02
1.871712482532742570e+02 -1.309136091830695534e+02
1.873149468821118830e+02 -1.308904023470942661e+02
1.874586455109494807e+02 -1.308671955111189504e+02
1.876023441397870783e+02 -1.308439886031339938e+02
1.877460427686247044e+02 -1.308207817671587065e+02
1.878898949220231032e+02 -1.307985789616481611e+02
1.880339623122470130e+02 -1.307777837286467673e+02
1.881780297024710649e+02 -1.307569884956453734e+02
1.883220970926949747e+02 -1.307361933346536205e+02
1.884661644829190266e+02 -1.307153981016522266e+02
1.886102318731429364e+02 -1.306946028686508328e+02
1.887542992633669598e+02 -1.306738077076590798e+02
1.888983666535908696e+02 -1.306530124746576860e+02
1.890424340438149216e+02 -1.306322172416562637e+02
1.891865014340388313e+02 -1.306114220806645108e+02
1.893305688242628548e+02 -1.305906268476631169e+02
1.894746362144867931e+02 -1.305698316146617231e+02
1.896187036047108165e+02 -1.305490364536699701e+02
1.897627709949347263e+02 -1.305282412206685763e+02
1.899068383851587782e+02 -1.305074459876671824e+02
1.900509057753826880e+02 -1.304866508266754295e+02
1.901949731656067115e+02 -1.304658555936740072e+02
1.903390405558306213e+02 -1.304450603606726133e+02
1.904831079460546732e+02 -1.304242651996808604e+02
1.906271753362785830e+02 -1.304034699666794666e+02
1.907712426544929656e+02 -1.303826747336780727e+02
1.909153100447168754e+02 -1.303618795726863198e+02
1.910593774349409273e+02 -1.303410843396849259e+02
1.912034448251648371e+02 -1.303202891066835321e+02
1.913475122153888606e+02 -1.302994939456917791e+02
1.914915796056127704e+02 -1.302786987126903568e+02
1.916356469958368223e+02 -1.302579034796889630e+02
1.917797143860607321e+02 -1.302371083186972385e+02
1.919237817762847840e+02 -1.302163130856958162e+02
1.920678491665086938e+02 -1.301955178526944223e+02
1.922119165567327173e+02 -1.301747226917026694e+02
1.923559839469566271e+02 -1.301539274587012756e+02
1.925000513371806790e+02 -1.301331322256998533e+02
1.926441187274047024e+02 -1.301123370647081288e+02
1.927881861176286122e+02 -1.300915418317067349e+02
1.929322535078526641e+02 -1.300707465987053126e+02
1.930763208980765739e+02 -1.300499514377135881e+02
1.932203882883006258e+02 -1.300291562047121658e+02
1.933644556785245356e+02 -1.300083609717107720e+02
1.935085230687485591e+02 -1.299875658107190191e+02
1.936525904589724689e+02 -1.299667705777176252e+02
1.937966578491965208e+02 -1.299459753447162313e+02
1.939407252394204306e+02 -1.299251801117148375e+02
1.940847926296444541e+02 -1.299043849507230846e+02
1.942288600198683639e+02 -1.298835897177216623e+02
1.943729274100924158e+02 -1.298627944847202684e+02
1.945169948003163256e+02 -1.298419993237285155e+02
1.946610621905403775e+02 -1.298212040907271216e+02
1.948051295807642873e+02 -1.298004088577257278e+02
1.949491969709883108e+02 -1.297796136967339748e+02
1.950932643612122206e+02 -1.297588184637325810e+02
1.952373316794266316e+02 -1.297380232307311871e+02
1.953813990696505414e+02 -1.297172280697394342e+02
1.955254664598745649e+02 -1.296964328367380119e+02
1.956695338500984747e+02 -1.296756376037366465e+02
1.958136012403225266e+02 -1.296548424427448651e+02
1.959576686305464364e+02 -1.296340472097434713e+02
1.961017360207704598e+02 -1.296132519767420774e+02
1.962458034109943696e+02 -1.295924568157503245e+02
1.963898708012184215e+02 -1.295716615827489306e+02
1.965339381914423313e+02 -1.295508663497475368e+02
1.966780055816663833e+02 -1.295300711887557554e+02
1.968220729718902930e+02 -1.295092759557543616e+02
1.969661403621143165e+02 -1.294884807227529677e+02
1.971102077523382263e+02 -1.294676855617612148e+02
1.972544218262068512e+02 -1.294479586638366015e+02
1.973987632851354590e+02 -1.294291597541927672e+02
1.975431046720543975e+02 -1.294103607725393204e+02
1.976874461309831190e+02 -1.293915618628955144e+02
1.978317875899117269e+02 -1.293727628812420676e+02
1.979761290488403347e+02 -1.293539639715982617e+02
1.981204705077689141e+02 -1.293351649899448148e+02
1.982648118946879947e+02 -1.293163660803009805e+02
1.984091533536165741e+02 -1.292975670986475336e+02
1.985534948125451820e+02 -1.292787681890037277e+02
1.986978362714737898e+02 -1.292599692073502808e+02
1.988421777304025113e+02 -1.292411702977064749e+02
1.989865191173214498e+02 -1.292223713880626690e+02
1.991308605762500292e+02 -1.292035724064091937e+02
1.992752020351786371e+02 -1.291847734967653878e+02
1.994195434941073586e+02 -1.291659745151119409e+02
1.995638849530359664e+02 -1.291471756054681350e+02
1.997082263399549049e+02 -1.291283766238146598e+02
1.998525677988835128e+02 -1.291095777141708538e+02
1.999969092578122343e+02 -1.290907787325174070e+02
2.001412507167408137e+02 -1.290719798228736011e+02
2.002855921756694215e+02 -1.290531808412201542e+02
2.004299336345980009e+02 -1.290343819315763483e+02
2.005742750215170815e+02 -1.290155829499228730e+02
2.007186164804456894e+02 -1.289967840402790671e+02
2.008629579393742688e+02 -1.289779851306352612e+02
2.010072993983028766e+02 -1.289591861489818143e+02
2.011516408572314560e+02 -1.289403872393380084e+02
2.012959822441505366e+02 -1.289215882576845331e+02
2.014403237030791445e+02 -1.289027893480407272e+02
2.015846651620077239e+02 -1.288839903663872803e+02
2.017290066209363317e+02 -1.288651914567434744e+02
2.018733480798650533e+02 -1.288463924750900276e+02
2.020176894667839917e+02 -1.288275935654462216e+02
2.021620309257125996e+02 -1.288087945837927464e+02
2.023063723846411790e+02 -1.287899956741489405e+02
2.024507138435699289e+02 -1.287711966924954936e+02
2.025950553024985084e+02 -1.287523977828516877e+02
2.027393966894174469e+02 -1.287335988732078818e+02
2.028837381483460547e+02 -1.287147998915544065e+02
2.030280796072747762e+02 -1.286960009819106290e+02
2.031724210662033840e+02 -1.286772020002571537e+02
2.033167625251319635e+02 -1.286584030906133478e+02
2.034611039120509020e+02 -1.286396041089599009e+02
2.036054453709796519e+02 -1.286208051993160666e+02
2.037497868299082313e+02 -1.286020062176626482e+02
2.038941282888368391e+02 -1.285832073080188138e+02
2.040384697477654186e+02 -1.285644083263653670e+02
2.041828111346844992e+02 -1.285456094167215610e+02
2.043271525936131070e+02 -1.285268104350680858e+02
2.044714940525416864e+02 -1.285080115254243083e+02
2.046158355114702943e+02 -1.284892126157805023e+02
2.047601769703988737e+02 -1.284704136341270271e+02
2.049045183573179543e+02 -1.284516147244832212e+02
2.050488598162465621e+02 -1.284328157428297459e+02
2.051932012751751415e+02 -1.284140168331859684e+02
2.053375427341037494e+02 -1.283952178515324931e+02
2.054818841930324709e+02 -1.283764189418886872e+02
2.056262256519610503e+02 -1.283576199602352403e+02
2.057705670388800172e+02 -1.283388210505914344e+02
2.059149084978085966e+02 -1.283200220689379876e+02
2.060592499567373181e+02 -1.283012231592941816e+02
2.062035914156659260e+02 -1.282824241776407064e+02
2.063479328745945338e+02 -1.282636252679969004e+02
2.064922742615134723e+02 -1.282448262863434536e+02
2.066366157204421938e+02 -1.282260273766996477e+02
2.067809571793707732e+02 -1.282072284670558417e+02
2.069252986382993811e+02 -1.281884294854023665e+02
2.070696400972279889e+02 -1.281696305757585606e+02
2.072140714241921557e+02 -1.281515588194987743e+02
2.073586445381452563e+02 -1.281346334567697056e+02
2.075032176520982432e+02 -1.281177080940406654e+02
2.076477907660513438e+02 -1.281007827313115968e+02
2.077923638800043022e+02 -1.280838573685825565e+02
2.079369369939572891e+02 -1.280669320058534879e+02
2.080815101079103897e+02 -1.280500065711148068e+02
2.082260832218633482e+02 -1.280330812083857381e+02
2.083706563358163351e+02 -1.280161558456566979e+02
2.085152294497694356e+02 -1.279992304829276293e+02
2.086598025637223941e+02 -1.279823051201985606e+02
2.088043756776754947e+02 -1.279653797574695062e+02
2.089489487916284816e+02 -1.279484543947404518e+02
2.090935219055814400e+02 -1.279315290320113974e+02
2.092380950195345406e+02 -1.279146036692823429e+02
2.093826681334875275e+02 -1.278976783065532885e+02
2.095272412474406281e+02 -1.278807528718146074e+02
2.096718143613936149e+02 -1.278638275090855387e+02
2.098163874753465734e+02 -1.278469021463564701e+02
2.099609605892996740e+02 -1.278299767836274157e+02
2.101055337032526609e+02 -1.278130514208983612e+02
2.102501068172057614e+02 -1.277961260581693068e+02
2.103946799311587199e+02 -1.277792006954402524e+02
2.105392530451117068e+02 -1.277622753327111980e+02
2.106838261590648074e+02 -1.277453499699821435e+02
2.108283992730177658e+02 -1.277284246072530891e+02
2.109729723869707527e+02 -1.277114991725144080e+02
2.111175455009238533e+02 -1.276945738097853251e+02
2.112621185428671708e+02 -1.276776484470562707e+02
2.114066916568202714e+02 -1.276607230843272163e+02
2.115512647707732299e+02 -1.276437977215981618e+02
2.116958378847262168e+02 -1.276268723588691074e+02
2.118404109986793173e+02 -1.276099469961400530e+02
2.119849841126322758e+02 -1.275930216334109986e+02
2.121295572265853764e+02 -1.275760962706819441e+02
2.122741303405383633e+02 -1.275591708359432630e+02
2.124187034544913217e+02 -1.275422454732141944e+02
2.125632765684444223e+02 -1.275253201104851399e+02
2.127078496823974092e+02 -1.275083947477560713e+02
2.128524227963505098e+02 -1.274914693850270169e+02
2.129969959103034682e+02 -1.274745440222979624e+02
2.131415690242564551e+02 -1.274576186595689080e+02
2.132861421382095557e+02 -1.274406932968398536e+02
2.134307152521625142e+02 -1.274237679341107992e+02
2.135752883661155010e+02 -1.274068425713817447e+02
2.137198614800686016e+02 -1.273899171366430494e+02
2.138644345940215601e+02 -1.273729917739139950e+02
2.140090077079746607e+02 -1.273560664111849405e+02
2.141535808219276475e+02 -1.273391410484558861e+02
2.142981539358806060e+02 -1.273222156857268317e+02
2.144427270498337350e+02 -1.273052903229977630e+02
2.145873001637866935e+02 -1.272883649602687086e+02
2.147318732777397940e+02 -1.272714395975396542e+02
2.148764463916927809e+02 -1.272545142348105998e+02
2.150210195056457394e+02 -1.272375888000719044e+02
2.151655926195988400e+02 -1.272206634373428500e+02
2.153101657335518269e+02 -1.272037380746137956e+02
2.154547388475049274e+02 -1.271868127118847411e+02
2.155993119614578859e+02 -1.271698873491556867e+02
2.157438850754108728e+02 -1.271529619864266323e+02
2.158884581893639734e+02 -1.271360366236975779e+02
2.160330313033169318e+02 -1.271191112609685234e+02
2.161776044172699187e+02 -1.271021858982394690e+02
2.163221775312230193e+02 -1.270852605355104004e+02
2.164667506451759778e+02 -1.270683351007717050e+02
2.166113237591290783e+02 -1.270514097380426506e+02
2.167558968730820652e+02 -1.270344843753135962e+02
2.169004699870350237e+02 -1.270175590125845417e+02
2.170450431009881243e+02 -1.270006336498554873e+02
2.171896162149411111e+02 -1.269837082871264329e+02
2.173341893288942117e+02 -1.269667829243973785e+02
2.174788836350778922e+02 -1.269509575809884012e+02
2.176236734980589915e+02 -1.269359998097690152e+02
2.177684634330497602e+02 -1.269210419665400025e+02
2.179132533680405288e+02 -1.269060841233109613e+02
2.180580432310216281e+02 -1.268911263520915895e+02
2.182028331660123968e+02 -1.268761685088625626e+02
2.183476230289936382e+02 -1.268612106656335499e+02
2.184924129639844068e+02 -1.268462528224045087e+02
2.186372028269655061e+02 -1.268312950511851369e+02
2.187819927619562748e+02 -1.268163372079561100e+02
2.189267826969470150e+02 -1.268013793647270973e+02
2.190715725599281427e+02 -1.267864215935077112e+02
2.192163624949188829e+02 -1.267714637502786843e+02
2.193611523579001243e+02 -1.267565059070496574e+02
2.195059422928908930e+02 -1.267415480638206446e+02
2.196507321558719923e+02 -1.267265902926012586e+02
2.197955220908627609e+02 -1.267116324493722317e+02
2.199403120258535296e+02 -1.266966746061432190e+02
2.200851018888346289e+02 -1.266817168349238329e+02
2.202298918238255112e+02 -1.266667589916948060e+02
2.203746816868066389e+02 -1.266518011484657791e+02
2.205194716217974076e+02 -1.266368433052367664e+02
2.206642615567881478e+02 -1.266218855340173803e+02
2.208090514197692755e+02 -1.266069276907883534e+02
2.209538413547600157e+02 -1.265919698475593265e+02
2.210986312177412572e+02 -1.265770120763399547e+02
2.212434211527320258e+02 -1.265620542331109277e+02
2.213882110157131251e+02 -1.265470963898819150e+02
2.215330009507038937e+02 -1.265321386186625290e+02
2.216777908856946624e+02 -1.265171807754335020e+02
2.218225807486757617e+02 -1.265022229322044751e+02
2.219673706836665303e+02 -1.264872650889754624e+02
2.221121605466477718e+02 -1.264723073177560764e+02
2.222569504816385120e+02 -1.264573494745270494e+02
2.224017404166292806e+02 -1.264423916312980225e+02
2.225465302796104083e+02 -1.264274338600786507e+02
2.226913202146011486e+02 -1.264124760168496238e+02
2.228361100775822763e+02 -1.263975181736206110e+02
2.229809000125731586e+02 -1.263825603303915699e+02
2.231256898755542579e+02 -1.263676025591721981e+02
2.232704798105450266e+02 -1.263526447159431711e+02
2.234152697455357952e+02 -1.263376868727141584e+02
2.235600596085168945e+02 -1.263227291014947724e+02
2.237048495435076632e+02 -1.263077712582657455e+02
2.238496394064889046e+02 -1.262928134150367185e+02
2.239944293414796448e+02 -1.262778555718077058e+02
2.241392192044607725e+02 -1.262628978005883198e+02
2.242840091394515127e+02 -1.262479399573593071e+02
2.244287990744422814e+02 -1.262329821141302659e+02
2.245735889374234091e+02 -1.262180243429108799e+02
2.247183788724141493e+02 -1.262030664996818672e+02
2.248631687353953907e+02 -1.261881086564528545e+02
2.250079586703861594e+02 -1.261731508132238133e+02
2.251527486053769280e+02 -1.261581930420044273e+02
2.252975384683580273e+02 -1.261432351987754146e+02
2.254423284033487960e+02 -1.261282773555464019e+02
2.255871182663298953e+02 -1.261133195843270158e+02
2.257319082013207776e+02 -1.260983617410979747e+02
2.258766980643019053e+02 -1.260834038978689620e+02
2.260214879992926456e+02 -1.260684461266495759e+02
2.261662779342834142e+02 -1.260534882834205632e+02
2.263110677972645419e+02 -1.260385304401915363e+02
2.264558577322552821e+02 -1.260235725969625094e+02
2.266006475952365236e+02 -1.260086148257431518e+02
2.267454375302272922e+02 -1.259936569825141106e+02
2.268902274652180608e+02 -1.259786991392850837e+02
2.270350173281991601e+02 -1.259637413680657119e+02
2.271798072631899288e+02 -1.259487835248366991e+02
2.273245971261710281e+02 -1.259338256816076580e+02
2.274693870611617967e+02 -1.259188678383786453e+02
2.276143150386399157e+02 -1.259053591892329109e+02
2.277593237389288845e+02 -1.258926969414414998e+02
2.279043324392178533e+02 -1.258800346216404336e+02
2.280493411395066801e+02 -1.258673723018393673e+02
2.281943498397956489e+02 -1.258547099820382869e+02
2.283393585400845041e+02 -1.258420477342468615e+02
2.284843671683638036e+02 -1.258293854144457953e+02
2.286293758686527724e+02 -1.258167230946447290e+02
2.287743845689416275e+02 -1.258040607748436628e+02
2.289193932692305964e+02 -1.257913985270522232e+02
2.290644019695195368e+02 -1.257787362072511570e+02
2.292094105977987226e+02 -1.257660738874500908e+02
2.293544192980876915e+02 -1.257534115676490245e+02
2.294994279983766603e+02 -1.257407493198576134e+02
2.296444366986655155e+02 -1.257280870000565471e+02
2.297894453989544843e+02 -1.257154246802554525e+02
2.299344540272337838e+02 -1.257027623604543862e+02
2.300794627275226105e+02 -1.256901000406533200e+02
2.302244714278115794e+02 -1.256774377928619089e+02
2.303694801281004345e+02 -1.256647754730608284e+02
2.305144888283894034e+02 -1.256521131532597622e+02
2.306594974566687029e+02 -1.256394508334586817e+02
2.308045061569575580e+02 -1.256267885856672706e+02
2.309495148572465268e+02 -1.256141262658662043e+02
2.310945235575354673e+02 -1.256014639460651381e+02
2.312395322578243224e+02 -1.255888016262640718e+02
2.313845408861036219e+02 -1.255761393784726323e+02
2.315295495863925908e+02 -1.255634770586715661e+02
2.316745582866814459e+02 -1.255508147388704998e+02
2.318195669869704147e+02 -1.255381524190694336e+02
2.319645756872593552e+02 -1.255254901712779940e+02
2.321095843155385410e+02 -1.255128278514769278e+02
2.322545930158275098e+02 -1.255001655316758615e+02
2.323996017161163650e+02 -1.254875032118747953e+02
2.325446104164053338e+02 -1.254748409640833842e+02
2.326896191166943026e+02 -1.254621786442823179e+02
2.328346277449734885e+02 -1.254495163244812517e+02
2.329796364452624289e+02 -1.254368540046801712e+02
2.331246451455513977e+02 -1.254241916848791050e+02
2.332696538458402529e+02 -1.254115294370876796e+02
2.334146625461292217e+02 -1.253988671172866134e+02
2.335596711744085212e+02 -1.253862047974855471e+02
2.337046798746973764e+02 -1.253735424776844809e+02
2.338496885749863452e+02 -1.253608802298930414e+02
2.339946972752752856e+02 -1.253482179100919751e+02
2.341397059755641408e+02 -1.253355555902909089e+02
2.342847146038434403e+02 -1.253228932704898426e+02
2.344297233041322954e+02 -1.253102310226984173e+02
2.345747320044212643e+02 -1.252975687028973510e+02
2.347197407047102331e+02 -1.252849063830962848e+02
2.348647494049990598e+02 -1.252722440632952186e+02
2.350097580332783593e+02 -1.252595818155037932e+02
2.351547667335673282e+02 -1.252469194957027128e+02
2.352997754338561833e+02 -1.252342571759016465e+02
2.354447841341451522e+02 -1.252215948561005803e+02
2.355897928344341210e+02 -1.252089325362995140e+02
2.357348015347229477e+02 -1.251962702885080887e+02
2.358798101630022757e+02 -1.251836079687070225e+02
2.360248188632912161e+02 -1.251709456489059420e+02
2.361698275635800712e+02 -1.251582833291048757e+02
2.363148362638690401e+02 -1.251456210813134646e+02
2.364598449641578668e+02 -1.251329587615123984e+02
2.366048535924371947e+02 -1.251202964417113179e+02
2.367498622927261636e+02 -1.251076341219102517e+02
2.368948709930149903e+02 -1.250949718741188263e+02
2.370398796933039591e+02 -1.250823095543177601e+02
2.371849305912441537e+02 -1.250701960200127871e+02
2.373301684262200126e+02 -1.250605094267358623e+02
2.374754062611957295e+02 -1.250508229054685785e+02
2.376206440961715884e+02 -1.250411363121916537e+02
2.377658818591376644e+02 -1.250314497189147431e+02
2.379111196941133812e+02 -1.250217631976474735e+02
2.380563575290892402e+02 -1.250120766043705487e+02
2.382015953640649570e+02 -1.250023900110936381e+02
2.383468331270311751e+02 -1.249927034898263543e+02
2.384920709620068919e+02 -1.249830168965494295e+02
2.386373087969827509e+02 -1.249733303752821598e+02
2.387825466319584677e+02 -1.249636437820052350e+02
2.389277843949246858e+02 -1.249539571887283245e+02
2.390730222299004026e+02 -1.249442706674610406e+02
2.392182600648761195e+02 -1.249345840741841158e+02
2.393634978998519784e+02 -1.249248974809072052e+02
2.395087356628180544e+02 -1.249152109596399214e+02
2.396539734977939133e+02 -1.249055243663630108e+02
2.397992113327696302e+02 -1.248958377730860860e+02
2.399444491677454891e+02 -1.248861512518188022e+02
2.400896869307115651e+02 -1.248764646585418916e+02
2.402349247656873104e+02 -1.248667780652649668e+02
2.403801626006631409e+02 -1.248570915439976972e+02
2.405254003636292168e+02 -1.248474049507207866e+02
2.406706381986050758e+02 -1.248377183574438618e+02
2.408158760335807926e+02 -1.248280318361765779e+02
2.409611138685566516e+02 -1.248183452428996532e+02
2.411063516315227275e+02 -1.248086586496227284e+02
2.412515894664984728e+02 -1.247989721283554729e+02
2.413968273014743033e+02 -1.247892855350785482e+02
2.415420651364500486e+02 -1.247795989418016092e+02
2.416873028994162382e+02 -1.247699124205343395e+02
2.418325407343919835e+02 -1.247602258272574289e+02
2.419777785693678140e+02 -1.247505392339805042e+02
2.421230164043435593e+02 -1.247408527127132345e+02
2.422682541673096352e+02 -1.247311661194362955e+02
2.424134920022854942e+02 -1.247214795261593849e+02
2.425587298372612111e+02 -1.247117930048921153e+02
2.427039676722370700e+02 -1.247021064116151905e+02
2.428492054352031460e+02 -1.246924198183382799e+02
2.429944432701790049e+02 -1.246827332970710103e+02
2.431396811051547218e+02 -1.246730467037940713e+02
2.432849189401304386e+02 -1.246633601105171607e+02
2.434301567030966567e+02 -1.246536735892498768e+02
2.435753945380723735e+02 -1.246439869959729663e+02
2.437206323730482325e+02 -1.246343004026960415e+02
2.438658702080239493e+02 -1.246246138814287576e+02
2.440111079709901674e+02 -1.246149272881518471e+02
2.441563458059658842e+02 -1.246052407668845632e+02
2.443015836409416011e+02 -1.245955541736076526e+02
2.444468214759174600e+02 -1.245858675803307278e+02
2.445920592388835360e+02 -1.245761810590634440e+02
2.447372970738593949e+02 -1.245664944657865334e+02
2.448825349088351118e+02 -1.245568078725096086e+02
2.450277727438109707e+02 -1.245471213512423390e+02
2.451730105067770467e+02 -1.245374347579654284e+02
2.453182483417527635e+02 -1.245277481646885036e+02
2.454634861767286225e+02 -1.245180616434212197e+02
2.456087240117043677e+02 -1.245083750501442950e+02
2.457539617746705574e+02 -1.244986884568673702e+02
2.458991996096462742e+02 -1.244890019356001147e+02
2.460446146603557054e+02 -1.244827429293627432e+02
2.461900769493914538e+02 -1.244773962133038481e+02
2.463355391664177034e+02 -1.244720494972449529e+02
2.464810014554534519e+02 -1.244667027811860436e+02
2.466264636724795594e+02 -1.244613560651271484e+02
2.467719258895056669e+02 -1.244560093490682391e+02
2.469173881785415574e+02 -1.244506626330093297e+02
2.470628503955676649e+02 -1.244453159169504346e+02
2.472083126846034133e+02 -1.244399692008915395e+02
2.473537749016295209e+02 -1.244346224128229892e+02
2.474992371906654114e+02 -1.244292756967640941e+02
2.476446994076915189e+02 -1.244239289807051989e+02
2.477901616247176264e+02 -1.244185822646463038e+02
2.479356239137534033e+02 -1.244132355485873802e+02
2.480810861307796245e+02 -1.244078888325284851e+02
2.482265484198154013e+02 -1.244025421164695757e+02
2.483720106368415088e+02 -1.243971954004106806e+02
2.485174729258772572e+02 -1.243918486843517854e+02
2.486629351429034784e+02 -1.243865018962832352e+02
2.488083973599295859e+02 -1.243811551802243400e+02
2.489538596489653628e+02 -1.243758084641654449e+02
2.490993218659914703e+02 -1.243704617481065355e+02
2.492447841550273608e+02 -1.243651150320476262e+02
2.493902463720534683e+02 -1.243597683159887310e+02
2.495357086610892168e+02 -1.243544215999298359e+02
2.496811708781154380e+02 -1.243490748838709266e+02
2.498266330951415455e+02 -1.243437281678120172e+02
2.499720953841773223e+02 -1.243383814517531221e+02
2.501175576012034298e+02 -1.243330346636845718e+02
2.502630198902393204e+02 -1.243276879476256767e+02
2.504084821072654279e+02 -1.243223412315667815e+02
2.505539443963011763e+02 -1.243169945155078722e+02
2.506994066133272838e+02 -1.243116477994489770e+02
2.508448688303535050e+02 -1.243063010833900819e+02
2.509903311193892819e+02 -1.243009543673311583e+02
2.511357933364153894e+02 -1.242956076512722632e+02
2.512812556254511378e+02 -1.242902609352133680e+02
2.514267178424773874e+02 -1.242849142191544729e+02
2.515721801315131358e+02 -1.242795674310859226e+02
2.517176423485392434e+02 -1.242742207150270275e+02
2.518631045655653509e+02 -1.242688739989681181e+02
2.520085668546012414e+02 -1.242635272829092088e+02
2.521540290716273489e+02 -1.242581805668503137e+02
2.522994913606630973e+02 -1.242528338507914043e+02
2.524449535776892048e+02 -1.242474871347325092e+02
2.525904158667250954e+02 -1.242421404186736140e+02
2.527358780837512029e+02 -1.242367937026147189e+02
2.528813403007773104e+02 -1.242314469865558095e+02
2.530268025898130588e+02 -1.242261001984872735e+02
2.531722648068393084e+02 -1.242207534824283499e+02
2.533177270958750569e+02 -1.242154067663694548e+02
2.534631893129011644e+02 -1.242100600503105596e+02
2.533230641626417139e+02 -1.242494655996984108e+02
2.531829390123821213e+02 -1.242888710770766210e+02
2.530428138621226708e+02 -1.243282765544548454e+02
2.529026887118630782e+02 -1.243676821038426965e+02
2.527625635616036277e+02 -1.244070875812209067e+02
2.526224384113440351e+02 -1.244464930585991311e+02
2.524823132610845846e+02 -1.244858986079869823e+02
2.523421881108249920e+02 -1.245253040853651925e+02
2.522020629605655415e+02 -1.245647096347530578e+02
2.520619377382962796e+02 -1.246041151121312822e+02
2.519218125880368291e+02 -1.246435205895094782e+02
2.517816874377772365e+02 -1.246829261388973435e+02
2.516415622875177860e+02 -1.247223316162755395e+02
2.515014371372581934e+02 -1.247617371656634049e+02
2.513613119869987429e+02 -1.248011426430416293e+02
2.512211868367391503e+02 -1.248405481204198395e+02
2.510810616864796998e+02 -1.248799536698076906e+02
2.509409365362201072e+02 -1.249193591471859008e+02
2.508008113859606567e+02 -1.249587646965737520e+02
2.506606862357010641e+02 -1.249981701739519764e+02
2.505205610854416136e+02 -1.250375756513301866e+02
2.503804359351820210e+02 -1.250769812007180519e+02
2.502403107849225705e+02 -1.251163866780962621e+02
2.501001856346629779e+02 -1.251557922274841275e+02
2.499600604123938581e+02 -1.251951977048623235e+02
2.498199352621342655e+02 -1.252346031822405337e+02
2.496798101118748150e+02 -1.252740087316283990e+02
2.495396849616152224e+02 -1.253134142090066234e+02
2.493995598113557719e+02 -1.253528197583944745e+02
2.492594346610961793e+02 -1.253922252357726848e+02
2.491193095108367288e+02 -1.254316307131509092e+02
2.489791843605771362e+02 -1.254710362625387603e+02
2.488390592103176857e+02 -1.255104417399169705e+02
2.486989340600580931e+02 -1.255498472893048358e+02
2.485588089097986426e+02 -1.255892527666830318e+02
2.484186837595390500e+02 -1.256286582440612563e+02
2.482785586092795995e+02 -1.256680637934491074e+02
2.481384334590200069e+02 -1.257074692708273176e+02
2.479983083087605564e+02 -1.257468748202151829e+02
2.478581830864912945e+02 -1.257862802975934073e+02
2.477180579362318440e+02 -1.258256857749716175e+02
2.475779327859722514e+02 -1.258650913243594687e+02
2.474378076357128009e+02 -1.259044968017376931e+02
2.472976824854532083e+02 -1.259439023511255300e+02
2.471575573351937578e+02 -1.259833078285037544e+02
2.470174321849341652e+02 -1.260227133058819646e+02
2.468773070346747147e+02 -1.260621188552698158e+02
2.467371818844151221e+02 -1.261015243326480402e+02
2.465970567341556716e+02 -1.261409298820358913e+02
2.464569315838960790e+02 -1.261803353594141015e+02
2.463168064336366285e+02 -1.262197408367923117e+02
2.461764471080151679e+02 -1.262582634039267901e+02
2.460352081125839447e+02 -1.262934684867671962e+02
2.458939691171527215e+02 -1.263286734975979613e+02
2.457527301217213562e+02 -1.263638785084287264e+02
2.456114910542806058e+02 -1.263990835912691466e+02
2.454702520588492689e+02 -1.264342886020999117e+02
2.453290130634180457e+02 -1.264694936849403319e+02
2.451877740679868225e+02 -1.265046986957710971e+02
2.450465350005459300e+02 -1.265399037066018622e+02
2.449052960051147068e+02 -1.265751087894422824e+02
2.447640570096834836e+02 -1.266103138002730475e+02
2.446228180142522604e+02 -1.266455188111038126e+02
2.444815790188210372e+02 -1.266807238939442328e+02
2.443403399513801730e+02 -1.267159289047749979e+02
2.441991009559489498e+02 -1.267511339156057630e+02
2.440578619605176982e+02 -1.267863389984461691e+02
2.439166229650864750e+02 -1.268215440092769342e+02
2.437753838976456109e+02 -1.268567490201076993e+02
2.436341449022143877e+02 -1.268919541029481195e+02
2.434929059067831645e+02 -1.269271591137788846e+02
2.433516669113519413e+02 -1.269623641246096497e+02
2.432104279159207181e+02 -1.269975692074500699e+02
2.430691888484798255e+02 -1.270327742182808350e+02
2.429279498530486023e+02 -1.270679792291116001e+02
2.427867108576173791e+02 -1.271031843119520062e+02
2.426454718621861559e+02 -1.271383893227827713e+02
2.425042327947452918e+02 -1.271735943336135364e+02
2.423629937993140686e+02 -1.272087994164539566e+02
2.422217548038828454e+02 -1.272440044272847217e+02
2.420805158084516222e+02 -1.272792095101251419e+02
2.419392767410107297e+02 -1.273144145209559071e+02
2.417980377455795065e+02 -1.273496195317866722e+02
2.416567987501482833e+02 -1.273848246146270924e+02
2.415155597547170601e+02 -1.274200296254578575e+02
2.413743207592858369e+02 -1.274552346362886226e+02
2.412330816918449727e+02 -1.274904397191290428e+02
2.410918426964137211e+02 -1.275256447299598079e+02
2.409506037009824979e+02 -1.275608497407905730e+02
2.408093647055512747e+02 -1.275960548236309791e+02
2.406681256381104106e+02 -1.276312598344617442e+02
2.405268866426791874e+02 -1.276664648452925093e+02
2.403856476472479642e+02 -1.277016699281329295e+02
2.402444086518167410e+02 -1.277368749389636946e+02
2.401031696563855178e+02 -1.277720799497944597e+02
2.399619305889446252e+02 -1.278072850326348799e+02
2.398206915935134020e+02 -1.278424900434656450e+02
2.396794525980821788e+02 -1.278776950542964101e+02
2.395382136026509556e+02 -1.279129001371368162e+02
2.393969745352100915e+02 -1.279481051479675813e+02
2.392557355397788683e+02 -1.279833101587983464e+02
2.391144965443476451e+02 -1.280185152416387666e+02
2.389732575489164219e+02 -1.280537202524695317e+02
2.388320185534851703e+02 -1.280889253353099377e+02
2.386907794860443062e+02 -1.281241303461407028e+02
2.385495404906130830e+02 -1.281593353569714679e+02
2.384083014951818598e+02 -1.281945404398119024e+02
2.382670624997506366e+02 -1.282297454506426675e+02
2.381258234323097440e+02 -1.282649504614734326e+02
2.379845844368785208e+02 -1.283001555443138386e+02
2.378433454414472976e+02 -1.283353605551446037e+02
2.377021064460160744e+02 -1.283705655659753972e+02
2.375603029669863702e+02 -1.284034028277053778e+02
2.374183718148579771e+02 -1.284357046977330299e+02
2.372764406627297262e+02 -1.284680065677606819e+02
2.371345095826110878e+02 -1.285003083657786931e+02
2.369925784304826948e+02 -1.285326102358063736e+02
2.368506473503640848e+02 -1.285649121058340256e+02
2.367087161982358055e+02 -1.285972139758616777e+02
2.365667851181170818e+02 -1.286295157738797172e+02
2.364248539659888024e+02 -1.286618176439073693e+02
2.362829228138605231e+02 -1.286941195139350498e+02
2.361409917337417994e+02 -1.287264213839626734e+02
2.359990605816135201e+02 -1.287587231819807130e+02
2.358571295014949101e+02 -1.287910250520083650e+02
2.357151983493665170e+02 -1.288233269220360455e+02
2.355732672692478786e+02 -1.288556287920636976e+02
2.354313361171196277e+02 -1.288879305900817087e+02
2.352894049649912347e+02 -1.289202324601093608e+02
2.351474738848725963e+02 -1.289525343301370413e+02
2.350055427327443454e+02 -1.289848362001646933e+02
2.348636116526255933e+02 -1.290171379981827045e+02
2.347216805004973139e+02 -1.290494398682103849e+02
2.345797493483690630e+02 -1.290817417382380370e+02
2.344378182682503109e+02 -1.291140436082656890e+02
2.342958871161220316e+02 -1.291463454062837002e+02
2.341539560360034216e+02 -1.291786472763113807e+02
2.340120248838750285e+02 -1.292109491463390327e+02
2.338700938037564185e+02 -1.292432510163666848e+02
2.337281626516281392e+02 -1.292755528143846959e+02
2.335862314994997462e+02 -1.293078546844123764e+02
2.334443004193811078e+02 -1.293401565544400285e+02
2.333023692672528568e+02 -1.293724584244676805e+02
2.331604381871341047e+02 -1.294047602224857201e+02
2.330185070350058254e+02 -1.294370620925133721e+02
2.328765759548872154e+02 -1.294693639625410242e+02
2.327346448027588224e+02 -1.295016658325686763e+02
2.325927136506305430e+02 -1.295339676305867158e+02
2.324507825705119330e+02 -1.295662695006143679e+02
2.323088514183835400e+02 -1.295985713706420484e+02
2.321669203382649300e+02 -1.296308732406697004e+02
2.320249891861366507e+02 -1.296631750386877115e+02
2.318830580340082577e+02 -1.296954769087153636e+02
2.317411269538896477e+02 -1.297277787787430441e+02
2.315991958017613683e+02 -1.297600806487706961e+02
2.314572647216426162e+02 -1.297923824467887073e+02
2.313153335695143653e+02 -1.298246843168163593e+02
2.311734024893957269e+02 -1.298569861868440398e+02
2.310314713372673339e+02 -1.298892880568716919e+02
2.308895401851390830e+02 -1.299215898548897030e+02
2.307476091050204445e+02 -1.299538917249173551e+02
2.306056779528920515e+02 -1.299861935949450356e+02
2.304637468727734415e+02 -1.300184954649726876e+02
2.303218157206451622e+02 -1.300507972629906988e+02
2.301798846405264385e+02 -1.300830991330183792e+02
2.300379534883981592e+02 -1.301154010030460313e+02
2.298960223362698798e+02 -1.301477028730737118e+02
2.297540912561511561e+02 -1.301800046710917229e+02
2.296121601040228768e+02 -1.302123065411193750e+02
2.294702290239042668e+02 -1.302446084111470270e+02
2.293282978717758738e+02 -1.302769102811747075e+02
2.291863667196475944e+02 -1.303092120791927186e+02
2.290444356395289844e+02 -1.303415139492203707e+02
2.289025044874005914e+02 -1.303738158192480228e+02
2.287605734072819530e+02 -1.304061176892757032e+02
2.286186422551537021e+02 -1.304384194872937144e+02
2.284767111750349500e+02 -1.304707213573213664e+02
2.283347800229066706e+02 -1.305030232273490185e+02
2.281926668303985650e+02 -1.305344946101537005e+02
2.280502417641229158e+02 -1.305645440185204507e+02
2.279078167698567938e+02 -1.305945934988968418e+02
2.277653917755906434e+02 -1.306246429072635920e+02
2.276229667813245214e+02 -1.306546923876399831e+02
2.274805417150487585e+02 -1.306847417960067617e+02
2.273381167207826081e+02 -1.307147912763831528e+02
2.271956917265164861e+02 -1.307448406847499029e+02
2.270532667322504778e+02 -1.307748901651262941e+02
2.269108416659747149e+02 -1.308049395734930442e+02
2.267684166717085930e+02 -1.308349890538694353e+02
2.266259916774424710e+02 -1.308650384622362139e+02
2.264835666831763206e+02 -1.308950879426126050e+02
2.263411416169005577e+02 -1.309251373509793552e+02
2.261987166226344357e+02 -1.309551868313557463e+02
2.260562916283684274e+02 -1.309852362397224965e+02
2.259138666341023054e+02 -1.310152857200988876e+02
2.257714416398361550e+02 -1.310453351284656662e+02
2.256290165735603921e+02 -1.310753846088420573e+02
2.254865915792942701e+02 -1.311054340172088075e+02
2.253441665850281197e+02 -1.311354834255755577e+02
2.252017415907619977e+02 -1.311655329059519488e+02
2.250593165244862348e+02 -1.311955823143186990e+02
2.249168915302202265e+02 -1.312256317946951185e+02
2.247744665359541045e+02 -1.312556812030618687e+02
2.246320415416879825e+02 -1.312857306834382598e+02
2.244896164754121912e+02 -1.313157800918050100e+02
2.243471914811460692e+02 -1.313458295721814011e+02
2.242047664868799473e+02 -1.313758789805481513e+02
2.240623414926137968e+02 -1.314059284609245424e+02
2.239199164263381476e+02 -1.314359778692913210e+02
2.237774914320720256e+02 -1.314660273496677121e+02
2.236350664378059037e+02 -1.314960767580344623e+02
2.234926414435397817e+02 -1.315261262384108534e+02
2.233502163772639904e+02 -1.315561756467776036e+02
2.232077913829978684e+02 -1.315862251271539947e+02
2.230653663887317464e+02 -1.316162745355207448e+02
2.229229413944656244e+02 -1.316463240158971644e+02
2.227805163281899752e+02 -1.316763734242638861e+02
2.226380913339238248e+02 -1.317064228326306363e+02
2.224956663396577028e+02 -1.317364723130070558e+02
2.223532413453915808e+02 -1.317665217213738060e+02
2.222108162791157895e+02 -1.317965712017501971e+02
2.220683912848496675e+02 -1.318266206101169473e+02
2.219259662905835455e+02 -1.318566700904933384e+02
2.217835412963175372e+02 -1.318867194988600886e+02
2.216411162300417743e+02 -1.319167689792365081e+02
2.214986912357756523e+02 -1.319468183876032583e+02
2.213562662415095019e+02 -1.319768678679796494e+02
2.212138412472433799e+02 -1.320069172763463996e+02
2.210714161809676170e+02 -1.320369667567227907e+02
2.209289911867014666e+02 -1.320670161650895409e+02
2.207865661924354868e+02 -1.320970656454659604e+02
2.206441411981693363e+02 -1.321271150538327106e+02
2.205017162039032144e+02 -1.321571645342091017e+02
2.203592911376274515e+02 -1.321872139425758519e+02
2.202168661433613295e+02 -1.322172633509426021e+02
2.200744411490951791e+02 -1.322473128313189932e+02
2.199320161548290571e+02 -1.322773622396857718e+02
2.197895910885532942e+02 -1.323074117200621345e+02
2.196471660942872859e+02 -1.323374611284289131e+02
2.195047411000211639e+02 -1.323675106088053042e+02
2.193623161057550135e+02 -1.323975600171720544e+02
2.192198910394792506e+02 -1.324276094975484455e+02
2.190774660452131286e+02 -1.324576589059152241e+02
2.189350410509469782e+02 -1.324877083862915867e+02
2.187926160566808562e+02 -1.325177577946583654e+02
2.186501909904052070e+02 -1.325478072750347565e+02
2.185077659961390850e+02 -1.325778566834015066e+02
2.183653410018729630e+02 -1.326079061637778977e+02
2.182227416002493499e+02 -1.326371004576234327e+02
2.180799211290189987e+02 -1.326652103582416373e+02
2.179371006577886476e+02 -1.326933202588598419e+02
2.177942801865582965e+02 -1.327214300874683772e+02
2.176514597153279453e+02 -1.327495399880865818e+02
2.175086392440974521e+02 -1.327776498887047865e+02
2.173658187728671010e+02 -1.328057597893229627e+02
2.172229983016367498e+02 -1.328338696899411673e+02
2.170801778304063987e+02 -1.328619795905593719e+02
2.169373573591760476e+02 -1.328900894911775481e+02
2.167945368879456964e+02 -1.329181993917957527e+02
2.166517164167153453e+02 -1.329463092924139289e+02
2.165088959454849942e+02 -1.329744191210224926e+02
2.163660754742546430e+02 -1.330025290216406972e+02
2.162232550030242919e+02 -1.330306389222588734e+02
2.160804345317939408e+02 -1.330587488228770781e+02
2.159376140605635896e+02 -1.330868587234952827e+02
2.157947935893332385e+02 -1.331149686241134589e+02
2.156519731181028590e+02 -1.331430785247316635e+02
2.155091526468725078e+02 -1.331711884253498397e+02
2.153663321756420430e+02 -1.331992982539584034e+02
2.152235117044116919e+02 -1.332274081545766080e+02
2.150806912331813407e+02 -1.332555180551947842e+02
2.149378707619509896e+02 -1.332836279558129888e+02
2.147950502907206385e+02 -1.333117378564311934e+02
2.146522298194902874e+02 -1.333398477570493696e+02
2.145094093482599362e+02 -1.333679576576675743e+02
2.143665888770295567e+02 -1.333960675582857789e+02
2.142237684057992055e+02 -1.334241773868943142e+02
2.140809479345688544e+02 -1.334522872875125188e+02
2.139381274633385033e+02 -1.334803971881307234e+02
2.137953069921081521e+02 -1.335085070887488996e+02
2.136524865208778010e+02 -1.335366169893671042e+02
2.135096660496474499e+02 -1.335647268899852804e+02
2.133668455784170987e+02 -1.335928367906034850e+02
2.132240251071866339e+02 -1.336209466912216897e+02
2.130812046359562544e+02 -1.336490565918398659e+02
2.129383841647259032e+02 -1.336771664204484296e+02
2.127955636934955521e+02 -1.337052763210666342e+02
2.126527432222652010e+02 -1.337333862216848104e+02
2.125099227510348499e+02 -1.337614961223030150e+02
2.123671022798044987e+02 -1.337896060229212196e+02
2.122242818085741476e+02 -1.338177159235393958e+02
2.120814613373437965e+02 -1.338458258241576004e+02
2.119386408661134453e+02 -1.338739357247757766e+02
2.117958203948830942e+02 -1.339020455533843403e+02
2.116529999236527431e+02 -1.339301554540025450e+02
2.115101794524223919e+02 -1.339582653546207212e+02
2.113673589811920408e+02 -1.339863752552389258e+02
2.112245385099616897e+02 -1.340144851558571304e+02
2.110817180387311964e+02 -1.340425950564753066e+02
2.109388975675008453e+02 -1.340707049570935112e+02
2.107960770962704942e+02 -1.340988148577116874e+02
2.106532566250401430e+02 -1.341269246863202511e+02
2.105104361538097919e+02 -1.341550345869384557e+02
2.103676156825794408e+02 -1.341831444875566319e+02
2.102247952113490896e+02 -1.342112543881748365e+02
2.100819747401187385e+02 -1.342393642887930412e+02
2.099391542688883874e+02 -1.342674741894112174e+02
2.097963337976580362e+02 -1.342955840900294220e+02
2.096535133264276851e+02 -1.343236939906476266e+02
2.095106928551973340e+02 -1.343518038912658028e+02
2.093678723839669829e+02 -1.343799137198743665e+02
2.092250519127366033e+02 -1.344080236204925711e+02
2.090822314415062522e+02 -1.344361335211107473e+02
2.089394109702757873e+02 -1.344642434217289519e+02
2.087965904990454362e+02 -1.344923533223471281e+02
2.086537700278150851e+02 -1.345204632229653328e+02
2.085109495565847340e+02 -1.345485731235835374e+02
2.083681290853543828e+02 -1.345766830242017136e+02
2.082253086861336726e+02 -1.346047928528102773e+02
2.080822724740102672e+02 -1.346317680254600475e+02
2.079390994435634354e+02 -1.346580232456901740e+02
2.077959264131165753e+02 -1.346842785379299698e+02
2.076527533826697436e+02 -1.347105338301697373e+02
2.075095803522228834e+02 -1.347367890503998922e+02
2.073664073937855505e+02 -1.347630443426396596e+02
2.072232343633387188e+02 -1.347892995628698145e+02
2.070800613328918587e+02 -1.348155548551095819e+02
2.069368883024449985e+02 -1.348418100753397368e+02
2.067937152719981668e+02 -1.348680653675795043e+02
2.066505422415513067e+02 -1.348943206598193001e+02
2.065073692111044465e+02 -1.349205758800494266e+02
2.063641961806576148e+02 -1.349468311722892224e+02
2.062210231502107547e+02 -1.349730863925193489e+02
2.060778501917735639e+02 -1.349993416847591448e+02
2.059346771613267038e+02 -1.350255969769989406e+02
2.057915041308798720e+02 -1.350518521972290671e+02
2.056483311004330119e+02 -1.350781074894688629e+02
2.055051580699861802e+02 -1.351043627096989894e+02
2.053619850395393200e+02 -1.351306180019387853e+02
2.052188120090924599e+02 -1.351568732221689118e+02
2.050756389786456282e+02 -1.351831285144086792e+02
2.049324660202084090e+02 -1.352093838066484750e+02
2.047892929897615772e+02 -1.352356390268786299e+02
2.046461199593147171e+02 -1.352618943191183973e+02
2.045029469288678854e+02 -1.352881495393485238e+02
2.043597738984210253e+02 -1.353144048315883197e+02
2.042166008679741651e+02 -1.353406601238281155e+02
2.040734278375273334e+02 -1.353669153440582420e+02
2.039302548070804733e+02 -1.353931706362980378e+02
2.037870818486432825e+02 -1.354194258565281928e+02
2.036439088181964223e+02 -1.354456811487679602e+02
2.035007357877495906e+02 -1.354719363689981151e+02
2.033575627573027305e+02 -1.354981916612378825e+02
2.032143897268558703e+02 -1.355244469534776499e+02
2.030712166964090386e+02 -1.355507021737078048e+02
2.029280436659621785e+02 -1.355769574659475722e+02
2.027848706355153467e+02 -1.356032126861777272e+02
2.026416976050684866e+02 -1.356294679784175230e+02
2.024985246466312958e+02 -1.356557231986476495e+02
2.023553516161844357e+02 -1.356819784908874453e+02
2.022121785857375755e+02 -1.357082337831272412e+02
2.020690055552907438e+02 -1.357344890033573677e+02
2.019258325248438837e+02 -1.357607442955971351e+02
2.017826594943970520e+02 -1.357869995158272900e+02
2.016394864639501918e+02 -1.358132548080670858e+02
2.014963134335033317e+02 -1.358395101003068532e+02
2.013531404750661409e+02 -1.358657653205369797e+02
2.012099674446193092e+02 -1.358920206127767756e+02
2.010667944141723069e+02 -1.359182758330069305e+02
2.009236213837254752e+02 -1.359445311252466979e+02
2.007804483532786151e+02 -1.359707863454768244e+02
2.006372753228317833e+02 -1.359970416377166202e+02
2.004941022923849232e+02 -1.360232969299564161e+02
2.003509292619380631e+02 -1.360495521501865426e+02
2.002077562314912313e+02 -1.360758074424263384e+02
2.000645832730540121e+02 -1.361020626626564649e+02
1.999214102426071804e+02 -1.361283179548962607e+02
1.997782372121603203e+02 -1.361545731751263872e+02
1.996350641817134886e+02 -1.361808284673661831e+02
1.994918911512666284e+02 -1.362070837596059505e+02
1.993487181208197683e+02 -1.362333389798361054e+02
1.992055450903729366e+02 -1.362595942720758728e+02
1.990623720599260764e+02 -1.362858494923060277e+02
1.989191991014888856e+02 -1.363121047845457952e+02
1.987760260710420255e+02 -1.363383600767855910e+02
1.986328530405951938e+02 -1.363646152970157175e+02
1.984896800101483336e+02 -1.363908705892555133e+02
1.983465069797014735e+02 -1.364171258094856398e+02
1.982031714234883566e+02 -1.364424586581872063e+02
1.980596486422010969e+02 -1.364667295086606202e+02
1.979161259329236202e+02 -1.364910003591340626e+02
1.977726031516363605e+02 -1.365152712096075049e+02
1.976290804423587701e+02 -1.365395420600809473e+02
1.974855576610715104e+02 -1.365638129105543896e+02
1.973420349517938917e+02 -1.365880837610278036e+02
1.971985121705067741e+02 -1.366123546115012459e+02
1.970549894612291553e+02 -1.366366254619746883e+02
1.969114666799418956e+02 -1.366608963844577715e+02
1.967679438986546359e+02 -1.366851672349312139e+02
1.966244211893770455e+02 -1.367094380854046562e+02
1.964808984080898995e+02 -1.367337089358780986e+02
1.963373756988123091e+02 -1.367579797863515410e+02
1.961938529175250494e+02 -1.367822506368249833e+02
1.960503302082474306e+02 -1.368065214872983972e+02
1.959068074269601709e+02 -1.368307923377718396e+02
1.957632847176825805e+02 -1.368550631882452819e+02
1.956197619363954345e+02 -1.368793340387187243e+02
1.954762392271178442e+02 -1.369036048891921666e+02
1.953327164458305845e+02 -1.369278757396655806e+02
1.951891937365529657e+02 -1.369521465901390229e+02
1.950456709552657060e+02 -1.369764174406124653e+02
1.949021482459882293e+02 -1.370006882910859076e+02
1.947586254647009696e+02 -1.370249591415593500e+02
1.946151027554233792e+02 -1.370492299920327639e+02
1.944715799741361195e+02 -1.370735008425062063e+02
1.943280572648585007e+02 -1.370977716929796486e+02
1.941845344835713831e+02 -1.371220425434530910e+02
1.940410117742937643e+02 -1.371463133939265333e+02
1.938974889930065046e+02 -1.371705842443999472e+02
1.937539662837289143e+02 -1.371948550948734180e+02
1.936104435024416546e+02 -1.372191259453468319e+02
1.934669207931641779e+02 -1.372433967958202743e+02
1.933233980118769182e+02 -1.372676676462937166e+02
1.931798753025992994e+02 -1.372919384967671590e+02
1.930363525213120397e+02 -1.373162093472406013e+02
1.928928298120344493e+02 -1.373404801977140437e+02
1.927493070307473033e+02 -1.373647510481874576e+02
1.926057843214697129e+02 -1.373890219706705409e+02
1.924622615401824532e+02 -1.374132928211439832e+02
1.923187388309048345e+02 -1.374375636716174256e+02
1.921752160496175748e+02 -1.374618345220908679e+02
1.920316933403399844e+02 -1.374861053725643103e+02
1.918881705590528384e+02 -1.375103762230377242e+02
1.917446478497752480e+02 -1.375346470735111666e+02
1.916011250684879883e+02 -1.375589179239846089e+02
1.914576023592103695e+02 -1.375831887744580513e+02
1.913140795779231098e+02 -1.376074596249314936e+02
1.911705567966359922e+02 -1.376317304754049076e+02
1.910270340873583734e+02 -1.376560013258783499e+02
1.908835113060711137e+02 -1.376802721763517923e+02
1.907399885967935234e+02 -1.377045430268252346e+02
1.905964658155062637e+02 -1.377288138772986770e+02
1.904529431062287870e+02 -1.377530847277720909e+02
1.903094203249415273e+02 -1.377773555782455333e+02
1.901658976156639085e+02 -1.378016264287189756e+02
1.900223748343766772e+02 -1.378258972791924180e+02
1.898788521250990584e+02 -1.378501681296658603e+02
1.897353293438119408e+02 -1.378744389801393027e+02
1.895918066345343220e+02 -1.378987098306127450e+02
1.894482838532470623e+02 -1.379229806810861874e+02
1.893047611439694435e+02 -1.379472515315596013e+02
1.891612383626822123e+02 -1.379715223820330436e+02
1.890177156534047072e+02 -1.379957932325064860e+02
1.888739672659031612e+02 -1.380186580946829338e+02
1.887300578648378462e+02 -1.380405201505585921e+02
1.885861484637725312e+02 -1.380623821344245812e+02
1.884422391347169992e+02 -1.380842441182905986e+02
1.882983297336516557e+02 -1.381061061741662286e+02
1.881544204045960100e+02 -1.381279681580322460e+02
1.880105110035306950e+02 -1.381498301418982351e+02
1.878666016744751346e+02 -1.381716921977738650e+02
1.877226922734098196e+02 -1.381935541816398825e+02
1.875787829443541455e+02 -1.382154161655058715e+02
1.874348735432888304e+02 -1.382372782213815015e+02
1.872909642142332984e+02 -1.382591402052475189e+02
1.871470548131679834e+02 -1.382810022611231489e+02
1.870031454841123093e+02 -1.383028642449891379e+02
1.868592360830471364e+02 -1.383247262288551269e+02
1.867153267539914623e+02 -1.383465882847307853e+02
1.865714173529261473e+02 -1.383684502685967743e+02
1.864275080238704732e+02 -1.383903122524627634e+02
1.862835986228052718e+02 -1.384121743083384217e+02
1.861396892937495977e+02 -1.384340362922044392e+02
1.859957798926842827e+02 -1.384558982760704282e+02
1.858518705636286370e+02 -1.384777603319460582e+02
1.857079611625634357e+02 -1.384996223158120756e+02
1.855640518335077616e+02 -1.385214842996780646e+02
1.854201424324424465e+02 -1.385433463555536946e+02
1.852762331033869145e+02 -1.385652083394197120e+02
1.851323237023215995e+02 -1.385870703952953420e+02
1.849884143732659254e+02 -1.386089323791613310e+02
1.848445049722006104e+02 -1.386307943630273485e+02
1.847005956431450784e+02 -1.386526564189029784e+02
1.845566862420797634e+02 -1.386745184027689675e+02
1.844127769130240893e+02 -1.386963803866349849e+02
1.842688675119588879e+02 -1.387182424425106149e+02
1.841249581829032138e+02 -1.387401044263766039e+02
1.839810487818378988e+02 -1.387619664102426214e+02
1.838371394527822247e+02 -1.387838284661182513e+02
1.836932300517170518e+02 -1.388056904499842688e+02
1.835493207226613777e+02 -1.388275524338502578e+02
1.834054113215960626e+02 -1.388494144897258877e+02
1.832615019925403885e+02 -1.388712764735919052e+02
1.831175925914752156e+02 -1.388931385294675351e+02
1.829736832624195415e+02 -1.389150005133335242e+02
1.828297738613542265e+02 -1.389368624971995416e+02
1.826858645322985524e+02 -1.389587245530751716e+02
1.825419551312333510e+02 -1.389805865369411606e+02
1.823980458021777054e+02 -1.390024485208071781e+02
1.822541364011123619e+02 -1.390243105766828080e+02
1.821102270720568299e+02 -1.390461725605487970e+02
1.819663176709915149e+02 -1.390680345444148145e+02
1.818224083419358408e+02 -1.390898966002904444e+02
1.816784989408705258e+02 -1.391117585841564619e+02
1.815345896118149938e+02 -1.391336205680224509e+02
1.813906802107496787e+02 -1.391554826238981093e+02
1.812467708816940046e+02 -1.391773446077640983e+02
1.811028614806288033e+02 -1.391992066636397283e+02
1.809589521515731576e+02 -1.392210686475057173e+02
1.808150427505078426e+02 -1.392429306313717348e+02
1.806711334214521685e+02 -1.392647926872473647e+02
1.805269626253796389e+02 -1.392847859488447568e+02
1.803825777446357677e+02 -1.393032482854130194e+02
1.802381928638917543e+02 -1.393217106939909229e+02
1.800938079831478831e+02 -1.393401730305591855e+02
1.799494231024040118e+02 -1.393586353671274480e+02
1.798050382216601406e+02 -1.393770977757053515e+02
1.796606533409162694e+02 -1.393955601122736425e+02
1.795162684601723981e+02 -1.394140225208515460e+02
1.793718835794285269e+02 -1.394324848574198086e+02
1.792274986986845136e+02 -1.394509471939880427e+02
1.790831138179406423e+02 -1.394694096025659462e+02
1.789387289371967711e+02 -1.394878719391342372e+02
1.787943440564528998e+02 -1.395063342757024998e+02
1.786499591757090286e+02 -1.395247966842804033e+02
1.785055742949651574e+02 -1.395432590208486658e+02
1.783611894142212861e+02 -1.395617213574169284e+02
1.782168045334772728e+02 -1.395801837659948319e+02
1.780724196527334016e+02 -1.395986461025630945e+02
1.779280347719895303e+02 -1.396171084391313570e+02
1.777836498912456591e+02 -1.396355708477092605e+02
1.776392650105017879e+02 -1.396540331842775231e+02
1.774948801297579166e+02 -1.396724955208457857e+02
1.773504952490140454e+02 -1.396909579294237176e+02
1.772061103682700320e+02 -1.397094202659919517e+02
1.770617254875261608e+02 -1.397278826025602427e+02
1.769173406067822896e+02 -1.397463450111381462e+02
1.767729557260384183e+02 -1.397648073477064088e+02
1.766285708452945471e+02 -1.397832697562843123e+02
1.764841859645506759e+02 -1.398017320928525749e+02
1.763398010838068046e+02 -1.398201944294208374e+02
1.761954162030627913e+02 -1.398386568379987409e+02
1.760510313223189200e+02 -1.398571191745670035e+02
1.759066464415750488e+02 -1.398755815111352661e+02
1.757622615608311776e+02 -1.398940439197131695e+02
1.756178766800873063e+02 -1.399125062562814321e+02
1.754734917993434351e+02 -1.399309685928496947e+02
1.753291069185995639e+02 -1.399494310014276266e+02
1.751847220378555505e+02 -1.399678933379958607e+02
1.750403371571116793e+02 -1.399863556745641517e+02
1.748959522763678081e+02 -1.400048180831420552e+02
1.747515673236142959e+02 -1.400232804197103178e+02
1.746071824428704247e+02 -1.400417427562785520e+02
1.744627975621265534e+02 -1.400602051648564839e+02
1.743184126813826822e+02 -1.400786675014247464e+02
1.741740278006386689e+02 -1.400971298379930090e+02
1.740296429198947976e+02 -1.401155922465709125e+02
1.738852580391509264e+02 -1.401340545831391751e+02
1.737408731584070551e+02 -1.401525169917170786e+02
1.735964882776631839e+02 -1.401709793282853411e+02
1.734515132058778875e+02 -1.401839397680121237e+02
1.733064975206535223e+02 -1.401965217250506157e+02
1.731614818354291572e+02 -1.402091036100794668e+02
1.730164661502047920e+02 -1.402216855671179303e+02
1.728714504649804269e+02 -1.402342674521467814e+02
1.727264347797560617e+02 -1.402468494091852733e+02
1.725814190945317250e+02 -1.402594312942141244e+02
1.724364034813170008e+02 -1.402720132512525879e+02
1.722913877960925220e+02 -1.402845951362814390e+02
1.721463721108681568e+02 -1.402971770933199309e+02
1.720013564256437917e+02 -1.403097589783487535e+02
1.718563407404194265e+02 -1.403223409353872455e+02
1.717113250551950614e+02 -1.403349228204160966e+02
1.715663093699706963e+02 -1.403475047774545885e+02
1.714212936847463311e+02 -1.403600866624834396e+02
1.712762779995219944e+02 -1.403726686195219031e+02
1.711312623142976292e+02 -1.403852505045507542e+02
1.709862466290731220e+02 -1.403978324615892461e+02
1.708412309438487569e+02 -1.404104143466180972e+02
1.706962152586244201e+02 -1.404229963036565607e+02
1.705511995734000550e+02 -1.404355781886854118e+02
1.704061838881756898e+02 -1.404481601457239037e+02
1.702611682029513247e+02 -1.404607420307527548e+02
1.701161525177269596e+02 -1.404733239877912183e+02
1.699711368325025944e+02 -1.404859058728200694e+02
1.698261211472782293e+02 -1.404984878298585613e+02
1.696811054620537504e+02 -1.405110697148873840e+02
1.695360897768293853e+02 -1.405236516719258759e+02
1.693910740916050202e+02 -1.405362335569547270e+02
1.692460584063806550e+02 -1.405488155139932189e+02
1.691010427211562899e+02 -1.405613973990220700e+02
1.689560270359319532e+02 -1.405739793560605335e+02
1.688110113507075880e+02 -1.405865612410893846e+02
1.686659956654832229e+02 -1.405991431981278765e+02
1.685209799802588577e+02 -1.406117250831567276e+02
1.683759642950343789e+02 -1.406243070401951911e+02
1.682308315221290798e+02 -1.406350917805414440e+02
1.680854096305035625e+02 -1.406414434631905124e+02
1.679399878108875726e+02 -1.406477951458395523e+02
1.677945659912716962e+02 -1.406541468284885923e+02
1.676491441716557063e+02 -1.406604985111376322e+02
1.675037223520398300e+02 -1.406668501937866722e+02
1.673583005324239537e+02 -1.406732018764357122e+02
1.672128786407983227e+02 -1.406795535590847521e+02
1.670674105189814327e+02 -1.406847080814041249e+02
1.669219325318432823e+02 -1.406896079056130304e+02
1.667764545447051319e+02 -1.406945077298219644e+02
1.666309765575669815e+02 -1.406994075540308700e+02
1.664854985704287174e+02 -1.407043073782397755e+02
1.663400205832905669e+02 -1.407092072024486811e+02
1.661945425961524165e+02 -1.407141070266576151e+02
1.660490646090142661e+02 -1.407190068508665206e+02
1.659035866218761441e+02 -1.407239066750754546e+02
1.657580976892721196e+02 -1.407284460910166786e+02
1.656125915463631770e+02 -1.407324254159477164e+02
1.654670854754638754e+02 -1.407364047408787826e+02
1.653215794045646021e+02 -1.407403841378194898e+02
1.651760733336654425e+02 -1.407443634627505276e+02
1.650305672627661693e+02 -1.407483427876816222e+02
1.648850611918668676e+02 -1.407523221126126600e+02
1.647395551209675943e+02 -1.407563014375437263e+02
1.645940490500683211e+02 -1.407602808344844334e+02
1.644485429791690194e+02 -1.407642601594154712e+02
1.643030369082697462e+02 -1.407682394843465374e+02
1.641575296852161898e+02 -1.407721730111440763e+02
1.640120076281759225e+02 -1.407755167789581492e+02
1.638664855711357689e+02 -1.407788605467722221e+02
1.637209634420858606e+02 -1.407822043145862949e+02
1.635754413850457070e+02 -1.407855480824003678e+02
1.634299193280054396e+02 -1.407888918502144406e+02
1.632843972709651723e+02 -1.407922356180285419e+02
1.631388752139250187e+02 -1.407955793858426148e+02
1.629933531568847513e+02 -1.407989231536566592e+02
1.628478310998445977e+02 -1.408022669214707321e+02
1.627023089707946895e+02 -1.408056106892848049e+02
1.625567869137545358e+02 -1.408089543850892653e+02
1.624112648567142685e+02 -1.408122981529033382e+02
1.622657427996741148e+02 -1.408156419207174110e+02
1.621202113093704895e+02 -1.408185441974047762e+02
1.619746792429897937e+02 -1.408214228549289828e+02
1.618291472486187388e+02 -1.408243014404435201e+02
1.616836152542476839e+02 -1.408271800259580573e+02
1.615380832598766290e+02 -1.408300586834822354e+02
1.613925511934957910e+02 -1.408329372689967727e+02
1.612470191991247361e+02 -1.408358158545113099e+02
1.611014872047536812e+02 -1.408386945120354881e+02
1.609559552103826263e+02 -1.408415730975500253e+02
1.608104231440019021e+02 -1.408444516830645625e+02
1.606648911496308472e+02 -1.408473303405887691e+02
1.605193591552597923e+02 -1.408502089261033063e+02
1.603738271608886237e+02 -1.408530875116178436e+02
1.602282950945078994e+02 -1.408559661691420217e+02
1.600827624520501331e+02 -1.408588070936127963e+02
1.599372238327918012e+02 -1.408613305995733356e+02
1.597916852135334693e+02 -1.408638541055338180e+02
1.596461465942751374e+02 -1.408663775394847164e+02
1.595006079750168055e+02 -1.408689010454452273e+02
1.593550694277681430e+02 -1.408714245514057382e+02
1.592095308085098111e+02 -1.408739479853566081e+02
1.590639921892515929e+02 -1.408764714913171190e+02
1.589184535699932610e+02 -1.408789949972776299e+02
1.587729150227445984e+02 -1.408815185032381407e+02
1.586273764034862666e+02 -1.408840419371890107e+02
1.584818377842279347e+02 -1.408865654431495216e+02
1.583362991649696028e+02 -1.408890889491100324e+02
1.581907605457112709e+02 -1.408916123830609024e+02
1.580452219984625799e+02 -1.408941358890214417e+02
1.578996833792043901e+02 -1.408966593949819242e+02
1.577541447599460582e+02 -1.408991828289327941e+02
1.576086032603020044e+02 -1.409015311354297353e+02
1.574630601044360958e+02 -1.409037746678947940e+02
1.573175169485702156e+02 -1.409060181283502118e+02
1.571719737206946945e+02 -1.409082616608152989e+02
1.570264305648287859e+02 -1.409105051932803576e+02
1.568808873369532648e+02 -1.409127486537357754e+02
1.567353441810873846e+02 -1.409149921862008341e+02
1.565898009532118351e+02 -1.409172356466562519e+02
1.564442577973459549e+02 -1.409194791791213390e+02
1.562987145694705475e+02 -1.409217227115863977e+02
1.561531714136046674e+02 -1.409239661720418155e+02
1.560076282577387587e+02 -1.409262097045069027e+02
1.558620850298632377e+02 -1.409284532369719614e+02
1.557165418739973575e+02 -1.409306966974273791e+02
1.555709986461218080e+02 -1.409329402298924379e+02
1.554254554902559278e+02 -1.409351837623574966e+02
1.552799122623803783e+02 -1.409374272228129144e+02
1.551343691065144981e+02 -1.409396707552780015e+02
1.549888239343786722e+02 -1.409417802777957718e+02
1.548432774660691393e+02 -1.409437974119404373e+02
1.546977309257499655e+02 -1.409458145460851313e+02
1.545521844574404611e+02 -1.409478316802297968e+02
1.544066379171214010e+02 -1.409498488863841033e+02
1.542610914488118681e+02 -1.409518660205287688e+02
1.541155449084926943e+02 -1.409538831546734343e+02
1.539699984401831898e+02 -1.409559002888181283e+02
1.538244518998641297e+02 -1.409579174229627938e+02
1.536789054315546252e+02 -1.409599345571074593e+02
1.535333589632450924e+02 -1.409619516912521533e+02
1.533878124229259186e+02 -1.409639688253968188e+02
1.532422659546165278e+02 -1.409659859595414844e+02
1.530967194142973540e+02 -1.409680030936861783e+02
1.529511729459878211e+02 -1.409700202278308439e+02
1.528056264056686473e+02 -1.409720373619755094e+02
1.526600799373591144e+02 -1.409740544961201749e+02
1.525145333970400827e+02 -1.409760716302648405e+02
1.523689869287305498e+02 -1.409780887644095344e+02
1.522234401723824249e+02 -1.409800896243746706e+02
1.520778912557450724e+02 -1.409819199655030957e+02
1.519323422670980506e+02 -1.409837503066315207e+02
1.517867932784510572e+02 -1.409855806477599458e+02
1.516412442898040354e+02 -1.409874110608980118e+02
1.514956953731665408e+02 -1.409892414020264368e+02
1.513501463845195190e+02 -1.409910717431548335e+02
1.512045973958725256e+02 -1.409929020842832585e+02
1.510590484072255038e+02 -1.409947324254116836e+02
1.509134994905881513e+02 -1.409965627665401087e+02
1.507679505019411295e+02 -1.409983931076685337e+02
1.506224015132941076e+02 -1.410002235208065713e+02
1.504768525246469721e+02 -1.410020538619349963e+02
1.503313036080096197e+02 -1.410038842030634214e+02
1.501857546193625979e+02 -1.410057145441918465e+02
1.500402056307155760e+02 -1.410075448853202715e+02
1.498946566420685826e+02 -1.410093752264486966e+02
1.497491077254312017e+02 -1.410112055675770932e+02
1.496035587367840662e+02 -1.410130359807151592e+02
1.494580097481370444e+02 -1.410148663218435843e+02
1.493124607594900510e+02 -1.410166966629720093e+02
1.491669114828044371e+02 -1.410184963279921249e+02
1.490213606219066378e+02 -1.410201699761354348e+02
1.488758097610088669e+02 -1.410218436242787448e+02
1.487302589001110960e+02 -1.410235172004124138e+02
1.485847080392132966e+02 -1.410251908485557237e+02
1.484391571783155257e+02 -1.410268644966990621e+02
1.482936063174177548e+02 -1.410285380728327027e+02
1.481480554565200976e+02 -1.410302117209760411e+02
1.480025045956222982e+02 -1.410318853691193510e+02
1.478569537347245273e+02 -1.410335589452530201e+02
1.477114028738267564e+02 -1.410352325933963300e+02
1.475658520129289570e+02 -1.410369062415396400e+02
1.474203011520311861e+02 -1.410385798176733090e+02
1.472747502911334152e+02 -1.410402534658166189e+02
1.471291994302356159e+02 -1.410419270419502880e+02
1.469836485693378449e+02 -1.410436006900935979e+02
1.468380977084400740e+02 -1.410452743382369079e+02
1.466925469195519440e+02 -1.410469479143705769e+02
1.465469960586541447e+02 -1.410486215625138868e+02
1.464014451977563738e+02 -1.410502952106571968e+02
1.462558943368586029e+02 -1.410519687867908658e+02
1.461103434759608035e+02 -1.410536424349341758e+02
