-2.912995376530602698e-02 8.904333331567664800e+01
-4.046804977652982416e-01 8.904323179367665375e+01
-8.785420787652924446e-01 8.904288071467664167e+01
-1.349533539765303658e+00 8.904228238367664972e+01
-1.823392923765311480e+00 8.904142862467665509e+01
-2.297250975765308567e+00 8.904032141767665109e+01
-2.771107604765290944e+00 8.903895984367665051e+01
-3.244962712765300239e+00 8.903734296467665388e+01
-3.718816201765292817e+00 8.903546983267665382e+01
-4.192667965765309646e+00 8.903333947667664461e+01
-4.666517898765306427e+00 8.903095091267664429e+01
-5.140365887765312891e+00 8.902830313667665507e+01
-5.614211819765301925e+00 8.902539512867664939e+01
-6.088055573765302597e+00 8.902222584967664432e+01
-6.561897028765287132e+00 8.901879423967665161e+01
-7.035736059765298478e+00 8.901509922267665331e+01
-7.509572538765297622e+00 8.901113970067665093e+01
-7.983406332765298430e+00 8.900691455567664434e+01
-8.457237308765314765e+00 8.900242264767665290e+01
-8.931065326765292411e+00 8.899766281767664111e+01
-9.404890246765290840e+00 8.899263388267664254e+01
-9.878711922765290865e+00 8.898733463667664978e+01
-1.035253020776531230e+01 8.898176385167664648e+01
-1.082634494976531414e+01 8.897592027567664275e+01
-1.130015599576529439e+01 8.896980262967664999e+01
-1.177396318676531450e+01 8.896340961267664227e+01
-1.224776625776530636e+01 8.895673989667665182e+01
-1.272156529276529113e+01 8.894979212267665503e+01
-1.319535996976529191e+01 8.894256490967664774e+01
-1.366915011676530867e+01 8.893505684667664468e+01
-1.414293556276530239e+01 8.892726649167664732e+01
-1.461671613076529752e+01 8.891919237467665482e+01
-1.509049163876531452e+01 8.891083299167664222e+01
-1.556426190576530644e+01 8.890218681067665329e+01
-1.603802674076530366e+01 8.889325226367664357e+01
-1.651178594976531144e+01 8.888402774867664391e+01
-1.698553933876530664e+01 8.887451162867664323e+01
-1.745928670476530442e+01 8.886470223267664892e+01
-1.793302784176529485e+01 8.885459784867664723e+01
-1.840676253876529245e+01 8.884419672967665349e+01
-1.888049058076529718e+01 8.883349708467665096e+01
-1.935421174576529779e+01 8.882249708467664107e+01
-1.982792567076529622e+01 8.881119485867664309e+01
-2.030163224876530137e+01 8.879958848867664756e+01
-2.077533139976530663e+01 8.878767600667664794e+01
-2.124902272076529641e+01 8.877545540667664170e+01
-2.172270596876529680e+01 8.876292462867664312e+01
-2.219638089076529752e+01 8.875008156467664833e+01
-2.267004722976530218e+01 8.873692404967664515e+01
-2.314370472276530677e+01 8.872344986867665284e+01
-2.361735309676529937e+01 8.870965674667664302e+01
-2.409099207676530341e+01 8.869554235167665013e+01
-2.456696467776529857e+01 8.868103204767665204e+01
-2.504058140876530558e+01 8.866626632467664137e+01
-2.551418734176530734e+01 8.865117196267664212e+01
-2.598778216476530645e+01 8.863574637467664274e+01
-2.646136555476529395e+01 8.861998689767665383e+01
-2.693493718276529592e+01 8.860389079767664100e+01
-2.740849670776529479e+01 8.858745526267664161e+01
-2.788204378576530473e+01 8.857067740067664374e+01
-2.835557805776529960e+01 8.855355423467665332e+01
-2.882909915976530613e+01 8.853608270167664784e+01
-2.930028878076529963e+01 8.851834775867665428e+01
-2.977379236476529911e+01 8.850017129367664381e+01
-3.024728195476529891e+01 8.848163669767664885e+01
-3.072075713776530392e+01 8.846274051667664651e+01
-3.119421748976530750e+01 8.844347918867664760e+01
-3.166766257176530530e+01 8.842384903667664275e+01
-3.214109193476529924e+01 8.840384626567664839e+01
-3.261450511276530051e+01 8.838346695667664221e+01
-3.308790162476529417e+01 8.836270705667665482e+01
-3.356128097676530331e+01 8.834156237667664868e+01
-3.403464265476530670e+01 8.832002858267664180e+01
-3.450798612876529603e+01 8.829810118767665017e+01
-3.498131085076529700e+01 8.827577554767664481e+01
-3.545461625176530163e+01 8.825304684467664629e+01
-3.592790174276530024e+01 8.822991008767664312e+01
-3.640116671176529906e+01 8.820636009467665417e+01
-3.687441052476529535e+01 8.818239148767665370e+01
-3.734763252376529863e+01 8.815799867767664466e+01
-3.782083201776529791e+01 8.813317585367664719e+01
-3.829400829576529475e+01 8.810791697167664438e+01
-3.876718836176530658e+01 8.808221421567664322e+01
-3.924031841576530155e+01 8.805606390367664460e+01
-3.971338257276529760e+01 8.802946012167664946e+01
-4.018646457176529907e+01 8.800239096967665375e+01
-4.065951929276529597e+01 8.797485145567664233e+01
-4.113254578376529480e+01 8.794683378067664137e+01
-4.160554317976530569e+01 8.791832977667664295e+01
-4.207851041076530407e+01 8.788933089567665036e+01
-4.255144623376530433e+01 8.785982818067664368e+01
-4.302434959676530468e+01 8.782981221267664296e+01
-4.349721929376529772e+01 8.779927309967665394e+01
-4.397005405176530246e+01 8.776820043067664301e+01
-4.444285252076529957e+01 8.773658323967664785e+01
-4.491561327976529583e+01 8.770440995567665254e+01
-4.538833481476530096e+01 8.767166835867665498e+01
-4.586101551976530288e+01 8.763834552167665493e+01
-4.633365368176529842e+01 8.760442774967664548e+01
-4.680624747476529990e+01 8.756990051267665365e+01
-4.727879494876529520e+01 8.753474836767664158e+01
-4.775129401076530655e+01 8.749895487067664135e+01
-4.822374241476529733e+01 8.746250248567665153e+01
-4.869613774376530557e+01 8.742537247067664907e+01
-4.916847738876529661e+01 8.738754475267664645e+01
-4.964075852876530348e+01 8.734899778967664474e+01
-5.011297810076530368e+01 8.730970840667664845e+01
-5.058513262876529382e+01 8.726965161967665097e+01
-5.105721872176529530e+01 8.722880038167664907e+01
-5.152923228776529641e+01 8.718712538967665182e+01
-5.200116895276529760e+01 8.714459476067665378e+01
-5.247302388976530096e+01 8.710117369767664286e+01
-5.294479175276529759e+01 8.705682408867664890e+01
-5.341646659476529635e+01 8.701150403267665467e+01
-5.388804176776530142e+01 8.696516726767664807e+01
-5.435950972876530329e+01 8.691776249367664775e+01
-5.483086223376530199e+01 8.686923250267665253e+01
-5.530208953476530098e+01 8.681951322367665114e+01
-5.577322565576530167e+01 8.676852746967664132e+01
-5.624417554076529768e+01 8.671620211667665501e+01
-5.671497198076529855e+01 8.666243823867664275e+01
-5.718557709876530737e+01 8.660713009867664880e+01
-5.765598249976530099e+01 8.655015054267664709e+01
-5.812616364476529895e+01 8.649135162267664612e+01
-5.859609019176529898e+01 8.643055728167664142e+01
-5.906572473976530091e+01 8.636755495867664933e+01
-5.953502009176530407e+01 8.630208378967664373e+01
-6.000391527576529427e+01 8.623381731467664224e+01
-6.047232910976529752e+01 8.616233728167664196e+01
-6.094015070076530094e+01 8.608709192967664592e+01
-6.140721983476529999e+01 8.600732655367664847e+01
-6.187329358276529945e+01 8.592195823567664092e+01
-6.233798792876530115e+01 8.582932625267665117e+01
-6.280000896876529737e+01 8.572436159567665470e+01
-6.325744276976530500e+01 8.560094138167664823e+01
-6.370979030376530261e+01 8.546009432267665318e+01
-6.415679029776529774e+01 8.530300504467665235e+01
-6.459819691276530307e+01 8.513083186067665054e+01
-6.503388094276530751e+01 8.494465999567664483e+01
-6.546378214376530025e+01 8.474550512667664748e+01
-6.588789552176530151e+01 8.453431118767664998e+01
-6.630626034676529912e+01 8.431195035167664287e+01
-6.671894942976530274e+01 8.407922557967664545e+01
-6.712606253176529947e+01 8.383687300367664363e+01
-6.752771864476530084e+01 8.358556638667664629e+01
-6.792405110576530092e+01 8.332592107467664277e+01
-6.831519167476530185e+01 8.305850641867664308e+01
-6.870128745976529672e+01 8.278383686467664404e+01
-6.908247603576529627e+01 8.250239148567665382e+01
-6.945890226876529994e+01 8.221460486067664419e+01
-6.983071083076529817e+01 8.192087459667665428e+01
-7.019804379276530426e+01 8.162156562267664128e+01
-7.056104013776530337e+01 8.131701300167664215e+01
-7.091983419376529696e+01 8.100752556367665136e+01
-7.127455444076530000e+01 8.069338923967664812e+01
-7.162535823676529390e+01 8.037483736767664766e+01
-7.197230665276529749e+01 8.005216674167664337e+01
-7.231557615076529544e+01 7.972554563167665265e+01
-7.265524875176529918e+01 7.939520894267664630e+01
-7.299144762476529991e+01 7.906133313167664767e+01
-7.332427602676530398e+01 7.872409543567664514e+01
-7.365370700176529795e+01 7.838379179067665348e+01
-7.398007313676529861e+01 7.804033003767665377e+01
-7.430339345976530296e+01 7.769392383167664207e+01
-7.462370056576530430e+01 7.734476355167664963e+01
-7.494110153976529887e+01 7.699294733967664683e+01
-7.525558416576529908e+01 7.663869487167664829e+01
-7.556738226976530370e+01 7.628193719667665107e+01
-7.587682059276529856e+01 7.592247720867665350e+01
-7.618334415576529750e+01 7.556113522967665119e+01
-7.648732354976530701e+01 7.519765009367664277e+01
-7.678884295676530769e+01 7.483208080767664683e+01
-7.708792400676530576e+01 7.446455408967665335e+01
-7.738464597176529480e+01 7.409511913467665067e+01
-7.767906599576529914e+01 7.372384446667665259e+01
-7.797123886776529389e+01 7.335079457067665487e+01
-7.826121710676530085e+01 7.297603021767665155e+01
-7.854905135876529698e+01 7.259960833267665237e+01
-7.883479008876530258e+01 7.222158275767664293e+01
-7.911848005476529977e+01 7.184200396567665337e+01
-7.940016630276529952e+01 7.146091937267664207e+01
-7.967989228776529842e+01 7.107837346167664805e+01
-7.995769961576530704e+01 7.069440840567665418e+01
-8.023361963076530401e+01 7.030907615367664221e+01
-8.050764378476530680e+01 6.992248129967664738e+01
-8.077984871776530440e+01 6.953460488667664663e+01
-8.105027032576529677e+01 6.914548061067664264e+01
-8.131894145376530503e+01 6.875514276867664876e+01
-8.158589348076530712e+01 6.836362422267664840e+01
-8.185115653476529474e+01 6.797095627867665257e+01
-8.211475943676529710e+01 6.757716892267664832e+01
-8.237672965376529532e+01 6.718229106567665099e+01
-8.263709312276529317e+01 6.678635096667665039e+01
-8.289589877776529647e+01 6.638933860667664533e+01
-8.315313814976529727e+01 6.599132916367665302e+01
-8.340884767276529033e+01 6.559232653767664090e+01
-8.366304759676529557e+01 6.519235695967664412e+01
-8.391571080976530084e+01 6.479151976567665372e+01
-8.416691443576530673e+01 6.438974704867665366e+01
-8.441663298876530064e+01 6.398713178767664544e+01
-8.466494365576529901e+01 6.358359956067664598e+01
-8.491186794076529054e+01 6.317916238567664777e+01
-8.515738451576530110e+01 6.277390101767664987e+01
-8.540154125476530567e+01 6.236778063067664846e+01
-8.564439090176529135e+01 6.196075466667664955e+01
-8.588581528776529694e+01 6.155306251367665027e+01
-8.612593214476530079e+01 6.114454561467664462e+01
-8.636473181176529579e+01 6.073525755467665022e+01
-8.660222758476530203e+01 6.032521155467664187e+01
-8.683843212176529391e+01 5.991442022467664685e+01
-8.707335743676529205e+01 5.950289562167664315e+01
-8.730701489376529878e+01 5.909064928667665129e+01
-8.753941521076529853e+01 5.867769228167664153e+01
-8.777062872076530198e+01 5.826392701067665314e+01
-8.800054608176529314e+01 5.784957618867665019e+01
-8.822923465576531044e+01 5.743454517167664619e+01
-8.845670267176529933e+01 5.701884324867664589e+01
-8.868295775876529774e+01 5.660247928767664405e+01
-8.890800694976530849e+01 5.618546174167664731e+01
-8.913185668376530657e+01 5.576779865367664968e+01
-8.935451281276530722e+01 5.534949766467664745e+01
-8.957598059676530511e+01 5.493056601767665370e+01
-8.979626470476529221e+01 5.451101056467665273e+01
-9.001536920876529280e+01 5.409083777467664333e+01
-9.023329757976529208e+01 5.367005373267664936e+01
-9.045005267976529240e+01 5.324866415367664274e+01
-9.066563675276529466e+01 5.282667437767665319e+01
-9.088005141276529741e+01 5.240408937967664826e+01
-9.109329763176529582e+01 5.198091376967664701e+01
-9.130537568976529883e+01 5.155715186067665456e+01
-9.151628530676529749e+01 5.113280737667665221e+01
-9.172602537176530291e+01 5.070788394867665261e+01
-9.193459411176530693e+01 5.028238473567664357e+01
-9.214198901276529341e+01 4.985631253167665022e+01
-9.234820678876531019e+01 4.942966976567664972e+01
-9.255324334776530293e+01 4.900245849467664527e+01
-9.275709376776529780e+01 4.857468039967665163e+01
-9.295975224376530832e+01 4.814633678067664846e+01
-9.316121205576530429e+01 4.771742854267664313e+01
-9.336146551176530295e+01 4.728795619667664596e+01
-9.356050390576530162e+01 4.685791983467665034e+01
-9.375833482776531014e+01 4.642728114367665171e+01
-9.395491071376530101e+01 4.599611912767664990e+01
-9.415023882276530287e+01 4.556439044767664370e+01
-9.434430568076530221e+01 4.513209342367665045e+01
-9.453709641976530520e+01 4.469922587667664970e+01
-9.472859467876529038e+01 4.426578510367664876e+01
-9.491878248276529462e+01 4.383176784867664821e+01
-9.510764011676531027e+01 4.339717027167664298e+01
-9.529514598076529808e+01 4.296198791667664807e+01
-9.548126005576530417e+01 4.252625415767664663e+01
-9.566599214976530163e+01 4.208987952167665014e+01
-9.584929421976529795e+01 4.165290340267664249e+01
-9.603113527776530134e+01 4.121531836367664425e+01
-9.621148137676530609e+01 4.077711608867664950e+01
-9.639029530176529192e+01 4.033828730767665149e+01
-9.656753620176530717e+01 3.989882171667665034e+01
-9.674315918276531079e+01 3.945870787467664798e+01
-9.691726998876529819e+01 3.901799423267664224e+01
-9.709384025876529734e+01 3.857826305067665373e+01
-9.727449731976530245e+01 3.814065260467664586e+01
-9.745959701676530074e+01 3.770447275367665441e+01
-9.764903305676529044e+01 3.727015796367665246e+01
-9.784284697976529799e+01 3.683777814167665099e+01
-9.804107894576529247e+01 3.640740472267664529e+01
-9.824376758976529800e+01 3.597911063467664405e+01
-9.845094988076530740e+01 3.555297020167664357e+01
-9.866266088076530139e+01 3.512905924667664692e+01
-9.887893374976530936e+01 3.470745466867664675e+01
-9.909979890676530090e+01 3.428823562067664454e+01
-9.932528206076530353e+01 3.387148655067665004e+01
-9.955541141476530242e+01 3.345728340367665510e+01
-9.979021015576529408e+01 3.304570736967664857e+01
-1.000296985537653001e+02 3.263684033467664847e+01
-1.002738938047652937e+02 3.223076467067664908e+01
-1.005228098407652908e+02 3.182756304667664438e+01
-1.007764571577652930e+02 3.142731821767664258e+01
-1.010348426277653004e+02 3.103011280167665120e+01
-1.012979693277653013e+02 3.063602903167664238e+01
-1.015658363617652924e+02 3.024514849667664862e+01
-1.018384386947653013e+02 2.985755185067664286e+01
-1.021157669857653048e+02 2.947331851367664513e+01
-1.023978074337653084e+02 2.909252634567664586e+01
-1.026845626127652906e+02 2.871522403567664128e+01
-1.029759607807652912e+02 2.834154883367665434e+01
-1.032720028377652994e+02 2.797153331667664133e+01
-1.035726556337652937e+02 2.760524566867664475e+01
-1.038778808357652963e+02 2.724275060667665116e+01
-1.041876348067653026e+02 2.688410892667664598e+01
-1.045018684927653112e+02 2.652937702967665246e+01
-1.048205273427653026e+02 2.617860637467666152e+01
-1.051435270627653011e+02 2.583186854667664534e+01
-1.054708093507653075e+02 2.548919379667665908e+01
-1.058023135217652992e+02 2.515060314767663385e+01
-1.061379621447653108e+02 2.481612214667666194e+01
-1.064776714867653027e+02 2.448576863167664897e+01
-1.068213519137652980e+02 2.415955144867663762e+01
-1.071689076207653102e+02 2.383746975467664697e+01
-1.075202650267653013e+02 2.351948654767664948e+01
-1.078752595927653033e+02 2.320562931567664577e+01
-1.082338032577653024e+02 2.289583708967666098e+01
-1.085958092297653081e+02 2.259003001067665650e+01
-1.089610865997653093e+02 2.228819416867665382e+01
-1.093295235767652969e+02 2.199022423067665954e+01
-1.097009728237652979e+02 2.169601839867664239e+01
-1.100752768937653059e+02 2.140545350667665048e+01
-1.104522670347652991e+02 2.111838219667663452e+01
-1.108317616667653027e+02 2.083462950067664110e+01
-1.112135636147652917e+02 2.055398926967663442e+01
-1.115974576777653056e+02 2.027621894167666028e+01
-1.119832063987653044e+02 2.000103380567665567e+01
-1.123705543187653006e+02 1.972809293167665601e+01
-1.127592023907652958e+02 1.945700300967664020e+01
-1.131488108367653069e+02 1.918729754567664259e+01
-1.135389883607653019e+02 1.891842002067664907e+01
-1.139292878437653087e+02 1.864969433767663531e+01
-1.143191536657652989e+02 1.838031673267664701e+01
-1.147078912367653061e+02 1.810931564067664112e+01
-1.150945949807652937e+02 1.783551658667664697e+01
-1.154782097927652984e+02 1.755737408667664567e+01
-1.158572326817652964e+02 1.727299913867665282e+01
-1.162297074267653016e+02 1.697988164567664171e+01
-1.165830852017653001e+02 1.666482486767665705e+01
-1.169009720297652990e+02 1.631365101667665840e+01
-1.171879007927653049e+02 1.593666219367665349e+01
-1.174486657697652987e+02 1.554111694467664506e+01
-1.176873630667653003e+02 1.513182315867663874e+01
-1.179073087257653043e+02 1.471208218867664641e+01
-1.181111199307652981e+02 1.428432332967665275e+01
-1.183014083607652935e+02 1.384914897667664491e+01
-1.184786354257653045e+02 1.341086518367663416e+01
-1.186455477497652993e+02 1.296727474167664695e+01
-1.188030324557653046e+02 1.251973170967664828e+01
-1.189515001517653019e+02 1.207053691767663395e+01
-1.190924663657653042e+02 1.161814583667666056e+01
-1.192264060337653007e+02 1.116362432367665747e+01
-1.193539347497653011e+02 1.070726198967665255e+01
-1.194755763457653046e+02 1.024933089467666036e+01
-1.195918152827652960e+02 9.789950981676639685e+00
-1.197030458237653079e+02 9.329334451676658091e+00
-1.198096267657653016e+02 8.867621432676656923e+00
-1.199118762527652962e+02 8.404930990676660940e+00
-1.200100776837653029e+02 7.941365442676641351e+00
-1.201044847517652983e+02 7.477012922676635753e+00
-1.201953255057652967e+02 7.011949897676657883e+00
-1.202828040417653028e+02 6.546252365676650697e+00
-1.203671098417652985e+02 6.079962648676655590e+00
-1.204484112587653044e+02 5.613137818676648294e+00
-1.205268627827653063e+02 5.145823423676660013e+00
-1.206026057047652955e+02 4.678059948676661861e+00
-1.206757696377652991e+02 4.209883343676636969e+00
-1.207464738157652988e+02 3.741325469676638704e+00
-1.208148281367652999e+02 3.272415013676635454e+00
-1.208809341937652988e+02 2.803177458676657352e+00
-1.209448795087652968e+02 2.333684700676656121e+00
-1.210067618997653085e+02 1.863881210676652245e+00
-1.210666579907652931e+02 1.393819031676656550e+00
-1.211246433407653029e+02 9.235160326766447270e-01
-1.211807884517652951e+02 4.529886086766339304e-01
-1.212351592107653033e+02 -1.774813432334099161e-02
-1.212878172887652966e+02 -4.886802113233557066e-01
-1.213388204917653042e+02 -9.597946313233478577e-01
-1.213882230867652936e+02 -1.431079287323342442e+00
-1.214360808257653019e+02 -1.902570397323358975e+00
-1.214824336407652936e+02 -2.374178520323340535e+00
-1.215273303527653042e+02 -2.845928741323348277e+00
-1.215708136537652990e+02 -3.317812173323346769e+00
-1.216129238687653071e+02 -3.789820509323362785e+00
-1.216536991207652960e+02 -4.261945994323355080e+00
-1.216931754947652990e+02 -4.734181403323361792e+00
-1.217313837627653044e+02 -5.206477136323343302e+00
-1.217683633767653077e+02 -5.678914038323341629e+00
-1.218041414467652999e+02 -6.151441903323359384e+00
-1.218387472017653010e+02 -6.624055587323340433e+00
-1.218722083997652987e+02 -7.096750023323352252e+00
-1.219045514427652961e+02 -7.569520593323346702e+00
-1.219358014527653040e+02 -8.042363000323348388e+00
-1.219659823457652976e+02 -8.515273216323350880e+00
-1.219951169027653037e+02 -8.988247441323352405e+00
-1.220232268277652992e+02 -9.461282042323347241e+00
-1.220503328117653012e+02 -9.934373519323344226e+00
-1.220764545827653080e+02 -1.040751847132335683e+01
-1.221016109647652996e+02 -1.088071358832334568e+01
-1.221258199217652987e+02 -1.135395565932336126e+01
-1.221490986057653032e+02 -1.182724159532335761e+01
-1.221714633987652974e+02 -1.230056846432336215e+01
-1.221929299557652939e+02 -1.277393352232334678e+01
-1.222135132377652980e+02 -1.324733424632336209e+01
-1.222332275457653026e+02 -1.372076834732334305e+01
-1.222520865507652985e+02 -1.419423377332336145e+01
-1.222701033187653081e+02 -1.466772869232335097e+01
-1.222872903407652956e+02 -1.514125146932335042e+01
-1.223036595487652960e+02 -1.561480063132336227e+01
-1.223192223417652968e+02 -1.608837482932335661e+01
-1.223339896067653001e+02 -1.656197281232334717e+01
-1.223479717337653057e+02 -1.703559338832334902e+01
-1.223611786417652922e+02 -1.750923549532333823e+01
-1.223736197797653062e+02 -1.798289780932336157e+01
-1.223853041677652982e+02 -1.845657935532335614e+01
-1.223962403907652998e+02 -1.893027903132335155e+01
-1.224064357707652988e+02 -1.940395457732336126e+01
-1.224159000207652923e+02 -1.987769596432335106e+01
-1.224246393897653036e+02 -2.035145064132333914e+01
-1.224326609027652921e+02 -2.082521779032336440e+01
-1.224399712197652974e+02 -2.129899658632334081e+01
-1.224465766427653080e+02 -2.177278620232334561e+01
-1.224524831267653013e+02 -2.224658581532335688e+01
-1.224576962897652948e+02 -2.272039461732336463e+01
-1.224622214177653063e+02 -2.319421181932335685e+01
-1.224660634707653060e+02 -2.366803666132335593e+01
-1.224692271367652978e+02 -2.414187571032334745e+01
-1.224717166317653039e+02 -2.461570989232336615e+01
-1.224735360557652939e+02 -2.508954838632334372e+01
-1.224746891307652987e+02 -2.556339035532334947e+01
-1.224751792817652927e+02 -2.603723499132334496e+01
-1.224750096337652963e+02 -2.651108151632334398e+01
-1.224741830217652989e+02 -2.698492919332335305e+01
-1.224727019827653010e+02 -2.745877733032335755e+01
-1.224705687677653003e+02 -2.793262520332334020e+01
-1.224677853317652989e+02 -2.840647247732334790e+01
-1.224643533397652959e+02 -2.888031849432334752e+01
-1.224602738427653037e+02 -2.935419749632336561e+01
-1.224555486327653000e+02 -2.982802882132335753e+01
-1.224501780967652991e+02 -3.030186055232334752e+01
-1.224441627037653006e+02 -3.077569268732335672e+01
-1.224375026177653041e+02 -3.124952542232335873e+01
-1.224301976907652971e+02 -3.172335917632335622e+01
-1.224222474587652982e+02 -3.219719459932335326e+01
-1.224136511347653027e+02 -3.267103252332336183e+01
-1.224044076047652965e+02 -3.314487380232336022e+01
-1.223945154337652923e+02 -3.361871873332336236e+01
-1.223839728977653039e+02 -3.409256556832335150e+01
-1.223727780997652985e+02 -3.456640583532336564e+01
-1.223609263547652972e+02 -3.504032758432336436e+01
-1.223484180407652957e+02 -3.551420050032334075e+01
-1.223352530657653006e+02 -3.598792309532333888e+01
-1.223214485227653086e+02 -3.646082507932334238e+01
-1.223069535967652968e+02 -3.693451368432334903e+01
-1.222917953727653071e+02 -3.740792525732334184e+01
-1.222759566127652988e+02 -3.788145800332335966e+01
-1.222594448547653059e+02 -3.835473747932334732e+01
-1.222422347857653051e+02 -3.882832144232335736e+01
-1.222243268307653068e+02 -3.930200230832335251e+01
-1.222057199587653002e+02 -3.977562611232335144e+01
-1.221864083097652980e+02 -4.024916411032336327e+01
-1.221663370297653017e+02 -4.072371627732334787e+01
-1.221455874717652961e+02 -4.119716315232335546e+01
-1.221241117997653021e+02 -4.167045405732335439e+01
-1.221018946487652954e+02 -4.214372106532334783e+01
-1.220789360347653059e+02 -4.261675308832334963e+01
-1.220552012427652926e+02 -4.309003256632334455e+01
-1.220306922107652952e+02 -4.356326985132335494e+01
-1.220054477367653050e+02 -4.403551557832335561e+01
-1.219793068977652979e+02 -4.450948556632334885e+01
-1.219523978297653031e+02 -4.498254870432336361e+01
-1.219246566527652931e+02 -4.545558964732336449e+01
-1.218960592787653070e+02 -4.592872394632334476e+01
-1.218666541027652954e+02 -4.640088706332335278e+01
-1.218363369807652958e+02 -4.687346030232336602e+01
-1.218050797277653032e+02 -4.734651389832336577e+01
-1.217728544007652971e+02 -4.782008154432335800e+01
-1.217397242637652965e+02 -4.829288355432333901e+01
-1.217056120227653082e+02 -4.876567894832334105e+01
-1.216705141187652970e+02 -4.923813690432334056e+01
-1.216343611197653019e+02 -4.971078370132335067e+01
-1.215972275507652967e+02 -5.018225348432335409e+01
-1.215588718427652992e+02 -5.065514380432335884e+01
-1.215193829377653003e+02 -5.112782088832335603e+01
-1.214787523317652926e+02 -5.159990981232334661e+01
-1.214370030997653060e+02 -5.207068713332336074e+01
-1.213938887317653013e+02 -5.254237757532334285e+01
-1.213493034817653040e+02 -5.301542332432336480e+01
-1.213034389157652981e+02 -5.348713766732333852e+01
-1.212561179737652992e+02 -5.395871143832334837e+01
-1.212072738957652973e+02 -5.443007830132336267e+01
-1.211568044837652991e+02 -5.490142982732334076e+01
-1.211047166797653034e+02 -5.537187808532334543e+01
-1.210507704897652985e+02 -5.584267649432334224e+01
-1.209949140087653063e+02 -5.631324623532336204e+01
-1.209370171217653080e+02 -5.678358487332334903e+01
-1.208769270267653013e+02 -5.725372210332335499e+01
-1.208144890457652991e+02 -5.772353166632333910e+01
-1.207495092387652988e+02 -5.819299151832333905e+01
-1.206817733607653054e+02 -5.866199391832336119e+01
-1.206110101057653026e+02 -5.913054843232336566e+01
-1.205369059257652964e+02 -5.959859729632336212e+01
-1.204590936827652996e+02 -6.006600675632336106e+01
-1.203771078217652928e+02 -6.053271662632334937e+01
-1.202903717137652961e+02 -6.099862697032335745e+01
-1.201981809217652994e+02 -6.146346321832334070e+01
-1.200995987507652956e+02 -6.192698051132336445e+01
-1.199933666807653054e+02 -6.238884590732334345e+01
-1.198777853537653044e+02 -6.284835546032334719e+01
-1.197502963907652997e+02 -6.330474199132333979e+01
-1.196069790327653095e+02 -6.375638783932333808e+01
-1.194411165097652940e+02 -6.420020144932334460e+01
-1.192395108317653012e+02 -6.462878691332335279e+01
-1.189698519347653018e+02 -6.501688428532335706e+01
-1.185890914227653070e+02 -6.529701551632334144e+01
-1.181886617387653047e+02 -6.555037940232335814e+01
-1.177812700767652956e+02 -6.579239099932334511e+01
-1.173676120317653044e+02 -6.602352932532335217e+01
-1.169483110237652994e+02 -6.624426636232334431e+01
-1.165239248637653020e+02 -6.645506196732335980e+01
-1.160949521767653039e+02 -6.665636031232335768e+01
-1.156618386697653023e+02 -6.684858746932334839e+01
-1.152249823097652950e+02 -6.703215022632335263e+01
-1.147847391437653073e+02 -6.720743510932334175e+01
-1.143414276527653044e+02 -6.737480836732333955e+01
-1.138953679677653099e+02 -6.753460397332335674e+01
-1.134467405527653057e+02 -6.768717525632334286e+01
-1.129958160297653080e+02 -6.783281478932335062e+01
-1.125428006997653085e+02 -6.797181210332334445e+01
-1.120878802997653025e+02 -6.810443942232333825e+01
-1.116312223087653024e+02 -6.823095255332336251e+01
-1.111729779797653066e+02 -6.835159178232333943e+01
-1.107132841327652955e+02 -6.846658275332336530e+01
-1.102522647277652936e+02 -6.857613732232334769e+01
-1.097900322617653046e+02 -6.868045437232333938e+01
-1.093266889877652943e+02 -6.877972058332335337e+01
-1.088623280067652956e+02 -6.887411116232334507e+01
-1.083970342167652916e+02 -6.896379051832334994e+01
-1.079308851647653000e+02 -6.904891288932336124e+01
-1.074639517987652937e+02 -6.912962292132334596e+01
-1.069962991287653011e+02 -6.920605619832335265e+01
-1.065279868257653106e+02 -6.927833972532334883e+01
-1.060590697427653026e+02 -6.934659235732334537e+01
-1.055895983907653033e+02 -6.941092519232336144e+01
-1.051196193547652911e+02 -6.947144190632334926e+01
-1.046492199867653028e+02 -6.952823387132335142e+01
-1.041783591887652989e+02 -6.958140060332334542e+01
-1.037071114567653041e+02 -6.963102040932335512e+01
-1.032354679187652948e+02 -6.967717379632335906e+01
-1.027635377757653004e+02 -6.971992308232336200e+01
-1.022912575317652966e+02 -6.975933999432334076e+01
-1.018187439497652917e+02 -6.979547384232336071e+01
-1.013460408917652984e+02 -6.982837449032334121e+01
-1.008730867367653019e+02 -6.985809159532334434e+01
-1.003999592507653063e+02 -6.988465790232334029e+01
-9.992667342576530132e+01 -6.990810287732335837e+01
-9.945324729476530479e+01 -6.992844755832334158e+01
-9.897970001076529911e+01 -6.994570427732335816e+01
-9.850605052476529977e+01 -6.995987660832335564e+01
-9.803231832676530644e+01 -6.997096051532335537e+01
-9.755851986176529067e+01 -6.997895017832334474e+01
-9.708467932476530393e+01 -6.998386124132335340e+01
-9.661082079976529258e+01 -6.998584194932334412e+01
-9.613699649776529554e+01 -6.998164206432335277e+01
-9.566332301776529334e+01 -6.996829940832336092e+01
-9.518971807776529204e+01 -6.995268845532334012e+01
-9.471614777876530411e+01 -6.993606463032335796e+01
-9.424259828676530049e+01 -6.991886384532335796e+01
-9.376906241976530509e+01 -6.990129704932334676e+01
-9.329553590476530189e+01 -6.988348448632333998e+01
-9.282201597376530344e+01 -6.986550193732335856e+01
-9.234850071876530819e+01 -6.984740054532335307e+01
-9.187498876376530177e+01 -6.982921659332336617e+01
-9.140147908476529892e+01 -6.981097682332335808e+01
-9.092797089676530220e+01 -6.979270155132334708e+01
-9.045446358476530690e+01 -6.977440659032336612e+01
-8.998095677676531068e+01 -6.975610450932336448e+01
-8.950744981476529460e+01 -6.973780545332334668e+01
-8.903394252076529369e+01 -6.971951775532335205e+01
-8.856043462476529271e+01 -6.970124833732336356e+01
-8.808692589576529031e+01 -6.968300301232335414e+01
-8.761341614376530629e+01 -6.966478671632336273e+01
-8.713990520376529503e+01 -6.964660367432335875e+01
-8.666639293576530179e+01 -6.962845753632333867e+01
-8.619287921676530573e+01 -6.961035147632335907e+01
-8.571936394276529825e+01 -6.959228827432335152e+01
-8.524584702176530016e+01 -6.957427037932336589e+01
-8.477232837376530483e+01 -6.955629996632336542e+01
-8.429880792776529574e+01 -6.953837897032335036e+01
-8.382528562176530329e+01 -6.952050912832334006e+01
-8.335176140076529805e+01 -6.950269200432336447e+01
-8.287823521576530084e+01 -6.948492901432334179e+01
-8.240470702376529744e+01 -6.946722144332335347e+01
-8.193117678576530238e+01 -6.944957046832334413e+01
-8.145764446676530213e+01 -6.943197716532336017e+01
-8.098411003676530129e+01 -6.941444252632334155e+01
-8.051057346776529755e+01 -6.939696746832333929e+01
-8.003703473576530314e+01 -6.937955284232336339e+01
-7.956349381676530186e+01 -6.936219944032336571e+01
-7.908995069076530626e+01 -6.934490800232336483e+01
-7.861640534076529718e+01 -6.932767922332334365e+01
-7.814285775176530535e+01 -6.931051375732334918e+01
-7.766930790576529375e+01 -6.929341222032334713e+01
-7.719575579176530766e+01 -6.927637519832336466e+01
-7.672220139676529982e+01 -6.925940324632335887e+01
-7.624864471176529435e+01 -6.924249689332336288e+01
-7.577508572476530446e+01 -6.922565664732334767e+01
-7.530152442976529414e+01 -6.920888299332335691e+01
-7.482796081776530173e+01 -6.919217639832334044e+01
-7.435439488076529813e+01 -6.917553731232334258e+01
-7.388082661476529722e+01 -6.915896617032333893e+01
-7.340725601276530199e+01 -6.914246339532334673e+01
-7.293368307076529788e+01 -6.912602939532334290e+01
-7.246010778376529515e+01 -6.910966457032336052e+01
-7.198653014776530767e+01 -6.909336930932335008e+01
-7.151295016076529976e+01 -6.907714399232335722e+01
-7.103936781876529949e+01 -6.906098899232335953e+01
-7.056578311876529597e+01 -6.904490467732335901e+01
-7.009219606076530340e+01 -6.902889140432336035e+01
-6.961860664076530725e+01 -6.901294953032333979e+01
-6.914501485876530751e+01 -6.899707940532334760e+01
-6.867142071376530055e+01 -6.898128137332335541e+01
-6.819782420376530752e+01 -6.896555577832336326e+01
-6.772422532976530363e+01 -6.894990295932333879e+01
-6.725062408976529582e+01 -6.893432325332335608e+01
-6.677702048576530558e+01 -6.891881699432335040e+01
-6.630341451576529721e+01 -6.890338451432336342e+01
-6.582980618176530641e+01 -6.888802614732335883e+01
-6.535619548276530111e+01 -6.887274222232335319e+01
-6.488258242176530644e+01 -6.885753306832336307e+01
-6.440896699776530454e+01 -6.884239901532336603e+01
-6.393534921276530270e+01 -6.882734039332333964e+01
-6.346172906676530090e+01 -6.881235752932335004e+01
-6.298810656376529948e+01 -6.879745075432336421e+01
-6.251448182376529417e+01 -6.878262040232334584e+01
-6.204085459476530673e+01 -6.876786679632334653e+01
-6.156722501376529522e+01 -6.875319027132334782e+01
-6.109359308276529532e+01 -6.873859116032335237e+01
-6.061995880176530704e+01 -6.872406979832334173e+01
-6.014632217576530593e+01 -6.870962652032335427e+01
-5.967268320476530619e+01 -6.869526166532335765e+01
-5.919904189176530451e+01 -6.868097557032334066e+01
-5.872539823976529760e+01 -6.866676857832334235e+01
-5.825175224976530330e+01 -6.865264103232334492e+01
-5.777810392676529716e+01 -6.863859327632334839e+01
-5.730445327276530065e+01 -6.862462566032334621e+01
-5.683080028976530684e+01 -6.861073853232335296e+01
-5.635714498176530185e+01 -6.859693224732336603e+01
-5.588348735076530716e+01 -6.858320715932336498e+01
-5.540982740176529830e+01 -6.856956362832335117e+01
-5.493616513676529678e+01 -6.855600201332336496e+01
-5.446250055976530291e+01 -6.854252268032334428e+01
-5.398883367376529918e+01 -6.852912599532334070e+01
-5.351516448376530377e+01 -6.851581232932335297e+01
-5.304149299176529553e+01 -6.850258205732336592e+01
-5.256781920376529627e+01 -6.848943555532335381e+01
-5.209414312076529541e+01 -6.847637320332336230e+01
-5.162046474976530419e+01 -6.846339538732334518e+01
-5.114678409376530510e+01 -6.845050249332334147e+01
-5.067310115676529847e+01 -6.843769491432334462e+01
-5.019941594476530611e+01 -6.842497304532335534e+01
-4.972572845976530687e+01 -6.841233728432334260e+01
-4.925203870776529413e+01 -6.839978803632334348e+01
-4.877834669476530394e+01 -6.838732570732335603e+01
-4.830465242376530455e+01 -6.837495070832335387e+01
-4.783095589976529993e+01 -6.836266345632336083e+01
-4.735725712976530133e+01 -6.835046437032335120e+01
-4.688355611676530543e+01 -6.833835387432336006e+01
-4.640985286776529506e+01 -6.832633239732334118e+01
-4.593614738776530260e+01 -6.831440037332336601e+01
-4.546243968276530723e+01 -6.830255823832334272e+01
-4.498872975776529870e+01 -6.829080643632335068e+01
-4.451501761876529883e+01 -6.827914541332336285e+01
-4.404130327276530465e+01 -6.826757562232336340e+01
-4.356758672576529534e+01 -6.825609751932336167e+01
-4.309386798276530328e+01 -6.824471156732334975e+01
-4.262014705076529708e+01 -6.823341823232334491e+01
-4.214642393676530219e+01 -6.822221798732334719e+01
-4.167269864776530142e+01 -6.821111130932334277e+01
-4.119897119076530601e+01 -6.820009868032335021e+01
-4.072524157276529877e+01 -6.818918059032336032e+01
-4.025150980076530516e+01 -6.817835753132334276e+01
-3.977777588176529378e+01 -6.816763000332335309e+01
-3.930403982476529734e+01 -6.815699851032334777e+01
-3.883030163676529867e+01 -6.814646356332335131e+01
-3.835656132576529842e+01 -6.813602567932335319e+01
-3.788281889976529726e+01 -6.812568538032334686e+01
-3.740907436676529585e+01 -6.811544319432334760e+01
-3.693532773676530212e+01 -6.810529965632335347e+01
-3.646157901776530252e+01 -6.809525530732335596e+01
-3.598782821776529772e+01 -6.808531069332335051e+01
-3.551407534776529928e+01 -6.807546636732334377e+01
-3.504032041676529730e+01 -6.806572289132336095e+01
-3.456656343276530663e+01 -6.805608082932334923e+01
-3.409280440776529986e+01 -6.804654075632333843e+01
-3.361904334976530606e+01 -6.803710325032335504e+01
-3.314528027076529781e+01 -6.802776890032336610e+01
-3.267151518176530089e+01 -6.801853829932335316e+01
-3.219774809176530539e+01 -6.800941204732336587e+01
-3.172397901276529808e+01 -6.800039075432334812e+01
-3.125020795576530475e+01 -6.799147503432334361e+01
-3.077647759676530370e+01 -6.798266629932334126e+01
-3.030270067976529447e+01 -6.797396355732334428e+01
-2.982892188076530715e+01 -6.796536828332335745e+01
-2.935514121176530011e+01 -6.795688112132336300e+01
-2.888135868376529913e+01 -6.794850272732335839e+01
-2.840757430876530520e+01 -6.794023376232334499e+01
-2.793378810076529817e+01 -6.793207489532335330e+01
-2.746000007076530380e+01 -6.792402680732334375e+01
-2.698621023276530195e+01 -6.791609018332334813e+01
-2.651241859976529724e+01 -6.790826571932333877e+01
-2.603862518676530158e+01 -6.790055411932334550e+01
-2.556483000676530537e+01 -6.789295609732334924e+01
-2.509103307476530631e+01 -6.788547237432334214e+01
-2.461723440676530572e+01 -6.787810368332335997e+01
-2.414343401576529402e+01 -6.787085076232335723e+01
-2.366963191976529401e+01 -6.786371436332333928e+01
-2.319582813376530339e+01 -6.785669524632334060e+01
-2.272202267476529869e+01 -6.784979417932333945e+01
-2.224821555976529908e+01 -6.784301194232335774e+01
-2.177440680576529530e+01 -6.783634932532334005e+01
-2.130059643076529596e+01 -6.782980712832335257e+01
-2.082678445376529908e+01 -6.782338616032333789e+01
-2.035297089276529903e+01 -6.781708724432334634e+01
-1.987915576876530110e+01 -6.781091121032335423e+01
-1.940533909976529969e+01 -6.780485890132334248e+01
-1.893152090676530008e+01 -6.779893117332335351e+01
-1.845770121076529335e+01 -6.779312888932335568e+01
-1.798388003276531322e+01 -6.778745292732335770e+01
-1.751005739576530118e+01 -6.778190417632336562e+01
-1.703623332176530880e+01 -6.777648353732334385e+01
-1.656240783376529180e+01 -6.777119192232333944e+01
-1.608858095676529842e+01 -6.776603025932334390e+01
-1.561475271376531282e+01 -6.776099948432334941e+01
-1.514092312976529797e+01 -6.775610054932334947e+01
-1.466709223176530941e+01 -6.775133441932334222e+01
-1.419326004576529954e+01 -6.774670207132334099e+01
-1.371942659776530604e+01 -6.774220449632335317e+01
-1.324559191776529588e+01 -6.773784270132335905e+01
-1.277175603176530672e+01 -6.773361770332334686e+01
-1.229791897076529494e+01 -6.772953053932334910e+01
-1.182408076476531278e+01 -6.772558225532335996e+01
-1.135024144476528818e+01 -6.772177391532335378e+01
-1.087640104176529121e+01 -6.771810659932336307e+01
-1.040255958876531395e+01 -6.771458140132335757e+01
-9.928717119765309462e+00 -6.771119943132336516e+01
-9.454873667765298251e+00 -6.770796181532335822e+01
-8.981029268765297502e+00 -6.770486969732334614e+01
-8.507183959765313830e+00 -6.770192423732333964e+01
-8.033337776765307581e+00 -6.769912661032336132e+01
-7.559490758765292640e+00 -6.769647801332334325e+01
-7.085642943765293467e+00 -6.769397965632336422e+01
-6.611794373765292221e+00 -6.769163277132335566e+01
-6.137945089765310058e+00 -6.768943860632336396e+01
-5.664095133765300716e+00 -6.768739843132334499e+01
-5.190244548765292620e+00 -6.768551353132335180e+01
-4.716393381765300319e+00 -6.768378521432336470e+01
-4.242541676765313241e+00 -6.768221480832335146e+01
-3.768689481765306937e+00 -6.768080366132335257e+01
-3.294836845765303224e+00 -6.767955314032334968e+01
-2.820983818765313345e+00 -6.767846463832336212e+01
-2.347130529765308893e+00 -6.767753956632336099e+01
-1.873276837765303071e+00 -6.767677935832335834e+01
-1.399422928765289953e+00 -6.767618547332335766e+01
-9.255688537652986270e-01 -6.767575939232335713e+01
-4.517146667652980341e-01 -6.767550261932333910e+01
2.213957723469661687e-02 -6.767541668432335200e+01
4.959935072346866036e-01 -6.767519258232334778e+01
9.698477602346997628e-01 -6.767513931832334606e+01
1.443702013234712922e+00 -6.767525536332334468e+01
1.917556209234703601e+00 -6.767553921132335404e+01
2.391410297234699556e+00 -6.767598938232336536e+01
2.865264090234688865e+00 -6.767660441832336460e+01
3.339117727234707900e+00 -6.767738288432335025e+01
3.812971080234689225e+00 -6.767832336832336182e+01
4.286824097234699593e+00 -6.767942448032334823e+01
4.760676728234699340e+00 -6.768068485132334899e+01
5.234528925234712915e+00 -6.768210313232336262e+01
5.708380641234697350e+00 -6.768367799732334333e+01
6.182231831234702213e+00 -6.768540813932335709e+01
6.656082449234702381e+00 -6.768729226932336474e+01
7.129932453234687273e+00 -6.768932912132333968e+01
7.603781801234703153e+00 -6.769151744432335249e+01
8.077630451234711018e+00 -6.769385600932335478e+01
8.551478362234689712e+00 -6.769634360332335632e+01
9.025325498234707311e+00 -6.769897903232336489e+01
9.499171818234685816e+00 -6.770176111932335061e+01
9.973017287234711148e+00 -6.770468870532334904e+01
1.044686186723470200e+01 -6.770776064532336136e+01
1.092070552623471258e+01 -6.771097581432334778e+01
1.139454822723470784e+01 -6.771433310132334782e+01
1.186838993723469571e+01 -6.771783141332335276e+01
1.234223062523469139e+01 -6.772146967032335851e+01
1.281607025923469223e+01 -6.772524680832336230e+01
1.328990880723469559e+01 -6.772916178032335210e+01
1.376374624023469551e+01 -6.773321355032334168e+01
1.423758252923468604e+01 -6.773740110132334280e+01
1.471141764523468964e+01 -6.774172342632334676e+01
1.518525156023468980e+01 -6.774617953332335674e+01
1.565908424723468784e+01 -6.775076844732333825e+01
1.613291568023470290e+01 -6.775548920132334274e+01
1.660674583423468675e+01 -6.776034084432336613e+01
1.708057468223469755e+01 -6.776532243932334154e+01
1.755440220123469430e+01 -6.777043306032334158e+01
1.802822836823469288e+01 -6.777567179432335820e+01
1.850205315723471244e+01 -6.778103773932335230e+01
1.897587654823470871e+01 -6.778653000832335351e+01
1.944969851823469753e+01 -6.779214772232336372e+01
1.992351904623470205e+01 -6.779789001732333986e+01
2.039733811023469912e+01 -6.780375603932336048e+01
2.087115569123469072e+01 -6.780974494432334154e+01
2.134497176823469999e+01 -6.781585590132334573e+01
2.181878632123471107e+01 -6.782208808932335842e+01
2.229259933323470477e+01 -6.782844069732334447e+01
2.276641078423469366e+01 -6.783491292732335864e+01
2.324022065723468700e+01 -6.784150398732336384e+01
2.371402893423470459e+01 -6.784821310032336328e+01
2.418783559923468829e+01 -6.785503949432336412e+01
2.466164063323469691e+01 -6.786198241132333919e+01
2.513544402223470797e+01 -6.786904110132334722e+01
2.560924574823471289e+01 -6.787621482332335177e+01
2.608304579823470704e+01 -6.788350284532336332e+01
2.655684415523469966e+01 -6.789090444632336130e+01
2.703064080623468612e+01 -6.789841891332335422e+01
2.750443573523469354e+01 -6.790604554132335124e+01
2.797822893023470670e+01 -6.791378363432335163e+01
2.845202037523469585e+01 -6.792163250632336258e+01
2.892581005923469206e+01 -6.792959147932336350e+01
2.939959796723471186e+01 -6.793765988232334507e+01
2.987338408823470104e+01 -6.794583705332334489e+01
3.034716840923471182e+01 -6.795412233832334437e+01
3.082095091823470057e+01 -6.796251509132335400e+01
3.129468694023469766e+01 -6.797101386932334322e+01
3.176846372923469630e+01 -6.797961960532336434e+01
3.224223860923470397e+01 -6.798833091532335970e+01
3.271601156823470546e+01 -6.799714718532334246e+01
3.318978259623469285e+01 -6.800606780632335813e+01
3.366355168123470776e+01 -6.801509217732333923e+01
3.413731881223469600e+01 -6.802421970432334319e+01
3.461108397823468863e+01 -6.803344980132334285e+01
3.508484716923470614e+01 -6.804278188832336127e+01
3.555860837423469434e+01 -6.805221539032334022e+01
3.603236758423469155e+01 -6.806174974332336092e+01
3.650612478823470042e+01 -6.807138438632335919e+01
3.697987997823469186e+01 -6.808111876632335679e+01
3.745363314423468637e+01 -6.809095233532335101e+01
3.792738427623470443e+01 -6.810088455432335763e+01
3.840113336623468854e+01 -6.811091488732336074e+01
3.887488040523470545e+01 -6.812104280732336292e+01
3.934862538523469766e+01 -6.813126779032336344e+01
3.982236829723470350e+01 -6.814158932132335167e+01
4.029610913323469390e+01 -6.815200688932335993e+01
4.076984788523469661e+01 -6.816251998932335709e+01
4.124358454523471096e+01 -6.817312812232336228e+01
4.171731910723468673e+01 -6.818383079532335955e+01
4.219105156123470124e+01 -6.819462751832335812e+01
4.266478190223469369e+01 -6.820551781032335725e+01
4.313851012123470241e+01 -6.821650119332335294e+01
4.361223621323469501e+01 -6.822757719432334511e+01
4.408596016823469199e+01 -6.823874534832336280e+01
4.455968198323469665e+01 -6.825000519132333920e+01
4.503340165023470831e+01 -6.826135626832333969e+01
4.550711916323470518e+01 -6.827279812532336223e+01
4.598083451523470444e+01 -6.828433031732333802e+01
4.645454770023471269e+01 -6.829595239932334039e+01
4.692825871423468698e+01 -6.830766393632336531e+01
4.740196754823469405e+01 -6.831946449232336249e+01
4.787567419923470879e+01 -6.833135364132334644e+01
4.834937866123470940e+01 -6.834333095732336005e+01
4.882308092723471304e+01 -6.835539602032335438e+01
4.929678099323470519e+01 -6.836754841632335911e+01
4.977047885423471030e+01 -6.837978773332335436e+01
5.024417450523469597e+01 -6.839211356332336322e+01
5.071786794023469724e+01 -6.840452550432334533e+01
5.119155915523469957e+01 -6.841702315532336343e+01
5.166524814623468842e+01 -6.842960612332333881e+01
5.213893490723469881e+01 -6.844227401532336330e+01
5.261261943423468779e+01 -6.845502644332336217e+01
5.308630172323469765e+01 -6.846786302432334992e+01
5.355998176923469600e+01 -6.848078337632335888e+01
5.403365956923468616e+01 -6.849378712332335795e+01
5.450733511923471042e+01 -6.850687389132335170e+01
5.498100841423470797e+01 -6.852004330932334142e+01
5.545467945123471054e+01 -6.853329500932335350e+01
5.592834822523468574e+01 -6.854662862932335088e+01
5.640201473523470099e+01 -6.856004380532334608e+01
5.687567897523470606e+01 -6.857354018132335227e+01
5.734934094223470424e+01 -6.858711740132335422e+01
5.782300063423468828e+01 -6.860077511132334394e+01
5.829665804723470046e+01 -6.861451296132335642e+01
5.877031317923470510e+01 -6.862833060432333809e+01
5.924396602523469824e+01 -6.864222769432333848e+01
5.971761658423469044e+01 -6.865620388832334697e+01
6.019126485223469558e+01 -6.867025884532336022e+01
6.066491082723470640e+01 -6.868439222532336430e+01
6.113855450723468721e+01 -6.869860369132334199e+01
6.161219588923469814e+01 -6.871289290732335076e+01
6.208583497223469294e+01 -6.872725953932334164e+01
6.255947175223468548e+01 -6.874170325432334039e+01
6.303310609423471078e+01 -6.875622371732336546e+01
6.350673825023469021e+01 -6.877082060332335800e+01
6.398036809723470242e+01 -6.878549358032336158e+01
6.445399563323471170e+01 -6.880024231732335238e+01
6.492762085823468965e+01 -6.881506648632336010e+01
6.540124376923469640e+01 -6.882996575832333974e+01
6.587486436623470354e+01 -6.884493980232335275e+01
6.634848264823469322e+01 -6.885998829132336141e+01
6.682209861323468658e+01 -6.887511089232336303e+01
6.729571226223470148e+01 -6.889030727532335163e+01
6.776932359423469165e+01 -6.890557710732335295e+01
6.824293260823469609e+01 -6.892092005332335702e+01
6.871653930623469364e+01 -6.893633577732336448e+01
6.919014368623470546e+01 -6.895182393832334355e+01
6.966374575023471039e+01 -6.896738419632336559e+01
7.013734549923469785e+01 -6.898301620332335915e+01
7.061094293323469628e+01 -6.899871961032334866e+01
7.108453805523470237e+01 -6.901449406232336514e+01
7.155813086623470554e+01 -6.903033919932335039e+01
7.203172136823471305e+01 -6.904625465532333806e+01
7.250530956423469320e+01 -6.906224005732335058e+01
7.297889545723469951e+01 -6.907829502432335289e+01
7.345247905123468968e+01 -6.909441916832335551e+01
7.392606034923468883e+01 -6.911061208832336433e+01
7.439963935623470093e+01 -6.912687337732336346e+01
7.487321607723470152e+01 -6.914320261132334622e+01
7.534679051923470183e+01 -6.915959935632335487e+01
7.582036268823469527e+01 -6.917606316232334507e+01
7.629393259123469306e+01 -6.919259356132334915e+01
7.676750023723468530e+01 -6.920919006732336243e+01
7.724106563523469049e+01 -6.922585217532335378e+01
7.771462879523468814e+01 -6.924257935532335750e+01
7.818818972923469346e+01 -6.925937105132334182e+01
7.866174844823470380e+01 -6.927622667732336481e+01
7.913530496923470992e+01 -6.929314561832336494e+01
7.960885930723469528e+01 -6.931012721932336262e+01
8.008241147823468964e+01 -6.932717078532334654e+01
8.055596150423468771e+01 -6.934427557732334435e+01
8.102950940523470535e+01 -6.936144080232335796e+01
8.150305520723469499e+01 -6.937866561032333834e+01
8.197659893523470487e+01 -6.939594908332335876e+01
8.245014062023469137e+01 -6.941329023032335499e+01
8.292368029723471068e+01 -6.943068797332335862e+01
8.339721800323471257e+01 -6.944814113832336488e+01
8.387075378023470762e+01 -6.946564843732335248e+01
8.434428767723468923e+01 -6.948320845632335363e+01
8.481781974723469375e+01 -6.950081962932335955e+01
8.529135005123470137e+01 -6.951848022232334756e+01
8.576487866023470019e+01 -6.953618829632335974e+01
8.623840565123470014e+01 -6.955394168032336211e+01
8.671193111523470520e+01 -6.957173792232336496e+01
8.718545515523470613e+01 -6.958957424432335870e+01
8.765897789023469500e+01 -6.960744746932334692e+01
8.813249946023469761e+01 -6.962535395032335828e+01
8.860602002423470935e+01 -6.964328946032335921e+01
8.907953977323469985e+01 -6.966124906532334649e+01
8.955305893123468763e+01 -6.967922694932335048e+01
9.002657776523469124e+01 -6.969721619232333865e+01
9.050009644623469285e+01 -6.971520845932334964e+01
9.097361562623470377e+01 -6.973319360632333996e+01
9.144713567023470091e+01 -6.975115906432336033e+01
9.192065718223469162e+01 -6.976908901932335993e+01
9.239418093423469713e+01 -6.978696315432335950e+01
9.286770793123469048e+01 -6.980475472832335981e+01
9.334123952623468767e+01 -6.982242745532334993e+01
9.381477759423469820e+01 -6.983993019232335087e+01
9.428832485423470189e+01 -6.985718715632336284e+01
9.476188549923469395e+01 -6.987407810032334510e+01
9.523546657223468515e+01 -6.989039207132336173e+01
9.570908162623470616e+01 -6.990569314832336545e+01
9.618276373423469749e+01 -6.991872588532334021e+01
9.665659068223470740e+01 -6.992261575932334949e+01
9.713044780923470967e+01 -6.992032501332334959e+01
9.760428503323470295e+01 -6.991510392532336482e+01
9.807807816823469693e+01 -6.990680426632334843e+01
9.855180301323468939e+01 -6.989541040632335012e+01
9.902544312523468761e+01 -6.988092817632335141e+01
9.949897901723468863e+01 -6.986336162732334287e+01
9.997239173523470868e+01 -6.984270719632334590e+01
1.004456621202346867e+02 -6.981895256232334646e+01
1.009187721222346852e+02 -6.979207670232335659e+01
1.013917067322346952e+02 -6.976205015732335823e+01
1.018643881632347075e+02 -6.972884023532336073e+01
1.023368780022346982e+02 -6.969239723732334824e+01
1.028091323552347092e+02 -6.965267132932333993e+01
1.032810344272346867e+02 -6.960961327532334053e+01
1.037526476672346973e+02 -6.956315131032334875e+01
1.042238628322346869e+02 -6.951322318532334066e+01
1.046946887432347069e+02 -6.945974838832336218e+01
1.051650508532347033e+02 -6.940264866232334384e+01
1.056349901932346995e+02 -6.934182446232335906e+01
1.061044193522346859e+02 -6.927718447432334870e+01
1.065732916782347104e+02 -6.920862505232335593e+01
1.070415565882346982e+02 -6.913603513232334308e+01
1.075091591492347050e+02 -6.905929589532334489e+01
1.079760396082346858e+02 -6.897828037432336146e+01
1.084421328662346866e+02 -6.889285302932336208e+01
1.089073678812347055e+02 -6.880286925932335862e+01
1.093716670052347126e+02 -6.870817487732335849e+01
1.098349452312346841e+02 -6.860860553132334871e+01
1.102971093462346914e+02 -6.850398607432336462e+01
1.107580569732346873e+02 -6.839412989232334894e+01
1.112176754852347074e+02 -6.827883817732336524e+01
1.116758407842346799e+02 -6.815789915332334203e+01
1.121324159022347260e+02 -6.803108726732335754e+01
1.125872494292346744e+02 -6.789816233232335208e+01
1.130401737202347192e+02 -6.775886865032336459e+01
1.134910028572346903e+02 -6.761293411832335210e+01
1.139395303522346978e+02 -6.746006934032334357e+01
1.143854853912347096e+02 -6.729998192132336499e+01
1.148286872792346855e+02 -6.713231865032335577e+01
1.152688156652347118e+02 -6.695674576432335812e+01
1.157055518312347147e+02 -6.677289722232336544e+01
1.161385394772346729e+02 -6.658038673032334032e+01
1.165673803672346764e+02 -6.637880776332335131e+01
1.169916285182347053e+02 -6.616773453832334440e+01
1.174107850142346763e+02 -6.594672321032334139e+01
1.178242917432346815e+02 -6.571531428932334506e+01
1.182315249762346809e+02 -6.547303619932336005e+01
1.186317888072346989e+02 -6.521941037832334587e+01
1.190123659902347129e+02 -6.493903012832333843e+01
1.192817709592347057e+02 -6.455075644532334422e+01
1.194830962032346804e+02 -6.412203917732335867e+01
1.196486683242347056e+02 -6.367811714732334849e+01
1.197916901552347042e+02 -6.322637762832334829e+01
1.199188804922347060e+02 -6.276990778332336163e+01
1.200341611492346772e+02 -6.231032270632334757e+01
1.201400910082346911e+02 -6.184838790432334577e+01
1.202383698882347005e+02 -6.138480621032334739e+01
1.203302565282346848e+02 -6.091990974332335895e+01
1.204166877812346854e+02 -6.045394274932334611e+01
1.204983682652346886e+02 -5.998717933632335075e+01
1.205758746732347220e+02 -5.951971906532335765e+01
1.206496726012346983e+02 -5.905162181632334750e+01
1.207201292732346758e+02 -5.858302110432336463e+01
1.207875582762347051e+02 -5.811397448632334317e+01
1.208522309092346916e+02 -5.764447221932334742e+01
1.209143614882346753e+02 -5.717462190432334523e+01
1.209741439662347204e+02 -5.670444545932335245e+01
1.210317331062347250e+02 -5.623406904032336229e+01
1.210872816882346967e+02 -5.576346285432336458e+01
1.211409198312346973e+02 -5.529262925032335829e+01
1.211926998162346933e+02 -5.482214701332335949e+01
1.212428608202347107e+02 -5.435076256532335037e+01
1.212913964782347023e+02 -5.387936384532335410e+01
1.213384088672346763e+02 -5.340775921432336304e+01
1.213839647872347030e+02 -5.293601496432336262e+01
1.214282405202347093e+02 -5.246294014532335837e+01
1.214710462592347255e+02 -5.199122159432334911e+01
1.215124874602347234e+02 -5.152041705832334628e+01
1.215528092172346817e+02 -5.104830115432335447e+01
1.215919888062346956e+02 -5.057559883132336154e+01
1.216300351012347107e+02 -5.010268350632335910e+01
1.216668601862346861e+02 -4.963118953932334421e+01
1.217027039262347046e+02 -4.915851925432335179e+01
1.217374927052347005e+02 -4.868603837032335946e+01
1.217712955952347045e+02 -4.821322075832335941e+01
1.218041163782346814e+02 -4.774039717232335533e+01
1.218360318492346721e+02 -4.726680854332335002e+01
1.218669795832347233e+02 -4.679373459732335050e+01
1.218969875002347010e+02 -4.632114162432336002e+01
1.219260837402347022e+02 -4.584895936832336361e+01
1.219543715432347142e+02 -4.537580646032336062e+01
1.219818032102346876e+02 -4.490274746832335495e+01
1.220084027552346981e+02 -4.442966678932336322e+01
1.220342334752346858e+02 -4.395567983032336201e+01
1.220591689602347003e+02 -4.348341769132335344e+01
1.220833683542346932e+02 -4.301016447232333917e+01
1.221067934852347037e+02 -4.253686949032334041e+01
1.221294425912347208e+02 -4.206382262232335734e+01
1.221513500862347144e+02 -4.159054117932333838e+01
1.221725160852347187e+02 -4.111723632432335762e+01
1.221929558692346802e+02 -4.064377597432334710e+01
1.222127166522347181e+02 -4.016921076032335236e+01
1.222317184672346855e+02 -3.969566024432336349e+01
1.222500154492347235e+02 -3.922202436832336048e+01
1.222676134782347219e+02 -3.874833188632334213e+01
1.222845136842347245e+02 -3.827473676432336447e+01
1.223007157782347178e+02 -3.780144658632335108e+01
1.223162447092347236e+02 -3.732790357832334394e+01
1.223310931822346959e+02 -3.685448218932336317e+01
1.223452781772346896e+02 -3.638078421032335541e+01
1.223587733042346883e+02 -3.590787328732335482e+01
1.223716283272346743e+02 -3.543414217932334509e+01
1.223838265892347010e+02 -3.496026118032335717e+01
1.223953682512347143e+02 -3.448633177832334695e+01
1.224062530202346863e+02 -3.401248428832334980e+01
1.224164855232346838e+02 -3.353863065732335258e+01
1.224260676612347254e+02 -3.306477935532333845e+01
1.224350011612346805e+02 -3.259093213032335257e+01
1.224432874582347210e+02 -3.211708868332334532e+01
1.224509276642346833e+02 -3.164324815932334900e+01
1.224579225662347142e+02 -3.116940972732334103e+01
1.224642726292347277e+02 -3.069557273632335637e+01
1.224699779982347252e+02 -3.022173676732336389e+01
1.224750385112347146e+02 -2.974790162332334376e+01
1.224794536992347105e+02 -2.927406730832333892e+01
1.224832231432347101e+02 -2.880018573932335357e+01
1.224863451032346973e+02 -2.832633757832334709e+01
1.224888185072346971e+02 -2.785248858332334976e+01
1.224906416892347067e+02 -2.737863941632335241e+01
1.224918126952346995e+02 -2.690479041132334714e+01
1.224923292752347095e+02 -2.643094229532334793e+01
1.224921888912346901e+02 -2.595709576032334098e+01
1.224913887112346913e+02 -2.548325154732336273e+01
1.224899256072347100e+02 -2.500941043432334254e+01
1.224877961582347154e+02 -2.453557323132335455e+01
1.224849966412346873e+02 -2.406174077932334399e+01
1.224815229492346873e+02 -2.358790390232334744e+01
1.224773708792347122e+02 -2.311408167632336585e+01
1.224725357412346796e+02 -2.264026753632336408e+01
1.224670125722347223e+02 -2.216646224632336271e+01
1.224607960882346731e+02 -2.169266659932335983e+01
1.224538806732346927e+02 -2.121888140632336217e+01
1.224462603712346720e+02 -2.074510749532333875e+01
1.224379288802346935e+02 -2.027134569532336172e+01
1.224288795422346823e+02 -1.979759683732333997e+01
1.224191053312347037e+02 -1.932386174432335224e+01
1.224086000352346844e+02 -1.885019297132333804e+01
1.223973538782347248e+02 -1.837650055132334614e+01
1.223853595702347263e+02 -1.790282675132334589e+01
1.223726085232346747e+02 -1.742917268032334732e+01
1.223590917212347051e+02 -1.695553931532336378e+01
1.223447997132347211e+02 -1.648192798832334915e+01
1.223297225832347124e+02 -1.600833976932335645e+01
1.223138499402346895e+02 -1.553477585432335673e+01
1.222971708992347146e+02 -1.506123750432334418e+01
1.222796740622347045e+02 -1.458772607432334212e+01
1.222613474962347198e+02 -1.411424304432335930e+01
1.222421787142347114e+02 -1.364079005932336486e+01
1.222221546492346818e+02 -1.316736895832335108e+01
1.222012616322346901e+02 -1.269398180332333936e+01
1.221794853632347042e+02 -1.222063089132333857e+01
1.221568108832347264e+02 -1.174731875732334174e+01
1.221332225402346978e+02 -1.127404815232335977e+01
1.221087039532347092e+02 -1.080082202232335931e+01
1.220832379722346843e+02 -1.032764346632336583e+01
1.220568066342346754e+02 -9.854515706323354607e+00
1.220293911192347025e+02 -9.381442066323359086e+00
1.220009717002347145e+02 -8.908425958323363147e+00
1.219715276892347049e+02 -8.435470897323341433e+00
1.219410373832347148e+02 -7.962580528323343287e+00
1.219094780062347070e+02 -7.489758670323340084e+00
1.218768256432346959e+02 -7.017009362323364030e+00
1.218430551752346958e+02 -6.544336920323360118e+00
1.218081402032346716e+02 -6.071745980323356662e+00
1.217720529732347075e+02 -5.599241625323344351e+00
1.217347642582347191e+02 -5.126829020323356190e+00
1.216962469812346797e+02 -4.654558387323362467e+00
1.216564616392347205e+02 -4.182348907323358844e+00
1.216153774912346819e+02 -3.710250202323351232e+00
1.215729584572347051e+02 -3.238269519323353052e+00
1.215291664192347127e+02 -2.766414639323357960e+00
1.214839610572347226e+02 -2.294693894323359018e+00
1.214372996862346952e+02 -1.823116199323351339e+00
1.213891334672347000e+02 -1.351656504323358376e+00
1.213394225292347244e+02 -8.804042723233465040e-01
1.212881110932346758e+02 -4.093233233233490864e-01
1.212351449032347261e+02 6.157419967664168325e-02
1.211804661592347259e+02 5.322752676766526747e-01
1.211240132012347033e+02 1.002765856676660405e+00
1.210657201512346717e+02 1.473030815676651173e+00
1.210055165192347033e+02 1.943053704676657389e+00
1.209433267562347112e+02 2.412816604676635279e+00
1.208790742732346928e+02 2.882267424676655310e+00
1.208126612162347158e+02 3.351461626676638161e+00
1.207440001082347010e+02 3.820327259676645326e+00
1.206729893752347209e+02 4.288838772676655253e+00
1.205995191372346937e+02 4.756967407676654602e+00
1.205234701812346714e+02 5.224681224676658076e+00
1.204447129182346714e+02 5.691944190676650805e+00
1.203631060832347259e+02 6.158715725676643160e+00
1.202784952152346989e+02 6.624950183676645565e+00
1.201907120002346971e+02 7.090590379676655175e+00
1.200995669832347232e+02 7.555593870676659662e+00
1.200048561172347092e+02 8.019884521676658551e+00
1.199063514052346875e+02 8.483385719676647341e+00
1.198037992092347110e+02 8.946009161676641952e+00
1.196969162002347105e+02 9.407652347676645377e+00
1.195853843102346730e+02 9.868196003676644068e+00
1.194688448342347158e+02 1.032749976467664510e+01
1.193469036492346902e+02 1.078535117467663440e+01
1.192190763722346958e+02 1.124162997167664457e+01
1.190848393492347270e+02 1.169606375367663986e+01
1.189435771752347080e+02 1.214836250667664785e+01
1.187948156132347037e+02 1.259746006467665325e+01
1.186370381262346712e+02 1.304489996067664492e+01
1.184698356072346712e+02 1.348838110167665150e+01
1.182923218242346763e+02 1.392654884367664181e+01
1.181017487122346949e+02 1.436159860667663679e+01
1.178976576822347226e+02 1.478922402667663505e+01
1.176774374482347127e+02 1.520882100567663997e+01
1.174384724202347172e+02 1.561795853167663495e+01
1.171774487122346784e+02 1.601333309167665675e+01
1.168902733672346983e+02 1.639013411267663400e+01
1.165721568902347087e+02 1.674109988367663959e+01
1.162185734732347271e+02 1.705592508567664822e+01
1.158459065962346983e+02 1.734879916667665611e+01
1.154666977282347204e+02 1.763292606867665313e+01
1.150829010152346825e+02 1.791081751867665162e+01
1.146960182122346907e+02 1.818436350067665330e+01
1.143071034132346711e+02 1.845511018967664540e+01
1.139170614242346744e+02 1.872423265367663703e+01
1.135265862012347213e+02 1.899270291067665539e+01
1.131362328382346902e+02 1.926132509067664955e+01
1.127464480102346727e+02 1.953077558067664654e+01
1.123576226492346848e+02 1.980161115567665320e+01
1.119700962302347023e+02 2.007429853267663589e+01
1.115841675402346880e+02 2.034923121767664611e+01
1.112000918172347212e+02 2.062675030767664452e+01
1.108181063302347127e+02 2.090714066967663598e+01
1.104384261222346879e+02 2.119064500467663947e+01
1.100612482332346929e+02 2.147746959167665182e+01
1.096867541292346857e+02 2.176778951667665751e+01
1.093151124652347050e+02 2.206175224967665827e+01
1.089464806072346903e+02 2.235948105867663571e+01
1.085810058262347013e+02 2.266107783667663966e+01
1.082187998442346952e+02 2.296664799267665558e+01
1.078600535612347073e+02 2.327620555967664018e+01
1.075048537162346918e+02 2.358983045367665454e+01
1.071532883312347053e+02 2.390758370067663918e+01
1.068055219632346962e+02 2.422943792267665231e+01
1.064616281672346929e+02 2.455543016767666131e+01
1.061217027492346858e+02 2.488556134267665243e+01
1.057858353492347021e+02 2.521982265967665171e+01
1.054541097112347074e+02 2.555819633367664778e+01
1.051266032842347045e+02 2.590065687267664885e+01
1.048033767642347129e+02 2.624718328967665570e+01
1.044844884752347127e+02 2.659774537267665551e+01
1.041700227572347046e+02 2.695227159267665229e+01
1.038600341952347037e+02 2.731071052567665447e+01
1.035545718812346934e+02 2.767300580267664145e+01
1.032536794892347132e+02 2.803909665767665160e+01
1.029573953962346877e+02 2.840891839667665408e+01
1.026657527972346884e+02 2.878240285767664375e+01
1.023787508122346992e+02 2.915951746467665373e+01
1.020964612752347023e+02 2.954012501467664720e+01
1.018188816412346966e+02 2.992417681467664181e+01
1.015460257652347025e+02 3.031159501567664449e+01
1.012779030382347116e+02 3.070230020267665338e+01
1.010145185472347009e+02 3.109621172667664268e+01
1.007558732442346923e+02 3.149324799667664365e+01
1.005019641032347124e+02 3.189332678067664517e+01
1.002527843082347090e+02 3.229636545467664632e+01
1.000083234172346920e+02 3.270228125567665245e+01
9.976856755023470669e+01 3.311099150767664412e+01
9.953349956923469222e+01 3.352241382667665448e+01
9.930309925423469508e+01 3.393646631267664304e+01
9.907734347223470195e+01 3.435306776167664111e+01
9.885620407023469625e+01 3.477214220867664096e+01
9.863965539423469409e+01 3.519360519067664939e+01
9.842766707723470176e+01 3.561737753367664538e+01
9.822020600923468692e+01 3.604338231767664524e+01
9.801723717923471213e+01 3.647154369667664753e+01
9.781872366523469964e+01 3.690178732167665032e+01
9.762462688123468979e+01 3.733404024067664295e+01
9.743490671223469235e+01 3.776823099067664202e+01
9.724952166623469907e+01 3.820428963867664152e+01
9.706857831923468893e+01 3.864178178867665281e+01
9.689172037323470477e+01 3.908139734767664208e+01
9.671732125123469359e+01 3.952199697667664680e+01
9.654141034823470591e+01 3.996199581767665165e+01
9.636388195023471326e+01 4.040134534867664229e+01
9.618478094523470645e+01 4.084005703967665113e+01
9.600414817423470026e+01 4.127814122367664140e+01
9.582202085023470772e+01 4.171560719267664297e+01
9.563843291323470908e+01 4.215246328667664955e+01
9.545341534423471330e+01 4.258871696167665277e+01
9.526701621523469043e+01 4.302432885567664300e+01
9.507922565823469085e+01 4.345938843567664378e+01
9.489008371323470215e+01 4.389386235167664552e+01
9.469961197923470309e+01 4.432775507767664180e+01
9.450783016723468677e+01 4.476107046367664566e+01
9.431475625023469433e+01 4.519381177767664326e+01
9.412040658823468675e+01 4.562598173367665311e+01
9.392479604823469685e+01 4.605758252067664671e+01
9.372793810023469518e+01 4.648861582767665368e+01
9.352982546023469013e+01 4.691912498867664283e+01
9.333050574323470983e+01 4.734903103067664176e+01
9.312997133123468529e+01 4.777837226267665471e+01
9.292823093423470482e+01 4.820714859567664234e+01
9.272529224323469066e+01 4.863535952667665185e+01
9.252116197823468724e+01 4.906300415367664414e+01
9.231584594423469525e+01 4.949008118067665407e+01
9.210934906723468885e+01 4.991658893067665304e+01
9.190167543723470089e+01 5.034252534767664145e+01
9.169282834323470865e+01 5.076788800567665305e+01
9.148281030223469656e+01 5.119267411267664158e+01
9.127162308723470119e+01 5.161688051167665492e+01
9.105926781423468697e+01 5.204050356967664470e+01
9.084574476323470549e+01 5.246353956567665477e+01
9.063105365723470186e+01 5.288598418467664430e+01
9.041519352923469910e+01 5.330783281667665108e+01
9.019816276623470230e+01 5.372908048567664707e+01
8.997995912823469666e+01 5.414972184967665214e+01
8.976057975823471224e+01 5.456975119367665172e+01
8.954002118923469311e+01 5.498916242767664642e+01
8.931827935123470752e+01 5.540794908267665164e+01
8.909534958223468948e+01 5.582610430067664709e+01
8.887122662423470842e+01 5.624362083767664444e+01
8.864590463423471078e+01 5.666049104767664346e+01
8.841937717423471099e+01 5.707670688467665343e+01
8.819163721923470689e+01 5.749225988967664591e+01
8.796267714523469294e+01 5.790714119067665422e+01
8.773248873023470651e+01 5.832134149267665180e+01
8.750100454923469329e+01 5.873495539567664991e+01
8.726833408923471325e+01 5.914776025567664419e+01
8.703440695623470447e+01 5.955985362367664493e+01
8.679921243723470070e+01 5.997122443067664221e+01
8.656273917523469663e+01 6.038186112667665384e+01
8.632497516723469744e+01 6.079175164867665160e+01
8.608590776023470426e+01 6.120088337967665382e+01
8.584552366723468708e+01 6.160924308567665264e+01
8.560383258623468805e+01 6.201677719067664896e+01
8.536071668023470238e+01 6.242364417467665305e+01
8.511629427523470781e+01 6.282960472667664931e+01
8.487051259523468616e+01 6.323470536967664657e+01
8.462332374623468922e+01 6.363898089967665328e+01
8.437474910723469179e+01 6.404235057467664660e+01
8.412476718323469527e+01 6.444480236167665055e+01
8.387330073723470036e+01 6.484641063467664424e+01
8.362037531523469625e+01 6.524708242867664865e+01
8.336591375223468958e+01 6.564688560167664377e+01
8.310994322223470476e+01 6.604572083567664720e+01
8.285244349423470567e+01 6.644356188567664390e+01
8.259337813523470118e+01 6.684040482767665026e+01
8.233275566523468569e+01 6.723617449067664609e+01
8.207052714123469173e+01 6.763088085967665108e+01
8.180666664623470297e+01 6.802449566067664932e+01
8.154114673323471152e+01 6.841698996267665223e+01
8.127393859823470734e+01 6.880833376267665358e+01
8.100501213623471131e+01 6.919849573367665130e+01
8.073433598823470447e+01 6.958744299267664246e+01
8.046187733123468888e+01 6.997514122367664413e+01
8.018760029323470917e+01 7.036155670467664436e+01
7.991142822023471126e+01 7.074670834467664804e+01
7.963336972923468693e+01 7.113049155367664866e+01
7.935339351123468532e+01 7.151285436167664500e+01
7.907145798523470148e+01 7.189375457167665218e+01
7.878751972823471306e+01 7.227314766767665333e+01
7.850153372323470080e+01 7.265098620867664181e+01
7.821345324523468889e+01 7.302721968667664498e+01
7.792322986623469205e+01 7.340179423167664652e+01
7.763081297623469368e+01 7.377465288367665153e+01
7.733615009723470735e+01 7.414573483867664550e+01
7.703918648023469018e+01 7.451497557467665445e+01
7.673986502723468561e+01 7.488230652967665435e+01
7.643810649823470271e+01 7.524767845767664198e+01
7.613388934823470322e+01 7.561096462767665116e+01
7.582712943023469165e+01 7.597210597567665502e+01
7.551745598523470449e+01 7.633136342667664564e+01
7.520542452723469751e+01 7.668791702167665392e+01
7.489071018723470274e+01 7.704196365367664612e+01
7.457307909523470357e+01 7.739357211967664796e+01
7.425254360823470279e+01 7.774252275467664219e+01
7.392899670623469888e+01 7.808871734267664522e+01
7.360240592123469128e+01 7.843196548767664922e+01
7.327275236123469426e+01 7.877205351867664262e+01
7.293970338223471117e+01 7.910907337867665490e+01
7.260328613323468971e+01 7.944272914967665145e+01
7.226339747223468635e+01 7.977284352667665246e+01
7.191991434423471219e+01 8.009923997267664220e+01
7.157275488623469073e+01 8.042168352767664885e+01
7.122174274323469945e+01 8.074000580767665269e+01
7.086681703823470002e+01 8.105390997767665340e+01
7.050782056823470612e+01 8.136316259867665224e+01
7.014462503823469319e+01 8.166747765367664158e+01
6.977709632323470146e+01 8.196654622467664808e+01
6.940509566023470711e+01 8.226003315967665230e+01
6.902848121523470581e+01 8.254757343567665373e+01
6.864710857823470747e+01 8.282876935067665158e+01
6.826083316523468625e+01 8.310318623267664861e+01
6.786951771723468596e+01 8.337034491767664690e+01
6.747301546023470564e+01 8.362973086367664166e+01
6.707119501023470320e+01 8.388077463367665132e+01
6.666392343023468925e+01 8.412286079367665081e+01
6.625108217023469592e+01 8.435531550467665340e+01
6.583257195023469421e+01 8.457740256867664641e+01
6.540832048423470724e+01 8.478831897767665282e+01
6.497828907423470923e+01 8.498719253167665499e+01
6.454248333123470616e+01 8.517307930167665120e+01
6.410096416323469271e+01 8.534496365067664669e+01
6.365386148723470683e+01 8.550176043767665135e+01
6.320142189823471313e+01 8.564231151067664882e+01
6.274390744523469721e+01 8.576543241567664211e+01
6.228181782923471133e+01 8.587009476567665445e+01
6.181706297623469482e+01 8.596242269067664665e+01
6.135093347323470425e+01 8.604748604667665290e+01
6.088381225023471188e+01 8.612694581167664865e+01
6.041594152723470756e+01 8.620188506067664491e+01
5.994748102623469777e+01 8.627305860267664173e+01
5.947854127623469367e+01 8.634101827267664930e+01
5.900920318823469302e+01 8.640618237567665005e+01
5.853952751923469577e+01 8.646887741067665445e+01
5.806956129623469565e+01 8.652936427267664499e+01
5.759934178023470963e+01 8.658785554767665360e+01
5.712889919923469506e+01 8.664452731267664376e+01
5.665825799423470244e+01 8.669952753067664730e+01
5.618742647823469838e+01 8.675298336167664104e+01
5.571644245823469532e+01 8.680500056867664682e+01
5.524527307923469266e+01 8.685567805367664107e+01
5.477401334923470699e+01 8.690508900567664341e+01
5.430262919223468998e+01 8.695331058667665047e+01
5.383113031523470227e+01 8.700040687567664577e+01
5.335952492623471244e+01 8.704643508567664867e+01
5.288782053223471280e+01 8.709144652167664447e+01
5.241602375323469687e+01 8.713548744967664561e+01
5.194414050823471030e+01 8.717859977567664487e+01
5.147217611723471009e+01 8.722082161467665173e+01
5.100013538323469220e+01 8.726218776567664293e+01
5.052802266423469746e+01 8.730273011567665264e+01
5.005584202823470719e+01 8.734247796967665067e+01
4.958359685023469865e+01 8.738145837767665114e+01
4.911129059123470597e+01 8.741969632567665371e+01
4.863892629723468986e+01 8.745721498967664331e+01
4.816650677523469426e+01 8.749403591567664762e+01
4.769403462223471024e+01 8.753017917567665052e+01
4.722151224223469512e+01 8.756566351467664333e+01
4.674894187023468817e+01 8.760050647167665261e+01
4.627632558723470879e+01 8.763472448967664263e+01
4.580366533423469377e+01 8.766833301367664433e+01
4.533096292823469753e+01 8.770134657467664852e+01
4.485822007223470109e+01 8.773377886867665154e+01
4.438543836323469804e+01 8.776564282567665032e+01
4.391261930923468526e+01 8.779695066467664333e+01
4.343976432223470852e+01 8.782771395767665012e+01
4.296687474523469064e+01 8.785794367167665087e+01
4.249395184423468663e+01 8.788765021867665439e+01
4.202099681823469268e+01 8.791684349167664436e+01
4.154801071523471023e+01 8.794553291067664702e+01
4.107499477123468523e+01 8.797372743267665385e+01
4.060195005023470571e+01 8.800143560667665099e+01
4.012887741123469709e+01 8.802866560267665363e+01
3.965577780223469517e+01 8.805542521767664255e+01
3.918269634023471326e+01 8.808171947367664245e+01
3.870954927823470371e+01 8.810756021767664947e+01
3.823635249623470145e+01 8.813295337267665275e+01
3.776315979323470629e+01 8.815790265667665437e+01
3.728994415823470376e+01 8.818241586667664933e+01
3.681670630123468868e+01 8.820649904967665123e+01
3.634344690723469284e+01 8.823015801467664687e+01
3.587016663023470642e+01 8.825339835067664751e+01
3.539686610323468585e+01 8.827622543867664717e+01
3.492354593223470260e+01 8.829864445867664813e+01
3.445020670423468800e+01 8.832066040467664436e+01
3.397684898523471020e+01 8.834227809167664702e+01
3.350347331923470051e+01 8.836350216767664278e+01
3.303008023423470263e+01 8.838433711667664738e+01
3.255667024023469480e+01 8.840478727567665373e+01
3.208324382923470353e+01 8.842485683267665308e+01
3.160980148023469383e+01 8.844454984067664327e+01
3.113634365523469683e+01 8.846387021967665021e+01
3.066287080323471059e+01 8.848282176567664692e+01
3.018938335723470345e+01 8.850140815367664970e+01
2.971588174223469991e+01 8.851963294767665502e+01
2.924236636723469474e+01 8.853749960167664312e+01
2.877116524223470151e+01 8.855492624767664722e+01
2.829763281023468835e+01 8.857208795867664719e+01
2.782408743623469149e+01 8.858890129367664201e+01
2.735052948323470901e+01 8.860536931667664362e+01
2.687695930523469201e+01 8.862149500467664609e+01
2.640337724723468682e+01 8.863728124967664712e+01
2.592978364723470008e+01 8.865273086367665201e+01
2.545617883223471267e+01 8.866784658167664190e+01
2.498256312523469092e+01 8.868263106567664522e+01
2.450893683523469235e+01 8.869708690567664178e+01
2.403295484123469805e+01 8.871128578367664375e+01
2.355930672823470218e+01 8.872509027967664963e+01
2.308564943123468538e+01 8.873857349667665062e+01
2.261198322323468801e+01 8.875173776767664435e+01
2.213830837723469358e+01 8.876458536567665192e+01
2.166462515323470939e+01 8.877711850867665078e+01
2.119093380823468920e+01 8.878933935867664218e+01
2.071723459223468922e+01 8.880125002567665149e+01
2.024352774823469758e+01 8.881285257067665384e+01
1.976981367823469782e+01 8.882414899867664815e+01
1.929609245923469985e+01 8.883514127667665150e+01
1.882236419823470897e+01 8.884583132467665223e+01
1.834862925723470539e+01 8.885622101367664527e+01
1.787488785623469312e+01 8.886631217267664340e+01
1.740114021023470059e+01 8.887610659167664551e+01
1.692738652723468817e+01 8.888560601867665412e+01
1.645362701423471208e+01 8.889481216567665456e+01
1.597986187023468574e+01 8.890372670467664307e+01
1.550609129123469643e+01 8.891235127167664132e+01
1.503231546823468534e+01 8.892068746967665049e+01
1.455853459223470736e+01 8.892873686567665459e+01
1.408474884323470633e+01 8.893650099267664189e+01
1.361095840123471135e+01 8.894398135467665156e+01
1.313716344323469798e+01 8.895117942167664182e+01
1.266336413923468740e+01 8.895809663567665382e+01
1.218956065923470078e+01 8.896473440767664442e+01
1.171575332623470445e+01 8.897109411867664619e+01
1.124194205323470896e+01 8.897717712867664375e+01
1.076812710623468661e+01 8.898298476467664386e+01
1.029430864223471076e+01 8.898851832967665132e+01
9.820486814234698159e+00 8.899377909967664380e+01
9.346661772234710952e+00 8.899876832967665052e+01
8.872833663234700907e+00 8.900348724567665215e+01
8.399002632234697785e+00 8.900793705567664915e+01
7.925168819234698958e+00 8.901211894067664332e+01
7.451332361234705104e+00 8.901603406267665264e+01
6.977493393234709629e+00 8.901968355867664684e+01
6.503652046234691397e+00 8.902306854867664754e+01
6.029808447234699997e+00 8.902619012867664594e+01
5.555962721234692481e+00 8.902904937767664251e+01
5.082114988234707198e+00 8.903164735367664662e+01
4.608265367234707810e+00 8.903398509667664484e+01
4.134413974234689704e+00 8.903606362667665053e+01
3.660560917234704448e+00 8.903788394667664363e+01
3.186706304234689924e+00 8.903944704367664542e+01
2.712850239234711580e+00 8.904075388367664345e+01
2.238992821234688790e+00 8.904180542067665272e+01
1.765134146234686341e+00 8.904260258867664390e+01
1.291274305234708208e+00 8.904314630667664687e+01
8.202825532347048920e-01 8.904343647467665335e+01
3.464208442347000982e-01 8.904347751067665229e+01
