-1.212655026697339053e+02 2.317900911608199976e+01
-1.213976134377338667e+02 2.316552282208201063e+01
-1.215297249747338810e+02 2.315204402508200587e+01
-1.216618372417339060e+02 2.313857228308199865e+01
-1.217939502017338782e+02 2.312510719408200544e+01
-1.219260638217339192e+02 2.311164839108201363e+01
-1.220581779397339233e+02 2.309819555108200007e+01
-1.221902927167338930e+02 2.308474834208200832e+01
-1.223224080467339263e+02 2.307130648608199408e+01
-1.224545239047339464e+02 2.305786972008201019e+01
-1.225866402657338767e+02 2.304443779608200771e+01
-1.227187571097339287e+02 2.303101048708199983e+01
-1.228508744147338803e+02 2.301758758008199379e+01
-1.229829921607339429e+02 2.300416887808199817e+01
-1.231151103307339554e+02 2.299075419408200105e+01
-1.232472289087338595e+02 2.297734335508201298e+01
-1.233793478787339382e+02 2.296393619808199560e+01
-1.235114672267338847e+02 2.295053257108199318e+01
-1.236435869397339502e+02 2.293713232908200439e+01
-1.237757070037339417e+02 2.292373533708200739e+01
-1.239078274067338725e+02 2.291034146708199160e+01
-1.240399481387338483e+02 2.289695059808198607e+01
-1.241720691887338717e+02 2.288356261608200271e+01
-1.243041905477339242e+02 2.287017741208200050e+01
-1.244363122047338948e+02 2.285679488408200655e+01
-1.245684341517338680e+02 2.284341493408200563e+01
-1.247005563797339391e+02 2.283003747008200435e+01
-1.248326788817339548e+02 2.281666240408199542e+01
-1.249648016507338752e+02 2.280328965108199668e+01
-1.250969246787338989e+02 2.278991913108200151e+01
-1.252290479587338723e+02 2.277655076908200726e+01
-1.253611714847338590e+02 2.276318449208199013e+01
-1.254932952517339118e+02 2.274982022908199042e+01
-1.256254193857339487e+02 2.273645790208200879e+01
-1.257575436367338853e+02 2.272309747008199565e+01
-1.258896681137339328e+02 2.270973886208199133e+01
-1.260217928127339064e+02 2.269638201808200506e+01
-1.261539177277338695e+02 2.268302688308199322e+01
-1.262860428557338537e+02 2.266967340308198686e+01
-1.264181681917339120e+02 2.265632152608199590e+01
-1.265502937337339517e+02 2.264297120208200909e+01
-1.266824194757339228e+02 2.262962238408201188e+01
-1.268145454157338463e+02 2.261627502508198972e+01
-1.269466715497338782e+02 2.260292908008199220e+01
-1.270787978757339260e+02 2.258958450808199814e+01
-1.272109243887339289e+02 2.257624126708199697e+01
-1.273430510867339081e+02 2.256289931608199595e+01
-1.274751779677338845e+02 2.254955861908200632e+01
-1.276073050287338901e+02 2.253621913708198576e+01
-1.277394322677339460e+02 2.252288083508199179e+01
-1.278715596807338670e+02 2.250954367908198606e+01
-1.280036872677338806e+02 2.249620763408199764e+01
-1.281358150247339154e+02 2.248287266808199547e+01
-1.282679429507338682e+02 2.246953875108201260e+01
-1.284000710427338845e+02 2.245620585108198952e+01
-1.285321993007338506e+02 2.244287393908200556e+01
-1.286643277217339119e+02 2.242954298708198735e+01
-1.287964563047338515e+02 2.241621296708200362e+01
-1.289285850467339287e+02 2.240288385208199884e+01
-1.290607139477339160e+02 2.238955561708201003e+01
-1.291928430067339377e+02 2.237622823508201009e+01
-1.293249722217339013e+02 2.236290168208199702e+01
-1.294571015907339415e+02 2.234957593508198670e+01
-1.295892311127339553e+02 2.233625097008200555e+01
-1.297213607877339427e+02 2.232292676508200202e+01
-1.298534906127339354e+02 2.230960329708199197e+01
-1.299855759797338806e+02 2.229628504408199774e+01
-1.301177040457339444e+02 2.228296319608199383e+01
-1.302498321977338946e+02 2.226964202908200718e+01
-1.303819604337338660e+02 2.225632152508200079e+01
-1.305140887517338797e+02 2.224300166408198720e+01
-1.306462171507339463e+02 2.222968242708199682e+01
-1.307783456287338595e+02 2.221636379608199263e+01
-1.309104741837338679e+02 2.220304575408201231e+01
-1.310426028137338790e+02 2.218972828308199041e+01
-1.311747315187338927e+02 2.217641136608199304e+01
-1.313068602967339302e+02 2.216309498808200829e+01
-1.314389891457338990e+02 2.214977913108199914e+01
-1.315711180647339233e+02 2.213646378108199997e+01
-1.317032470527339001e+02 2.212314892208200945e+01
-1.318353761067339178e+02 2.210983454008200511e+01
-1.319675052277339091e+02 2.209652061808199619e+01
-1.320996344117339163e+02 2.208320714408199592e+01
-1.322317636607339182e+02 2.206989410308199240e+01
-1.323638929707339003e+02 2.205658148208200942e+01
-1.324960223417339193e+02 2.204326926708199608e+01
-1.326281517727338723e+02 2.202995744608199402e+01
-1.327602812627338835e+02 2.201664600508200920e+01
-1.328924108097339172e+02 2.200333493208199798e+01
-1.330245404127339270e+02 2.199002421408201258e+01
-1.331566700707339237e+02 2.197671384108198822e+01
-1.332887997837339071e+02 2.196340379908198770e+01
-1.334209295497338985e+02 2.195009407708201365e+01
-1.335530593677339084e+02 2.193678466508200131e+01
-1.336851892367338905e+02 2.192347555108199231e+01
-1.338173191567339018e+02 2.191016672408198929e+01
-1.339494491257339064e+02 2.189685817408201274e+01
-1.340815791427339150e+02 2.188354989008200846e+01
-1.342137092067338813e+02 2.187024186208199694e+01
-1.343458393177339190e+02 2.185693408008199867e+01
-1.344779694747339249e+02 2.184362653408200572e+01
-1.346100996757339203e+02 2.183031921408201015e+01
-1.347422299217338946e+02 2.181701211108199345e+01
-1.348743602097338794e+02 2.180370521608199397e+01
-1.350064905407339211e+02 2.179039851908200376e+01
-1.351386209127339271e+02 2.177709201108200432e+01
-1.352707513247339079e+02 2.176378568408199499e+01
-1.354028817777339100e+02 2.175047952908198567e+01
-1.355350122687339081e+02 2.173717353708198630e+01
-1.356671427987338916e+02 2.172386770008199619e+01
-1.357992733667339280e+02 2.171056200908199685e+01
-1.359314039707339248e+02 2.169725645708200545e+01
-1.360635346107338819e+02 2.168395103608199292e+01
-1.361956652857339236e+02 2.167064573708199759e+01
-1.363277959957338794e+02 2.165734055308200823e+01
-1.364599267397338735e+02 2.164403547608199574e+01
-1.365920575167339166e+02 2.163073049908200574e+01
-1.367241883267338949e+02 2.161742561508199856e+01
-1.368563191677338864e+02 2.160412081508201254e+01
-1.369884500397338911e+02 2.159081609408198688e+01
-1.371205809427339091e+02 2.157751144408200616e+01
-1.372527118757338940e+02 2.156420685708201290e+01
-1.373848428377339133e+02 2.155090232808200312e+01
-1.375169738277339206e+02 2.153759784908200459e+01
-1.376491048457339161e+02 2.152429341408199548e+01
-1.377812358907339103e+02 2.151098901608199299e+01
-1.379133669617339137e+02 2.149768464908200372e+01
-1.380454980587339264e+02 2.148438030608198801e+01
-1.381776291817338915e+02 2.147107598108200932e+01
-1.383097603287338870e+02 2.145777166908200684e+01
-1.384418914997339130e+02 2.144446736208200832e+01
-1.385740226937339230e+02 2.143116305508200981e+01
-1.387061539107339172e+02 2.141785874108200005e+01
-1.388382851497339061e+02 2.140455441608199294e+01
-1.389704164107338897e+02 2.139125007308200566e+01
-1.391025476917338892e+02 2.137794570608198796e+01
-1.392346789927339046e+02 2.136464131008199274e+01
-1.393668103137338790e+02 2.135133687908199818e+01
-1.394989416537338798e+02 2.133803240808200030e+01
-1.396310730117339176e+02 2.132472789208199515e+01
-1.397632043877338788e+02 2.131142332408199991e+01
-1.398953357807338875e+02 2.129811869908201061e+01
-1.400274671897338976e+02 2.128481401308201271e+01
-1.401595986157338984e+02 2.127150926008201282e+01
-1.402917300557339217e+02 2.125820443608199639e+01
-1.404238615107339001e+02 2.124489953408200904e+01
-1.405559929797339009e+02 2.123159455008200780e+01
-1.406881244617338780e+02 2.121828947908198870e+01
-1.408202559567338881e+02 2.120498431608200463e+01
-1.409523874627338955e+02 2.119167905608199476e+01
-1.410845189807338897e+02 2.117837369508200140e+01
-1.412166505097338813e+02 2.116506822808199217e+01
-1.413487820487338809e+02 2.115176264908200210e+01
-1.414809135977338883e+02 2.113845695508200606e+01
-1.416130451547339248e+02 2.112515114108200009e+01
-1.417451767197338768e+02 2.111184520208200865e+01
-1.418773082917339252e+02 2.109853913308199935e+01
-1.420094398717338890e+02 2.108523293108200392e+01
-1.421415714567339137e+02 2.107192659108198995e+01
-1.422737030467338855e+02 2.105862010808201035e+01
-1.424058346427339075e+02 2.104531347908201155e+01
-1.425379662417338977e+02 2.103200669808200018e+01
-1.426700978437339131e+02 2.101869976208200796e+01
-1.428022294487338968e+02 2.100539266708199193e+01
-1.429343610557339161e+02 2.099208540708198711e+01
-1.430664926627338787e+02 2.097877798008198624e+01
-1.431986686957338861e+02 2.096546590708200597e+01
-1.433308014957339083e+02 2.095215801208200901e+01
-1.434629343207338934e+02 2.093884993408198625e+01
-1.435950671717338878e+02 2.092554167008199784e+01
-1.437272000457339232e+02 2.091223321508201138e+01
-1.438593329447339215e+02 2.089892456508201235e+01
-1.439914658687338829e+02 2.088561571608198619e+01
-1.441235988147338958e+02 2.087230666508199306e+01
-1.442557317857338717e+02 2.085899740808198999e+01
-1.443878647787338991e+02 2.084568794108199086e+01
-1.445199977957339001e+02 2.083237825908199170e+01
-1.446521308347338959e+02 2.081906836008201367e+01
-1.447842638957338863e+02 2.080575823908199595e+01
-1.449163969797339178e+02 2.079244789308199870e+01
-1.450485300847338976e+02 2.077913731808200737e+01
-1.451806632117338722e+02 2.076582651008200742e+01
-1.453127963597339090e+02 2.075251546608200215e+01
-1.454449295287338941e+02 2.073920418108198760e+01
-1.455770627187338846e+02 2.072589265408200276e+01
-1.457091959287338909e+02 2.071258087908199741e+01
-1.458413291587339131e+02 2.069926885308200326e+01
-1.459734624077339049e+02 2.068595657408201305e+01
-1.461055956777339020e+02 2.067264403608200496e+01
-1.462377289657338792e+02 2.065933123708200014e+01
-1.463698622727338829e+02 2.064601817408200191e+01
-1.465019955977339237e+02 2.063270484308199570e+01
-1.466341289417338771e+02 2.061939124008199542e+01
-1.467662623037339245e+02 2.060607736208200436e+01
-1.468983956817339163e+02 2.059276320608199740e+01
-1.470305290777338882e+02 2.057944876808198842e+01
-1.471626624907339078e+02 2.056613404508200915e+01
-1.472947959197338719e+02 2.055281903308198821e+01
-1.474269293657338835e+02 2.053950373008200359e+01
-1.475590628257339176e+02 2.052618813208201232e+01
-1.476911963027338857e+02 2.051287223608198929e+01
-1.478233297937338762e+02 2.049955603908199464e+01
-1.479554632987338891e+02 2.048623953608199599e+01
-1.480875968187339140e+02 2.047292272608200392e+01
-1.482197303507339257e+02 2.045960560508200388e+01
-1.483518638977338924e+02 2.044628816908200974e+01
-1.484839974577338921e+02 2.043297041608198583e+01
-1.486161310307339249e+02 2.041965234208200286e+01
-1.487482646147338983e+02 2.040633394408200729e+01
-1.488803982107339152e+02 2.039301521908200243e+01
-1.490125318167338833e+02 2.037969616508200943e+01
-1.491446654347338949e+02 2.036637677708199590e+01
-1.492767990627339145e+02 2.035305705308201141e+01
-1.494089326997338958e+02 2.033973698908201300e+01
-1.495410663467338850e+02 2.032641658308199339e+01
-1.496732000027338927e+02 2.031309583208201275e+01
-1.498053336647338938e+02 2.029977473208199967e+01
-1.499374673367339028e+02 2.028645328108200374e+01
-1.500696010147339052e+02 2.027313147508201041e+01
-1.502017346997338905e+02 2.025980931208201241e+01
-1.503338683907339259e+02 2.024648678808199520e+01
-1.504660020867339085e+02 2.023316390008199050e+01
-1.505981357877338951e+02 2.021984064708200890e+01
-1.507302694937338856e+02 2.020651702308200015e+01
-1.508624032027339013e+02 2.019319302708200325e+01
-1.509945369147338852e+02 2.017986865608199309e+01
-1.511266706297338942e+02 2.016654390708200140e+01
-1.512588043467338821e+02 2.015321877608201362e+01
-1.513909380647339162e+02 2.013989326208201192e+01
-1.515230717827338935e+02 2.012656736008199232e+01
-1.516552055007339277e+02 2.011324106808200440e+01
-1.517873392177339156e+02 2.009991438408201248e+01
-1.519194729337339140e+02 2.008658730308201257e+01
-1.520516066467338874e+02 2.007325982508200468e+01
-1.521837403567338924e+02 2.005993194408199543e+01
-1.523158740637338724e+02 2.004660366008201322e+01
-1.524480077657339052e+02 2.003327496808199726e+01
-1.525801414627338772e+02 2.001994586608199711e+01
-1.527122751527339233e+02 2.000661635208200551e+01
-1.528444087027339151e+02 1.999328643508201253e+01
-1.529765423587339228e+02 1.997995608808199108e+01
-1.531086760027338869e+02 1.996662532008198809e+01
-1.532408096357339105e+02 1.995329412908199629e+01
-1.533729432547339115e+02 1.993996251008201170e+01
-1.535050768597338902e+02 1.992663046308200592e+01
-1.536372104497339137e+02 1.991329798308200338e+01
-1.537693440217339003e+02 1.989996506808199683e+01
-1.539014775767338961e+02 1.988663171508198957e+01
-1.540336111127339223e+02 1.987329792208200274e+01
-1.541657446277338863e+02 1.985996368608201124e+01
-1.542978781207339125e+02 1.984662900308200051e+01
-1.544300115907338977e+02 1.983329387208200956e+01
-1.545621450357339199e+02 1.981995829008201326e+01
-1.546942784537338866e+02 1.980662225308199709e+01
-1.548264118447339115e+02 1.979328576008200002e+01
-1.549585452067339020e+02 1.977994880708200753e+01
-1.550906785367338898e+02 1.976661139208201234e+01
-1.552228118347338750e+02 1.975327351208198934e+01
-1.553549450987338787e+02 1.973993516408199866e+01
-1.554870783257338758e+02 1.972659634608200463e+01
-1.556192115147338768e+02 1.971325705508201054e+01
-1.557513446647338924e+02 1.969991728808199127e+01
-1.558834777717339080e+02 1.968657704308199641e+01
-1.560156108357339235e+02 1.967323631708200082e+01
-1.561477438537339140e+02 1.965989510708200783e+01
-1.562798768237339004e+02 1.964655341208199957e+01
-1.564120097437339041e+02 1.963321122708200051e+01
-1.565441426107338998e+02 1.961986855008200337e+01
-1.566762754227339087e+02 1.960652538008199031e+01
-1.568084081787338846e+02 1.959318171308200363e+01
-1.569405408747339266e+02 1.957983754608198979e+01
-1.570726735087338852e+02 1.956649287808198778e+01
-1.572048060777339060e+02 1.955314770408199365e+01
-1.573369385797338964e+02 1.953980202408200739e+01
-1.574690710117338881e+02 1.952645583408198604e+01
-1.576012033707339128e+02 1.951310913108198974e+01
-1.577333356537338886e+02 1.949976191308201123e+01
-1.578654678577339041e+02 1.948641417808198639e+01
-1.579975999807339235e+02 1.947306592308200379e+01
-1.581297320187338755e+02 1.945971714508200989e+01
-1.582618639687339055e+02 1.944636784208199742e+01
-1.583939958277338746e+02 1.943301801108199811e+01
-1.585261275917338821e+02 1.941966765008200468e+01
-1.586582592577339028e+02 1.940631675508200260e+01
-1.587903908237339010e+02 1.939296532508200244e+01
-1.589225222837338833e+02 1.937961335808199692e+01
-1.590546536357339278e+02 1.936626085008199993e+01
-1.591867848747339167e+02 1.935290779808198636e+01
-1.593189159977338818e+02 1.933955420108199519e+01
-1.594510470007339222e+02 1.932620005608200131e+01
-1.595831778817338886e+02 1.931284536108199745e+01
-1.597153086337339118e+02 1.929949011208199749e+01
-1.598474392557338888e+02 1.928613430708199417e+01
-1.599795697427338723e+02 1.927277794408200862e+01
-1.601117000907339047e+02 1.925942102008198731e+01
-1.602438302957339147e+02 1.924606353308200823e+01
-1.603759603557339233e+02 1.923270548008198944e+01
-1.605080902647338803e+02 1.921934685808199106e+01
-1.606402200217339100e+02 1.920598766508200583e+01
-1.607723496217338948e+02 1.919262789808200864e+01
-1.609044790617339231e+02 1.917926755408200279e+01
-1.610366083397339025e+02 1.916590663208199885e+01
-1.611687374527339216e+02 1.915254512708199286e+01
-1.613008663987338878e+02 1.913918303808199539e+01
-1.614329951767339253e+02 1.912582036108199190e+01
-1.615651237847338848e+02 1.911245709408200355e+01
-1.616972522217338906e+02 1.909909323408200521e+01
-1.618293804907339108e+02 1.908572877708201077e+01
-1.619615085907338994e+02 1.907236372008199510e+01
-1.620936365247338813e+02 1.905899806008198993e+01
-1.622257642987339068e+02 1.904563179408199858e+01
-1.623578919157338873e+02 1.903226491808200649e+01
-1.624900193847338983e+02 1.901889742808199912e+01
-1.626221467147339013e+02 1.900552932108200821e+01
-1.627542286897339068e+02 1.899216516708199265e+01
-1.628863517117338802e+02 1.897879622308198577e+01
-1.630184743767338773e+02 1.896542667308199270e+01
-1.631505964327338916e+02 1.895205654108198701e+01
-1.632827179677339018e+02 1.893868581408199248e+01
-1.634148389617338921e+02 1.892531449208200911e+01
-1.635469593957338930e+02 1.891194257308200122e+01
-1.636790792477339096e+02 1.889857005608200780e+01
-1.638111984997339050e+02 1.888519694008201100e+01
-1.639433171327339096e+02 1.887182322408199298e+01
-1.640754351287338864e+02 1.885844890608200330e+01
-1.642075524707339014e+02 1.884507398508199572e+01
-1.643396691447338753e+02 1.883169845908199136e+01
-1.644717851377338889e+02 1.881832232608201139e+01
-1.646039004427339023e+02 1.880494558408199168e+01
-1.647360150547339117e+02 1.879156823108201024e+01
-1.648681289767338853e+02 1.877819026208200626e+01
-1.650002422177338985e+02 1.876481167308199360e+01
-1.651323548007338786e+02 1.875143245908199674e+01
-1.652644667557339062e+02 1.873805261408199385e+01
-1.653965781327339073e+02 1.872467212908199485e+01
-1.655286890007338911e+02 1.871129099408199181e+01
-1.656607994527338974e+02 1.869790919608200852e+01
-1.657929096147339010e+02 1.868452672008200466e+01
-1.659250196487338940e+02 1.867114354508200336e+01
-1.660571297617339042e+02 1.865775964808199205e+01
-1.661892402117338747e+02 1.864437499808198595e+01
-1.663213513127338956e+02 1.863098956008198570e+01
-1.664534634237339219e+02 1.861760329508200584e+01
-1.665855769257339034e+02 1.860421616208199680e+01
-1.667176921267338798e+02 1.859082812408200880e+01
-1.668498589557339074e+02 1.857743411908199960e+01
-1.669820005587338869e+02 1.856404193108198797e+01
-1.671141546637339275e+02 1.855064773408199130e+01
-1.672463251437338840e+02 1.853725113208199105e+01
-1.673785149267338852e+02 1.852385182308199774e+01
-1.675107210047339095e+02 1.851045010908200084e+01
-1.676429158347339126e+02 1.849704877808198944e+01
-1.677747910947339278e+02 1.848367908708200957e+01
-1.679076401177338767e+02 1.847020990508198679e+01
-1.680397942517338947e+02 1.845681040808199214e+01
-1.681719484867339247e+02 1.844341012908199673e+01
-1.683041028207338741e+02 1.843000906708201114e+01
-1.684362572547339028e+02 1.841660721708200299e+01
-1.685684117857338720e+02 1.840320457508198615e+01
-1.687005664117339165e+02 1.838980113908201020e+01
-1.688327211337339122e+02 1.837639690508200374e+01
-1.689648760377339158e+02 1.836299186108200843e+01
-1.690970309027338772e+02 1.834958602408198658e+01
-1.692291858727339218e+02 1.833617937808199372e+01
-1.693613409437339214e+02 1.832277191708200803e+01
-1.694934961107338722e+02 1.830936364108200110e+01
-1.696256513677338944e+02 1.829595454408200794e+01
-1.697577796927338909e+02 1.828254736608201370e+01
-1.698898985567338968e+02 1.826914033008199567e+01
-1.700220173347339028e+02 1.825573248108199209e+01
-1.701541360257339193e+02 1.824232381508198841e+01
-1.702862546297338895e+02 1.822891433008200579e+01
-1.704183731477339165e+02 1.821550402008199399e+01
-1.705504915787338973e+02 1.820209288208201315e+01
-1.706826099217338992e+02 1.818868091208199189e+01
-1.708147281777339117e+02 1.817526810608200094e+01
-1.709468463467338779e+02 1.816185446108198676e+01
-1.710780104557338746e+02 1.814853683608200186e+01
-1.712102091267339006e+02 1.813511331308200170e+01
-1.713422217807338939e+02 1.812170781908199046e+01
-1.714742722977338758e+02 1.810829761608201238e+01
-1.716063622347339219e+02 1.809488254308200794e+01
-1.717384489307339095e+02 1.808146692608198691e+01
-1.718705989757339125e+02 1.806804399908199343e+01
-1.720027546757339110e+02 1.805461961608199317e+01
-1.721349144737338861e+02 1.804119393108200597e+01
-1.722670768107338972e+02 1.802776709908201269e+01
-1.723992404247338754e+02 1.801433924408200937e+01
-1.725314043647338735e+02 1.800091045808198942e+01
-1.726635679377338874e+02 1.798748080708199382e+01
-1.727957306577338841e+02 1.797405033608200142e+01
-1.729278921867339136e+02 1.796061907608199704e+01
-1.730600523017338901e+02 1.794718704508198925e+01
-1.731922108597339047e+02 1.793375425308198601e+01
-1.733243677807338941e+02 1.792032070408200184e+01
-1.734565230237338938e+02 1.790688639908199775e+01
-1.735886764877338919e+02 1.789345134208198829e+01
-1.737208284167339229e+02 1.788001550508201376e+01
-1.738529786907338917e+02 1.786657889508200014e+01
-1.739851273567339263e+02 1.785314150408200362e+01
-1.741172744667338748e+02 1.783970332208198784e+01
-1.742494576027339122e+02 1.782626052108199133e+01
-1.743815956717339191e+02 1.781282134508199988e+01
-1.745137332547338929e+02 1.779938125608200039e+01
-1.746458702777338772e+02 1.778594025608200013e+01
-1.747780066877339209e+02 1.777249834608198853e+01
-1.749101424437338892e+02 1.775905552608199400e+01
-1.750422775217339222e+02 1.774561179408200928e+01
-1.751744119017338903e+02 1.773216714708200925e+01
-1.753065455757338782e+02 1.771872158008198994e+01
-1.754386785387338819e+02 1.770527509108200093e+01
-1.755708107927338801e+02 1.769182767408199197e+01
-1.757029423397339087e+02 1.767837932308199811e+01
-1.758350731897339188e+02 1.766493003408200479e+01
-1.759672033507338824e+02 1.765147980008200079e+01
-1.760993328337339108e+02 1.763802861608201056e+01
-1.762314616507338769e+02 1.762457647408200501e+01
-1.763635898157339170e+02 1.761112337008199802e+01
-1.764957173417338936e+02 1.759766929708200678e+01
-1.766278442427338859e+02 1.758421424808199163e+01
-1.767599705337339060e+02 1.757075821708198760e+01
-1.768920962277338731e+02 1.755730119708201187e+01
-1.770242213387339234e+02 1.754384318208198579e+01
-1.771563459807338745e+02 1.753038415508200387e+01
-1.772884698977338758e+02 1.751692413708198615e+01
-1.774205933207338717e+02 1.750346310008200135e+01
-1.775527162367338860e+02 1.749000103808199924e+01
-1.776848386357339109e+02 1.747653795008199040e+01
-1.778169605097339172e+02 1.746307382808200259e+01
-1.779490818527339115e+02 1.744960867008200012e+01
-1.780812028807338834e+02 1.743614244708200545e+01
-1.782133233427338723e+02 1.742267518108201330e+01
-1.783454433467338731e+02 1.740920685308199722e+01
-1.784775629037338831e+02 1.739573745808201011e+01
-1.786096820247338997e+02 1.738226699008200171e+01
-1.787418007177338950e+02 1.736879544108199980e+01
-1.788739189917338877e+02 1.735532280508201097e+01
-1.790060368567338855e+02 1.734184907608201343e+01
-1.791381543217339072e+02 1.732837424708199592e+01
-1.792702713927338891e+02 1.731489831108200406e+01
-1.794023880797338961e+02 1.730142126208198761e+01
-1.795345043887339216e+02 1.728794309408201002e+01
-1.796666203277338809e+02 1.727446380008200322e+01
-1.797987359027338812e+02 1.726098337308201280e+01
-1.799308511217338946e+02 1.724750180708198855e+01
-1.800629659897339252e+02 1.723401909508200447e+01
-1.801950805117339200e+02 1.722053523108201034e+01
-1.803271946957339082e+02 1.720705020708200550e+01
-1.804593085467338938e+02 1.719356401808198598e+01
-1.805914220697338806e+02 1.718007665708199738e+01
-1.807235352697338726e+02 1.716658811608201063e+01
-1.808556481517338739e+02 1.715309838908200391e+01
-1.809877607207338883e+02 1.713960747008201224e+01
-1.811198729797338842e+02 1.712611535208199598e+01
-1.812519849337339224e+02 1.711262202708201130e+01
-1.813840965877338931e+02 1.709912749008199739e+01
-1.815162079447338783e+02 1.708563173308201044e+01
-1.816483190087338926e+02 1.707213474908201079e+01
-1.817804297827339042e+02 1.705863653108198719e+01
-1.819125402707339276e+02 1.704513707308200310e+01
-1.820446504767339206e+02 1.703163636808199044e+01
-1.821767604017338726e+02 1.701813440808200539e+01
-1.823088700517338907e+02 1.700463118608200830e+01
-1.824409794267339180e+02 1.699112669608200576e+01
-1.825730885307339122e+02 1.697762092908200771e+01
-1.827051973677338879e+02 1.696411388008201016e+01
-1.828373059377339018e+02 1.695060554108201245e+01
-1.829694142457339012e+02 1.693709590408201393e+01
-1.831015222927338755e+02 1.692358496208200336e+01
-1.832336300807339171e+02 1.691007270708200849e+01
-1.833657376137339270e+02 1.689655913308200752e+01
-1.834978448917339051e+02 1.688304423208199978e+01
-1.836299519177338766e+02 1.686952799708200246e+01
-1.837620586947339234e+02 1.685601041908199704e+01
-1.838941652227338750e+02 1.684249149108200072e+01
-1.840262713627338940e+02 1.682897122008199631e+01
-1.841583773827338746e+02 1.681544957108201288e+01
-1.842905270577339252e+02 1.680192205608199174e+01
-1.844226345477338782e+02 1.678839745308201259e+01
-1.845547418347338748e+02 1.677487145708198568e+01
-1.846868489227338728e+02 1.676134406108201347e+01
-1.848189558097338931e+02 1.674781525608199217e+01
-1.849510624997338937e+02 1.673428503408200640e+01
-1.850831689917338849e+02 1.672075338808198808e+01
-1.852152752867339132e+02 1.670722030908200395e+01
-1.853473813847339215e+02 1.669368578908199652e+01
-1.854794872887338784e+02 1.668014982008199354e+01
-1.856115929977339079e+02 1.666661239308200493e+01
-1.857436985127338858e+02 1.665307350008200160e+01
-1.858758038347339152e+02 1.663953313308201132e+01
-1.860079089637338825e+02 1.662599128208199772e+01
-1.861400138997339013e+02 1.661244794008200643e+01
-1.862721186447338937e+02 1.659890309708200107e+01
-1.864042231987339164e+02 1.658535674508200941e+01
-1.865363275607339233e+02 1.657180887508201295e+01
-1.866684317327338931e+02 1.655825947908201101e+01
-1.868005357147338827e+02 1.654470854608200625e+01
-1.869326395067338922e+02 1.653115606908198743e+01
-1.870647431087339214e+02 1.651760203708198560e+01
-1.871968465217339030e+02 1.650404644208200011e+01
-1.873289064957339178e+02 1.649049371408199249e+01
-1.874610111747339261e+02 1.647693479608199141e+01
-1.875931156047338959e+02 1.646337429408200137e+01
-1.877252197887339094e+02 1.644981219608200718e+01
-1.878573237277338990e+02 1.643624849408200816e+01
-1.879894274247338899e+02 1.642268317608198913e+01
-1.881215308807339284e+02 1.640911623408200626e+01
-1.882536340987339258e+02 1.639554765808199477e+01
-1.883857370807339180e+02 1.638197743608199630e+01
-1.885178398277338943e+02 1.636840555908199235e+01
-1.886499423407339009e+02 1.635483201608198556e+01
-1.887820446237338956e+02 1.634125679808198583e+01
-1.889141466757338890e+02 1.632767989308200640e+01
-1.890462484997339061e+02 1.631410129108201090e+01
-1.891783500967338796e+02 1.630052098108200198e+01
-1.893104514677339125e+02 1.628693895208201070e+01
-1.894425526147339269e+02 1.627335519408200071e+01
-1.895746535377339228e+02 1.625976969608200307e+01
-1.897067542397339253e+02 1.624618244608200257e+01
-1.898388547207338775e+02 1.623259343308200187e+01
-1.899709549817338825e+02 1.621900264608200359e+01
-1.901030550247339193e+02 1.620541007408201040e+01
-1.902351548497338740e+02 1.619181570408198922e+01
-1.903672544577339067e+02 1.617821952708200683e+01
-1.904993538497338932e+02 1.616462152808199448e+01
-1.906314530267338796e+02 1.615102169808199051e+01
-1.907635519897339123e+02 1.613742002408199028e+01
-1.908956507387338775e+02 1.612381649308198917e+01
-1.910277492747338783e+02 1.611021109408198981e+01
-1.911598475977339149e+02 1.609660381408198759e+01
-1.912919457107338985e+02 1.608299464208201357e+01
-1.914240436117339073e+02 1.606938356308199900e+01
-1.915561413017338737e+02 1.605577056608200337e+01
-1.916882387817339009e+02 1.604215563908201148e+01
-1.918203360527339214e+02 1.602853876708201142e+01
-1.919524331137338891e+02 1.601491993708199857e+01
-1.920845299657339069e+02 1.600129913808200399e+01
-1.922166266087339181e+02 1.598767635508198737e+01
-1.923487230437339122e+02 1.597405157508200091e+01
-1.924808192707338890e+02 1.596042478408199372e+01
-1.926129152897339054e+02 1.594679596808200017e+01
-1.927450110997339152e+02 1.593316511408198721e+01
-1.928771067027338972e+02 1.591953220808198921e+01
-1.930092020967338726e+02 1.590589723508199427e+01
-1.931412972837338771e+02 1.589226018108200833e+01
-1.932733922627339211e+02 1.587862103108199108e+01
-1.934054870317339123e+02 1.586497977208199472e+01
-1.935375815937338757e+02 1.585133638708200010e+01
-1.936696759467338893e+02 1.583769086308200258e+01
-1.938017700917338857e+02 1.582404318308201141e+01
-1.939338640267338860e+02 1.581039333308200412e+01
-1.940659577527338797e+02 1.579674129708200780e+01
-1.941980512687338774e+02 1.578308706008201057e+01
-1.943301445747338789e+02 1.576943060508199324e+01
-1.944622376687339056e+02 1.575577191708200075e+01
-1.945943305517338899e+02 1.574211098008200338e+01
-1.947264232217339099e+02 1.572844777708201036e+01
-1.948585156797338982e+02 1.571478229108200253e+01
-1.949906079227338864e+02 1.570111450708199641e+01
-1.951226999517339209e+02 1.568744440608199398e+01
-1.952547917647339091e+02 1.567377197208199391e+01
-1.953868833607339184e+02 1.566009718808200546e+01
-1.955189747387339025e+02 1.564642003608199161e+01
-1.956510658977338721e+02 1.563274049808200061e+01
-1.957831568367338946e+02 1.561905855708201329e+01
-1.959152475547339236e+02 1.560537419408200321e+01
-1.960473380487338773e+02 1.559168739008200077e+01
-1.961794283187339261e+02 1.557799812808198681e+01
-1.963115183627339206e+02 1.556430638908199171e+01
-1.964436081797339284e+02 1.555061215308199962e+01
-1.965756977667339243e+02 1.553691540108201252e+01
-1.967077871227339187e+02 1.552321611408200397e+01
-1.968398762447338868e+02 1.550951427208198652e+01
-1.969719651327338852e+02 1.549580985508200115e+01
-1.971040537827338994e+02 1.548210284308200357e+01
-1.972361421937338832e+02 1.546839321508198850e+01
-1.973682303627339252e+02 1.545468095108199691e+01
-1.975003182877338759e+02 1.544096602908200566e+01
-1.976324059667339270e+02 1.542724842908199889e+01
-1.977644933957338935e+02 1.541352812808199246e+01
-1.978965805727339102e+02 1.539980510608199893e+01
-1.980286674947338952e+02 1.538607933908198788e+01
-1.981607541597339264e+02 1.537235080608201088e+01
-1.982928405627338861e+02 1.535861948408199851e+01
-1.984249267027338988e+02 1.534488535008199506e+01
-1.985570125757338928e+02 1.533114838108198796e+01
-1.986890981777339107e+02 1.531740855208198582e+01
-1.988211835057339272e+02 1.530366584108199390e+01
-1.989532685557339278e+02 1.528992022208200297e+01
-1.990853533257338768e+02 1.527617167208200044e+01
-1.992174378097338945e+02 1.526242016608199492e+01
-1.993495220037339095e+02 1.524866567808200557e+01
-1.994816059057338862e+02 1.523490818208199471e+01
-1.996136895097338879e+02 1.522114765308199935e+01
-1.997457728127338896e+02 1.520738406508201024e+01
-1.998778558097338873e+02 1.519361739008201084e+01
-2.000099384957338771e+02 1.517984760308200975e+01
-2.001420208677338906e+02 1.516607467408201160e+01
-2.002741029187338881e+02 1.515229857708200711e+01
-2.004061846457339016e+02 1.513851928308199035e+01
-2.005382660437339268e+02 1.512473676408200163e+01
-2.006703471067339137e+02 1.511095099008198872e+01
-2.008024278297339151e+02 1.509716193208200252e+01
-2.009345082077339271e+02 1.508336956008199081e+01
-2.010665882367338781e+02 1.506957384408198664e+01
-2.011986679087339098e+02 1.505577475308200519e+01
-2.013307472207338833e+02 1.504197225508198699e+01
-2.014628261657338726e+02 1.502816631808198622e+01
-2.015949047387338737e+02 1.501435691108198967e+01
-2.017269829337338933e+02 1.500054400008198741e+01
-2.018590607447338812e+02 1.498672755208198737e+01
-2.019911381667338901e+02 1.497290753308200806e+01
-2.021232151917338911e+02 1.495908390908201113e+01
-2.022552918157339263e+02 1.494525664508199725e+01
-2.023873680317338994e+02 1.493142570508200606e+01
-2.025194438327338844e+02 1.491759105308199196e+01
-2.026515192137338772e+02 1.490375265208200517e+01
-2.027835941687338845e+02 1.488991046608200008e+01
-2.029156686897338773e+02 1.487606445608199124e+01
-2.030477427717339083e+02 1.486221458308199317e+01
-2.031798164077338811e+02 1.484836080908200984e+01
-2.033118895907339265e+02 1.483450309308199166e+01
-2.034439623147338807e+02 1.482064139508199219e+01
-2.035760345717338851e+02 1.480677567308200082e+01
-2.037081063567338788e+02 1.479290588608199641e+01
-2.038401355517339084e+02 1.477903641508200394e+01
-2.039722092877339037e+02 1.476515806208200843e+01
-2.041042824217338989e+02 1.475127552508200779e+01
-2.042363549447338755e+02 1.473738875808200532e+01
-2.043684268487339182e+02 1.472349771508200433e+01
-2.045004981237339052e+02 1.470960235108199754e+01
-2.046325687617339213e+02 1.469570261708199155e+01
-2.047646387547338804e+02 1.468179846508201081e+01
-2.048967080957339135e+02 1.466788984608200508e+01
-2.050287767767338778e+02 1.465397671008199154e+01
-2.051608447897339147e+02 1.464005900508200853e+01
-2.052929121267338815e+02 1.462613668008199852e+01
-2.054249787817338984e+02 1.461220968008200316e+01
-2.055570447467338795e+02 1.459827795208198609e+01
-2.056891101347338804e+02 1.458434142808201273e+01
-2.058211746727338891e+02 1.457040007908199186e+01
-2.059532385027338819e+02 1.455645383108199553e+01
-2.060853016187339222e+02 1.454250262708200125e+01
-2.062173640127339240e+02 1.452854640708198986e+01
-2.063494256747338795e+02 1.451458510808200231e+01
-2.064814865987339090e+02 1.450061867008199101e+01
-2.066135467747338907e+02 1.448664702808198967e+01
-2.067456061967338883e+02 1.447267011808199300e+01
-2.068776648537339042e+02 1.445868787308199899e+01
-2.070097227367339201e+02 1.444470022608200566e+01
-2.071417798377339068e+02 1.443070710808200374e+01
-2.072738361467339132e+02 1.441670844808200513e+01
-2.074058916517338957e+02 1.440270417508199330e+01
-2.075379463447338821e+02 1.438869421508201185e+01
-2.076700002127338962e+02 1.437467849208201187e+01
-2.078020532437338943e+02 1.436065693108199071e+01
-2.079341054247339002e+02 1.434662945408200585e+01
-2.080661567417338915e+02 1.433259597908198657e+01
-2.081982071827338814e+02 1.431855642608201151e+01
-2.083302566407339214e+02 1.430451072008199276e+01
-2.084623053477338885e+02 1.429045874908200631e+01
-2.085943530807339243e+02 1.427640044908199002e+01
-2.087263998507339124e+02 1.426233572608200006e+01
-2.088584904047339137e+02 1.424825971808201075e+01
-2.089905384157339086e+02 1.423418152808199011e+01
-2.091225855417338835e+02 1.422009661908199973e+01
-2.092546319507338808e+02 1.420600487408199797e+01
-2.093866775747338806e+02 1.419190619708200529e+01
-2.095187224067339002e+02 1.417780048308199525e+01
-2.096507664427339250e+02 1.416368762408200155e+01
-2.097828096717339008e+02 1.414956751108201161e+01
-2.099148520907339162e+02 1.413544002908199104e+01
-2.100468936927338746e+02 1.412130506408200858e+01
-2.101789344717338963e+02 1.410716249608199746e+01
-2.103109744197338955e+02 1.409301220208200789e+01
-2.104430135317339250e+02 1.407885405708199755e+01
-2.105750518017338777e+02 1.406468793308201271e+01
-2.107070892237338740e+02 1.405051369508200310e+01
-2.108391257937338992e+02 1.403633120808200374e+01
-2.109711615077338820e+02 1.402214033208198884e+01
-2.111031963607338753e+02 1.400794092208201391e+01
-2.112352303527338790e+02 1.399373282808198837e+01
-2.113672634817339144e+02 1.397951589908200276e+01
-2.114992956017338770e+02 1.396528999208200617e+01
-2.116313269637338976e+02 1.395105491708198997e+01
-2.117633574597339248e+02 1.393681051908200175e+01
-2.118953870957338950e+02 1.392255662408200578e+01
-2.120274158807338836e+02 1.390829305308199082e+01
-2.121594438277339236e+02 1.389401962308198790e+01
-2.122914709527339028e+02 1.387973614108199172e+01
-2.124234520387338989e+02 1.386544731008200415e+01
-2.125554711587338943e+02 1.385114382708201219e+01
-2.126874887657339173e+02 1.383682976508200113e+01
-2.128195048137338858e+02 1.382250491208199605e+01
-2.129515192547339097e+02 1.380816905108198966e+01
-2.130835320397338819e+02 1.379382196008199912e+01
-2.132155431167338975e+02 1.377946340508199796e+01
-2.133475524357339168e+02 1.376509314508200532e+01
-2.134795599437338751e+02 1.375071093208200068e+01
-2.136115655907339033e+02 1.373631650708199459e+01
-2.137435693237338796e+02 1.372190960208200750e+01
-2.138755710957339033e+02 1.370748993808200566e+01
-2.140075708617338819e+02 1.369305722608200426e+01
-2.141395685847339223e+02 1.367861116208200656e+01
-2.142715642347338871e+02 1.366415143308199731e+01
-2.144035577957338887e+02 1.364967771008198838e+01
-2.145355492717338848e+02 1.363518964908200815e+01
-2.146675386887338846e+02 1.362068688808199113e+01
-2.147995261117338828e+02 1.360616904708200536e+01
-2.149315116527338887e+02 1.359163572608198933e+01
-2.150634954917338746e+02 1.357708649808199652e+01
-2.151954778977338947e+02 1.356252091208199317e+01
-2.153274592697338790e+02 1.354793848008199575e+01
-2.154594401767338923e+02 1.353333867708198568e+01
-2.155914214337338990e+02 1.351872092808199000e+01
-2.157234041947339165e+02 1.350408459808198813e+01
-2.158553900947338775e+02 1.348942897208200975e+01
-2.159873814537339172e+02 1.347475323408198733e+01
-2.161193816617338825e+02 1.346005641708200073e+01
-2.162513952537339037e+02 1.344533739508199233e+01
-2.163834292847338929e+02 1.343059472508198837e+01
-2.165154932597338870e+02 1.341582665108199990e+01
-2.166475909097338786e+02 1.340103201908200958e+01
-2.167795655117338924e+02 1.338622764408199828e+01
-2.169115338337339267e+02 1.337139966008200531e+01
-2.170434938547339243e+02 1.335654745008199029e+01
-2.171754717457338870e+02 1.334166716508198647e+01
-2.173074723337339265e+02 1.332675729508198970e+01
-2.174395279347339169e+02 1.331181315108199215e+01
-2.175713247977338938e+02 1.329686922508199132e+01
-2.177032710857338884e+02 1.328187812708199544e+01
-2.178352163907338763e+02 1.326685566608199451e+01
-2.179671579697338757e+02 1.325180084508198775e+01
-2.180990955767338733e+02 1.323671228908199282e+01
-2.182310291957339246e+02 1.322158849408199899e+01
-2.183629585567338722e+02 1.320642787208200275e+01
-2.184948834507338802e+02 1.319122869908198936e+01
-2.186268036537338730e+02 1.317598911608200751e+01
-2.187587189217338732e+02 1.316070710708200409e+01
-2.188906289887339085e+02 1.314538048308199336e+01
-2.190225335637338731e+02 1.313000686208201273e+01
-2.191544323267339109e+02 1.311458363908201363e+01
-2.192863249287339045e+02 1.309910796208200168e+01
-2.194182109767339171e+02 1.308357669408201218e+01
-2.195500900427339275e+02 1.306798637108198591e+01
-2.196819616457339066e+02 1.305233315708198916e+01
-2.198138251807338861e+02 1.303661278608200291e+01
-2.199456802167338765e+02 1.302082045908198893e+01
-2.200775259427339279e+02 1.300495081708200473e+01
-2.202093615877338948e+02 1.298899778008200201e+01
-2.203411862637339027e+02 1.297295442808200505e+01
-2.202088594077338826e+02 1.298412204408199955e+01
-2.200765401427339043e+02 1.299538032008200616e+01
-2.199442280077338978e+02 1.300672229508199962e+01
-2.198119225227338802e+02 1.301814185908199306e+01
-2.196796233847338726e+02 1.302963360108199709e+01
-2.195473300387338895e+02 1.304119273408198865e+01
-2.194150422087338939e+02 1.305281495908201350e+01
-2.192827595827338882e+02 1.306449642208198725e+01
-2.191504818727339057e+02 1.307623364508199870e+01
-2.190182088237339144e+02 1.308802347708200386e+01
-2.188859401967338840e+02 1.309986305208198587e+01
-2.187536757747338925e+02 1.311174975908198803e+01
-2.186214153557339159e+02 1.312368120308198627e+01
-2.184891587547339213e+02 1.313565518908200147e+01
-2.183569057987339193e+02 1.314766969308200828e+01
-2.182246563307339215e+02 1.315972284708200846e+01
-2.180924101987338872e+02 1.317181292408199056e+01
-2.179601672667338903e+02 1.318393832108199604e+01
-2.178279274047338845e+02 1.319609754608200092e+01
-2.176956904917338989e+02 1.320828921208200768e+01
-2.175634590107338795e+02 1.322051178108199565e+01
-2.174313834327339237e+02 1.323275007108199475e+01
-2.172990545057339205e+02 1.324504089308200605e+01
-2.171667864237339245e+02 1.325735405508200415e+01
-2.170345465937339213e+02 1.326969155408198731e+01
-2.169023299817338852e+02 1.328205289508198916e+01
-2.167701101807339228e+02 1.329443964608199735e+01
-2.166378890467339033e+02 1.330685079008199523e+01
-2.165055494337339042e+02 1.331929655608200846e+01
-2.163732482017338725e+02 1.333176145908200283e+01
-2.162409814657339098e+02 1.334424512808200802e+01
-2.161087395587338733e+02 1.335674778108199234e+01
-2.159765152827338852e+02 1.336926944408199347e+01
-2.158443039667338894e+02 1.338180993908198957e+01
-2.157121020947338934e+02 1.339436901208199515e+01
-2.155799072297339194e+02 1.340694633508201150e+01
-2.154477176257339011e+02 1.341954154208198702e+01
-2.153155320217338726e+02 1.343215424708199635e+01
-2.151833495057338723e+02 1.344478405308200308e+01
-2.150511694097339159e+02 1.345743056208200983e+01
-2.149189912467339241e+02 1.347009337908198745e+01
-2.147868146597339205e+02 1.348277211408199605e+01
-2.146546393857339012e+02 1.349546638908199725e+01
-2.145224652337338966e+02 1.350817583308199232e+01
-2.143902920637339093e+02 1.352090008808198718e+01
-2.142581197757339169e+02 1.353363880508200623e+01
-2.141259482947339166e+02 1.354639164808199325e+01
-2.139937775697338793e+02 1.355915829208200307e+01
-2.138616075667338805e+02 1.357193842408199203e+01
-2.137294382597339109e+02 1.358473173808201295e+01
-2.135972696347338911e+02 1.359753794408200633e+01
-2.134651016797338912e+02 1.361035675808199130e+01
-2.133329343927338755e+02 1.362318790608199492e+01
-2.132007677687338969e+02 1.363603112708199205e+01
-2.130686018107339237e+02 1.364888616408200051e+01
-2.129364365177339096e+02 1.366175277208199645e+01
-2.128042718917338902e+02 1.367463071408201358e+01
-2.126721079367338803e+02 1.368751975908199370e+01
-2.125399446557339047e+02 1.370041968508201080e+01
-2.124077820507338856e+02 1.371333027808199745e+01
-2.122756596677339189e+02 1.372624746108201066e+01
-2.121434933027338730e+02 1.373917926708199388e+01
-2.120113281827339051e+02 1.375212108008199152e+01
-2.118791642517339255e+02 1.376507271808199562e+01
-2.117470014597338945e+02 1.377803400108200549e+01
-2.116148397627338795e+02 1.379100475608200327e+01
-2.114826791177338805e+02 1.380398481608199290e+01
-2.113505196007338895e+02 1.381697400508198825e+01
-2.112183609257339185e+02 1.382997219008200318e+01
-2.110862032067338987e+02 1.384297920108198809e+01
-2.109540464147339094e+02 1.385599488808199453e+01
-2.108218905207339162e+02 1.386901910508200331e+01
-2.106897354987339099e+02 1.388205171008200978e+01
-2.105575813227338813e+02 1.389509256508199542e+01
-2.104254279717338818e+02 1.390814153508199524e+01
-2.102932754237339168e+02 1.392119849008199139e+01
-2.101611236567338779e+02 1.393426330108201228e+01
-2.100289726527338985e+02 1.394733584408200500e+01
-2.098968223917339060e+02 1.396041599808199862e+01
-2.097646728557339202e+02 1.397350364608200834e+01
-2.096325240297338723e+02 1.398659867208201035e+01
-2.095003758927339277e+02 1.399970096508201323e+01
-2.093682284327338721e+02 1.401281041508198655e+01
-2.092360816317338958e+02 1.402592691608199971e+01
-2.091039354767339091e+02 1.403905036308199783e+01
-2.089717900117339013e+02 1.405218064908200404e+01
-2.088396450507339068e+02 1.406531769308199387e+01
-2.087074588857338995e+02 1.407846554608198630e+01
-2.085753178847339200e+02 1.409161552208200874e+01
-2.084431772497338784e+02 1.410477198108199559e+01
-2.083110369527339003e+02 1.411793483608198585e+01
-2.081788971977338747e+02 1.413110397708200594e+01
-2.080467577347338874e+02 1.414427934108201157e+01
-2.079146186527339069e+02 1.415746083608200934e+01
-2.077824799467338721e+02 1.417064837708198866e+01
-2.076503416167338969e+02 1.418384188508198918e+01
-2.075182036567338741e+02 1.419704127908198643e+01
-2.073860660637338924e+02 1.421024648208199892e+01
-2.072539288337338803e+02 1.422345741808200614e+01
-2.071217919627338802e+02 1.423667401408201272e+01
-2.069896554457338880e+02 1.424989619608200542e+01
-2.068575192777338998e+02 1.426312389408198555e+01
-2.067253834537339117e+02 1.427635703908200071e+01
-2.065932479697339090e+02 1.428959556208201320e+01
-2.064611128197338985e+02 1.430283939708201046e+01
-2.063289779987338761e+02 1.431608847808200835e+01
-2.061968435027338842e+02 1.432934274208199099e+01
-2.060647093267339187e+02 1.434260212608199936e+01
-2.059325754657339189e+02 1.435586656908199643e+01
-2.058004419147338808e+02 1.436913601008200203e+01
-2.056683086717338824e+02 1.438241039008198641e+01
-2.055361755787338893e+02 1.439568966808201367e+01
-2.054040428987339055e+02 1.440897375808199854e+01
-2.052719105077338781e+02 1.442226261808198728e+01
-2.051397784007339169e+02 1.443555619308199311e+01
-2.050076465747338830e+02 1.444885443008200809e+01
-2.048755150267339218e+02 1.446215727508200644e+01
-2.047433837527339051e+02 1.447546467808200532e+01
-2.046112527507339109e+02 1.448877658708198624e+01
-2.044791220177339142e+02 1.450209295208199478e+01
-2.043469915527339253e+02 1.451541372508199856e+01
-2.042148613537339088e+02 1.452873885708200419e+01
-2.040827314187338857e+02 1.454206830108199711e+01
-2.039506017487339022e+02 1.455540201108200904e+01
-2.038184723417339228e+02 1.456873994008199702e+01
-2.036863883517339104e+02 1.458207748408199222e+01
-2.035542626017339103e+02 1.459542340108200165e+01
-2.034221372177339049e+02 1.460877339408199305e+01
-2.032900121967339260e+02 1.462212742208200211e+01
-2.031578875387339167e+02 1.463548544208200042e+01
-2.030257632407339088e+02 1.464884741208200580e+01
-2.028936393017339128e+02 1.466221329408199381e+01
-2.027615157197338931e+02 1.467558304608201070e+01
-2.026293924937339170e+02 1.468895663108199301e+01
-2.024972696207339027e+02 1.470233400808200486e+01
-2.023651471017338963e+02 1.471571514208199005e+01
-2.022330249327338834e+02 1.472909999308200213e+01
-2.021009031147339101e+02 1.474248852708200275e+01
-2.019687816457338840e+02 1.475588070608199587e+01
-2.018366605217339043e+02 1.476927649508201057e+01
-2.017045397457338822e+02 1.478267586008200851e+01
-2.015724193157338959e+02 1.479607876508200093e+01
-2.014402992287339202e+02 1.480948517808201359e+01
-2.013081794857338878e+02 1.482289506408199031e+01
-2.011760600847338765e+02 1.483630839108201371e+01
-2.010439410247338969e+02 1.484972512708199588e+01
-2.009118223037339135e+02 1.486314524008199101e+01
-2.007797039227339155e+02 1.487656869908198587e+01
-2.006475858797339242e+02 1.488999547208200624e+01
-2.005154681737338933e+02 1.490342552908199991e+01
-2.003833508027339008e+02 1.491685884108198934e+01
-2.002512337677338792e+02 1.493029537808200757e+01
-2.001191170667339065e+02 1.494373511008200239e+01
-1.999870006977338903e+02 1.495717801008200354e+01
-1.998548846617338768e+02 1.497062404908200506e+01
-1.997227689557338977e+02 1.498407319908199042e+01
-1.995906535787339067e+02 1.499752543208199995e+01
-1.994585385317338933e+02 1.501098072308201381e+01
-1.993264238107338997e+02 1.502443904308199762e+01
-1.991943094167339154e+02 1.503790036808200625e+01
-1.990621953467339154e+02 1.505136467008199475e+01
-1.989300816007338994e+02 1.506483192508198954e+01
-1.987979681767338889e+02 1.507830210808199922e+01
-1.986658550737338942e+02 1.509177519308198612e+01
-1.985337422907339260e+02 1.510525115608200508e+01
-1.984016298247339023e+02 1.511872997408198671e+01
-1.982695176757338800e+02 1.513221162108200701e+01
-1.981374058417338802e+02 1.514569607608200386e+01
-1.980052943207339240e+02 1.515918331408198583e+01
-1.978731831107339190e+02 1.517267331308198663e+01
-1.977410722117339219e+02 1.518616605008199372e+01
-1.976089616207339077e+02 1.519966150408200178e+01
-1.974768513357338975e+02 1.521315965208199827e+01
-1.973447413557339019e+02 1.522666047308200632e+01
-1.972126316777338957e+02 1.524016394408201336e+01
-1.970805223017338790e+02 1.525367004708201080e+01
-1.969484132237338940e+02 1.526717875908198607e+01
-1.968163044427338946e+02 1.528069006008200859e+01
-1.966841959567339018e+02 1.529420392908198778e+01
-1.965520877627338905e+02 1.530772034808200033e+01
-1.964199798597339282e+02 1.532123929608201252e+01
-1.962878722447338760e+02 1.533476075308200848e+01
-1.961557649167339150e+02 1.534828470108200804e+01
-1.960236578717339171e+02 1.536181112008199534e+01
-1.958915511077339033e+02 1.537533999308200805e+01
-1.957594446237338843e+02 1.538887129908201246e+01
-1.956273384157339024e+02 1.540240502208200724e+01
-1.954952324827339112e+02 1.541594114308199437e+01
-1.953631268217338857e+02 1.542947964308200426e+01
-1.952310214307339038e+02 1.544302050708199658e+01
-1.950989163057338942e+02 1.545656371608200175e+01
-1.949668114457339243e+02 1.547010925308200058e+01
-1.948347068467339227e+02 1.548365710108200233e+01
-1.947026025077339000e+02 1.549720724308198783e+01
-1.945704984257338879e+02 1.551075966408200202e+01
-1.944383945967338718e+02 1.552431434608200789e+01
-1.943062910197339193e+02 1.553787127308200411e+01
-1.941741876917338914e+02 1.555143043008200721e+01
-1.940420846097338767e+02 1.556499180008199801e+01
-1.939099817697339176e+02 1.557855536808199304e+01
-1.937778791717339004e+02 1.559212112008199824e+01
-1.936457768097338885e+02 1.560568903808200503e+01
-1.935136746837338819e+02 1.561925910908200876e+01
-1.933815727897339229e+02 1.563283131708200813e+01
-1.932494711267339085e+02 1.564640564808200907e+01
-1.931173696877339125e+02 1.565998208808198910e+01
-1.929852684727338783e+02 1.567356062108200376e+01
-1.928531674787338943e+02 1.568714123408199157e+01
-1.927210667017338892e+02 1.570072391308198689e+01
-1.925889661397338841e+02 1.571430864308200626e+01
-1.924568657897339108e+02 1.572789541208200603e+01
-1.923247656487338872e+02 1.574148420508200275e+01
-1.921926657137339021e+02 1.575507500808200234e+01
-1.920605659827339196e+02 1.576866781008200746e+01
-1.919284664507338789e+02 1.578226259608200621e+01
-1.917963671157339149e+02 1.579585935408201181e+01
-1.916642679747338889e+02 1.580945807008200177e+01
-1.915321690247338893e+02 1.582305873308200717e+01
-1.914000702627338910e+02 1.583666132808198768e+01
-1.912679716867339152e+02 1.585026584508199221e+01
-1.911358732907339117e+02 1.586387227108198772e+01
-1.910037750747338805e+02 1.587748059308199799e+01
-1.908716770337338744e+02 1.589109079908200783e+01
-1.907395791657339146e+02 1.590470287808199146e+01
-1.906074814667338728e+02 1.591831681808199050e+01
-1.904753839327339051e+02 1.593193260708198977e+01
-1.903432865627339083e+02 1.594555023308200248e+01
-1.902111893527339248e+02 1.595916968508200284e+01
-1.900790922987338831e+02 1.597279095308201136e+01
-1.899469953977338719e+02 1.598641402408199497e+01
-1.898148986467339228e+02 1.600003888708201316e+01
-1.896828020427338970e+02 1.601366553208200116e+01
-1.895507055807339043e+02 1.602729394808199004e+01
-1.894186092597338984e+02 1.604092412308199300e+01
-1.892865130747338753e+02 1.605455604908200939e+01
-1.891544170227339237e+02 1.606818971308200616e+01
-1.890223210997339152e+02 1.608182510508200380e+01
-1.888902253037339278e+02 1.609546221608201222e+01
-1.887581296287339114e+02 1.610910103508200564e+01
-1.886260340737338765e+02 1.612274155208200455e+01
-1.884939386327338866e+02 1.613638375708200101e+01
-1.883618433037339059e+02 1.615002764008198710e+01
-1.882297480817338737e+02 1.616367319108201173e+01
-1.880976529637338786e+02 1.617732040108199953e+01
-1.879655579457339059e+02 1.619096926008199944e+01
-1.878334630237338843e+02 1.620461975808200350e+01
-1.877013681937339129e+02 1.621827188708201106e+01
-1.875692734517339204e+02 1.623192563708198577e+01
-1.874371787927339028e+02 1.624558099808200495e+01
-1.873050842137338918e+02 1.625923796208201111e+01
-1.871730346627339259e+02 1.627289187208199905e+01
-1.870409420007338781e+02 1.628655183108199367e+01
-1.869088494717339017e+02 1.630021335908199376e+01
-1.867767570747338937e+02 1.631387644708200924e+01
-1.866446648057338962e+02 1.632754108608199317e+01
-1.865125726647339093e+02 1.634120726808200175e+01
-1.863804806477339184e+02 1.635487498308199861e+01
-1.862483887527338879e+02 1.636854422308201151e+01
-1.861162969787338852e+02 1.638221498008201138e+01
-1.859842053227338852e+02 1.639588724508200812e+01
-1.858521137827339089e+02 1.640956100908201165e+01
-1.857200223567339208e+02 1.642323626508201073e+01
-1.855879310407339062e+02 1.643691300308199743e+01
-1.854558398347339221e+02 1.645059121608198893e+01
-1.853237487357338864e+02 1.646427089608201300e+01
-1.851916577397338983e+02 1.647795203508201212e+01
-1.850595668467339010e+02 1.649163462508198563e+01
-1.849274760527338799e+02 1.650531865708200030e+01
-1.847953853557339130e+02 1.651900412408198804e+01
-1.846632947527339184e+02 1.653269101908199445e+01
-1.845312042417339171e+02 1.654637933308200104e+01
-1.843991138207338736e+02 1.656006906008198598e+01
-1.842670234857338869e+02 1.657376019108198761e+01
-1.841348912567339084e+02 1.658745707008199588e+01
-1.840028029627338810e+02 1.660115079408200245e+01
-1.838707148327338814e+02 1.661484589108201249e+01
-1.837386265957338765e+02 1.662854238208200286e+01
-1.836065383907338742e+02 1.664224024508200728e+01
-1.834744502147339063e+02 1.665593947308198608e+01
-1.833423620647338907e+02 1.666964005908201329e+01
-1.832102739357338805e+02 1.668334199608199242e+01
-1.830781858257338968e+02 1.669704527808198691e+01
-1.829460977297338786e+02 1.671074989608200667e+01
-1.828140096447339147e+02 1.672445584608200875e+01
-1.826819215667338767e+02 1.673816311908200305e+01
-1.825498334917339207e+02 1.675187170908199619e+01
-1.824177454157339184e+02 1.676558161108201261e+01
-1.822856573347339122e+02 1.677929281708199483e+01
-1.821535692447338874e+02 1.679300532008198843e+01
-1.820214811407338971e+02 1.680671911508198946e+01
-1.818893930187339265e+02 1.682043419508198667e+01
-1.817573048737339150e+02 1.683415055508200453e+01
-1.816252167027338942e+02 1.684786818708201395e+01
-1.814931284987338813e+02 1.686158708508199311e+01
-1.813610402577339187e+02 1.687530724508201274e+01
-1.812289519747338886e+02 1.688902865908198692e+01
-1.810968636457338903e+02 1.690275132208199693e+01
-1.809647752627338946e+02 1.691647522708200313e+01
-1.808326868227338764e+02 1.693020037008199097e+01
-1.807005983187339098e+02 1.694392674408200605e+01
-1.805685097447338876e+02 1.695765434408198757e+01
-1.804364210947338734e+02 1.697138316508198841e+01
-1.803043323627338737e+02 1.698511320008199732e+01
-1.801722435427338951e+02 1.699884444408201034e+01
-1.800401546277338980e+02 1.701257689108200566e+01
-1.799080656097339102e+02 1.702631053808198658e+01
-1.797759764817338919e+02 1.704004537808199871e+01
-1.796438872357339278e+02 1.705378140508199181e+01
-1.795117978657339108e+02 1.706751861608199761e+01
-1.793797083627338793e+02 1.708125700508199429e+01
-1.792476187187339178e+02 1.709499656708200632e+01
-1.791155289237339048e+02 1.710873729608201188e+01
-1.789834389707339142e+02 1.712247918908198585e+01
-1.788513488487338918e+02 1.713622224108200953e+01
-1.787192585497339223e+02 1.714996644708199369e+01
-1.785871680617339052e+02 1.716371180108200178e+01
-1.784550773767339251e+02 1.717745830108199812e+01
-1.783229864817338921e+02 1.719120594108198929e+01
-1.781908953677339014e+02 1.720495471708198920e+01
-1.780588040217339199e+02 1.721870462408199387e+01
-1.779267123327339277e+02 1.723245567008200396e+01
-1.777946205547339105e+02 1.724620782108200956e+01
-1.776625284667338747e+02 1.725996109608200868e+01
-1.775304360757339168e+02 1.727371548908200793e+01
-1.773983433877339166e+02 1.728747099308199608e+01
-1.772662504127338821e+02 1.730122760308199759e+01
-1.771341571617339241e+02 1.731498531108201178e+01
-1.770020634037339278e+02 1.732874413808198710e+01
-1.768699693907338997e+02 1.734250405108198834e+01
-1.767378750117338768e+02 1.735626505708199829e+01
-1.766057802497339253e+02 1.737002715308199186e+01
-1.764736850897339195e+02 1.738379033408199348e+01
-1.763415895177338939e+02 1.739755459808199589e+01
-1.762094935177339039e+02 1.741131994208200240e+01
-1.760773970747338808e+02 1.742508636108200903e+01
-1.759453001757339052e+02 1.743885385208199068e+01
-1.758132028057339085e+02 1.745262241208200749e+01
-1.756811049557338720e+02 1.746639203708198806e+01
-1.755490066117338870e+02 1.748016272408199256e+01
-1.754169077687338927e+02 1.749393446808198860e+01
-1.752848084197339062e+02 1.750770726508199004e+01
-1.751527085627338920e+02 1.752148111108201078e+01
-1.750206082007338750e+02 1.753525600108199001e+01
-1.748885073437339202e+02 1.754903192808200174e+01
-1.747564060077339150e+02 1.756280888708201360e+01
-1.746243042187339256e+02 1.757658687108198592e+01
-1.744922020137339018e+02 1.759036587008199604e+01
-1.743600994457339084e+02 1.760414587508199702e+01
-1.742279965887339017e+02 1.761792687308201266e+01
-1.740958488727338818e+02 1.763171351008199395e+01
-1.739637373667338807e+02 1.764549732308199737e+01
-1.738316244987339019e+02 1.765928222908200951e+01
-1.736995102167339269e+02 1.767306822808200195e+01
-1.735673944707339160e+02 1.768685532008200312e+01
-1.734352773827338865e+02 1.770064348908201168e+01
-1.733031587047339031e+02 1.771443275608200452e+01
-1.731710385397338996e+02 1.772822310608199814e+01
-1.730389169247338828e+02 1.774201453108199189e+01
-1.729067939417338948e+02 1.775580701908199899e+01
-1.727746697307338763e+02 1.776960054908198572e+01
-1.726425445157339027e+02 1.778339509508199967e+01
-1.725104186317338986e+02 1.779719061708200911e+01
-1.723782925657338865e+02 1.781098706108198826e+01
-1.722461670077339022e+02 1.782478434908199461e+01
-1.721140429087338930e+02 1.783858237908199840e+01
-1.719819215287338920e+02 1.785238101508198838e+01
-1.718498044267338969e+02 1.786618009008199692e+01
-1.717176931587338800e+02 1.787997943608201012e+01
-1.715856453987339023e+02 1.789377302608198761e+01
-1.714535945757339164e+02 1.790756780808200688e+01
-1.713215833397338770e+02 1.792135932208199733e+01
-1.711896101297339214e+02 1.793514772808200064e+01
-1.710574511337338777e+02 1.794895640508198653e+01
-1.709263265637338804e+02 1.796265784708199931e+01
-1.707942483937338807e+02 1.797645978308199233e+01
-1.706621703097338809e+02 1.799026255808200858e+01
-1.705300923097339023e+02 1.800406616908199453e+01
-1.703980143947338775e+02 1.801787061308201032e+01
-1.702659365637338738e+02 1.803167588508199515e+01
-1.701338588147339124e+02 1.804548198208200915e+01
-1.700017811487339259e+02 1.805928889908199153e+01
-1.698697035647339248e+02 1.807309663408199185e+01
-1.697376260607338736e+02 1.808690518108198830e+01
-1.696055392667338992e+02 1.810071551908200149e+01
-1.694734257147338781e+02 1.811452946808199727e+01
-1.693413124177338887e+02 1.812834420208199049e+01
-1.692091993817339244e+02 1.814215971608200562e+01
-1.690770866097338967e+02 1.815597600608199969e+01
-1.689449741067339232e+02 1.816979306708199715e+01
-1.688128617257339101e+02 1.818361091108201322e+01
-1.686807496897338865e+02 1.819742951208201021e+01
-1.685486379087338946e+02 1.821124887508199208e+01
-1.684165263837339239e+02 1.822506899708199057e+01
-1.682844151147339176e+02 1.823888987308200171e+01
-1.681523041037339112e+02 1.825271150008200038e+01
-1.680201933497339155e+02 1.826653387408200047e+01
-1.678880828547339092e+02 1.828035699208200526e+01
-1.677552778567339260e+02 1.829425355108199369e+01
-1.676234464547338803e+02 1.830804899808200048e+01
-1.674912957437338719e+02 1.832187861808199614e+01
-1.673591339437339229e+02 1.833571015608200128e+01
-1.672269885857339204e+02 1.834954072608201159e+01
-1.670948626777338859e+02 1.836337001108199729e+01
-1.669627532917339181e+02 1.837719831208198684e+01
-1.668306565537338884e+02 1.839102603208201003e+01
-1.666985347487338913e+02 1.840485711608201314e+01
-1.665664647047339031e+02 1.841868351608201237e+01
-1.664343965087339257e+02 1.843251045508199581e+01
-1.663023298507338836e+02 1.844633796108200841e+01
-1.661702643507338735e+02 1.846016607108199992e+01
-1.660381996487338938e+02 1.847399482008199811e+01
-1.659061354297339221e+02 1.848782423608199110e+01
-1.657740714357339016e+02 1.850165434408199872e+01
-1.656420074587338718e+02 1.851548516108201170e+01
-1.655099433357339080e+02 1.852931670308200296e+01
-1.653778789407339218e+02 1.854314897808200158e+01
-1.652458141797338840e+02 1.855698199308199037e+01
-1.651137489837338990e+02 1.857081575208201230e+01
-1.649816833027339271e+02 1.858465025708198937e+01
-1.648496171027338733e+02 1.859848550908199627e+01
-1.647175503637338920e+02 1.861232150508200789e+01
-1.645854830737338830e+02 1.862615824508199580e+01
-1.644534152317339135e+02 1.863999572608199173e+01
-1.643213468387339162e+02 1.865383394308199172e+01
-1.641892779037339096e+02 1.866767289208200964e+01
-1.640572084377338911e+02 1.868151257008199195e+01
-1.639251384537338936e+02 1.869535297208199154e+01
-1.637930679697338974e+02 1.870919409308200443e+01
-1.636609970017339037e+02 1.872303592708200881e+01
-1.635289255677338929e+02 1.873687847108200799e+01
-1.633968536877338806e+02 1.875072171808199073e+01
-1.632647813797339040e+02 1.876456566408199933e+01
-1.631327086637339221e+02 1.877841030308201198e+01
-1.630006355577339150e+02 1.879225563008199629e+01
-1.628685619757338827e+02 1.880610165208199192e+01
-1.627364881677339099e+02 1.881994833908200349e+01
-1.626044555217338825e+02 1.883379134908199148e+01
-1.624723776657339158e+02 1.884763973308199070e+01
-1.623402997997338844e+02 1.886148875108199263e+01
-1.622082219147338833e+02 1.887533840008200059e+01
-1.620761440007339047e+02 1.888918867808200730e+01
-1.619440660517338983e+02 1.890303958208198765e+01
-1.618119880647338960e+02 1.891689111108200905e+01
-1.616799100347338936e+02 1.893074326008201069e+01
-1.615478319607339017e+02 1.894459602908199258e+01
-1.614157538417338742e+02 1.895844941308200760e+01
-1.612836756767338784e+02 1.897230340908200219e+01
-1.611515974657339143e+02 1.898615801508199752e+01
-1.610195192107339039e+02 1.900001322808199689e+01
-1.608874409127338936e+02 1.901386904408198575e+01
-1.607553625747339083e+02 1.902772546008199583e+01
-1.606232841977338808e+02 1.904158247308200202e+01
-1.604912057837339034e+02 1.905544007908198978e+01
-1.603591273367338772e+02 1.906929827608200867e+01
-1.602270488587338946e+02 1.908315706008198731e+01
-1.600949703537339133e+02 1.909701642908200370e+01
-1.599628918237339121e+02 1.911087637708200759e+01
-1.598308132717339163e+02 1.912473690308200958e+01
-1.596987347017338834e+02 1.913859800408201295e+01
-1.595666561167338955e+02 1.915245967508201375e+01
-1.594345775207339102e+02 1.916632191308198685e+01
-1.593024989147339170e+02 1.918018471608201025e+01
-1.591704203047339092e+02 1.919404808008201258e+01
-1.590383416917338764e+02 1.920791200208199712e+01
-1.589062630797338898e+02 1.922177647808200618e+01
-1.587741844707339283e+02 1.923564150508198622e+01
-1.586421058687338927e+02 1.924950708108198683e+01
-1.585100272767339220e+02 1.926337320108200402e+01
-1.583779486987339169e+02 1.927723986408199153e+01
-1.582458701357339237e+02 1.929110706408201281e+01
-1.581137915907339107e+02 1.930497480008199318e+01
-1.579817130667339029e+02 1.931884306808200336e+01
-1.578496345667339256e+02 1.933271186508198980e+01
-1.577175560917339112e+02 1.934658118808201266e+01
-1.575854776457338744e+02 1.936045103408198997e+01
-1.574533992307339076e+02 1.937432139908199247e+01
-1.573213208487338761e+02 1.938819228108201287e+01
-1.571892425027339186e+02 1.940206367608200821e+01
-1.570571641937339109e+02 1.941593558208199966e+01
-1.569250859237338886e+02 1.942980799408201165e+01
-1.567930076957338770e+02 1.944368091108199792e+01
-1.566609295117339116e+02 1.945755432908200078e+01
-1.565288513727339250e+02 1.947142824508199510e+01
-1.563967732807338962e+02 1.948530265508199477e+01
-1.562646952377339176e+02 1.949917755808201036e+01
-1.561326172447339218e+02 1.951305294908200949e+01
-1.560005393047338771e+02 1.952692882708200273e+01
-1.558684614177338972e+02 1.954080518708198611e+01
-1.557363835867338935e+02 1.955468202708200920e+01
-1.556043058117339228e+02 1.956855934308200062e+01
-1.554722280947339073e+02 1.958243713408199937e+01
-1.553401504367338930e+02 1.959631539508200149e+01
-1.552080728397339158e+02 1.961019412408199969e+01
-1.550759953037339187e+02 1.962407331808199729e+01
-1.549439178307338807e+02 1.963795297408199758e+01
-1.548118404217339048e+02 1.965183308808198603e+01
-1.546797630777339236e+02 1.966571365908200164e+01
-1.545476857997339266e+02 1.967959468208201201e+01
-1.544156085887339032e+02 1.969347615608199931e+01
-1.542835314447339101e+02 1.970735807608198797e+01
-1.541514543697339263e+02 1.972124044008199917e+01
-1.540193773647338844e+02 1.973512324608199719e+01
-1.538873004297338980e+02 1.974900648908200651e+01
-1.537552235647339103e+02 1.976289016808200927e+01
-1.536231467727338895e+02 1.977677427908199093e+01
-1.534910700527339031e+02 1.979065881908201163e+01
-1.533589934047338943e+02 1.980454378508198943e+01
-1.532269168307338987e+02 1.981842917508200230e+01
-1.530948403317339057e+02 1.983231498508200730e+01
-1.529627639057338797e+02 1.984620121308199714e+01
-1.528306875557339026e+02 1.986008785508198571e+01
-1.526986113967338952e+02 1.987397489608198953e+01
-1.525665351827339009e+02 1.988786236008201058e+01
-1.524344590457338882e+02 1.990175022908201186e+01
-1.523023829877338926e+02 1.991563850108198608e+01
-1.521703070077339248e+02 1.992952717208200397e+01
-1.520382311067339174e+02 1.994341624008200142e+01
-1.519061552847339271e+02 1.995730570208201016e+01
-1.517740795427338867e+02 1.997119555408198721e+01
-1.516420038787338740e+02 1.998508579408201058e+01
-1.515099282937338785e+02 1.999897641908199830e+01
-1.513778527887338896e+02 2.001286742508199268e+01
-1.512457773627339179e+02 2.002675881008198644e+01
-1.511137020167338960e+02 2.004065057108201131e+01
-1.509816267497338913e+02 2.005454270508201375e+01
-1.508495515617339038e+02 2.006843520908199707e+01
-1.507174764537339229e+02 2.008232807908200357e+01
-1.505854014257338918e+02 2.009622131408198697e+01
-1.504533264767338778e+02 2.011011490908200017e+01
-1.503212516077339274e+02 2.012400886208200745e+01
-1.501891768177338804e+02 2.013790317008201214e+01
-1.500571021067339075e+02 2.015179782908199968e+01
-1.499250274757338843e+02 2.016569283808200908e+01
-1.497929529237338784e+02 2.017958819108199009e+01
-1.496608784517338790e+02 2.019348388808199957e+01
-1.495288040577339075e+02 2.020737992408200512e+01
-1.493967297427338963e+02 2.022127629608201005e+01
-1.492646555067339023e+02 2.023517300208200709e+01
-1.491325813497339254e+02 2.024907003708199227e+01
-1.490005072707339195e+02 2.026296740008200459e+01
-1.488684332707338740e+02 2.027686508708200108e+01
-1.487363593487339131e+02 2.029076309508201348e+01
-1.486042855037338768e+02 2.030466142108198824e+01
-1.484722117377339146e+02 2.031856006108199608e+01
-1.483401380477338876e+02 2.033245901208201190e+01
-1.482080644357338883e+02 2.034635827208199998e+01
-1.480759909027339063e+02 2.036025783708200265e+01
-1.479439174457339163e+02 2.037415770308200536e+01
-1.478118440647339185e+02 2.038805786808200082e+01
-1.476797707597339127e+02 2.040195832908199236e+01
-1.475476975317338884e+02 2.041585908108200442e+01
-1.474156243787339235e+02 2.042976012308199074e+01
-1.472835513017338940e+02 2.044366145008200419e+01
-1.471514782997339239e+02 2.045756305908199124e+01
-1.470194053717339102e+02 2.047146494708201203e+01
-1.468873325197338886e+02 2.048536711108201303e+01
-1.467552597407338908e+02 2.049926954708200810e+01
-1.466231870357339062e+02 2.051317225208200057e+01
-1.464911144047338780e+02 2.052707522308199373e+01
-1.463590418467338736e+02 2.054097845508201203e+01
-1.462269693607339036e+02 2.055488194708200922e+01
-1.460948969477339006e+02 2.056878569408200974e+01
-1.459628246067338750e+02 2.058268969208199906e+01
-1.458307523377338839e+02 2.059659393908199831e+01
-1.456986801387338915e+02 2.061049843108199298e+01
-1.455666080107338871e+02 2.062440316408199692e+01
-1.454345359537339277e+02 2.063830813508201345e+01
-1.453024639657339208e+02 2.065221334008199960e+01
-1.451703920477339125e+02 2.066611877608198711e+01
-1.450383201987339135e+02 2.068002443808200042e+01
-1.449062484177338774e+02 2.069393032508199326e+01
-1.447741767047339181e+02 2.070783643008201125e+01
-1.446421050597339217e+02 2.072174275208200811e+01
-1.445100334817338990e+02 2.073564928708199773e+01
-1.443779619697339172e+02 2.074955603008200455e+01
-1.442458905247339089e+02 2.076346297808200347e+01
-1.441138191447338954e+02 2.077737012608199052e+01
-1.439817478297338766e+02 2.079127747308200469e+01
-1.438496765797339094e+02 2.080518501208200632e+01
-1.437176053937338907e+02 2.081909274108198815e+01
-1.435855342707338878e+02 2.083300065608199247e+01
-1.434534632107339007e+02 2.084690875208198690e+01
-1.433213922137338727e+02 2.086081702608200317e+01
-1.431893212777338817e+02 2.087472547408199830e+01
-1.430572071657339279e+02 2.088863864508201118e+01
-1.429251374937339278e+02 2.090254730808200634e+01
-1.427930678557339093e+02 2.091645613508200086e+01
-1.426609982537339079e+02 2.093036512208200861e+01
-1.425289286857338880e+02 2.094427426408199722e+01
-1.423968591537338853e+02 2.095818355808199840e+01
-1.422647896557339209e+02 2.097209300008199762e+01
-1.421327201917338812e+02 2.098600258308201205e+01
-1.420006507627339261e+02 2.099991230608199544e+01
-1.418685813677338956e+02 2.101382216208199338e+01
-1.417365120057339141e+02 2.102773214808200919e+01
-1.416044426777339140e+02 2.104164225908201047e+01
-1.414723733837338955e+02 2.105555249108201110e+01
-1.413403041227339259e+02 2.106946283808198928e+01
-1.412082348937339020e+02 2.108337329708200514e+01
-1.410761656977339271e+02 2.109728386208200845e+01
-1.409440965337338980e+02 2.111119452908201310e+01
-1.408120274017339284e+02 2.112510529308198670e+01
-1.406799583007339152e+02 2.113901615008199997e+01
-1.405478892317339046e+02 2.115292709308201324e+01
-1.404158201927339178e+02 2.116683812008199084e+01
-1.402837511847338874e+02 2.118074922408200678e+01
-1.401516822057338914e+02 2.119466040008200025e+01
-1.400196132567339191e+02 2.120857164408201356e+01
-1.398875443367339244e+02 2.122248295008199648e+01
-1.397554754457339072e+02 2.123639431308200187e+01
-1.396234065827338782e+02 2.125030572708200793e+01
-1.394913377477338940e+02 2.126421718908198955e+01
-1.393592689397339086e+02 2.127812869108200289e+01
-1.392272001587339219e+02 2.129204022908200500e+01
-1.390951314037338875e+02 2.130595179708200249e+01
-1.389630626747339193e+02 2.131986338908200196e+01
-1.388309939707339140e+02 2.133377500008199945e+01
-1.386989252907338823e+02 2.134768662408200157e+01
-1.385668566357339273e+02 2.136159825608200435e+01
-1.384347880037338996e+02 2.137550988908199656e+01
-1.383027193947339128e+02 2.138942151808200265e+01
-1.381706508077339208e+02 2.140333313608201138e+01
-1.380385822417338773e+02 2.141724473708200094e+01
-1.379065136977338852e+02 2.143115631508200636e+01
-1.377744451737339091e+02 2.144506786408200583e+01
-1.376423766697338920e+02 2.145897937808200595e+01
-1.375103081837339118e+02 2.147289085008199550e+01
-1.373782397167339013e+02 2.148680227308199164e+01
-1.372461712677339278e+02 2.150071364108200100e+01
-1.371141028347338988e+02 2.151462494808200177e+01
-1.369820344177339280e+02 2.152853618508200384e+01
-1.368499660167339016e+02 2.154244734708200326e+01
-1.367178976297338977e+02 2.155635842608199937e+01
-1.365858292567339163e+02 2.157026941508200935e+01
-1.364537608967339111e+02 2.158418030808201138e+01
-1.363216925487338926e+02 2.159809109508199754e+01
-1.361896242117339284e+02 2.161200177108199227e+01
-1.360575558857339047e+02 2.162591232808199493e+01
-1.359254875687338995e+02 2.163982275708198699e+01
-1.357934192607339128e+02 2.165373305108198565e+01
-1.356613509607338983e+02 2.166764320208199024e+01
-1.355292826677339235e+02 2.168155320108201067e+01
-1.353972143797338958e+02 2.169546304208199672e+01
-1.352651460977339184e+02 2.170937271408200786e+01
-1.351330778187339092e+02 2.172328221008200444e+01
-1.350010095437339146e+02 2.173719152108199637e+01
-1.348689412697339094e+02 2.175110063908201141e+01
-1.347368729967338936e+02 2.176500955308199536e+01
-1.346048047237338778e+02 2.177891825608199383e+01
-1.344727364497338726e+02 2.179282673708200946e+01
-1.343406681737338886e+02 2.180673498708199531e+01
-1.342085998937338900e+02 2.182064299708198973e+01
-1.340765316087338874e+02 2.183455075708201321e+01
-1.339444633187338809e+02 2.184845825708200096e+01
-1.338123950217338916e+02 2.186236548608201247e+01
-1.336803267157338837e+02 2.187627243508200081e+01
-1.335482584017339036e+02 2.189017909208200763e+01
-1.334161900757338799e+02 2.190408544608200714e+01
-1.332841217387339157e+02 2.191799148808200925e+01
-1.331520533877338721e+02 2.193189720408199150e+01
-1.330199850227339198e+02 2.194580258508199222e+01
-1.328879166417339093e+02 2.195970761808200677e+01
-1.327558482427339186e+02 2.197361229108199154e+01
-1.326237798257338909e+02 2.198751659308200601e+01
-1.324917113877339148e+02 2.200142051008199928e+01
-1.323596429287338765e+02 2.201532402908199515e+01
-1.322275744467339109e+02 2.202922713908199626e+01
-1.320955059387338792e+02 2.204312982508199070e+01
-1.319634374057338846e+02 2.205703207408200228e+01
-1.318313688437339124e+02 2.207093387208200852e+01
-1.316993002527339058e+02 2.208483520508198694e+01
-1.315672316297338966e+02 2.209873605708199307e+01
-1.314351629737338953e+02 2.211263641608201169e+01
-1.313030942837339126e+02 2.212653626408200580e+01
-1.311710255567338663e+02 2.214043558608199191e+01
-1.310389567907338915e+02 2.215433436708198656e+01
-1.309068879847338849e+02 2.216823259108198840e+01
-1.307748191367338677e+02 2.218213023908199943e+01
-1.306427502447338611e+02 2.219602729508198991e+01
-1.305106813057338968e+02 2.220992374208199749e+01
-1.303786123177338823e+02 2.222381956108199574e+01
-1.302465432807339312e+02 2.223771473408200450e+01
-1.301144741897338690e+02 2.225160924108200788e+01
-1.299824050447339232e+02 2.226550306408199731e+01
-1.298503784347338978e+02 2.227939170108200528e+01
-1.297183072367339491e+02 2.229328429708201043e+01
-1.295862360357339185e+02 2.230717614008199234e+01
-1.294541648297339407e+02 2.232106720808201317e+01
-1.293220936137339550e+02 2.233495748008201076e+01
-1.291900223837338899e+02 2.234884693108199372e+01
-1.290579511387338698e+02 2.236273553808200631e+01
-1.289258798737339475e+02 2.237662327808200757e+01
-1.287938085847339380e+02 2.239051012408199881e+01
-1.286617372677338835e+02 2.240439605208200646e+01
-1.285296659187339401e+02 2.241828103408198558e+01
-1.283975945347339120e+02 2.243216504408201217e+01
-1.282655231097338628e+02 2.244604805208200560e+01
-1.281334516407339379e+02 2.245993003008200617e+01
-1.280013801237339521e+02 2.247381094808199009e+01
-1.278693085537338447e+02 2.248769077408201156e+01
-1.277372369267338854e+02 2.250156947708200050e+01
-1.276051652377338996e+02 2.251544702308200385e+01
-1.274730934807339509e+02 2.252932337708199384e+01
-1.273410216527338434e+02 2.254319850508198897e+01
-1.272089497487338576e+02 2.255707236908199320e+01
-1.270768777617339538e+02 2.257094493108201050e+01
-1.269448056877339468e+02 2.258481615208199855e+01
-1.268127335217338896e+02 2.259868599008200363e+01
-1.266806612567338561e+02 2.261255440408200457e+01
-1.265485888887338888e+02 2.262642134908199409e+01
-1.264165164097338447e+02 2.264028678008199336e+01
-1.262844438147338906e+02 2.265415064708199111e+01
-1.261523710967338729e+02 2.266801290408199065e+01
-1.260202982497338553e+02 2.268187349608200520e+01
-1.258882252677339011e+02 2.269573237208200567e+01
-1.257561521417338781e+02 2.270958947508199799e+01
-1.256240788657338499e+02 2.272344474608200926e+01
-1.254920053167338665e+02 2.273729813808199651e+01
-1.253599317347338911e+02 2.275114956008201261e+01
-1.252278579757338548e+02 2.276499896108200005e+01
-1.250957840327339454e+02 2.277884627108198856e+01
-1.249637098977339065e+02 2.279269141808200061e+01
-1.248316355607338437e+02 2.280653432508199785e+01
-1.246995610137339554e+02 2.282037491208200208e+01
-1.245674862447339137e+02 2.283421309708199942e+01
-1.244354112457339170e+02 2.284804879008200373e+01
-1.243033360047338647e+02 2.286188190108200047e+01
-1.241712605097338837e+02 2.287571233108201341e+01
-1.240391847507338525e+02 2.288953997808201279e+01
-1.239071087147339085e+02 2.290336473408200391e+01
-1.237750323887338482e+02 2.291718648608198805e+01
-1.236429557577339438e+02 2.293100511108198702e+01
-1.235108788097338675e+02 2.294482048308199751e+01
-1.233788015277339127e+02 2.295863246708199767e+01
-1.232467238957339077e+02 2.297244091808198618e+01
-1.231146458967339186e+02 2.298624568508199673e+01
-1.229825675137338976e+02 2.300004660408200152e+01
-1.228504887267339427e+02 2.301384350208201113e+01
-1.227184095147339349e+02 2.302763619508201032e+01
-1.225863298557338794e+02 2.304142448408200039e+01
-1.224542497297338741e+02 2.305520815608198859e+01
-1.223221691087338741e+02 2.306898698508200596e+01
-1.221900879667339268e+02 2.308276072408199298e+01
-1.220580062747338843e+02 2.309652910908201306e+01
-1.219259240807339211e+02 2.311029184708201001e+01
-1.217938411577339366e+02 2.312404864608200228e+01
-1.216617575997338463e+02 2.313779915708198587e+01
-1.215296733637338775e+02 2.315154301308200502e+01
-1.213975884037339483e+02 2.316527981208199094e+01
