-5.298124377981084763e+02 -3.022904669132518052e+02
-5.243134633791688657e+02 -2.852439277988937647e+02
-5.243134633791693204e+02 -2.852439277988933668e+02
-5.243134633791693204e+02 -2.836819945251423860e+02
-5.243134633791693204e+02 -2.821200612513914052e+02
-5.243134633791693204e+02 -2.805581279776404813e+02
-5.243134633791693204e+02 -2.789961947038895005e+02
-5.243134633791693204e+02 -2.774342614301385197e+02
-5.243134633791693204e+02 -2.758723281563875389e+02
-5.243134633791693204e+02 -2.743103948826365581e+02
-5.243134633791693204e+02 -2.727484616088856342e+02
-5.243134633791693204e+02 -2.711865283351346534e+02
-5.243134633791693204e+02 -2.696245950613836726e+02
-5.243134633791693204e+02 -2.680626617876326918e+02
-5.243134633791693204e+02 -2.665007285138817110e+02
-5.243134633791693204e+02 -2.649387952401306734e+02
-5.243134633791693204e+02 -2.633768619663798063e+02
-5.243134633791693204e+02 -2.618149286926288255e+02
-5.243134633791693204e+02 -2.602529954188778447e+02
-5.243134633791693204e+02 -2.586910621451268639e+02
-5.243134633791693204e+02 -2.571291288713758263e+02
-5.243134633791693204e+02 -2.555671955976249308e+02
-5.243134633791693204e+02 -2.540052623238739500e+02
-5.243134633791693204e+02 -2.524433290501229692e+02
-5.243134633791693204e+02 -2.508813957763719884e+02
-5.243134633791693204e+02 -2.493194625026210076e+02
-5.243134633791693204e+02 -2.477575292288700837e+02
-5.243134633791693204e+02 -2.461955959551191029e+02
-5.243134633791693204e+02 -2.446336626813681221e+02
-5.243134633791693204e+02 -2.430717294076171413e+02
-5.243134633791693204e+02 -2.415097961338661321e+02
-5.243134633791693204e+02 -2.399478628601152366e+02
-5.243134633791693204e+02 -2.383859295863642558e+02
-5.243134633791693204e+02 -2.368239963126132750e+02
-5.243134633791693204e+02 -2.352620630388622942e+02
-5.243134633791693204e+02 -2.337001297651112850e+02
-5.243134633791693204e+02 -2.321381964913603042e+02
-5.243134633791693204e+02 -2.305762632176094087e+02
-5.243134633791693204e+02 -2.290143299438584279e+02
-5.243134633791693204e+02 -2.274523966701074187e+02
-5.243134633791693204e+02 -2.258904633963564379e+02
-5.243134633791693204e+02 -2.243285301226054571e+02
-5.243134633791693204e+02 -2.227665968488545616e+02
-5.243134633791693204e+02 -2.212046635751035524e+02
-5.243134633791693204e+02 -2.196427303013525716e+02
-5.243134633791693204e+02 -2.180807970276015908e+02
-5.243134633791693204e+02 -2.165188637538506100e+02
-5.243134633791693204e+02 -2.149569304800996292e+02
-5.243134633791693204e+02 -2.133949972063487053e+02
-5.243134633791693204e+02 -2.118330639325977245e+02
-5.243134633791693204e+02 -2.102711306588467437e+02
-5.243134633791693204e+02 -2.087091973850957629e+02
-5.243134633791693204e+02 -2.071472641113448390e+02
-5.243134633791693204e+02 -2.055853308375938582e+02
-5.243134633791693204e+02 -2.040233975638428774e+02
-5.243134633791693204e+02 -2.024614642900918966e+02
-5.243134633791693204e+02 -2.008995310163408874e+02
-5.243134633791693204e+02 -1.993375977425899066e+02
-5.243134633791693204e+02 -1.977756644688390111e+02
-5.243134633791693204e+02 -1.962137311950880303e+02
-5.243134633791693204e+02 -1.946517979213370211e+02
-5.243134633791693204e+02 -1.930898646475860403e+02
-5.243134633791693204e+02 -1.915279313738350595e+02
-5.243134633791693204e+02 -1.899659981000841640e+02
-5.243134633791693204e+02 -1.884040648263331832e+02
-5.243134633791693204e+02 -1.868421315525821740e+02
-5.243134633791693204e+02 -1.852801982788311932e+02
-5.243134633791693204e+02 -1.837182650050802124e+02
-5.243134633791693204e+02 -1.821563317313293169e+02
-5.243134633791693204e+02 -1.805943984575783077e+02
-5.243134633791693204e+02 -1.790324651838273269e+02
-5.243134633791693204e+02 -1.774705319100763461e+02
-5.243134633791693204e+02 -1.759085986363253653e+02
-5.243134633791693204e+02 -1.743466653625744414e+02
-5.243134633791693204e+02 -1.727847320888234606e+02
-5.243134633791693204e+02 -1.712227988150724798e+02
-5.243134633791693204e+02 -1.696608655413214990e+02
-5.243134633791693204e+02 -1.680989322675705182e+02
-5.243134633791693204e+02 -1.665369989938195090e+02
-5.243134633791693204e+02 -1.649750657200686135e+02
-5.243134633791693204e+02 -1.634131324463176327e+02
-5.243134633791693204e+02 -1.618511991725666519e+02
-5.243134633791693204e+02 -1.602892658988156427e+02
-5.243134633791693204e+02 -1.587273326250646619e+02
-5.243134633791693204e+02 -1.571653993513137664e+02
-5.243134633791693204e+02 -1.556034660775627856e+02
-5.243134633791693204e+02 -1.540415328038117764e+02
-5.243134633791693204e+02 -1.524795995300607956e+02
-5.243134633791693204e+02 -1.509176662563098148e+02
-5.243134633791693204e+02 -1.493557329825589193e+02
-5.243134633791693204e+02 -1.477937997088079101e+02
-5.243134633791693204e+02 -1.462318664350569293e+02
-5.243134633791693204e+02 -1.446699331613059485e+02
-5.242320280874845366e+02 -1.431894351792397515e+02
-5.226700948137334990e+02 -1.431894351792397515e+02
-5.211081615399824614e+02 -1.431894351792397515e+02
-5.195462282662316511e+02 -1.431894351792397515e+02
-5.179842949924806135e+02 -1.431894351792397515e+02
-5.164223617187295758e+02 -1.431894351792397515e+02
-5.148604284449786519e+02 -1.431894351792397515e+02
-5.132984951712276143e+02 -1.431894351792397515e+02
-5.117365618974767472e+02 -1.431894351792397515e+02
-5.101746286237257664e+02 -1.431894351792397515e+02
-5.086126953499747856e+02 -1.431894351792397515e+02
-5.070507620762238048e+02 -1.431894351792397515e+02
-5.054888288024728240e+02 -1.431894351792397515e+02
-5.039268955287219001e+02 -1.431894351792397515e+02
-5.023649622549709193e+02 -1.431894351792397515e+02
-5.008030289812199385e+02 -1.431894351792397515e+02
-4.992410957074689577e+02 -1.431894351792397515e+02
-4.976791624337179769e+02 -1.431894351792397515e+02
-4.961172291599670530e+02 -1.431894351792397515e+02
-4.945552958862160722e+02 -1.431894351792397515e+02
-4.929933626124650914e+02 -1.431894351792397515e+02
-4.914314293387141106e+02 -1.431894351792397515e+02
-4.898694960649630730e+02 -1.431894351792397515e+02
-4.883075627912120922e+02 -1.431894351792397515e+02
-4.867456295174612251e+02 -1.431894351792397515e+02
-4.851836962437102443e+02 -1.431894351792397515e+02
-4.836491256510444714e+02 -1.434117051278952317e+02
-4.821338277997874684e+02 -1.437905295907094114e+02
-4.806185299485305791e+02 -1.441693540535236480e+02
-4.791032320972735761e+02 -1.445481785163378845e+02
-4.775879342460166868e+02 -1.449270029791521495e+02
-4.760726363947596838e+02 -1.453058274419663860e+02
-4.745573385435027944e+02 -1.456846519047806225e+02
-4.730420406922457914e+02 -1.460634763675948875e+02
-4.715267428409887884e+02 -1.464423008304091240e+02
-4.700114449897318991e+02 -1.468211252932233037e+02
-4.684961471384750098e+02 -1.471999497560375403e+02
-4.669808492872180068e+02 -1.475787742188517768e+02
-4.654655514359610038e+02 -1.479575986816660418e+02
-4.639502535847041145e+02 -1.483364231444802783e+02
-4.624349557334472252e+02 -1.487152476072945433e+02
-4.609047518411388182e+02 -1.490224040149230404e+02
-4.593640703504796647e+02 -1.492791842633662611e+02
-4.578233888598204544e+02 -1.495359645118094249e+02
-4.562827073691612441e+02 -1.497927447602526456e+02
-4.547420258785020906e+02 -1.500495250086958094e+02
-4.532013443878428234e+02 -1.503063052571390301e+02
-4.516606628971836130e+02 -1.505630855055822508e+02
-4.501199814065244027e+02 -1.508198657540254146e+02
-4.485792999158651355e+02 -1.510766460024686353e+02
-4.470386184252060389e+02 -1.513334262509117991e+02
-4.454979369345467717e+02 -1.515902064993550198e+02
-4.439572554438875613e+02 -1.518469867477982689e+02
-4.424165739532284078e+02 -1.521037669962414043e+02
-4.408758924625691975e+02 -1.523605472446846534e+02
-4.393352109719099303e+02 -1.526173274931278740e+02
-4.377945294812507768e+02 -1.528741077415710379e+02
-4.362538479905915665e+02 -1.531308879900142585e+02
-4.347131664999323561e+02 -1.533876682384573940e+02
-4.331724850092730890e+02 -1.536444484869006430e+02
-4.316318035186138786e+02 -1.539012287353438637e+02
-4.300911220279547251e+02 -1.541580089837870275e+02
-4.285504405372955148e+02 -1.544147892322302482e+02
-4.270214015129232052e+02 -1.547275463100324373e+02
-4.255061036616663159e+02 -1.551063707728466738e+02
-4.239908058104093129e+02 -1.554851952356609388e+02
-4.224755079591524236e+02 -1.558640196984751753e+02
-4.209602101078954206e+02 -1.562428441612893550e+02
-4.194449122566385313e+02 -1.566216686241035916e+02
-4.179296144053815283e+02 -1.570004930869178281e+02
-4.164143165541245253e+02 -1.573793175497320931e+02
-4.148990187028676360e+02 -1.577581420125463296e+02
-4.133837208516106898e+02 -1.581369664753605662e+02
-4.118684230003537436e+02 -1.585157909381748311e+02
-4.103531251490967406e+02 -1.588946154009890677e+02
-4.088378272978398513e+02 -1.592734398638033326e+02
-4.073225294465829052e+02 -1.596522643266174839e+02
-4.058072315953259590e+02 -1.600310887894317204e+02
-4.042919337440689560e+02 -1.604099132522459854e+02
-4.027766358928120667e+02 -1.607887377150602219e+02
-4.012613380415550637e+02 -1.611675621778744869e+02
-3.997460401902981744e+02 -1.615463866406887234e+02
-3.982307423390411714e+02 -1.619252111035029600e+02
-3.967154444877842252e+02 -1.623040355663172249e+02
-3.952001466365272790e+02 -1.626828600291314615e+02
-3.936848487852702760e+02 -1.630616844919456412e+02
-3.921695509340133867e+02 -1.634405089547598777e+02
-3.906542530827564406e+02 -1.638193334175741143e+02
-3.891389552314994944e+02 -1.641981578803883792e+02
-3.876236573802424914e+02 -1.645769823432026158e+02
-3.861083595289856021e+02 -1.649558068060168523e+02
-3.845930616777286559e+02 -1.653346312688311173e+02
-3.830777638264716529e+02 -1.657134557316453538e+02
-3.815624659752147636e+02 -1.660922801944595335e+02
-3.800471681239577606e+02 -1.664711046572737700e+02
-3.785318702727008144e+02 -1.668499291200880066e+02
-3.770165724214438683e+02 -1.672287535829022715e+02
-3.755012745701869221e+02 -1.676075780457165081e+02
-3.739859767189299760e+02 -1.679864025085307730e+02
-3.724706788676730866e+02 -1.683652269713450096e+02
-3.709553810164160836e+02 -1.687440514341592461e+02
-3.694400831651590806e+02 -1.691228758969734258e+02
-3.679247853139021345e+02 -1.695017003597876624e+02
-3.664094874626451883e+02 -1.698805248226019273e+02
-3.648941896113882990e+02 -1.702593492854161639e+02
-3.633788917601312960e+02 -1.706381737482304004e+02
-3.618635939088744067e+02 -1.710169982110446654e+02
-3.603482960576174037e+02 -1.713958226738589019e+02
-3.588484212074013158e+02 -1.718276106141603918e+02
-3.573666411979244799e+02 -1.723215372839860322e+02
-3.558848611884474735e+02 -1.728154639538117010e+02
-3.544030811789706377e+02 -1.733093906236372561e+02
-3.529213011694936313e+02 -1.738033172934629249e+02
-3.514395211600167954e+02 -1.742972439632885653e+02
-3.499577411505399027e+02 -1.747911706331142341e+02
-3.484759611410630100e+02 -1.752850973029397892e+02
-3.469941811315861173e+02 -1.757790239727654580e+02
-3.455124011221091678e+02 -1.762729506425910984e+02
-3.440306211126322751e+02 -1.767668773124167672e+02
-3.425488411031553824e+02 -1.772608039822423223e+02
-3.410670610936784328e+02 -1.777547306520679911e+02
-3.395852810842015401e+02 -1.782486573218936314e+02
-3.381035010747245906e+02 -1.787425839917193002e+02
-3.366217210652478116e+02 -1.792365106615449406e+02
-3.351399410557707483e+02 -1.797304373313705241e+02
-3.336581610462938556e+02 -1.802243640011961645e+02
-3.321763810368169629e+02 -1.807182906710218333e+02
-3.306946010273401271e+02 -1.812122173408474737e+02
-3.292128210178632344e+02 -1.817061440106730572e+02
-3.277310410083863417e+02 -1.822000706804987260e+02
-3.262492609989094490e+02 -1.826939973503243664e+02
-3.247312556001012922e+02 -1.829646931127427649e+02
-3.231693223263501977e+02 -1.829646931127427649e+02
-3.216073890525992738e+02 -1.829646931127427649e+02
-3.200454557788482362e+02 -1.829646931127427649e+02
-3.184835225050973122e+02 -1.829646931127427649e+02
-3.169215892313463883e+02 -1.829646931127427649e+02
-3.153596559575953506e+02 -1.829646931127427649e+02
-3.138118394784263501e+02 -1.830516847206279749e+02
-3.123300594689493437e+02 -1.835456113904536153e+02
-3.108482794594724510e+02 -1.840395380602792841e+02
-3.093664994499955583e+02 -1.845334647301048392e+02
-3.078847194405186656e+02 -1.850273913999305080e+02
-3.064029394310417729e+02 -1.855213180697561484e+02
-3.049211594215647665e+02 -1.860152447395818172e+02
-3.034393794120878738e+02 -1.865091714094074007e+02
-3.019575994026109811e+02 -1.870030980792330411e+02
-3.004758193931340884e+02 -1.874970247490586814e+02
-2.989940393836572525e+02 -1.879909514188843502e+02
-2.975122593741803598e+02 -1.884848780887099906e+02
-2.960874298822105857e+02 -1.891162954702853369e+02
-2.946903942916401888e+02 -1.898148132655705353e+02
-2.932933587010696783e+02 -1.905133310608558190e+02
-2.918963231104994520e+02 -1.912118488561409038e+02
-2.904992875199288846e+02 -1.919103666514261874e+02
-2.891022519293585447e+02 -1.926088844467113859e+02
-2.877052163387883184e+02 -1.933074022419964990e+02
-2.863081807482177510e+02 -1.940059200372817543e+02
-2.849111451576475247e+02 -1.947044378325668674e+02
-2.835141095670770142e+02 -1.954029556278521511e+02
-2.821170739765067879e+02 -1.961014734231372358e+02
-2.807200383859363910e+02 -1.967999912184224343e+02
-2.793230027953658805e+02 -1.974985090137077179e+02
-2.779259672047956542e+02 -1.981970268089928311e+02
-2.765289316142250868e+02 -1.988955446042780864e+02
-2.751318960236547468e+02 -1.995940623995632848e+02
-2.736684431873645735e+02 -2.000112322271012033e+02
-2.721065099136137064e+02 -2.000112322271012033e+02
-2.705445766398627825e+02 -2.000112322271012033e+02
-2.689826433661117449e+02 -2.000112322271012033e+02
-2.677706198298762956e+02 -2.008559890610176524e+02
-2.666661662202461685e+02 -2.019604426706478648e+02
-2.655617126106159276e+02 -2.030648962802780488e+02
-2.644572590009856299e+02 -2.041693498899082329e+02
-2.633528053913553890e+02 -2.052738034995385021e+02
-2.619646796211694095e+02 -2.056934119318873400e+02
-2.604027463474185424e+02 -2.056934119318873400e+02
-2.588408130736674480e+02 -2.056934119318873400e+02
-2.572788797999165809e+02 -2.056934119318873400e+02
-2.557169465261656569e+02 -2.056934119318873400e+02
-2.541550132524145909e+02 -2.056934119318873400e+02
-2.525930799786636669e+02 -2.056934119318873400e+02
-2.510879122377425006e+02 -2.059338745877332428e+02
-2.496908766471721037e+02 -2.066323923830184413e+02
-2.482938410566017353e+02 -2.073309101783036397e+02
-2.468968054660313669e+02 -2.080294279735888097e+02
-2.454997698754609701e+02 -2.087279457688740081e+02
-2.441027342848906017e+02 -2.094264635641592065e+02
-2.427056986943202048e+02 -2.101249813594444049e+02
-2.413086631037498364e+02 -2.108234991547295749e+02
-2.398770611856041626e+02 -2.113755916366734766e+02
-2.383151279118532386e+02 -2.113755916366734766e+02
-2.367531946381021726e+02 -2.113755916366734766e+02
-2.351912613643512771e+02 -2.113755916366734766e+02
-2.336293280906002110e+02 -2.113755916366734766e+02
-2.320673948168493155e+02 -2.113755916366734766e+02
-2.305054615430983915e+02 -2.113755916366734766e+02
-2.289435282693473255e+02 -2.113755916366734766e+02
-2.273815949955964300e+02 -2.113755916366734766e+02
-2.258196617218453639e+02 -2.113755916366734766e+02
-2.242577284480944684e+02 -2.113755916366734766e+02
-2.226957951743435444e+02 -2.113755916366734766e+02
-2.211338619005924784e+02 -2.113755916366734766e+02
-2.195719286268415829e+02 -2.113755916366734766e+02
-2.180099953530905168e+02 -2.113755916366734766e+02
-2.164480620793395929e+02 -2.113755916366734766e+02
-2.148861288055886973e+02 -2.113755916366734766e+02
-2.133241955318376313e+02 -2.113755916366734766e+02
-2.117622622580867358e+02 -2.113755916366734766e+02
-2.102003289843356697e+02 -2.113755916366734766e+02
-2.086383957105847458e+02 -2.113755916366734766e+02
-2.070764624368336797e+02 -2.113755916366734766e+02
-2.055145291630827842e+02 -2.113755916366734766e+02
-2.039525958893318602e+02 -2.113755916366734766e+02
-2.023906626155807942e+02 -2.113755916366734766e+02
-2.008287293418298987e+02 -2.113755916366734766e+02
-1.992667960680788326e+02 -2.113755916366734766e+02
-1.977048627943279371e+02 -2.113755916366734766e+02
-1.961429295205770131e+02 -2.113755916366734766e+02
-1.945809962468259471e+02 -2.113755916366734766e+02
-1.930190629730750516e+02 -2.113755916366734766e+02
-1.914571296993239855e+02 -2.113755916366734766e+02
-1.898951964255730616e+02 -2.113755916366734766e+02
-1.883332631518221660e+02 -2.113755916366734766e+02
-1.867713298780711000e+02 -2.113755916366734766e+02
-1.852093966043202045e+02 -2.113755916366734766e+02
-1.836474633305691384e+02 -2.113755916366734766e+02
-1.820855300568182145e+02 -2.113755916366734766e+02
-1.805235967830673189e+02 -2.113755916366734766e+02
-1.789616635093162529e+02 -2.113755916366734766e+02
-1.773997302355653574e+02 -2.113755916366734766e+02
-1.758377969618142629e+02 -2.113755916366734766e+02
-1.742758636880633674e+02 -2.113755916366734766e+02
-1.727139304143124718e+02 -2.113755916366734766e+02
-1.711519971405614058e+02 -2.113755916366734766e+02
-1.695900638668104818e+02 -2.113755916366734766e+02
-1.680281305930594158e+02 -2.113755916366734766e+02
-1.664661973193085203e+02 -2.113755916366734766e+02
-1.649042640455576247e+02 -2.113755916366734766e+02
-1.633423307718065587e+02 -2.113755916366734766e+02
-1.617803974980556347e+02 -2.113755916366734766e+02
-1.602184642243045687e+02 -2.113755916366734766e+02
-1.586565309505536732e+02 -2.113755916366734766e+02
-1.570945976768027492e+02 -2.113755916366734766e+02
-1.555326644030516832e+02 -2.113755916366734766e+02
-1.539707311293007876e+02 -2.113755916366734766e+02
-1.524087978555497216e+02 -2.113755916366734766e+02
-1.508468645817988261e+02 -2.113755916366734766e+02
-1.492849313080479021e+02 -2.113755916366734766e+02
-1.477229980342968361e+02 -2.113755916366734766e+02
-1.461610647605459405e+02 -2.113755916366734766e+02
-1.445991314867948745e+02 -2.113755916366734766e+02
-1.430371982130439505e+02 -2.113755916366734766e+02
-1.414752649392930550e+02 -2.113755916366734766e+02
-1.399133316655419890e+02 -2.113755916366734766e+02
-1.383513983917910934e+02 -2.113755916366734766e+02
-1.367894651180400274e+02 -2.113755916366734766e+02
-1.352275318442891034e+02 -2.113755916366734766e+02
-1.336655985705382079e+02 -2.113755916366734766e+02
-1.321036652967871419e+02 -2.113755916366734766e+02
-1.305417320230362463e+02 -2.113755916366734766e+02
-1.289797987492851519e+02 -2.113755916366734766e+02
-1.274178654755342563e+02 -2.113755916366734766e+02
-1.258559322017833608e+02 -2.113755916366734766e+02
-1.242939989280322806e+02 -2.113755916366734766e+02
-1.227320656542813850e+02 -2.113755916366734766e+02
-1.211701323805303190e+02 -2.113755916366734766e+02
-1.196081991067794092e+02 -2.113755916366734766e+02
-1.180462658330284995e+02 -2.113755916366734766e+02
-1.164843325592774335e+02 -2.113755916366734766e+02
-1.149223992855265237e+02 -2.113755916366734766e+02
-1.133604660117754577e+02 -2.113755916366734766e+02
-1.117985327380245621e+02 -2.113755916366734766e+02
-1.102365994642736524e+02 -2.113755916366734766e+02
-1.086746661905225864e+02 -2.113755916366734766e+02
-1.071127329167716766e+02 -2.113755916366734766e+02
-1.055507996430206106e+02 -2.113755916366734766e+02
-1.039888663692697008e+02 -2.113755916366734766e+02
-1.024269330955186348e+02 -2.113755916366734766e+02
-1.008649998217677251e+02 -2.113755916366734766e+02
-9.930306654801665900e+01 -2.113755916366734766e+02
-9.774113327426576348e+01 -2.113755916366734766e+02
-9.617920000051485374e+01 -2.113755916366734766e+02
-9.461726672676378769e+01 -2.113755916366734766e+02
-9.305533345301287795e+01 -2.113755916366734766e+02
-9.149340017926181190e+01 -2.113755916366734766e+02
-8.993146690551090217e+01 -2.113755916366734766e+02
-8.836953363176000664e+01 -2.113755916366734766e+02
-8.680760035800894059e+01 -2.113755916366734766e+02
-8.524566708425803085e+01 -2.113755916366734766e+02
-8.368373381050696480e+01 -2.113755916366734766e+02
-8.212180053675605507e+01 -2.113755916366734766e+02
-8.055986726300514533e+01 -2.113755916366734766e+02
-7.899793398925407928e+01 -2.113755916366734766e+02
-7.743600071550316954e+01 -2.113755916366734766e+02
-7.587406744175210349e+01 -2.113755916366734766e+02
-7.431213416800120797e+01 -2.113755916366734766e+02
-7.275020089425029823e+01 -2.113755916366734766e+02
-7.118826762049923218e+01 -2.113755916366734766e+02
-6.962633434674832245e+01 -2.113755916366734766e+02
-6.806440107299725639e+01 -2.113755916366734766e+02
-6.650246779924634666e+01 -2.113755916366734766e+02
-6.494053452549545113e+01 -2.113755916366734766e+02
-6.337860125174437798e+01 -2.113755916366734766e+02
-6.181666797799347535e+01 -2.113755916366734766e+02
-6.025473470424240219e+01 -2.113755916366734766e+02
-5.869280143049149956e+01 -2.113755916366734766e+02
-5.713086815674059693e+01 -2.113755916366734766e+02
-5.556893488298952377e+01 -2.113755916366734766e+02
-5.400700160923862114e+01 -2.113755916366734766e+02
-5.244506833548755509e+01 -2.113755916366734766e+02
-5.088313506173664535e+01 -2.113755916366734766e+02
-4.932120178798574273e+01 -2.113755916366734766e+02
-4.775926851423467667e+01 -2.113755916366734766e+02
-4.619733524048376694e+01 -2.113755916366734766e+02
-4.463540196673270088e+01 -2.113755916366734766e+02
-4.307346869298179826e+01 -2.113755916366734766e+02
-4.151153541923072510e+01 -2.113755916366734766e+02
-3.994960214547982247e+01 -2.113755916366734766e+02
-3.838766887172891984e+01 -2.113755916366734766e+02
-3.682573559797784668e+01 -2.113755916366734766e+02
-3.526380232422694405e+01 -2.113755916366734766e+02
-3.370186905047587800e+01 -2.113755916366734766e+02
-3.213993577672496826e+01 -2.113755916366734766e+02
-3.057800250297406564e+01 -2.113755916366734766e+02
-2.901606922922299958e+01 -2.113755916366734766e+02
-2.745413595547209340e+01 -2.113755916366734766e+02
-2.589220268172102379e+01 -2.113755916366734766e+02
-2.433026940797011761e+01 -2.113755916366734766e+02
-2.276833613421921498e+01 -2.113755916366734766e+02
-2.120640286046814538e+01 -2.113755916366734766e+02
-1.964446958671723920e+01 -2.113755916366734766e+02
-1.808253631296617314e+01 -2.113755916366734766e+02
-1.652060303921526696e+01 -2.113755916366734766e+02
-1.495866976546436078e+01 -2.113755916366734766e+02
-1.339673649171329473e+01 -2.113755916366734766e+02
-1.183480321796238854e+01 -2.113755916366734766e+02
-1.027286994421132071e+01 -2.113755916366734766e+02
-8.710936670460416309e+00 -2.113755916366734766e+02
-7.149003396709348479e+00 -2.113755916366734766e+02
-5.587070122958442298e+00 -2.113755916366734766e+02
-4.025136849207537004e+00 -2.113755916366734766e+02
-2.463203575456469618e+00 -2.113755916366734766e+02
-9.012703017055637700e-01 -2.113755916366734766e+02
6.606629720455035049e-01 -2.113755916366734766e+02
2.222596245796409242e+00 -2.113755916366734766e+02
3.784529519547314980e+00 -2.113755916366734766e+02
5.346462793298382365e+00 -2.113755916366734766e+02
6.908396067049287659e+00 -2.113755916366734766e+02
8.470329340800354601e+00 -2.113755916366734766e+02
1.003226261455126078e+01 -2.113755916366734766e+02
1.159419588830216696e+01 -2.113755916366734766e+02
1.315612916205323479e+01 -2.113755916366734766e+02
1.471806243580413920e+01 -2.113755916366734766e+02
1.627999570955520880e+01 -2.113755916366734766e+02
1.784192898330611143e+01 -2.113755916366734766e+02
1.940386225705701762e+01 -2.113755916366734766e+02
2.096579553080808722e+01 -2.113755916366734766e+02
2.252772880455899340e+01 -2.113755916366734766e+02
2.408966207831005946e+01 -2.113755916366734766e+02
2.565159535206096564e+01 -2.113755916366734766e+02
2.721352862581187182e+01 -2.113755916366734766e+02
2.877546189956293787e+01 -2.113755916366734766e+02
3.033739517331384405e+01 -2.113755916366734766e+02
3.189932844706491011e+01 -2.113755916366734766e+02
3.346126172081581984e+01 -2.113755916366734766e+02
3.502319499456672247e+01 -2.113755916366734766e+02
3.658512826831778852e+01 -2.113755916366734766e+02
3.814706154206869826e+01 -2.113755916366734766e+02
3.970899481581976431e+01 -2.113755916366734766e+02
4.127092808957066694e+01 -2.113755916366734766e+02
4.283286136332157668e+01 -2.113755916366734766e+02
4.439479463707264273e+01 -2.113755916366734766e+02
4.595672791082354536e+01 -2.113755916366734766e+02
4.751866118457461141e+01 -2.113755916366734766e+02
4.908059445832552115e+01 -2.113755916366734766e+02
5.064252773207642377e+01 -2.113755916366734766e+02
5.220446100582748983e+01 -2.113755916366734766e+02
5.376639427957839956e+01 -2.113755916366734766e+02
5.532832755332946562e+01 -2.113755916366734766e+02
5.689026082708037535e+01 -2.113755916366734766e+02
5.845219410083127798e+01 -2.113755916366734766e+02
6.001412737458234403e+01 -2.113755916366734766e+02
6.157606064833325377e+01 -2.113755916366734766e+02
6.313799392208431982e+01 -2.113755916366734766e+02
6.469992719583522955e+01 -2.113755916366734766e+02
6.626186046958612508e+01 -2.113755916366734766e+02
6.782379374333719113e+01 -2.113755916366734766e+02
6.938572701708810087e+01 -2.113755916366734766e+02
7.094766029083916692e+01 -2.113755916366734766e+02
7.250959356459007665e+01 -2.113755916366734766e+02
7.407152683834098639e+01 -2.113755916366734766e+02
7.563346011209205244e+01 -2.113755916366734766e+02
7.719539338584294796e+01 -2.113755916366734766e+02
7.875732665959402823e+01 -2.113755916366734766e+02
8.031925993334492375e+01 -2.113755916366734766e+02
8.188119320709598981e+01 -2.113755916366734766e+02
8.344312648084689954e+01 -2.113755916366734766e+02
8.500505975459780927e+01 -2.113755916366734766e+02
8.656699302834887533e+01 -2.113755916366734766e+02
8.812892630209978506e+01 -2.113755916366734766e+02
8.969085957585085112e+01 -2.113755916366734766e+02
9.125279284960174664e+01 -2.113755916366734766e+02
9.281472612335265637e+01 -2.113755916366734766e+02
9.437665939710372243e+01 -2.113755916366734766e+02
9.593859267085463216e+01 -2.113755916366734766e+02
9.750052594460569821e+01 -2.113755916366734766e+02
9.906245921835660795e+01 -2.113755916366734766e+02
1.006243924921075035e+02 -2.113755916366734766e+02
1.021863257658585837e+02 -2.113755916366734766e+02
1.037482590396094793e+02 -2.113755916366734766e+02
1.053101923133605453e+02 -2.113755916366734766e+02
1.068721255871114550e+02 -2.113755916366734766e+02
1.084340588608623648e+02 -2.113755916366734766e+02
1.099959921346134308e+02 -2.113755916366734766e+02
1.115579254083643406e+02 -2.113755916366734766e+02
1.131198586821154066e+02 -2.113755916366734766e+02
1.146817919558663021e+02 -2.113755916366734766e+02
1.162437252296172119e+02 -2.113755916366734766e+02
1.178056585033682779e+02 -2.113755916366734766e+02
1.193675917771191877e+02 -2.113755916366734766e+02
1.209295250508702537e+02 -2.113755916366734766e+02
1.224914583246211635e+02 -2.113755916366734766e+02
1.240533915983720590e+02 -2.113755916366734766e+02
1.256153248721231392e+02 -2.113755916366734766e+02
1.271772581458740348e+02 -2.113755916366734766e+02
1.287391914196251150e+02 -2.113755916366734766e+02
1.303011246933760106e+02 -2.113755916366734766e+02
1.318630579671269061e+02 -2.113755916366734766e+02
1.334249912408779721e+02 -2.113755916366734766e+02
1.349783268046381863e+02 -2.113226101604686278e+02
1.364601068141150790e+02 -2.108286834906429590e+02
1.379418868235919433e+02 -2.103347568208174039e+02
1.394236668330688360e+02 -2.098408301509917351e+02
1.409054468425457287e+02 -2.093469034811660947e+02
1.423872268520225930e+02 -2.088529768113404259e+02
1.438690068614994857e+02 -2.083590501415147855e+02
1.453507868709763500e+02 -2.078651234716892020e+02
1.468325668804532427e+02 -2.073711968018635616e+02
1.483143468899302775e+02 -2.068772701320378928e+02
1.497961268994071702e+02 -2.063833434622122525e+02
1.512779069088840345e+02 -2.058894167923865837e+02
1.528080329724915032e+02 -2.056934119318873400e+02
1.543699662462425692e+02 -2.056934119318873400e+02
1.559318995199936353e+02 -2.056934119318873400e+02
1.574938327937445308e+02 -2.056934119318873400e+02
1.590557660674954548e+02 -2.056934119318873400e+02
1.606176993412463503e+02 -2.056934119318873400e+02
1.621796326149974163e+02 -2.056934119318873400e+02
1.637415658887484824e+02 -2.056934119318873400e+02
1.653034991624994063e+02 -2.056934119318873400e+02
1.668654324362503019e+02 -2.056934119318873400e+02
1.684273657100011974e+02 -2.056934119318873400e+02
1.699892989837522634e+02 -2.056934119318873400e+02
1.715512322575033295e+02 -2.056934119318873400e+02
1.731131655312542534e+02 -2.056934119318873400e+02
1.746750988050051490e+02 -2.056934119318873400e+02
1.762370320787562150e+02 -2.056934119318873400e+02
1.777989653525071390e+02 -2.056934119318873400e+02
1.793608986262582050e+02 -2.056934119318873400e+02
1.808896807006149174e+02 -2.054891250364532311e+02
1.823714607100917817e+02 -2.049951983666275908e+02
1.838532407195686744e+02 -2.045012716968020072e+02
1.853350207290455671e+02 -2.040073450269763384e+02
1.868168007385226019e+02 -2.035134183571506981e+02
1.882985807479994946e+02 -2.030194916873250293e+02
1.897803607574763589e+02 -2.025255650174994742e+02
1.912621407669532516e+02 -2.020316383476738054e+02
1.927439207764301159e+02 -2.015377116778481650e+02
1.942257007859071791e+02 -2.010437850080224962e+02
1.957074807953840434e+02 -2.005498583381968558e+02
1.971892608048609361e+02 -2.000559316683712723e+02
1.986710408143378004e+02 -1.995620049985456319e+02
2.001528208238146931e+02 -1.990680783287199631e+02
2.016346008332917279e+02 -1.985741516588943227e+02
2.031163808427686206e+02 -1.980802249890687392e+02
2.045981608522454849e+02 -1.975862983192430988e+02
2.060799408617223776e+02 -1.970923716494174300e+02
2.075617208711992703e+02 -1.965984449795918749e+02
2.090435008806761346e+02 -1.961045183097661209e+02
2.105252808901530273e+02 -1.956105916399405658e+02
2.120070608996298915e+02 -1.951166649701148970e+02
2.134888409091069548e+02 -1.946227383002892566e+02
2.149706209185836769e+02 -1.941288116304636731e+02
2.164524009280607117e+02 -1.936348849606380327e+02
2.179341809375375760e+02 -1.931409582908123639e+02
2.194159609470144687e+02 -1.926470316209867235e+02
2.208977409564913614e+02 -1.921531049511611400e+02
2.223795209659682257e+02 -1.916591782813354996e+02
2.238613009754452889e+02 -1.911652516115098308e+02
2.253430809849221532e+02 -1.906713249416841904e+02
2.268248609943990459e+02 -1.901773982718585216e+02
2.283066410038759102e+02 -1.896834716020329381e+02
2.297884210133528029e+02 -1.891895449322072977e+02
2.312702010228298377e+02 -1.886956182623816289e+02
2.327519810323067304e+02 -1.882016915925559886e+02
2.342337610417835947e+02 -1.877077649227304050e+02
2.357155410512604874e+02 -1.872138382529047647e+02
2.371973210607373801e+02 -1.867199115830790959e+02
2.386791010702142444e+02 -1.862259849132534555e+02
2.401608810796911371e+02 -1.857320582434277867e+02
2.416426610891680014e+02 -1.852381315736022316e+02
2.431244410986448941e+02 -1.847442049037765628e+02
2.446062211081217868e+02 -1.842502782339509224e+02
2.460880011175988216e+02 -1.837563515641252536e+02
2.475697811270756858e+02 -1.832624248942996132e+02
2.490833991839579085e+02 -1.829646931127427649e+02
2.506453324577088040e+02 -1.829646931127427649e+02
2.522072657314598700e+02 -1.829646931127427649e+02
2.537691990052107940e+02 -1.829646931127427649e+02
2.553311322789618600e+02 -1.829646931127427649e+02
2.568930655527127556e+02 -1.829646931127427649e+02
2.584549988264636795e+02 -1.829646931127427649e+02
2.600169321002147171e+02 -1.829646931127427649e+02
2.615788653739656411e+02 -1.829646931127427649e+02
2.631407986477166787e+02 -1.829646931127427649e+02
2.647027319214676027e+02 -1.829646931127427649e+02
2.662259134078003626e+02 -1.827258938388442857e+02
2.677076934172773690e+02 -1.822319671690186453e+02
2.691894734267542617e+02 -1.817380404991929765e+02
2.706712534362311544e+02 -1.812441138293673362e+02
2.721530334457080471e+02 -1.807501871595416674e+02
2.736348134551849398e+02 -1.802562604897160838e+02
2.751165934646619462e+02 -1.797623338198904435e+02
2.765983734741388389e+02 -1.792684071500647747e+02
2.780801534836157316e+02 -1.787744804802391343e+02
2.795619334930926243e+02 -1.782805538104135508e+02
2.810437135025694602e+02 -1.777866271405879104e+02
2.825254935120463529e+02 -1.772927004707622416e+02
2.840072735215232456e+02 -1.767987738009366012e+02
2.854890535310001383e+02 -1.763048471311110177e+02
2.869708335404770310e+02 -1.758109204612853773e+02
2.884526135499538668e+02 -1.753169937914597085e+02
2.899343935594309301e+02 -1.748230671216340681e+02
2.914161735689078228e+02 -1.743291404518083993e+02
2.928979535783847155e+02 -1.738352137819828442e+02
2.943797335878615513e+02 -1.733412871121571754e+02
2.958615135973384440e+02 -1.728473604423315351e+02
2.973432936068155072e+02 -1.723534337725058663e+02
2.988250736162923999e+02 -1.718595071026802259e+02
3.002665763322060002e+02 -1.712683424444783213e+02
3.016636119227763402e+02 -1.705698246491931513e+02
3.030606475133467370e+02 -1.698713068539079529e+02
3.044576831039171338e+02 -1.691727890586227545e+02
3.058547186944875307e+02 -1.684742712633375845e+02
3.072517542850578707e+02 -1.677757534680523861e+02
3.086487898756282675e+02 -1.670772356727671877e+02
3.100458254661986643e+02 -1.663787178774819893e+02
3.114717297076322780e+02 -1.657498951706382400e+02
3.129535097171091138e+02 -1.652559685008125996e+02
3.144352897265860065e+02 -1.647620418309870161e+02
3.159170697360628992e+02 -1.642681151611613473e+02
3.173988497455397919e+02 -1.637741884913357069e+02
3.188806297550167983e+02 -1.632802618215100381e+02
3.203624097644936910e+02 -1.627863351516843977e+02
3.218441897739705837e+02 -1.622924084818588142e+02
3.233259697834474764e+02 -1.617984818120331738e+02
3.248077497929243691e+02 -1.613045551422075050e+02
3.262895298024013755e+02 -1.608106284723818646e+02
3.277713098118782682e+02 -1.603167018025561958e+02
3.291821960532726052e+02 -1.596516224363380729e+02
3.305792316438430021e+02 -1.589531046410529029e+02
3.319762672344133989e+02 -1.582545868457677045e+02
3.333733028249837957e+02 -1.575560690504825061e+02
3.347703384155541357e+02 -1.568575512551973361e+02
3.361673740061245326e+02 -1.561590334599121377e+02
3.375644095966949294e+02 -1.554605156646269393e+02
3.389614451872652694e+02 -1.547619978693417409e+02
3.404414932699352789e+02 -1.542878842084094515e+02
3.419567911211921114e+02 -1.539090597455951865e+02
3.434720889724491144e+02 -1.535302352827809500e+02
3.449873868237060606e+02 -1.531514108199667135e+02
3.465026846749628930e+02 -1.527725863571524485e+02
3.480179825262200666e+02 -1.523937618943382120e+02
3.495332803774768990e+02 -1.520149374315239470e+02
3.510485782287338452e+02 -1.516361129687097957e+02
3.525638760799906777e+02 -1.512572885058955308e+02
3.540791739312476807e+02 -1.508784640430812942e+02
3.555944717825046837e+02 -1.504996395802670577e+02
3.571097696337616298e+02 -1.501208151174527927e+02
3.586250674850186329e+02 -1.497419906546385562e+02
3.601403653362754653e+02 -1.493631661918243196e+02
3.616556631875324683e+02 -1.489843417290101399e+02
3.632037191525077446e+02 -1.488716148840258882e+02
3.647656524262588391e+02 -1.488716148840258882e+02
3.663275857000097062e+02 -1.488716148840258882e+02
3.678788805388834362e+02 -1.488265497507119051e+02
3.692759161294538330e+02 -1.481280319554267066e+02
3.706729517200243436e+02 -1.474295141601414514e+02
3.720699873105947404e+02 -1.467309963648562530e+02
3.734670229011651372e+02 -1.460324785695710545e+02
3.748640584917354772e+02 -1.453339607742858561e+02
3.762610940823057035e+02 -1.446354429790007714e+02
3.776581296728762709e+02 -1.439369251837154877e+02
3.790551652634466109e+02 -1.432384073884302893e+02
3.806055377668203050e+02 -1.431894351792397515e+02
3.821674710405712290e+02 -1.431894351792397515e+02
3.837294043143221529e+02 -1.431894351792397515e+02
3.852913375880731905e+02 -1.431894351792397515e+02
3.868532708618241145e+02 -1.431894351792397515e+02
3.884152041355751521e+02 -1.431894351792397515e+02
3.899771374093260761e+02 -1.431894351792397515e+02
3.915390706830771705e+02 -1.431894351792397515e+02
3.931010039568280376e+02 -1.431894351792397515e+02
3.946629372305789616e+02 -1.431894351792397515e+02
3.962248705043298855e+02 -1.431894351792397515e+02
3.977868037780807526e+02 -1.431894351792397515e+02
3.993487370518320176e+02 -1.431894351792397515e+02
4.009106703255828847e+02 -1.431894351792397515e+02
4.024726035993338087e+02 -1.431894351792397515e+02
4.040345368730847326e+02 -1.431894351792397515e+02
4.055964701468355997e+02 -1.431894351792397515e+02
4.071584034205868647e+02 -1.431894351792397515e+02
4.087203366943377318e+02 -1.431894351792397515e+02
4.102822699680886558e+02 -1.431894351792397515e+02
4.118442032418395797e+02 -1.431894351792397515e+02
4.134061365155904468e+02 -1.431894351792397515e+02
4.149680697893417118e+02 -1.431894351792397515e+02
4.165300030630925789e+02 -1.431894351792397515e+02
4.180919363368435029e+02 -1.431894351792397515e+02
4.196538696105944268e+02 -1.431894351792397515e+02
4.212158028843452939e+02 -1.431894351792397515e+02
4.227777361580965589e+02 -1.431894351792397515e+02
4.243396694318474829e+02 -1.431894351792397515e+02
4.259016027055983500e+02 -1.431894351792397515e+02
4.274635359793492739e+02 -1.431894351792397515e+02
4.290254692531001979e+02 -1.431894351792397515e+02
4.305874025268514060e+02 -1.431894351792397515e+02
4.321493358006023300e+02 -1.431894351792397515e+02
4.337112690743531971e+02 -1.431894351792397515e+02
4.352732023481041210e+02 -1.431894351792397515e+02
4.368351356218550450e+02 -1.431894351792397515e+02
4.383970688956062531e+02 -1.431894351792397515e+02
4.399590021693571771e+02 -1.431894351792397515e+02
4.415209354431080442e+02 -1.431894351792397515e+02
4.430828687168589681e+02 -1.431894351792397515e+02
4.446448019906098921e+02 -1.431894351792397515e+02
4.462067352643611002e+02 -1.431894351792397515e+02
4.477686685381120242e+02 -1.431894351792397515e+02
4.493306018118628913e+02 -1.431894351792397515e+02
4.508925350856138152e+02 -1.431894351792397515e+02
4.524544683593647392e+02 -1.431894351792397515e+02
4.540164016331159473e+02 -1.431894351792397515e+02
4.555783349068668713e+02 -1.431894351792397515e+02
4.571402681806177952e+02 -1.431894351792397515e+02
4.587022014543686623e+02 -1.431894351792397515e+02
4.602641347281195863e+02 -1.431894351792397515e+02
4.618260680018707944e+02 -1.431894351792397515e+02
4.633880012756217184e+02 -1.431894351792397515e+02
4.647847049041125729e+02 -1.435883348297325028e+02
4.658891585137428706e+02 -1.446927884393626869e+02
4.669936121233731114e+02 -1.457972420489928993e+02
4.680980657330034092e+02 -1.469016956586230833e+02
4.692025193426336500e+02 -1.480061492682534379e+02
4.703069729522636067e+02 -1.491106028778836219e+02
4.714114265618939044e+02 -1.502150564875138059e+02
4.725158801715241452e+02 -1.513195100971439899e+02
4.736203337811544429e+02 -1.524239637067742024e+02
4.747247873907846838e+02 -1.535284173164044716e+02
4.758292410004146404e+02 -1.546328709260345704e+02
4.769336946100449381e+02 -1.557373245356648397e+02
4.780381482196751790e+02 -1.568417781452951090e+02
4.791426018293054767e+02 -1.579462317549252077e+02
4.802470554389357176e+02 -1.590506853645555054e+02
4.813515090485656742e+02 -1.601551389741856042e+02
4.824559626581959719e+02 -1.612595925838158735e+02
4.835604162678262128e+02 -1.623640461934462280e+02
4.846648698774565105e+02 -1.634684998030763268e+02
4.857693234870867514e+02 -1.645729534127065961e+02
4.868737770967167080e+02 -1.656774070223367232e+02
4.879782307063470057e+02 -1.667818606319669925e+02
4.890826843159775876e+02 -1.678863142415972618e+02
4.901871379256075443e+02 -1.689907678512273606e+02
4.912915915352377851e+02 -1.700952214608576298e+02
4.923960451448680828e+02 -1.711996750704877570e+02
4.927967037775506469e+02 -1.725956501046997857e+02
4.927967037775506469e+02 -1.741575833784508518e+02
4.927967037775506469e+02 -1.757195166522016621e+02
4.927967037775506469e+02 -1.772814499259527281e+02
4.934947459692249936e+02 -1.786785977913055490e+02
4.941932637645101636e+02 -1.800756333818760027e+02
4.948917815597956746e+02 -1.814726689724464848e+02
4.955902993550805604e+02 -1.828697045630166826e+02
4.962888171503660715e+02 -1.842667401535871647e+02
4.969873349456509004e+02 -1.856637757441574479e+02
4.976858527409361272e+02 -1.870608113347279016e+02
4.983843705362216383e+02 -1.884578469252983837e+02
4.984788834823367552e+02 -1.899974687190122609e+02
4.984788834823367552e+02 -1.915594019927633269e+02
4.984788834823367552e+02 -1.931213352665141372e+02
4.984788834823367552e+02 -1.946832685402652032e+02
4.984788834823367552e+02 -1.962452018140162693e+02
4.984788834823367552e+02 -1.978071350877671080e+02
4.984788834823367552e+02 -1.993690683615181740e+02
4.991292586679800820e+02 -2.006616074127445870e+02
5.002337122776103229e+02 -2.017660610223748563e+02
5.013381658872406206e+02 -2.028705146320051256e+02
5.024426194968708614e+02 -2.039749682416352243e+02
5.035470731065011591e+02 -2.050794218512654936e+02
5.041610631871229202e+02 -2.063870321064602251e+02
5.041610631871229202e+02 -2.079489653802112912e+02
5.041610631871229202e+02 -2.095108986539623572e+02
5.041610631871229202e+02 -2.110728319277131675e+02
5.041610631871229202e+02 -2.126347652014642335e+02
5.041610631871229202e+02 -2.141966984752150722e+02
5.041610631871229202e+02 -2.157586317489661383e+02
5.042785880941926848e+02 -2.172928211555994267e+02
5.049771058894779117e+02 -2.186898567461696530e+02
5.056756236847630817e+02 -2.200868923367401919e+02
5.063741414800482517e+02 -2.214839279273104182e+02
5.070726592753334785e+02 -2.228809635178808719e+02
5.077711770706186485e+02 -2.242779991084513256e+02
5.084696948659038185e+02 -2.256750346990216372e+02
5.091682126611890453e+02 -2.270720702895920908e+02
5.098432428919090853e+02 -2.284746505420256426e+02
5.098432428919090853e+02 -2.300365838157767087e+02
5.098432428919090853e+02 -2.315985170895277747e+02
5.098432428919090853e+02 -2.331604503632786134e+02
5.098432428919090853e+02 -2.347223836370296794e+02
5.098432428919090853e+02 -2.362843169107805181e+02
5.098432428919090853e+02 -2.378462501845315842e+02
5.098432428919090853e+02 -2.394081834582826502e+02
5.098432428919090853e+02 -2.409701167320334605e+02
5.098432428919090853e+02 -2.425320500057845265e+02
5.098432428919090853e+02 -2.440939832795353652e+02
5.098432428919090853e+02 -2.456559165532864313e+02
5.098432428919090853e+02 -2.472178498270374973e+02
5.098432428919090853e+02 -2.487797831007883076e+02
5.098432428919090853e+02 -2.503417163745393736e+02
5.098432428919090853e+02 -2.519036496482902123e+02
5.098432428919090853e+02 -2.534655829220412784e+02
5.098432428919090853e+02 -2.550275161957923444e+02
5.098432428919090853e+02 -2.565894494695431831e+02
5.098432428919090853e+02 -2.581513827432942207e+02
5.098432428919090853e+02 -2.597133160170450878e+02
5.098432428919090853e+02 -2.612752492907961255e+02
5.096155731867351619e+02 -2.627428786849226867e+02
5.085111195771052053e+02 -2.638473322945528139e+02
5.074066659674749644e+02 -2.649517859041830548e+02
5.063022123578446667e+02 -2.660562395138131819e+02
5.051977587482144259e+02 -2.671606931234434228e+02
5.040933051385841281e+02 -2.682651467330737205e+02
5.029888515289538873e+02 -2.693696003427037908e+02
5.018843979193235896e+02 -2.704740539523340885e+02
5.007799443096936329e+02 -2.715785075619642157e+02
4.996754907000633921e+02 -2.726829611715945703e+02
4.985710370904330944e+02 -2.737874147812248111e+02
4.970472750909774504e+02 -2.738795683893210935e+02
4.954853418172262423e+02 -2.738795683893210935e+02
4.939234085434753183e+02 -2.738795683893210935e+02
4.923614752697244512e+02 -2.738795683893210935e+02
4.907995419959731862e+02 -2.738795683893210935e+02
4.892376087222226033e+02 -2.738795683893210935e+02
4.876756754484713952e+02 -2.738795683893210935e+02
4.861137421747204712e+02 -2.738795683893210935e+02
4.845518089009696041e+02 -2.738795683893210935e+02
4.829898756272183391e+02 -2.738795683893210935e+02
4.814279423534677562e+02 -2.738795683893210935e+02
4.798660090797165481e+02 -2.738795683893210935e+02
4.783040758059656241e+02 -2.738795683893210935e+02
4.767421425322147570e+02 -2.738795683893210935e+02
4.751802092584634920e+02 -2.738795683893210935e+02
4.736182759847126249e+02 -2.738795683893210935e+02
4.720563427109617010e+02 -2.738795683893210935e+02
4.704944094372104360e+02 -2.738795683893210935e+02
4.689324761634598531e+02 -2.738795683893210935e+02
4.673705428897086449e+02 -2.738795683893210935e+02
4.658086096159577210e+02 -2.738795683893210935e+02
4.642613645721978060e+02 -2.739417887300321013e+02
4.628643289816274091e+02 -2.746403065253173850e+02
4.614672933910570123e+02 -2.753388243206024981e+02
4.600702578004866723e+02 -2.760373421158877250e+02
4.586732222099162755e+02 -2.767358599111728950e+02
4.572761866193458786e+02 -2.774343777064580649e+02
4.558791510287755386e+02 -2.781328955017433486e+02
4.544821154382051418e+02 -2.788314132970284618e+02
4.530850798476347450e+02 -2.795299310923136318e+02
4.515306575491474632e+02 -2.795617480941072017e+02
4.499687242753962551e+02 -2.795617480941072017e+02
4.484067910016453311e+02 -2.795617480941072017e+02
4.468448577278944640e+02 -2.795617480941072017e+02
4.452829244541431990e+02 -2.795617480941072017e+02
4.437209911803926161e+02 -2.795617480941072017e+02
4.421590579066414080e+02 -2.795617480941072017e+02
4.405971246328904840e+02 -2.795617480941072017e+02
4.390351913591396169e+02 -2.795617480941072017e+02
4.374732580853883519e+02 -2.795617480941072017e+02
4.359113248116377690e+02 -2.795617480941072017e+02
4.343493915378865609e+02 -2.795617480941072017e+02
4.327874582641356369e+02 -2.795617480941072017e+02
4.312255249903847130e+02 -2.795617480941072017e+02
4.296635917166335048e+02 -2.795617480941072017e+02
4.281016584428829219e+02 -2.795617480941072017e+02
4.265397251691317138e+02 -2.795617480941072017e+02
4.249777918953807898e+02 -2.795617480941072017e+02
4.234158586216298659e+02 -2.795617480941072017e+02
4.218539253478786577e+02 -2.795617480941072017e+02
4.202919920741280748e+02 -2.795617480941072017e+02
4.187300588003768667e+02 -2.795617480941072017e+02
4.171681255266259427e+02 -2.795617480941072017e+02
4.156061922528750188e+02 -2.795617480941072017e+02
4.140442589791238106e+02 -2.795617480941072017e+02
4.124823257053732277e+02 -2.795617480941072017e+02
4.109203924316220196e+02 -2.795617480941072017e+02
4.093584591578710956e+02 -2.795617480941072017e+02
4.077965258841201717e+02 -2.795617480941072017e+02
4.062345926103689635e+02 -2.795617480941072017e+02
4.046726593366183806e+02 -2.795617480941072017e+02
4.031107260628671156e+02 -2.795617480941072017e+02
4.015487927891162485e+02 -2.795617480941072017e+02
3.999868595153653246e+02 -2.795617480941072017e+02
3.984249262416141164e+02 -2.795617480941072017e+02
3.968629929678635335e+02 -2.795617480941072017e+02
3.953010596941122685e+02 -2.795617480941072017e+02
3.937391264203614014e+02 -2.795617480941072017e+02
3.921771931466104775e+02 -2.795617480941072017e+02
3.906152598728592693e+02 -2.795617480941072017e+02
3.890533265991085159e+02 -2.795617480941072017e+02
3.874913933253574214e+02 -2.795617480941072017e+02
3.859294600516063838e+02 -2.795617480941072017e+02
3.843675267778556304e+02 -2.795617480941072017e+02
3.828055935041045359e+02 -2.795617480941072017e+02
3.812436602303536688e+02 -2.795617480941072017e+02
3.796817269566025743e+02 -2.795617480941072017e+02
3.781197936828515367e+02 -2.795617480941072017e+02
3.765578604091007833e+02 -2.795617480941072017e+02
3.749959271353496888e+02 -2.795617480941072017e+02
3.734339938615988217e+02 -2.795617480941072017e+02
3.718720605878477272e+02 -2.795617480941072017e+02
3.703101273140966896e+02 -2.795617480941072017e+02
3.687481940403459362e+02 -2.795617480941072017e+02
3.671862607665948417e+02 -2.795617480941072017e+02
3.656243274928439746e+02 -2.795617480941072017e+02
3.640623942190928801e+02 -2.795617480941072017e+02
3.625004609453418425e+02 -2.795617480941072017e+02
3.609385276715910891e+02 -2.795617480941072017e+02
3.593765943978399946e+02 -2.795617480941072017e+02
3.578146611240890707e+02 -2.795617480941072017e+02
3.562615370299782285e+02 -2.796160327050088767e+02
3.547797570205011652e+02 -2.801099593748345455e+02
3.532979770110244431e+02 -2.806038860446601007e+02
3.518161970015473798e+02 -2.810978127144858263e+02
3.503344169920707145e+02 -2.815917393843113814e+02
3.488526369825936513e+02 -2.820856660541370502e+02
3.473708569731165881e+02 -2.825795927239627190e+02
3.458890769636398659e+02 -2.830735193937882741e+02
3.444072969541628595e+02 -2.835674460636139429e+02
3.429255169446861373e+02 -2.840613727334396117e+02
3.414437369352090741e+02 -2.845552994032652236e+02
3.399619569257321814e+02 -2.850492260730908924e+02
3.384316193924752270e+02 -2.852439277988933668e+02
3.368696861187241893e+02 -2.852439277988933668e+02
3.353077528449734359e+02 -2.852439277988933668e+02
3.337458195712223983e+02 -2.852439277988933668e+02
3.321838862974713038e+02 -2.852439277988933668e+02
3.306219530237203799e+02 -2.852439277988933668e+02
3.290600197499693422e+02 -2.852439277988933668e+02
3.274980864762185888e+02 -2.852439277988933668e+02
3.259361532024675512e+02 -2.852439277988933668e+02
3.243742199287164567e+02 -2.852439277988933668e+02
3.228122866549655328e+02 -2.852439277988933668e+02
3.212503533812144951e+02 -2.852439277988933668e+02
3.196884201074637417e+02 -2.852439277988933668e+02
3.181264868337126472e+02 -2.852439277988933668e+02
3.165645535599616096e+02 -2.852439277988933668e+02
3.150026202862106857e+02 -2.852439277988933668e+02
3.134406870124596480e+02 -2.852439277988933668e+02
3.118787537387088946e+02 -2.852439277988933668e+02
3.103168204649578001e+02 -2.852439277988933668e+02
3.087548871912067625e+02 -2.852439277988933668e+02
3.071929539174558386e+02 -2.852439277988933668e+02
3.056310206437048009e+02 -2.852439277988933668e+02
3.040690873699540475e+02 -2.852439277988933668e+02
3.025071540962029530e+02 -2.852439277988933668e+02
3.009452208224519154e+02 -2.852439277988933668e+02
2.993832875487009915e+02 -2.852439277988933668e+02
2.978213542749499538e+02 -2.852439277988933668e+02
2.962594210011992004e+02 -2.852439277988933668e+02
2.946974877274481059e+02 -2.852439277988933668e+02
2.931355544536970683e+02 -2.852439277988933668e+02
2.915736211799461444e+02 -2.852439277988933668e+02
2.900116879061950499e+02 -2.852439277988933668e+02
2.884497546324443533e+02 -2.852439277988933668e+02
2.868878213586932588e+02 -2.852439277988933668e+02
2.853258880849422212e+02 -2.852439277988933668e+02
2.837639548111912973e+02 -2.852439277988933668e+02
2.822020215374402028e+02 -2.852439277988933668e+02
2.806400882636895062e+02 -2.852439277988933668e+02
2.790781549899384117e+02 -2.852439277988933668e+02
2.775162217161873741e+02 -2.852439277988933668e+02
2.759542884424364502e+02 -2.852439277988933668e+02
2.743923551686853557e+02 -2.852439277988933668e+02
2.728304218949346023e+02 -2.852439277988933668e+02
2.712684886211835646e+02 -2.852439277988933668e+02
2.697065553474324702e+02 -2.852439277988933668e+02
2.681446220736816031e+02 -2.852439277988933668e+02
2.665826887999305086e+02 -2.852439277988933668e+02
2.650207555261797552e+02 -2.852439277988933668e+02
2.634588222524287175e+02 -2.852439277988933668e+02
2.618968889786776231e+02 -2.852439277988933668e+02
2.603349557049267560e+02 -2.852439277988933668e+02
2.587730224311756615e+02 -2.852439277988933668e+02
2.572110891574249081e+02 -2.852439277988933668e+02
2.556491558836738704e+02 -2.852439277988933668e+02
2.540872226099226339e+02 -2.852439277988933668e+02
2.525252893361718804e+02 -2.852439277988933668e+02
2.509633560624208144e+02 -2.852439277988933668e+02
2.494014227886700610e+02 -2.852439277988933668e+02
2.478581052766418509e+02 -2.853951455976695115e+02
2.463428074253848763e+02 -2.857739700604837481e+02
2.448275095741280438e+02 -2.861527945232979846e+02
2.433122117228708987e+02 -2.865316189861122211e+02
2.417969138716142368e+02 -2.869104434489264008e+02
2.402816160203570917e+02 -2.872892679117406374e+02
2.387663181691000887e+02 -2.876680923745549876e+02
2.372510203178432562e+02 -2.880469168373691673e+02
2.357357224665862816e+02 -2.884257413001834038e+02
2.342204246153294491e+02 -2.888045657629976404e+02
2.327051267640723040e+02 -2.891833902258118769e+02
2.311898289128153010e+02 -2.895622146886261135e+02
2.296745310615584970e+02 -2.899410391514402932e+02
2.281592332103014940e+02 -2.903198636142546434e+02
2.266439353590446615e+02 -2.906986880770688231e+02
2.251099986960840909e+02 -2.909261075036795319e+02
2.235480654223330248e+02 -2.909261075036795319e+02
2.219861321485822714e+02 -2.909261075036795319e+02
2.204241988748312053e+02 -2.909261075036795319e+02
2.188622656010803098e+02 -2.909261075036795319e+02
2.173003323273292438e+02 -2.909261075036795319e+02
2.157383990535781777e+02 -2.909261075036795319e+02
2.141764657798274243e+02 -2.909261075036795319e+02
2.126145325060763582e+02 -2.909261075036795319e+02
2.110525992323254627e+02 -2.909261075036795319e+02
2.094906659585743967e+02 -2.909261075036795319e+02
2.079287326848233306e+02 -2.909261075036795319e+02
2.063667994110725772e+02 -2.909261075036795319e+02
2.048048661373215111e+02 -2.909261075036795319e+02
2.032429328635705872e+02 -2.909261075036795319e+02
2.016809995898195211e+02 -2.909261075036795319e+02
2.001190663160684551e+02 -2.909261075036795319e+02
1.985571330423177301e+02 -2.909261075036795319e+02
1.969951997685666640e+02 -2.909261075036795319e+02
1.954332664948157401e+02 -2.909261075036795319e+02
1.938713332210646740e+02 -2.909261075036795319e+02
1.923093999473136080e+02 -2.909261075036795319e+02
1.907474666735628830e+02 -2.909261075036795319e+02
1.891855333998117885e+02 -2.909261075036795319e+02
1.876236001260608930e+02 -2.909261075036795319e+02
1.860616668523098269e+02 -2.909261075036795319e+02
1.844997335785587609e+02 -2.909261075036795319e+02
1.829378003048080075e+02 -2.909261075036795319e+02
1.813758670310569414e+02 -2.909261075036795319e+02
1.798139337573060459e+02 -2.909261075036795319e+02
1.782520004835549798e+02 -2.909261075036795319e+02
1.766900672098039138e+02 -2.909261075036795319e+02
1.751281339360531604e+02 -2.909261075036795319e+02
1.735662006623020943e+02 -2.909261075036795319e+02
1.720042673885511988e+02 -2.909261075036795319e+02
1.704423341148001327e+02 -2.909261075036795319e+02
1.688804008410490667e+02 -2.909261075036795319e+02
1.673184675672983133e+02 -2.909261075036795319e+02
1.657565342935472472e+02 -2.909261075036795319e+02
1.641946010197963517e+02 -2.909261075036795319e+02
1.626326677460452856e+02 -2.909261075036795319e+02
1.610707344722942196e+02 -2.909261075036795319e+02
1.595088011985434662e+02 -2.909261075036795319e+02
1.579468679247924001e+02 -2.909261075036795319e+02
1.563849346510414762e+02 -2.909261075036795319e+02
1.548230013772904101e+02 -2.909261075036795319e+02
1.532610681035393441e+02 -2.909261075036795319e+02
1.516991348297886191e+02 -2.909261075036795319e+02
1.501372015560375530e+02 -2.909261075036795319e+02
1.485752682822866291e+02 -2.909261075036795319e+02
1.470133350085355630e+02 -2.909261075036795319e+02
1.454514017347844970e+02 -2.909261075036795319e+02
1.438894684610337720e+02 -2.909261075036795319e+02
1.423275351872826775e+02 -2.909261075036795319e+02
1.407656019135317820e+02 -2.909261075036795319e+02
1.392036686397807159e+02 -2.909261075036795319e+02
1.376417353660296499e+02 -2.909261075036795319e+02
1.360798020922788965e+02 -2.909261075036795319e+02
1.345178688185278304e+02 -2.909261075036795319e+02
1.329559355447769349e+02 -2.909261075036795319e+02
1.313940022710258688e+02 -2.909261075036795319e+02
1.298320689972748028e+02 -2.909261075036795319e+02
1.282768313213918248e+02 -2.910336539224101671e+02
1.267269594889456528e+02 -2.912273879014659883e+02
1.251770876564997934e+02 -2.914211218805217527e+02
1.236272158240536214e+02 -2.916148558595774603e+02
1.220773439916074352e+02 -2.918085898386332815e+02
1.205274721591615759e+02 -2.920023238176889890e+02
1.189776003267154039e+02 -2.921960577967447534e+02
1.174277284942695445e+02 -2.923897917758004610e+02
1.158778566618233725e+02 -2.925835257548562822e+02
1.143279848293772005e+02 -2.927772597339119898e+02
1.127781129969313412e+02 -2.929709937129677542e+02
1.112282411644851550e+02 -2.931647276920235754e+02
1.096783693320393098e+02 -2.933584616710792830e+02
1.081284974995931236e+02 -2.935521956501350473e+02
1.065786256671469516e+02 -2.937459296291908117e+02
1.050287538347010923e+02 -2.939396636082465761e+02
1.034788820022549203e+02 -2.941333975873022837e+02
1.019290101698090609e+02 -2.943271315663580481e+02
1.003791383373628889e+02 -2.945208655454138125e+02
9.882926650491687326e+01 -2.947145995244695769e+02
9.727939467247085759e+01 -2.949083335035252844e+02
9.572952284002484191e+01 -2.951020674825811057e+02
9.417965100757882624e+01 -2.952958014616368700e+02
9.262977917513279635e+01 -2.954895354406925776e+02
9.107990734268662436e+01 -2.956832694197483988e+02
8.953003551024076501e+01 -2.958770033988041064e+02
8.798016367779459301e+01 -2.960707373778598708e+02
8.643029184534873366e+01 -2.962644713569155783e+02
8.488042001290256167e+01 -2.964582053359713996e+02
8.332783049859338576e+01 -2.966082872084656401e+02
8.176589722484264655e+01 -2.966082872084656401e+02
8.020396395109158050e+01 -2.966082872084656401e+02
7.864203067734067076e+01 -2.966082872084656401e+02
7.708009740358960471e+01 -2.966082872084656401e+02
7.551816412983853866e+01 -2.966082872084656401e+02
7.395623085608778524e+01 -2.966082872084656401e+02
7.239429758233671919e+01 -2.966082872084656401e+02
7.083236430858582366e+01 -2.966082872084656401e+02
6.927043103483475761e+01 -2.966082872084656401e+02
6.770849776108369156e+01 -2.966082872084656401e+02
6.614656448733293814e+01 -2.966082872084656401e+02
6.458463121358187209e+01 -2.966082872084656401e+02
6.302269793983096946e+01 -2.966082872084656401e+02
6.146076466607990341e+01 -2.966082872084656401e+02
5.989883139232883025e+01 -2.966082872084656401e+02
5.833689811857809104e+01 -2.966082872084656401e+02
5.677496484482701788e+01 -2.966082872084656401e+02
5.521303157107611526e+01 -2.966082872084656401e+02
5.365109829732504920e+01 -2.966082872084656401e+02
5.208916502357398315e+01 -2.966082872084656401e+02
5.052723174982323684e+01 -2.966082872084656401e+02
4.896529847607217079e+01 -2.966082872084656401e+02
4.740336520232126105e+01 -2.966082872084656401e+02
4.584143192857019500e+01 -2.966082872084656401e+02
4.427949865481912894e+01 -2.966082872084656401e+02
4.271756538106838264e+01 -2.966082872084656401e+02
4.115563210731715316e+01 -2.966082872084656401e+02
3.959369883356641395e+01 -2.966082872084656401e+02
3.803176555981534790e+01 -2.966082872084656401e+02
3.646983228606427474e+01 -2.966082872084656401e+02
3.490789901231353554e+01 -2.966082872084656401e+02
3.334596573856230606e+01 -2.966082872084656401e+02
3.178403246481155975e+01 -2.966082872084656401e+02
3.022209919106049369e+01 -2.966082872084656401e+02
2.866016591730942409e+01 -2.966082872084656401e+02
2.709823264355868133e+01 -2.966082872084656401e+02
2.553629936980745185e+01 -2.966082872084656401e+02
2.397436609605670910e+01 -2.966082872084656401e+02
2.241243282230563949e+01 -2.966082872084656401e+02
2.085049954855457344e+01 -2.966082872084656401e+02
1.928856627480366726e+01 -2.966082872084656401e+02
1.772663300105260120e+01 -2.966082872084656401e+02
1.616469972730185489e+01 -2.966082872084656401e+02
1.460276645355078884e+01 -2.966082872084656401e+02
1.304083317979972101e+01 -2.966082872084656401e+02
1.147889990604897825e+01 -2.966082872084656401e+02
9.916966632297748774e+00 -2.966082872084656401e+02
8.355033358547004241e+00 -2.966082872084656401e+02
6.793100084795937299e+00 -2.966082872084656401e+02
5.231166811044870357e+00 -2.966082872084656401e+02
3.669233537293964176e+00 -2.966082872084656401e+02
2.107300263542896790e+00 -2.966082872084656401e+02
5.453669897921527010e-01 -2.966082872084656401e+02
-1.016566283958914685e+00 -2.966082872084656401e+02
-2.578499557709982071e+00 -2.966082872084656401e+02
-4.140432831460887364e+00 -2.966082872084656401e+02
-5.702366105211955194e+00 -2.966082872084656401e+02
-7.264299378962698839e+00 -2.966082872084656401e+02
-8.826232652713766669e+00 -2.966082872084656401e+02
-1.038816592646483450e+01 -2.966082872084656401e+02
-1.195009920021573890e+01 -2.966082872084656401e+02
-1.351203247396680673e+01 -2.966082872084656401e+02
-1.507396574771755127e+01 -2.966082872084656401e+02
-1.663589902146861732e+01 -2.966082872084656401e+02
-1.819783229521968693e+01 -2.966082872084656401e+02
-1.975976556897058956e+01 -2.966082872084656401e+02
-2.132169884272165916e+01 -2.966082872084656401e+02
-2.288363211647240192e+01 -2.966082872084656401e+02
-2.444556539022347152e+01 -2.966082872084656401e+02
-2.600749866397453758e+01 -2.966082872084656401e+02
-2.756943193772544376e+01 -2.966082872084656401e+02
-2.913136521147650981e+01 -2.966082872084656401e+02
-3.069329848522725612e+01 -2.966082872084656401e+02
-3.225523175897831862e+01 -2.966082872084656401e+02
-3.381716503272939178e+01 -2.966082872084656401e+02
-3.537909830648029441e+01 -2.966082872084656401e+02
-3.694103158023136046e+01 -2.966082872084656401e+02
-3.850296485398210677e+01 -2.966082872084656401e+02
-4.006489812773317283e+01 -2.966082872084656401e+02
-4.162683140148423888e+01 -2.966082872084656401e+02
-4.318876467523514862e+01 -2.966082872084656401e+02
-4.475069794898621467e+01 -2.966082872084656401e+02
-4.631263122273696098e+01 -2.966082872084656401e+02
-4.787456449648802703e+01 -2.966082872084656401e+02
-4.943649777023909309e+01 -2.966082872084656401e+02
-5.099843104398999571e+01 -2.966082872084656401e+02
-5.256036431774106887e+01 -2.966082872084656401e+02
-5.412229759149180808e+01 -2.966082872084656401e+02
-5.568423086524287413e+01 -2.966082872084656401e+02
-5.724616413899394729e+01 -2.966082872084656401e+02
-5.880809741274484992e+01 -2.966082872084656401e+02
-6.037003068649591597e+01 -2.966082872084656401e+02
-6.193196396024698203e+01 -2.966082872084656401e+02
-6.349389723399772834e+01 -2.966082872084656401e+02
-6.505583050774879439e+01 -2.966082872084656401e+02
-6.661776378149970412e+01 -2.966082872084656401e+02
-6.817969705525077018e+01 -2.966082872084656401e+02
-6.974163032900183623e+01 -2.966082872084656401e+02
-7.130356360275257543e+01 -2.966082872084656401e+02
-7.286549687650364149e+01 -2.966082872084656401e+02
-7.442743015025455122e+01 -2.966082872084656401e+02
-7.598936342400561728e+01 -2.966082872084656401e+02
-7.755129669775668333e+01 -2.966082872084656401e+02
-7.911322997150743674e+01 -2.966082872084656401e+02
-8.067516324525850280e+01 -2.966082872084656401e+02
-8.223709651900941253e+01 -2.966082872084656401e+02
-8.379902979276047859e+01 -2.966082872084656401e+02
-8.536096306651154464e+01 -2.966082872084656401e+02
-8.692289634026228384e+01 -2.966082872084656401e+02
-8.848482961401334990e+01 -2.966082872084656401e+02
-9.004676288776425963e+01 -2.966082872084656401e+02
-9.160869616151532568e+01 -2.966082872084656401e+02
-9.317062943526639174e+01 -2.966082872084656401e+02
-9.473256270901713094e+01 -2.966082872084656401e+02
-9.629449598276819700e+01 -2.966082872084656401e+02
-9.785642925651910673e+01 -2.966082872084656401e+02
-9.941836253027017278e+01 -2.966082872084656401e+02
-1.009802958040212388e+02 -2.966082872084656401e+02
-1.025422290777719923e+02 -2.966082872084656401e+02
-1.041041623515230583e+02 -2.966082872084656401e+02
-1.056660956252739680e+02 -2.966082872084656401e+02
-1.072280288990250341e+02 -2.966082872084656401e+02
-1.087899621727761001e+02 -2.966082872084656401e+02
-1.103518954465268394e+02 -2.966082872084656401e+02
-1.119138287202779054e+02 -2.966082872084656401e+02
-1.134757619940288151e+02 -2.966082872084656401e+02
-1.150376952677798812e+02 -2.966082872084656401e+02
-1.165996285415309472e+02 -2.966082872084656401e+02
-1.181615618152816864e+02 -2.966082872084656401e+02
-1.197234950890327525e+02 -2.966082872084656401e+02
-1.212854283627836622e+02 -2.966082872084656401e+02
-1.228473616365347283e+02 -2.966082872084656401e+02
-1.244092949102857943e+02 -2.966082872084656401e+02
-1.259712281840365478e+02 -2.966082872084656401e+02
-1.275041316850508650e+02 -2.968440991186935776e+02
-1.290194295363076833e+02 -2.972229235815077573e+02
-1.305347273875646863e+02 -2.976017480443220506e+02
-1.320500252388218314e+02 -2.979805725071363440e+02
-1.335653230900786639e+02 -2.983593969699504669e+02
-1.350806209413356385e+02 -2.987382214327647603e+02
-1.365959187925924709e+02 -2.991170458955789968e+02
-1.381112166438494455e+02 -2.994958703583932333e+02
-1.396265144951066191e+02 -2.998746948212074699e+02
-1.411418123463632810e+02 -3.002535192840217064e+02
-1.426571101976204261e+02 -3.006323437468359998e+02
-1.441724080488772586e+02 -3.010111682096501227e+02
-1.456877059001342332e+02 -3.013899926724644160e+02
-1.472030037513912362e+02 -3.017688171352787094e+02
-1.487183016026480402e+02 -3.021476415980928891e+02
-1.502626522766225321e+02 -3.022904669132518052e+02
-1.518245855503732855e+02 -3.022904669132518052e+02
-1.533865188241243516e+02 -3.022904669132518052e+02
-1.549484520978754176e+02 -3.022904669132518052e+02
-1.565103853716263131e+02 -3.022904669132518052e+02
-1.580723186453773792e+02 -3.022904669132518052e+02
-1.596342519191281326e+02 -3.022904669132518052e+02
-1.611961851928791987e+02 -3.022904669132518052e+02
-1.627581184666302647e+02 -3.022904669132518052e+02
-1.643200517403811602e+02 -3.022904669132518052e+02
-1.658819850141322263e+02 -3.022904669132518052e+02
-1.674439182878829797e+02 -3.022904669132518052e+02
-1.690058515616340458e+02 -3.022904669132518052e+02
-1.705677848353851118e+02 -3.022904669132518052e+02
-1.721297181091360073e+02 -3.022904669132518052e+02
-1.736916513828870734e+02 -3.022904669132518052e+02
-1.752535846566378268e+02 -3.022904669132518052e+02
-1.768155179303888929e+02 -3.022904669132518052e+02
-1.783774512041399589e+02 -3.022904669132518052e+02
-1.799393844778908829e+02 -3.022904669132518052e+02
-1.815013177516419489e+02 -3.022904669132518052e+02
-1.830632510253926739e+02 -3.022904669132518052e+02
-1.846251842991437400e+02 -3.022904669132518052e+02
-1.861871175728948060e+02 -3.022904669132518052e+02
-1.877490508466457300e+02 -3.022904669132518052e+02
-1.893109841203967960e+02 -3.022904669132518052e+02
-1.908729173941475210e+02 -3.022904669132518052e+02
-1.924348506678985871e+02 -3.022904669132518052e+02
-1.939967839416496531e+02 -3.022904669132518052e+02
-1.955587172154005771e+02 -3.022904669132518052e+02
-1.971206504891516431e+02 -3.022904669132518052e+02
-1.986825837629023965e+02 -3.022904669132518052e+02
-2.002445170366534626e+02 -3.022904669132518052e+02
-2.018064503104045286e+02 -3.022904669132518052e+02
-2.033683835841554242e+02 -3.022904669132518052e+02
-2.049303168579064902e+02 -3.022904669132518052e+02
-2.064922501316572436e+02 -3.022904669132518052e+02
-2.080541834054083097e+02 -3.022904669132518052e+02
-2.096161166791593757e+02 -3.022904669132518052e+02
-2.111780499529102713e+02 -3.022904669132518052e+02
-2.127399832266613373e+02 -3.022904669132518052e+02
-2.143019165004120907e+02 -3.022904669132518052e+02
-2.158638497741631568e+02 -3.022904669132518052e+02
-2.174257830479142228e+02 -3.022904669132518052e+02
-2.189877163216651184e+02 -3.022904669132518052e+02
-2.205496495954161844e+02 -3.022904669132518052e+02
-2.221115828691669378e+02 -3.022904669132518052e+02
-2.236735161429180039e+02 -3.022904669132518052e+02
-2.252354494166690699e+02 -3.022904669132518052e+02
-2.267973826904199939e+02 -3.022904669132518052e+02
-2.283593159641710599e+02 -3.022904669132518052e+02
-2.299212492379217849e+02 -3.022904669132518052e+02
-2.314831825116728510e+02 -3.022904669132518052e+02
-2.330451157854239170e+02 -3.022904669132518052e+02
-2.346070490591748410e+02 -3.022904669132518052e+02
-2.361689823329259070e+02 -3.022904669132518052e+02
-2.377309156066766320e+02 -3.022904669132518052e+02
-2.392928488804276981e+02 -3.022904669132518052e+02
-2.408547821541787641e+02 -3.022904669132518052e+02
-2.424167154279296881e+02 -3.022904669132518052e+02
-2.439786487016807541e+02 -3.022904669132518052e+02
-2.455405819754315075e+02 -3.022904669132518052e+02
-2.471025152491825736e+02 -3.022904669132518052e+02
-2.486644485229336397e+02 -3.022904669132518052e+02
-2.502263817966845352e+02 -3.022904669132518052e+02
-2.517883150704356012e+02 -3.022904669132518052e+02
-2.533502483441863546e+02 -3.022904669132518052e+02
-2.549121816179374207e+02 -3.022904669132518052e+02
-2.564741148916884868e+02 -3.022904669132518052e+02
-2.580360481654394107e+02 -3.022904669132518052e+02
-2.595979814391904483e+02 -3.022904669132518052e+02
-2.611599147129412017e+02 -3.022904669132518052e+02
-2.627218479866922394e+02 -3.022904669132518052e+02
-2.642837812604433338e+02 -3.022904669132518052e+02
-2.658457145341942578e+02 -3.022904669132518052e+02
-2.674076478079452954e+02 -3.022904669132518052e+02
-2.689695810816960488e+02 -3.022904669132518052e+02
-2.705315143554471433e+02 -3.022904669132518052e+02
-2.720934476291981809e+02 -3.022904669132518052e+02
-2.736553809029491049e+02 -3.022904669132518052e+02
-2.752173141767001425e+02 -3.022904669132518052e+02
-2.767792474504508959e+02 -3.022904669132518052e+02
-2.783411807242019904e+02 -3.022904669132518052e+02
-2.799031139979530280e+02 -3.022904669132518052e+02
-2.814650472717039520e+02 -3.022904669132518052e+02
-2.830269805454549896e+02 -3.022904669132518052e+02
-2.845889138192057430e+02 -3.022904669132518052e+02
-2.861508470929568375e+02 -3.022904669132518052e+02
-2.877127803667078751e+02 -3.022904669132518052e+02
-2.892747136404587991e+02 -3.022904669132518052e+02
-2.908366469142098367e+02 -3.022904669132518052e+02
-2.923985801879605901e+02 -3.022904669132518052e+02
-2.939605134617116846e+02 -3.022904669132518052e+02
-2.955224467354627222e+02 -3.022904669132518052e+02
-2.970843800092136462e+02 -3.022904669132518052e+02
-2.986463132829647407e+02 -3.022904669132518052e+02
-3.002082465567154372e+02 -3.022904669132518052e+02
-3.017701798304665317e+02 -3.022904669132518052e+02
-3.033321131042175693e+02 -3.022904669132518052e+02
-3.048940463779684933e+02 -3.022904669132518052e+02
-3.064559796517195878e+02 -3.022904669132518052e+02
-3.080179129254702843e+02 -3.022904669132518052e+02
-3.095798461992213788e+02 -3.022904669132518052e+02
-3.111417794729724164e+02 -3.022904669132518052e+02
-3.127037127467233404e+02 -3.022904669132518052e+02
-3.142656460204744349e+02 -3.022904669132518052e+02
-3.158275792942251883e+02 -3.022904669132518052e+02
-3.173895125679762259e+02 -3.022904669132518052e+02
-3.189514458417273204e+02 -3.022904669132518052e+02
-3.205133791154781875e+02 -3.022904669132518052e+02
-3.220753123892292820e+02 -3.022904669132518052e+02
-3.236372456629800354e+02 -3.022904669132518052e+02
-3.251991789367310730e+02 -3.022904669132518052e+02
-3.267611122104823380e+02 -3.022904669132518052e+02
-3.283230454842330346e+02 -3.022904669132518052e+02
-3.298849787579841291e+02 -3.022904669132518052e+02
-3.314469120317348825e+02 -3.022904669132518052e+02
-3.330088453054859201e+02 -3.022904669132518052e+02
-3.345707785792371851e+02 -3.022904669132518052e+02
-3.361327118529878817e+02 -3.022904669132518052e+02
-3.376946451267389762e+02 -3.022904669132518052e+02
-3.392565784004897864e+02 -3.022904669132518052e+02
-3.408185116742408809e+02 -3.022904669132518052e+02
-3.423804449479919185e+02 -3.022904669132518052e+02
-3.439423782217427856e+02 -3.022904669132518052e+02
-3.455043114954938233e+02 -3.022904669132518052e+02
-3.470662447692446335e+02 -3.022904669132518052e+02
-3.486281780429957280e+02 -3.022904669132518052e+02
-3.501901113167467656e+02 -3.022904669132518052e+02
-3.517520445904976327e+02 -3.022904669132518052e+02
-3.533139778642486704e+02 -3.022904669132518052e+02
-3.548759111379994806e+02 -3.022904669132518052e+02
-3.564378444117505751e+02 -3.022904669132518052e+02
-3.579997776855016127e+02 -3.022904669132518052e+02
-3.595617109592524798e+02 -3.022904669132518052e+02
-3.611236442330035175e+02 -3.022904669132518052e+02
-3.626855775067543277e+02 -3.022904669132518052e+02
-3.642475107805054222e+02 -3.022904669132518052e+02
-3.658094440542564598e+02 -3.022904669132518052e+02
-3.673713773280073269e+02 -3.022904669132518052e+02
-3.689333106017583646e+02 -3.022904669132518052e+02
-3.704952438755092317e+02 -3.022904669132518052e+02
-3.720571771492602693e+02 -3.022904669132518052e+02
-3.736191104230113638e+02 -3.022904669132518052e+02
-3.751810436967621740e+02 -3.022904669132518052e+02
-3.767429769705132117e+02 -3.022904669132518052e+02
-3.783049102442640788e+02 -3.022904669132518052e+02
-3.798668435180151164e+02 -3.022904669132518052e+02
-3.814287767917662109e+02 -3.022904669132518052e+02
-3.829907100655170211e+02 -3.022904669132518052e+02
-3.845526433392680588e+02 -3.022904669132518052e+02
-3.861145766130189259e+02 -3.022904669132518052e+02
-3.876765098867699635e+02 -3.022904669132518052e+02
-3.892384431605210580e+02 -3.022904669132518052e+02
-3.908003764342718682e+02 -3.022904669132518052e+02
-3.923623097080229627e+02 -3.022904669132518052e+02
-3.939242429817737730e+02 -3.022904669132518052e+02
-3.954861762555248106e+02 -3.022904669132518052e+02
-3.970481095292759051e+02 -3.022904669132518052e+02
-3.986100428030267153e+02 -3.022904669132518052e+02
-4.001719760767778098e+02 -3.022904669132518052e+02
-4.017339093505286201e+02 -3.022904669132518052e+02
-4.032958426242796577e+02 -3.022904669132518052e+02
-4.048577758980307522e+02 -3.022904669132518052e+02
-4.064197091717815624e+02 -3.022904669132518052e+02
-4.079816424455326569e+02 -3.022904669132518052e+02
-4.095435757192834672e+02 -3.022904669132518052e+02
-4.111055089930345048e+02 -3.022904669132518052e+02
-4.126674422667855993e+02 -3.022904669132518052e+02
-4.142293755405364095e+02 -3.022904669132518052e+02
-4.157913088142875040e+02 -3.022904669132518052e+02
-4.173532420880383143e+02 -3.022904669132518052e+02
-4.189151753617894087e+02 -3.022904669132518052e+02
-4.204771086355404464e+02 -3.022904669132518052e+02
-4.220390419092912566e+02 -3.022904669132518052e+02
-4.236009751830423511e+02 -3.022904669132518052e+02
-4.251629084567931613e+02 -3.022904669132518052e+02
-4.267248417305442558e+02 -3.022904669132518052e+02
-4.282867750042952935e+02 -3.022904669132518052e+02
-4.298487082780461037e+02 -3.022904669132518052e+02
-4.314106415517971982e+02 -3.022904669132518052e+02
-4.329725748255480084e+02 -3.022904669132518052e+02
-4.345345080992991029e+02 -3.022904669132518052e+02
-4.360964413730501406e+02 -3.022904669132518052e+02
-4.376583746468010077e+02 -3.022904669132518052e+02
-4.392203079205520453e+02 -3.022904669132518052e+02
-4.407822411943028555e+02 -3.022904669132518052e+02
-4.423441744680539500e+02 -3.022904669132518052e+02
-4.439061077418049877e+02 -3.022904669132518052e+02
-4.454680410155558548e+02 -3.022904669132518052e+02
-4.470299742893068924e+02 -3.022904669132518052e+02
-4.485919075630577026e+02 -3.022904669132518052e+02
-4.501538408368087971e+02 -3.022904669132518052e+02
-4.517157741105598348e+02 -3.022904669132518052e+02
-4.532777073843107019e+02 -3.022904669132518052e+02
-4.548396406580617395e+02 -3.022904669132518052e+02
-4.564015739318125497e+02 -3.022904669132518052e+02
-4.579635072055636442e+02 -3.022904669132518052e+02
-4.595254404793146819e+02 -3.022904669132518052e+02
-4.610873737530655490e+02 -3.022904669132518052e+02
-4.626493070268165866e+02 -3.022904669132518052e+02
-4.642112403005674537e+02 -3.022904669132518052e+02
-4.657731735743184913e+02 -3.022904669132518052e+02
-4.673351068480696426e+02 -3.022904669132518052e+02
-4.688970401218203961e+02 -3.022904669132518052e+02
-4.704589733955714337e+02 -3.022904669132518052e+02
-4.720209066693223008e+02 -3.022904669132518052e+02
-4.735828399430733384e+02 -3.022904669132518052e+02
-4.751447732168244897e+02 -3.022904669132518052e+02
-4.767067064905752432e+02 -3.022904669132518052e+02
-4.782686397643263945e+02 -3.022904669132518052e+02
-4.798305730380771479e+02 -3.022904669132518052e+02
-4.813925063118281855e+02 -3.022904669132518052e+02
-4.829544395855793368e+02 -3.022904669132518052e+02
-4.845163728593300903e+02 -3.022904669132518052e+02
-4.860783061330812416e+02 -3.022904669132518052e+02
-4.876402394068319950e+02 -3.022904669132518052e+02
-4.892021726805831463e+02 -3.022904669132518052e+02
-4.907641059543341839e+02 -3.022904669132518052e+02
-4.923260392280849373e+02 -3.022904669132518052e+02
-4.938879725018360887e+02 -3.022904669132518052e+02
-4.954499057755868421e+02 -3.022904669132518052e+02
-4.970118390493379934e+02 -3.022904669132518052e+02
-4.985737723230890310e+02 -3.022904669132518052e+02
-5.001357055968398981e+02 -3.022904669132518052e+02
-5.016976388705909358e+02 -3.022904669132518052e+02
-5.032595721443416892e+02 -3.022904669132518052e+02
-5.048215054180928405e+02 -3.022904669132518052e+02
-5.063834386918438781e+02 -3.022904669132518052e+02
-5.079453719655947452e+02 -3.022904669132518052e+02
-5.095073052393457829e+02 -3.022904669132518052e+02
-5.110692385130965931e+02 -3.022904669132518052e+02
-5.126311717868476308e+02 -3.022904669132518052e+02
-5.141931050605987821e+02 -3.022904669132518052e+02
-5.157550383343495923e+02 -3.022904669132518052e+02
-5.173169716081006300e+02 -3.022904669132518052e+02
-5.188789048818514402e+02 -3.022904669132518052e+02
-5.204408381556025915e+02 -3.022904669132518052e+02
-5.220027714293536292e+02 -3.022904669132518052e+02
-5.235647047031044394e+02 -3.022904669132518052e+02
-5.251266379768554771e+02 -3.022904669132518052e+02
-5.266885712506062873e+02 -3.022904669132518052e+02
-5.282505045243574386e+02 -3.022904669132518052e+02
