-2.447805298546459483e+02 1.441175053614393278e+02
-2.441800986183628481e+02 1.478175293552535834e+02
-2.441800986183628481e+02 1.485277714270817455e+02
-2.441800986183628481e+02 1.492380134989099076e+02
-2.441800986183628481e+02 1.499482555707380129e+02
-2.441800986183628481e+02 1.506584976425661750e+02
-2.441800986183628481e+02 1.513687397143943372e+02
-2.441800986183628481e+02 1.520789817862225277e+02
-2.441800986183628481e+02 1.527892238580506330e+02
-2.441800986183628481e+02 1.534994659298787951e+02
-2.441800986183628481e+02 1.542097080017069572e+02
-2.441800986183628481e+02 1.549199500735351194e+02
-2.441800986183628481e+02 1.556301921453632531e+02
-2.441800986183628481e+02 1.563404342171914152e+02
-2.441800986183628481e+02 1.570506762890195773e+02
-2.441800986183628481e+02 1.577609183608477395e+02
-2.441800986183628481e+02 1.584711604326758447e+02
-2.441800986183628481e+02 1.591814025045040353e+02
-2.441800986183628481e+02 1.598916445763321974e+02
-2.441800986183628481e+02 1.606018866481603595e+02
-2.441800986183628481e+02 1.613121287199885217e+02
-2.441800986183628481e+02 1.620223707918166269e+02
-2.441800986183628481e+02 1.627326128636447891e+02
-2.441800986183628481e+02 1.634428549354729796e+02
-2.441800986183628481e+02 1.641530970073011417e+02
-2.441800986183628481e+02 1.648633390791292470e+02
-2.441800986183628481e+02 1.655735811509574091e+02
-2.441800986183628481e+02 1.662838232227855713e+02
-2.441800986183628481e+02 1.669940652946137334e+02
-2.441800986183628481e+02 1.677043073664418671e+02
-2.441800986183628481e+02 1.684145494382700292e+02
-2.441800986183628481e+02 1.691247915100981913e+02
-2.441800986183628481e+02 1.698350335819263535e+02
-2.441800986183628481e+02 1.705452756537544872e+02
-2.441800986183628481e+02 1.712555177255826493e+02
-2.441800986183628481e+02 1.719657597974108114e+02
-2.441800986183628481e+02 1.726760018692389735e+02
-2.441800986183628481e+02 1.733862439410671357e+02
-2.441800986183628481e+02 1.740964860128952409e+02
-2.441800986183628481e+02 1.748067280847234315e+02
-2.441800986183628481e+02 1.755169701565515936e+02
-2.441800986183628481e+02 1.762272122283797557e+02
-2.441800986183628481e+02 1.769374543002078610e+02
-2.441800986183628481e+02 1.776476963720360231e+02
-2.441800986183628481e+02 1.783579384438642137e+02
-2.441800986183628481e+02 1.790681805156923758e+02
-2.441800986183628481e+02 1.797784225875204811e+02
-2.441800986183628481e+02 1.804886646593486432e+02
-2.441800986183628481e+02 1.811989067311768054e+02
-2.441800986183628481e+02 1.819091488030049675e+02
-2.441800986183628481e+02 1.826193908748331580e+02
-2.441800986183628481e+02 1.833296329466612633e+02
-2.441800986183628481e+02 1.840398750184894254e+02
-2.441800986183628481e+02 1.847501170903175876e+02
-2.441800986183628481e+02 1.854603591621457497e+02
-2.441800986183628481e+02 1.861706012339738834e+02
-2.441800986183628481e+02 1.868808433058020455e+02
-2.441800986183628481e+02 1.875910853776302076e+02
-2.441800986183628481e+02 1.883013274494583698e+02
-2.441800986183628481e+02 1.890115695212864750e+02
-2.441800986183628481e+02 1.897218115931146656e+02
-2.441800986183628481e+02 1.904320536649428277e+02
-2.441800986183628481e+02 1.911422957367709898e+02
-2.441800986183628481e+02 1.918525378085991520e+02
-2.441800986183628481e+02 1.925627798804272572e+02
-2.441800986183628481e+02 1.932730219522554194e+02
-2.441800986183628481e+02 1.939832640240836099e+02
-2.441800986183628481e+02 1.946935060959117152e+02
-2.441800986183628481e+02 1.954037481677398773e+02
-2.441800986183628481e+02 1.961139902395680394e+02
-2.441800986183628481e+02 1.968242323113962016e+02
-2.441800986183628481e+02 1.975344743832243637e+02
-2.441800986183628481e+02 1.982447164550524974e+02
-2.441800986183628481e+02 1.989549585268806595e+02
-2.441800986183628481e+02 1.996652005987088216e+02
-2.441800986183628481e+02 2.003754426705369838e+02
-2.441800986183628481e+02 2.010856847423651175e+02
-2.441800986183628481e+02 2.017959268141932796e+02
-2.441800986183628481e+02 2.025061688860214417e+02
-2.441800986183628481e+02 2.032164109578496038e+02
-2.435713348511521872e+02 2.033178892624670766e+02
-2.428610927793240251e+02 2.033178892624670766e+02
-2.421508507074958629e+02 2.033178892624670766e+02
-2.414406086356677008e+02 2.033178892624670766e+02
-2.407303665638395387e+02 2.033178892624670766e+02
-2.400201244920114334e+02 2.033178892624670766e+02
-2.393098824201832429e+02 2.033178892624670766e+02
-2.385996403483550807e+02 2.033178892624670766e+02
-2.378893982765269186e+02 2.033178892624670766e+02
-2.371791562046988133e+02 2.033178892624670766e+02
-2.365600439032202758e+02 2.035378959899811662e+02
-2.360578269179466417e+02 2.040401129752548286e+02
-2.355556099326729225e+02 2.045423299605285195e+02
-2.350533929473992885e+02 2.050445469458021535e+02
-2.345511759621255976e+02 2.055467639310758443e+02
-2.340489589768519636e+02 2.060489809163495067e+02
-2.335467419915782727e+02 2.065511979016231976e+02
-2.330445250063046103e+02 2.070534148868968316e+02
-2.325423080210309195e+02 2.075556318721705225e+02
-2.320400910357572855e+02 2.080578488574441849e+02
-2.315378740504835946e+02 2.085600658427178757e+02
-2.310356570652099322e+02 2.090622828279915097e+02
-2.305334400799362413e+02 2.095644998132652006e+02
-2.300312230946626073e+02 2.100667167985388630e+02
-2.295290061093889165e+02 2.105689337838125539e+02
-2.293800026431059109e+02 2.112174565990656845e+02
-2.293800026431059109e+02 2.119276986708938466e+02
-2.293800026431059109e+02 2.126379407427219519e+02
-2.293800026431059109e+02 2.133481828145501140e+02
-2.293800026431059109e+02 2.140584248863782761e+02
-2.291320162543258903e+02 2.146659476326898073e+02
-2.286297992690521994e+02 2.151681646179634981e+02
-2.281275822837785370e+02 2.156703816032371321e+02
-2.276253652985048461e+02 2.161725985885108230e+02
-2.271231483132312121e+02 2.166748155737844854e+02
-2.266209313279575213e+02 2.171770325590581763e+02
-2.261187143426838304e+02 2.176792495443318671e+02
-2.256398295550605724e+02 2.181982834261861797e+02
-2.253221996444429749e+02 2.188335432474214031e+02
-2.250045697338253774e+02 2.194688030686566549e+02
-2.246869398232077231e+02 2.201040628898918783e+02
-2.243693099125901540e+02 2.207393227111270733e+02
-2.240516800019725565e+02 2.213745825323622967e+02
-2.237340500913549022e+02 2.220098423535974916e+02
-2.234164201807373047e+02 2.226451021748327150e+02
-2.230987902701197356e+02 2.232803619960679669e+02
-2.227811603595020813e+02 2.239156218173031334e+02
-2.224635304488844838e+02 2.245508816385383852e+02
-2.221459005382668863e+02 2.251861414597735518e+02
-2.218726978508024956e+02 2.258398036393773793e+02
-2.216480995870971071e+02 2.265135984304935448e+02
-2.214235013233917186e+02 2.271873932216097671e+02
-2.211989030596863302e+02 2.278611880127258758e+02
-2.209743047959809417e+02 2.285349828038420412e+02
-2.207497065322755532e+02 2.292087775949582067e+02
-2.205251082685701647e+02 2.298825723860743722e+02
-2.203005100048647762e+02 2.305563671771905376e+02
-2.200759117411593877e+02 2.312301619683067031e+02
-2.198513134774539992e+02 2.319039567594228686e+02
-2.196267152137486107e+02 2.325777515505390340e+02
-2.194021169500432222e+02 2.332515463416551995e+02
-2.191775186863378337e+02 2.339253411327713650e+02
-2.189529204226324453e+02 2.345991359238875305e+02
-2.187283221589270568e+02 2.352729307150036959e+02
-2.185037238952216683e+02 2.359467255061198614e+02
-2.182785185453708436e+02 2.366202233812336715e+02
-2.178845471287604028e+02 2.372111805061493897e+02
-2.174905757121499335e+02 2.378021376310651362e+02
-2.170966042955393789e+02 2.383930947559808544e+02
-2.167026328789289380e+02 2.389840518808966294e+02
-2.163086614623183834e+02 2.395750090058123760e+02
-2.159146900457079141e+02 2.401659661307280942e+02
-2.155207186290974732e+02 2.407569232556438408e+02
-2.151267472124869187e+02 2.413478803805595589e+02
-2.147327757958764494e+02 2.419388375054753055e+02
-2.143388043792660085e+02 2.425297946303910237e+02
-2.139448329626554539e+02 2.431207517553067703e+02
-2.135508615460449846e+02 2.437117088802224885e+02
-2.131568901294345437e+02 2.443026660051382351e+02
-2.127629187128239892e+02 2.448936231300539532e+02
-2.123689472962135198e+02 2.454845802549696998e+02
-2.119749758796030790e+02 2.460755373798854180e+02
-2.115810044629925244e+02 2.466664945048012214e+02
-2.111870330463820551e+02 2.472574516297168827e+02
-2.108303870635096189e+02 2.478666640198133564e+02
-2.106057887998041736e+02 2.485404588109295219e+02
-2.103811905360988419e+02 2.492142536020456873e+02
-2.101565922723933966e+02 2.498880483931618528e+02
-2.099319940086880649e+02 2.505618431842780183e+02
-2.097073957449826196e+02 2.512356379753941837e+02
-2.094827974812772879e+02 2.519094327665103492e+02
-2.092581992175718426e+02 2.525832275576265147e+02
-2.090336009538665110e+02 2.532570223487426802e+02
-2.088090026901610656e+02 2.539308171398588456e+02
-2.085844044264557340e+02 2.546046119309750111e+02
-2.083598061627502886e+02 2.552784067220911766e+02
-2.081352078990449570e+02 2.559522015132073420e+02
-2.079106096353395117e+02 2.566259963043235075e+02
-2.076860113716341800e+02 2.572997910954396730e+02
-2.074614131079287347e+02 2.579735858865558384e+02
-2.072368148442234030e+02 2.586473806776720039e+02
-2.068049995493948927e+02 2.591931083005061964e+02
-2.063027825641211734e+02 2.596953252857799157e+02
-2.058005655788474826e+02 2.601975422710535213e+02
-2.052983485935739054e+02 2.606997592563272406e+02
-2.047961316083002146e+02 2.612019762416009030e+02
-2.042939146230264953e+02 2.617041932268745654e+02
-2.037916976377528044e+02 2.622064102121482279e+02
-2.034798346864062637e+02 2.627874744199269230e+02
-2.034798346864062637e+02 2.634977164917551136e+02
-2.034798346864062637e+02 2.642079585635832473e+02
-2.034798346864062637e+02 2.649182006354113810e+02
-2.034798346864062637e+02 2.656284427072395715e+02
-2.033947077826898351e+02 2.663034240610255097e+02
-2.028924907974161442e+02 2.668056410462992289e+02
-2.023902738121424534e+02 2.673078580315728914e+02
-2.018880568268687625e+02 2.678100750168464970e+02
-2.013858398415950717e+02 2.683122920021202162e+02
-2.008836228563214661e+02 2.688145089873938218e+02
-2.003814058710477752e+02 2.693167259726675411e+02
-1.998791888857740844e+02 2.698189429579412604e+02
-1.993769719005003935e+02 2.703211599432148660e+02
-1.988747549152267879e+02 2.708233769284885852e+02
-1.983725379299530971e+02 2.713255939137622477e+02
-1.978703209446794062e+02 2.718278108990359101e+02
-1.973681039594057154e+02 2.723300278843095725e+02
-1.968658869741321098e+02 2.728322448695832350e+02
-1.963636699888584189e+02 2.733344618548568974e+02
-1.957710162259127173e+02 2.736183451449375070e+02
-1.950607741540845552e+02 2.736183451449375070e+02
-1.943505320822563931e+02 2.736183451449375070e+02
-1.936402900104283447e+02 2.736183451449375070e+02
-1.929300479386001541e+02 2.736183451449375070e+02
-1.922666561399811087e+02 2.737314517099199520e+02
-1.917644391547074179e+02 2.742336686951936713e+02
-1.912622221694338407e+02 2.747358856804673337e+02
-1.907600051841601498e+02 2.752381026657409961e+02
-1.902577881988864306e+02 2.757403196510146586e+02
-1.897555712136127397e+02 2.762425366362882642e+02
-1.892533542283390489e+02 2.767447536215619834e+02
-1.887511372430654717e+02 2.772469706068357027e+02
-1.880704694114904214e+02 2.773183691387517342e+02
-1.873602273396622593e+02 2.773183691387517342e+02
-1.866499852678342108e+02 2.773183691387517342e+02
-1.859397431960060487e+02 2.773183691387517342e+02
-1.852295011241778582e+02 2.773183691387517342e+02
-1.845192590523496960e+02 2.773183691387517342e+02
-1.838090169805215339e+02 2.773183691387517342e+02
-1.830987749086933718e+02 2.773183691387517342e+02
-1.823885328368652097e+02 2.773183691387517342e+02
-1.816782907650370475e+02 2.773183691387517342e+02
-1.809680486932088570e+02 2.773183691387517342e+02
-1.802578066213806949e+02 2.773183691387517342e+02
-1.795475645495526464e+02 2.773183691387517342e+02
-1.788373224777244843e+02 2.773183691387517342e+02
-1.781270804058963222e+02 2.773183691387517342e+02
-1.774168383340681316e+02 2.773183691387517342e+02
-1.767065962622399695e+02 2.773183691387517342e+02
-1.759963541904118074e+02 2.773183691387517342e+02
-1.752861121185836453e+02 2.773183691387517342e+02
-1.745758700467555968e+02 2.773183691387517342e+02
-1.738656279749273210e+02 2.773183691387517342e+02
-1.731553859030992442e+02 2.773183691387517342e+02
-1.724451438312710820e+02 2.773183691387517342e+02
-1.717349017594429199e+02 2.773183691387517342e+02
-1.710246596876147578e+02 2.773183691387517342e+02
-1.703144176157865957e+02 2.773183691387517342e+02
-1.696041755439584051e+02 2.773183691387517342e+02
-1.688939334721302430e+02 2.773183691387517342e+02
-1.681836914003020809e+02 2.773183691387517342e+02
-1.674734493284740324e+02 2.773183691387517342e+02
-1.667632072566458703e+02 2.773183691387517342e+02
-1.660529651848176798e+02 2.773183691387517342e+02
-1.653427231129895176e+02 2.773183691387517342e+02
-1.646324810411613555e+02 2.773183691387517342e+02
-1.639222389693331934e+02 2.773183691387517342e+02
-1.632119968975050313e+02 2.773183691387517342e+02
-1.625017548256769544e+02 2.773183691387517342e+02
-1.617915127538487923e+02 2.773183691387517342e+02
-1.610812706820206301e+02 2.773183691387517342e+02
-1.603710286101924680e+02 2.773183691387517342e+02
-1.596607865383643059e+02 2.773183691387517342e+02
-1.589505444665361438e+02 2.773183691387517342e+02
-1.582403023947079532e+02 2.773183691387517342e+02
-1.575300603228797911e+02 2.773183691387517342e+02
-1.568198182510517427e+02 2.773183691387517342e+02
-1.561095761792235805e+02 2.773183691387517342e+02
-1.553993341073954184e+02 2.773183691387517342e+02
-1.546890920355672279e+02 2.773183691387517342e+02
-1.539788499637390657e+02 2.773183691387517342e+02
-1.532686078919109036e+02 2.773183691387517342e+02
-1.525583658200827415e+02 2.773183691387517342e+02
-1.518481237482545794e+02 2.773183691387517342e+02
-1.511378816764265025e+02 2.773183691387517342e+02
-1.504276396045983404e+02 2.773183691387517342e+02
-1.497173975327701783e+02 2.773183691387517342e+02
-1.490071554609420161e+02 2.773183691387517342e+02
-1.482969133891138540e+02 2.773183691387517342e+02
-1.475866713172856919e+02 2.773183691387517342e+02
-1.468764292454575013e+02 2.773183691387517342e+02
-1.461661871736293392e+02 2.773183691387517342e+02
-1.454559451018011771e+02 2.773183691387517342e+02
-1.447457030299731287e+02 2.773183691387517342e+02
-1.440354609581449665e+02 2.773183691387517342e+02
-1.433252188863167760e+02 2.773183691387517342e+02
-1.426149768144886139e+02 2.773183691387517342e+02
-1.419047347426604517e+02 2.773183691387517342e+02
-1.411944926708322896e+02 2.773183691387517342e+02
-1.404842505990041275e+02 2.773183691387517342e+02
-1.397740085271759654e+02 2.773183691387517342e+02
-1.390637664553478885e+02 2.773183691387517342e+02
-1.383535243835196127e+02 2.773183691387517342e+02
-1.376432823116915642e+02 2.773183691387517342e+02
-1.369330402398634021e+02 2.773183691387517342e+02
-1.362227981680352400e+02 2.773183691387517342e+02
-1.355125560962070494e+02 2.773183691387517342e+02
-1.348023140243788873e+02 2.773183691387517342e+02
-1.340920719525507252e+02 2.773183691387517342e+02
-1.333818298807226768e+02 2.773183691387517342e+02
-1.326715878088944010e+02 2.773183691387517342e+02
-1.319613457370663241e+02 2.773183691387517342e+02
-1.312511036652381620e+02 2.773183691387517342e+02
-1.305408615934099998e+02 2.773183691387517342e+02
-1.298306195215818377e+02 2.773183691387517342e+02
-1.291203774497536756e+02 2.773183691387517342e+02
-1.284101353779255135e+02 2.773183691387517342e+02
-1.276998933060973371e+02 2.773183691387517342e+02
-1.269896512342691750e+02 2.773183691387517342e+02
-1.262794091624409987e+02 2.773183691387517342e+02
-1.255691670906129360e+02 2.773183691387517342e+02
-1.248589250187847739e+02 2.773183691387517342e+02
-1.241486829469566118e+02 2.773183691387517342e+02
-1.234384408751284354e+02 2.773183691387517342e+02
-1.227281988033002733e+02 2.773183691387517342e+02
-1.220179567314721112e+02 2.773183691387517342e+02
-1.213077146596439491e+02 2.773183691387517342e+02
-1.205974725878157727e+02 2.773183691387517342e+02
-1.198872305159877101e+02 2.773183691387517342e+02
-1.191769884441595480e+02 2.773183691387517342e+02
-1.184667463723313858e+02 2.773183691387517342e+02
-1.177565043005032095e+02 2.773183691387517342e+02
-1.170462622286750474e+02 2.773183691387517342e+02
-1.163360201568468852e+02 2.773183691387517342e+02
-1.156257780850187231e+02 2.773183691387517342e+02
-1.149155360131905468e+02 2.773183691387517342e+02
-1.142052939413624841e+02 2.773183691387517342e+02
-1.134950518695343220e+02 2.773183691387517342e+02
-1.127848097977061599e+02 2.773183691387517342e+02
-1.120745677258779835e+02 2.773183691387517342e+02
-1.113643256540498214e+02 2.773183691387517342e+02
-1.106540835822216593e+02 2.773183691387517342e+02
-1.099438415103934972e+02 2.773183691387517342e+02
-1.092335994385653208e+02 2.773183691387517342e+02
-1.085233573667371587e+02 2.773183691387517342e+02
-1.078131152949090961e+02 2.773183691387517342e+02
-1.071028732230809339e+02 2.773183691387517342e+02
-1.063926311512527576e+02 2.773183691387517342e+02
-1.056823890794245955e+02 2.773183691387517342e+02
-1.049721470075964334e+02 2.773183691387517342e+02
-1.042619049357682712e+02 2.773183691387517342e+02
-1.035516628639400949e+02 2.773183691387517342e+02
-1.028414207921119328e+02 2.773183691387517342e+02
-1.021311787202837706e+02 2.773183691387517342e+02
-1.014209366484555943e+02 2.773183691387517342e+02
-1.007106945766275317e+02 2.773183691387517342e+02
-1.000004525047993695e+02 2.773183691387517342e+02
-9.929021043297120741e+01 2.773183691387517342e+02
-9.857996836114304529e+01 2.773183691387517342e+02
-9.786972628931486895e+01 2.773183691387517342e+02
-9.715948421748670683e+01 2.773183691387517342e+02
-9.644924214565854470e+01 2.773183691387517342e+02
-9.573900007383036836e+01 2.773183691387517342e+02
-9.502875800200220624e+01 2.773183691387517342e+02
-9.431851593017404412e+01 2.773183691387517342e+02
-9.360827385834598147e+01 2.773183691387517342e+02
-9.289803178651780513e+01 2.773183691387517342e+02
-9.218778971468964301e+01 2.773183691387517342e+02
-9.147754764286148088e+01 2.773183691387517342e+02
-9.076730557103331876e+01 2.773183691387517342e+02
-9.005706349920514242e+01 2.773183691387517342e+02
-8.934682142737707977e+01 2.773183691387517342e+02
-8.863657935554881817e+01 2.773183691387517342e+02
-8.792633728372075552e+01 2.773183691387517342e+02
-8.721609521189257919e+01 2.773183691387517342e+02
-8.650585314006441706e+01 2.773183691387517342e+02
-8.579561106823625494e+01 2.773183691387517342e+02
-8.508536899640809281e+01 2.773183691387517342e+02
-8.437512692457991648e+01 2.773183691387517342e+02
-8.366488485275175435e+01 2.773183691387517342e+02
-8.295464278092359223e+01 2.773183691387517342e+02
-8.224440070909552958e+01 2.773183691387517342e+02
-8.153415863726735324e+01 2.773183691387517342e+02
-8.082391656543919112e+01 2.773183691387517342e+02
-8.011367449361102899e+01 2.773183691387517342e+02
-7.940343242178286687e+01 2.773183691387517342e+02
-7.869319034995469053e+01 2.773183691387517342e+02
-7.798294827812662788e+01 2.773183691387517342e+02
-7.727270620629836628e+01 2.773183691387517342e+02
-7.656246413447018995e+01 2.773183691387517342e+02
-7.585222206264212730e+01 2.773183691387517342e+02
-7.514197999081396517e+01 2.773183691387517342e+02
-7.443173791898580305e+01 2.773183691387517342e+02
-7.372149584715764092e+01 2.773183691387517342e+02
-7.301125377532946459e+01 2.773183691387517342e+02
-7.230101170350130246e+01 2.773183691387517342e+02
-7.159076963167323981e+01 2.773183691387517342e+02
-7.088052755984507769e+01 2.773183691387517342e+02
-7.017028548801690135e+01 2.773183691387517342e+02
-6.946004341618873923e+01 2.773183691387517342e+02
-6.874980134436057710e+01 2.773183691387517342e+02
-6.803955927253241498e+01 2.773183691387517342e+02
-6.732931720070423864e+01 2.773183691387517342e+02
-6.661907512887607652e+01 2.773183691387517342e+02
-6.590883305704791439e+01 2.773183691387517342e+02
-6.519859098521985175e+01 2.773183691387517342e+02
-6.448834891339167541e+01 2.773183691387517342e+02
-6.377810684156351329e+01 2.773183691387517342e+02
-6.306786476973535116e+01 2.773183691387517342e+02
-6.235762269790718193e+01 2.773183691387517342e+02
-6.164738062607901270e+01 2.773183691387517342e+02
-6.093713855425085058e+01 2.773183691387517342e+02
-6.022689648242278793e+01 2.773183691387517342e+02
-5.951665441059451922e+01 2.773183691387517342e+02
-5.880641233876645657e+01 2.773183691387517342e+02
-5.809617026693828734e+01 2.773183691387517342e+02
-5.738592819511012522e+01 2.773183691387517342e+02
-5.667568612328195599e+01 2.773183691387517342e+02
-5.596544405145378676e+01 2.773183691387517342e+02
-5.525520197962562463e+01 2.773183691387517342e+02
-5.454495990779745540e+01 2.773183691387517342e+02
-5.383471783596939275e+01 2.773183691387517342e+02
-5.312447576414123063e+01 2.773183691387517342e+02
-5.241423369231295482e+01 2.773183691387517342e+02
-5.170399162048489927e+01 2.773183691387517342e+02
-5.099374954865673004e+01 2.773183691387517342e+02
-5.028350747682856081e+01 2.773183691387517342e+02
-4.957326540500039869e+01 2.773183691387517342e+02
-4.886302333317222946e+01 2.773183691387517342e+02
-4.815278126134406023e+01 2.773183691387517342e+02
-4.744253918951589810e+01 2.773183691387517342e+02
-4.673229711768783545e+01 2.773183691387517342e+02
-4.602205504585966622e+01 2.773183691387517342e+02
-4.531181297403150410e+01 2.773183691387517342e+02
-4.460157090220333487e+01 2.773183691387517342e+02
-4.389132883037517274e+01 2.773183691387517342e+02
-4.318108675854700351e+01 2.773183691387517342e+02
-4.247084468671894086e+01 2.773183691387517342e+02
-4.176060261489067216e+01 2.773183691387517342e+02
-4.105036054306250293e+01 2.773183691387517342e+02
-4.034011847123444028e+01 2.773183691387517342e+02
-3.962987639940627815e+01 2.773183691387517342e+02
-3.891963432757810892e+01 2.773183691387517342e+02
-3.820939225574994680e+01 2.773183691387517342e+02
-3.749915018392177757e+01 2.773183691387517342e+02
-3.678890811209360834e+01 2.773183691387517342e+02
-3.607866604026555279e+01 2.773183691387517342e+02
-3.536842396843727698e+01 2.773183691387517342e+02
-3.465818189660911486e+01 2.773183691387517342e+02
-3.394793982478105221e+01 2.773183691387517342e+02
-3.323769775295288298e+01 2.773183691387517342e+02
-3.252745568112472085e+01 2.773183691387517342e+02
-3.181721360929655162e+01 2.773183691387517342e+02
-3.110697153746838595e+01 2.773183691387517342e+02
-3.039672946564022027e+01 2.773183691387517342e+02
-2.968648739381205104e+01 2.773183691387517342e+02
-2.897624532198399194e+01 2.773183691387517342e+02
-2.826600325015571968e+01 2.773183691387517342e+02
-2.755576117832765703e+01 2.773183691387517342e+02
-2.684551910649949136e+01 2.773183691387517342e+02
-2.613527703467132568e+01 2.773183691387517342e+02
-2.542503496284316000e+01 2.773183691387517342e+02
-2.471479289101499432e+01 2.773183691387517342e+02
-2.400455081918682509e+01 2.773183691387517342e+02
-2.329430874735865942e+01 2.773183691387517342e+02
-2.258406667553059677e+01 2.773183691387517342e+02
-2.187382460370243109e+01 2.773183691387517342e+02
-2.116358253187415883e+01 2.773183691387517342e+02
-2.045334046004609974e+01 2.773183691387517342e+02
-1.974309838821793406e+01 2.773183691387517342e+02
-1.903285631638976483e+01 2.773183691387517342e+02
-1.832261424456159915e+01 2.773183691387517342e+02
-1.761237217273343347e+01 2.773183691387517342e+02
-1.690213010090526780e+01 2.773183691387517342e+02
-1.619188802907720515e+01 2.773183691387517342e+02
-1.548164595724903947e+01 2.773183691387517342e+02
-1.477140388542087379e+01 2.773183691387517342e+02
-1.406116181359270634e+01 2.773183691387517342e+02
-1.335091974176454066e+01 2.773183691387517342e+02
-1.264067766993637321e+01 2.773183691387517342e+02
-1.193043559810820753e+01 2.773183691387517342e+02
-1.122019352628014666e+01 2.773183691387517342e+02
-1.050995145445187440e+01 2.773183691387517342e+02
-9.799709382623708720e+00 2.773183691387517342e+02
-9.089467310795646071e+00 2.773183691387517342e+02
-8.379225238967480394e+00 2.773183691387517342e+02
-7.668983167139313828e+00 2.773183691387517342e+02
-6.958741095311147262e+00 2.773183691387517342e+02
-6.248499023482980697e+00 2.773183691387517342e+02
-5.538256951654815019e+00 2.773183691387517342e+02
-4.828014879826753258e+00 2.773183691387517342e+02
-4.117772807998586693e+00 2.773183691387517342e+02
-3.407530736170315322e+00 2.773183691387517342e+02
-2.697288664342254005e+00 2.773183691387517342e+02
-1.987046592514087662e+00 2.773183691387517342e+02
-1.276804520685921318e+00 2.773183691387517342e+02
-5.665624488577548634e-01 2.773183691387517342e+02
1.436796229704115080e-01 2.773183691387517342e+02
8.539216947985779349e-01 2.773183691387517342e+02
1.564163766626744279e+00 2.773183691387517342e+02
2.274405838454805817e+00 2.773183691387517342e+02
2.984647910282971939e+00 2.773183691387517342e+02
3.694889982111138504e+00 2.773183691387517342e+02
4.405132053939304626e+00 2.773183691387517342e+02
5.115374125767471192e+00 2.773183691387517342e+02
5.825616197595637757e+00 2.773183691387517342e+02
6.535858269423698630e+00 2.773183691387517342e+02
7.246100341251970889e+00 2.773183691387517342e+02
7.956342413080136566e+00 2.773183691387517342e+02
8.666584484908197439e+00 2.773183691387517342e+02
9.376826556736364893e+00 2.773183691387517342e+02
1.008706862856453057e+01 2.773183691387517342e+02
1.079731070039269802e+01 2.773183691387517342e+02
1.150755277222086370e+01 2.773183691387517342e+02
1.221779484404903116e+01 2.773183691387517342e+02
1.292803691587719683e+01 2.773183691387517342e+02
1.363827898770525771e+01 2.773183691387517342e+02
1.434852105953352996e+01 2.773183691387517342e+02
1.505876313136159084e+01 2.773183691387517342e+02
1.576900520318975651e+01 2.773183691387517342e+02
1.647924727501792219e+01 2.773183691387517342e+02
1.718948934684609142e+01 2.773183691387517342e+02
1.789973141867425710e+01 2.773183691387517342e+02
1.860953493420696603e+01 2.773095761395758245e+02
1.931625220972777157e+01 2.772389044120237713e+02
2.002296948524857356e+01 2.771682326844716613e+02
2.072968676076937911e+01 2.770975609569196081e+02
2.143640403629018110e+01 2.770268892293674980e+02
2.214312131181098664e+01 2.769562175018153880e+02
2.284983858733179218e+01 2.768855457742633348e+02
2.355655586285259417e+01 2.768148740467112816e+02
2.426327313837339972e+01 2.767442023191592284e+02
2.496999041389420171e+01 2.766735305916071184e+02
2.567670768941500725e+01 2.766028588640550083e+02
2.638342496493581280e+01 2.765321871365029551e+02
2.709014224045661479e+01 2.764615154089508451e+02
2.779685951597742033e+01 2.763908436813987919e+02
2.850357679149832890e+01 2.763201719538466818e+02
2.921029406701902786e+01 2.762495002262946286e+02
2.991701134253983341e+01 2.761788284987425754e+02
3.062372861806063540e+01 2.761081567711904654e+02
3.133044589358144094e+01 2.760374850436384122e+02
3.203716316910234951e+01 2.759668133160863022e+02
3.274388044462315150e+01 2.758961415885341921e+02
3.345059772014396060e+01 2.758254698609821389e+02
3.415731499566465601e+01 2.757547981334300289e+02
3.486403227118546511e+01 2.756841264058780325e+02
3.557074954670637368e+01 2.756134546783259225e+02
3.627746682222717567e+01 2.755427829507738124e+02
3.698418409774797766e+01 2.754721112232217592e+02
3.769090137326878676e+01 2.754014394956696492e+02
3.839761864878958875e+01 2.753307677681175392e+02
3.910433592431039074e+01 2.752600960405654860e+02
3.981105319983119273e+01 2.751894243130133759e+02
4.051777047535200182e+01 2.751187525854613796e+02
4.122448775087280382e+01 2.750480808579092695e+02
4.193120502639360581e+01 2.749774091303571595e+02
4.263792230191441490e+01 2.749067374028051063e+02
4.334463957743521689e+01 2.748360656752529962e+02
4.405135685295601888e+01 2.747653939477009430e+02
4.475807412847682798e+01 2.746947222201488330e+02
4.546479140399762997e+01 2.746240504925967230e+02
4.617150867951843196e+01 2.745533787650446698e+02
4.687822595503924106e+01 2.744827070374926166e+02
4.758494323056004305e+01 2.744120353099405634e+02
4.829166050608084504e+01 2.743413635823884533e+02
4.899837778160164703e+01 2.742706918548363433e+02
4.970509505712256271e+01 2.742000201272842901e+02
5.041181233264325812e+01 2.741293483997321800e+02
5.111852960816406011e+01 2.740586766721801268e+02
5.182524688368486920e+01 2.739880049446280168e+02
5.253196415920567119e+01 2.739173332170759636e+02
5.323868143472657977e+01 2.738466614895239104e+02
5.394539871024738176e+01 2.737759897619718004e+02
5.465211598576819085e+01 2.737053180344196903e+02
5.535883326128888626e+01 2.736346463068676371e+02
5.606826230254082333e+01 2.736183451449375070e+02
5.677850437436899256e+01 2.736183451449375070e+02
5.748874644619716179e+01 2.736183451449375070e+02
5.819898851802532391e+01 2.736183451449375070e+02
5.890923058985338656e+01 2.736183451449375070e+02
5.961947266168155579e+01 2.736183451449375070e+02
6.032971473350982450e+01 2.736183451449375070e+02
6.103995680533788715e+01 2.736183451449375070e+02
6.175019887716604927e+01 2.736183451449375070e+02
6.246044094899421850e+01 2.736183451449375070e+02
6.317068302082238773e+01 2.736183451449375070e+02
6.388092509265054986e+01 2.736183451449375070e+02
6.459116716447871909e+01 2.736183451449375070e+02
6.530140923630688121e+01 2.736183451449375070e+02
6.601165130813494386e+01 2.736183451449375070e+02
6.672189337996310599e+01 2.736183451449375070e+02
6.743213545179128232e+01 2.736183451449375070e+02
6.814237752361944445e+01 2.736183451449375070e+02
6.885261959544760657e+01 2.736183451449375070e+02
6.956286166727578291e+01 2.736183451449375070e+02
7.027310373910384556e+01 2.736183451449375070e+02
7.098334581093210716e+01 2.736183451449375070e+02
7.169358788276028349e+01 2.736183451449375070e+02
7.240382995458833193e+01 2.736183451449375070e+02
7.311407202641650827e+01 2.736183451449375070e+02
7.382431409824467039e+01 2.736183451449375070e+02
7.453455617007283251e+01 2.736183451449375070e+02
7.524479824190100885e+01 2.736183451449375070e+02
7.595504031372917098e+01 2.736183451449375070e+02
7.666528238555723362e+01 2.736183451449375070e+02
7.737552445738539575e+01 2.736183451449375070e+02
7.808576652921355787e+01 2.736183451449375070e+02
7.879600860104173421e+01 2.736183451449375070e+02
7.950625067286989633e+01 2.736183451449375070e+02
8.021649274469805846e+01 2.736183451449375070e+02
8.092673481652623479e+01 2.736183451449375070e+02
8.163697688835439692e+01 2.736183451449375070e+02
8.234721896018255904e+01 2.736183451449375070e+02
8.305746103201062169e+01 2.736183451449375070e+02
8.376770310383878382e+01 2.736183451449375070e+02
8.447794517566705963e+01 2.736183451449375070e+02
8.518818724749512228e+01 2.736183451449375070e+02
8.589842931932328440e+01 2.736183451449375070e+02
8.660867139115146074e+01 2.736183451449375070e+02
8.731891346297962286e+01 2.736183451449375070e+02
8.802915553480778499e+01 2.736183451449375070e+02
8.873939760663596132e+01 2.736183451449375070e+02
8.944963967846402397e+01 2.736183451449375070e+02
9.015988175029218610e+01 2.736183451449375070e+02
9.087012382212034822e+01 2.736183451449375070e+02
9.158036589394851035e+01 2.736183451449375070e+02
9.229060796577668668e+01 2.736183451449375070e+02
9.300085003760484881e+01 2.736183451449375070e+02
9.371109210943301093e+01 2.736183451449375070e+02
9.442133418126107358e+01 2.736183451449375070e+02
9.513157625308934939e+01 2.736183451449375070e+02
9.584181832491751152e+01 2.736183451449375070e+02
9.655206039674557417e+01 2.736183451449375070e+02
9.726230246857373629e+01 2.736183451449375070e+02
9.797254454040191263e+01 2.736183451449375070e+02
9.868278661223007475e+01 2.736183451449375070e+02
9.939302868405823688e+01 2.736183451449375070e+02
1.001032707558864132e+02 2.736183451449375070e+02
1.008135128277144759e+02 2.736183451449375070e+02
1.015237548995426380e+02 2.736183451449375070e+02
1.022339969713709138e+02 2.736183451449375070e+02
1.029442390431989622e+02 2.736183451449375070e+02
1.036544811150271386e+02 2.736183451449375070e+02
1.043647231868553007e+02 2.736183451449375070e+02
1.050749652586834628e+02 2.736183451449375070e+02
1.057852073305116392e+02 2.736183451449375070e+02
1.064954494023398013e+02 2.736183451449375070e+02
1.072056914741679634e+02 2.736183451449375070e+02
1.079159335459960261e+02 2.736183451449375070e+02
1.086261756178241882e+02 2.736183451449375070e+02
1.093364176896523645e+02 2.736183451449375070e+02
1.100466597614805266e+02 2.736183451449375070e+02
1.107569018333086888e+02 2.736183451449375070e+02
1.114671439051368651e+02 2.736183451449375070e+02
1.121773859769649277e+02 2.736183451449375070e+02
1.128876280487931894e+02 2.736183451449375070e+02
1.135978701206212520e+02 2.736183451449375070e+02
1.143081121924494141e+02 2.736183451449375070e+02
1.150183542642775905e+02 2.736183451449375070e+02
1.157285963361057526e+02 2.736183451449375070e+02
1.164388384079339147e+02 2.736183451449375070e+02
1.171490804797620910e+02 2.736183451449375070e+02
1.178593225515902532e+02 2.736183451449375070e+02
1.185695646234183158e+02 2.736183451449375070e+02
1.192798066952464779e+02 2.736183451449375070e+02
1.199900487670747538e+02 2.736183451449375070e+02
1.207002908389028164e+02 2.736183451449375070e+02
1.214105329107309785e+02 2.736183451449375070e+02
1.221207749825591407e+02 2.736183451449375070e+02
1.228310170543873170e+02 2.736183451449375070e+02
1.235412591262154791e+02 2.736183451449375070e+02
1.242515011980436412e+02 2.736183451449375070e+02
1.249617432698717039e+02 2.736183451449375070e+02
1.256719853416998802e+02 2.736183451449375070e+02
1.263822274135280423e+02 2.736183451449375070e+02
1.270924694853562045e+02 2.736183451449375070e+02
1.278027115571843666e+02 2.736183451449375070e+02
1.285129536290125429e+02 2.736183451449375070e+02
1.292231957008405914e+02 2.736183451449375070e+02
1.299334377726687535e+02 2.736183451449375070e+02
1.306436798444969440e+02 2.736183451449375070e+02
1.313539219163251062e+02 2.736183451449375070e+02
1.320641639881532683e+02 2.736183451449375070e+02
1.327744060599814304e+02 2.736183451449375070e+02
1.334846481318095925e+02 2.736183451449375070e+02
1.341948902036377547e+02 2.736183451449375070e+02
1.349051322754659452e+02 2.736183451449375070e+02
1.356153743472941073e+02 2.736183451449375070e+02
1.363256164191221558e+02 2.736183451449375070e+02
1.370358584909503179e+02 2.736183451449375070e+02
1.377461005627784800e+02 2.736183451449375070e+02
1.384563426346066706e+02 2.736183451449375070e+02
1.391665847064348327e+02 2.736183451449375070e+02
1.398768267782629948e+02 2.736183451449375070e+02
1.405870688500910433e+02 2.736183451449375070e+02
1.412973109219193191e+02 2.736183451449375070e+02
1.420075529937474812e+02 2.736183451449375070e+02
1.427177950655755581e+02 2.736183451449375070e+02
1.434280371374037202e+02 2.736183451449375070e+02
1.441382792092318823e+02 2.736183451449375070e+02
1.448485212810600444e+02 2.736183451449375070e+02
1.455587633528882066e+02 2.736183451449375070e+02
1.462690054247163971e+02 2.736183451449375070e+02
1.469792474965444455e+02 2.736183451449375070e+02
1.476894895683726077e+02 2.736183451449375070e+02
1.483997316402007698e+02 2.736183451449375070e+02
1.491099737120289319e+02 2.736183451449375070e+02
1.498202157838571225e+02 2.736183451449375070e+02
1.505304578556852846e+02 2.736183451449375070e+02
1.512406999275133330e+02 2.736183451449375070e+02
1.519509419993416088e+02 2.736183451449375070e+02
1.526611840711696857e+02 2.736183451449375070e+02
1.533714261429978478e+02 2.736183451449375070e+02
1.540816682148260099e+02 2.736183451449375070e+02
1.547919102866541721e+02 2.736183451449375070e+02
1.555021523584823342e+02 2.736183451449375070e+02
1.562123944303104963e+02 2.736183451449375070e+02
1.569226365021385732e+02 2.736183451449375070e+02
1.576328785739667353e+02 2.736183451449375070e+02
1.583431206457948974e+02 2.736183451449375070e+02
1.590533627176230596e+02 2.736183451449375070e+02
1.591225167073886553e+02 2.729772570628749122e+02
1.591225167073886553e+02 2.722670149910468353e+02
1.591225167073886553e+02 2.715567729192186448e+02
1.591225167073886553e+02 2.708465308473905111e+02
1.591225167073886553e+02 2.701362887755623206e+02
1.591225167073886553e+02 2.694260467037341868e+02
1.591225167073886553e+02 2.687158046319059963e+02
1.591225167073886553e+02 2.680055625600778626e+02
1.591225167073886553e+02 2.672953204882497289e+02
1.591225167073886553e+02 2.665850784164214815e+02
1.591225167073886553e+02 2.658748363445934046e+02
1.591225167073886553e+02 2.651645942727652141e+02
1.591225167073886553e+02 2.644543522009370804e+02
1.591225167073886553e+02 2.637441101291089467e+02
1.591225167073886553e+02 2.630338680572807561e+02
1.591225167073886553e+02 2.623236259854526224e+02
1.591225167073886553e+02 2.616133839136244887e+02
1.591225167073886553e+02 2.609031418417962982e+02
1.591225167073886553e+02 2.601928997699682213e+02
1.591225167073886553e+02 2.594826576981399739e+02
1.591225167073886553e+02 2.587724156263118971e+02
1.591225167073886553e+02 2.580621735544837065e+02
1.591225167073886553e+02 2.573519314826555728e+02
1.591225167073886553e+02 2.566416894108274391e+02
1.591225167073886553e+02 2.559314473389992486e+02
1.591225167073886553e+02 2.552212052671710865e+02
1.591225167073886553e+02 2.545109631953429812e+02
1.591225167073886553e+02 2.538007211235148191e+02
1.591225167073886553e+02 2.530904790516867138e+02
1.591225167073886553e+02 2.523802369798584948e+02
1.591225167073886553e+02 2.516699949080303611e+02
1.591225167073886553e+02 2.509597528362021990e+02
1.591225167073886553e+02 2.502495107643740937e+02
1.591225167073886553e+02 2.495392686925459316e+02
1.591225167073886553e+02 2.488290266207177126e+02
1.591225167073886553e+02 2.481187845488895789e+02
1.591225167073886553e+02 2.474085424770614736e+02
1.591225167073886553e+02 2.466983004052333115e+02
1.591225167073886553e+02 2.459880583334052062e+02
1.591225167073886553e+02 2.452778162615769872e+02
1.591225167073886553e+02 2.445675741897489104e+02
1.591225167073886553e+02 2.438573321179206914e+02
1.591225167073886553e+02 2.431470900460924724e+02
1.591225167073886553e+02 2.424368479742644240e+02
1.591225167073886553e+02 2.417266059024362050e+02
1.591225167073886553e+02 2.410163638306081282e+02
1.591171468161553548e+02 2.403073894181427761e+02
1.587995169055377005e+02 2.396721295969074959e+02
1.584818869949201599e+02 2.390368697756723577e+02
1.581642570843025339e+02 2.384016099544371059e+02
1.578466271736848796e+02 2.377663501332019393e+02
1.575289972630672253e+02 2.371310903119666875e+02
1.572113673524497131e+02 2.364958304907314073e+02
1.568937374418320587e+02 2.358605706694962691e+02
1.565761075312144044e+02 2.352253108482609889e+02
1.562584776205968637e+02 2.345900510270258508e+02
1.559408477099792378e+02 2.339547912057906274e+02
1.556232177993615835e+02 2.333195313845553471e+02
1.554224927135744281e+02 2.326566740777626023e+02
1.554224927135744281e+02 2.319464320059343834e+02
1.554224927135744281e+02 2.312361899341063065e+02
1.554224927135744281e+02 2.305259478622780875e+02
1.554224927135744281e+02 2.298157057904498686e+02
1.554224927135744281e+02 2.291054637186218201e+02
1.554224927135744281e+02 2.283952216467936012e+02
1.554224927135744281e+02 2.276849795749655243e+02
1.554224927135744281e+02 2.269747375031373053e+02
1.554224927135744281e+02 2.262644954313091432e+02
1.554224927135744281e+02 2.255542533594810379e+02
1.554224927135744281e+02 2.248440112876528190e+02
1.554224927135744281e+02 2.241337692158247421e+02
1.554224927135744281e+02 2.234235271439965231e+02
1.554224927135744281e+02 2.227132850721683610e+02
1.554224927135744281e+02 2.220030430003402557e+02
1.554224927135744281e+02 2.212928009285120936e+02
1.554224927135744281e+02 2.205825588566839599e+02
1.554224927135744281e+02 2.198723167848557978e+02
1.554224927135744281e+02 2.191620747130275788e+02
1.554224927135744281e+02 2.184518326411994735e+02
1.554224927135744281e+02 2.177415905693713682e+02
1.554224927135744281e+02 2.170313484975432914e+02
1.554224927135744281e+02 2.163211064257150724e+02
1.554224927135744281e+02 2.156108643538868535e+02
1.554224927135744281e+02 2.149006222820588050e+02
1.554224927135744281e+02 2.141903802102305860e+02
1.554224927135744281e+02 2.134801381384025092e+02
1.554224927135744281e+02 2.127698960665742902e+02
1.554224927135744281e+02 2.120596539947460712e+02
1.554224927135744281e+02 2.113494119229180228e+02
1.554224927135744281e+02 2.106391698510898038e+02
1.554224927135744281e+02 2.099289277792617270e+02
1.554224927135744281e+02 2.092186857074335080e+02
1.554224927135744281e+02 2.085084436356053459e+02
1.554224927135744281e+02 2.077982015637772406e+02
1.554224927135744281e+02 2.070879594919490216e+02
1.554224927135744281e+02 2.063777174201209448e+02
1.554224927135744281e+02 2.056674753482927258e+02
1.554224927135744281e+02 2.049572332764645637e+02
1.554224927135744281e+02 2.042469912046364584e+02
1.554224927135744281e+02 2.035367491328082963e+02
1.554224927135744281e+02 2.028265070609802194e+02
1.554224927135744281e+02 2.021162649891520005e+02
1.554224927135744281e+02 2.014060229173237815e+02
1.554224927135744281e+02 2.006957808454957330e+02
1.554224927135744281e+02 1.999855387736675141e+02
1.554224927135744281e+02 1.992752967018394372e+02
1.554224927135744281e+02 1.985650546300112183e+02
1.554224927135744281e+02 1.978548125581829993e+02
1.554224927135744281e+02 1.971445704863549508e+02
1.554224927135744281e+02 1.964343284145267319e+02
1.554224927135744281e+02 1.957240863426986834e+02
1.554224927135744281e+02 1.950138442708704645e+02
1.554224927135744281e+02 1.943036021990422739e+02
1.554224927135744281e+02 1.935933601272141686e+02
1.554224927135744281e+02 1.928831180553860065e+02
1.554224927135744281e+02 1.921728759835579012e+02
1.554224927135744281e+02 1.914626339117296823e+02
1.554224927135744281e+02 1.907523918399015201e+02
1.554224927135744281e+02 1.900421497680733864e+02
1.554224927135744281e+02 1.893319076962452243e+02
1.554224927135744281e+02 1.886216656244171190e+02
1.554224927135744281e+02 1.879114235525889569e+02
1.554224927135744281e+02 1.872011814807607379e+02
1.554224927135744281e+02 1.864909394089326611e+02
1.554224927135744281e+02 1.857806973371044421e+02
1.554224927135744281e+02 1.850704552652763368e+02
1.554224927135744281e+02 1.843602131934481179e+02
1.554224927135744281e+02 1.836499711216199557e+02
1.554224927135744281e+02 1.829397290497918220e+02
1.554224927135744281e+02 1.822294869779636031e+02
1.554224927135744281e+02 1.815192449061355546e+02
1.554224927135744281e+02 1.808090028343073357e+02
1.554224927135744281e+02 1.800987607624791735e+02
1.554224927135744281e+02 1.793885186906510398e+02
1.554224927135744281e+02 1.786782766188228777e+02
1.554224927135744281e+02 1.779680345469947724e+02
1.554224927135744281e+02 1.772577924751666103e+02
1.554224927135744281e+02 1.765475504033383913e+02
1.554224927135744281e+02 1.758373083315103145e+02
1.554224927135744281e+02 1.751270662596820955e+02
1.554224927135744281e+02 1.744168241878539902e+02
1.554224927135744281e+02 1.737065821160258281e+02
1.554224927135744281e+02 1.729963400441976091e+02
1.554224927135744281e+02 1.722860979723695607e+02
1.554224927135744281e+02 1.715758559005413417e+02
1.554224927135744281e+02 1.708656138287131228e+02
1.554224927135744281e+02 1.701553717568850459e+02
1.554224927135744281e+02 1.694451296850568269e+02
1.554224927135744281e+02 1.687348876132287785e+02
1.554224927135744281e+02 1.680246455414005595e+02
1.554224927135744281e+02 1.673144034695723690e+02
1.554224927135744281e+02 1.666041613977442637e+02
1.554224927135744281e+02 1.658939193259160447e+02
1.554224927135744281e+02 1.651836772540879963e+02
1.554224927135744281e+02 1.644734351822597773e+02
1.554224927135744281e+02 1.637631931104316152e+02
1.554224927135744281e+02 1.630529510386034815e+02
1.554224927135744281e+02 1.623427089667752625e+02
1.554224927135744281e+02 1.616324668949472141e+02
1.554224927135744281e+02 1.609222248231189951e+02
1.554224927135744281e+02 1.602119827512907762e+02
1.554224927135744281e+02 1.595017406794626993e+02
1.554224927135744281e+02 1.587914986076344803e+02
1.554224927135744281e+02 1.580812565358064319e+02
1.554224927135744281e+02 1.573710144639782129e+02
1.554224927135744281e+02 1.566607723921500508e+02
1.554224927135744281e+02 1.559505303203219171e+02
1.554224927135744281e+02 1.552402882484936981e+02
1.554224927135744281e+02 1.545300461766656497e+02
1.554224927135744281e+02 1.538198041048374307e+02
1.554224927135744281e+02 1.531095620330092686e+02
1.554224927135744281e+02 1.523993199611811633e+02
1.554224927135744281e+02 1.516890778893529728e+02
1.554224927135744281e+02 1.509788358175248675e+02
1.554224927135744281e+02 1.502685937456966485e+02
1.554224927135744281e+02 1.495583516738684864e+02
1.554224927135744281e+02 1.488481096020403811e+02
1.554224927135744281e+02 1.481378675302121906e+02
1.554224927135744281e+02 1.474276254583840853e+02
1.554224927135744281e+02 1.467173833865559232e+02
1.554224927135744281e+02 1.460071413147277042e+02
1.554224927135744281e+02 1.452968992428996557e+02
1.554224927135744281e+02 1.445866571710714368e+02
1.554224927135744281e+02 1.438764150992433599e+02
1.554224927135744281e+02 1.431661730274151410e+02
1.554224927135744281e+02 1.424559309555869220e+02
1.554224927135744281e+02 1.417456888837588735e+02
1.554224927135744281e+02 1.410354468119306546e+02
1.554224927135744281e+02 1.403252047401025209e+02
1.554224927135744281e+02 1.396149626682743587e+02
1.554224927135744281e+02 1.389047205964461398e+02
1.554224927135744281e+02 1.381944785246180913e+02
1.554224927135744281e+02 1.374842364527898724e+02
1.554224927135744281e+02 1.367739943809617955e+02
1.554224927135744281e+02 1.360637523091335765e+02
1.554224927135744281e+02 1.353535102373053576e+02
1.554224927135744281e+02 1.346432681654773091e+02
1.554224927135744281e+02 1.339330260936490902e+02
1.554224927135744281e+02 1.332227840218210133e+02
1.554224927135744281e+02 1.325125419499927943e+02
1.554224927135744281e+02 1.318022998781645754e+02
1.554224927135744281e+02 1.310920578063365269e+02
1.554224927135744281e+02 1.303818157345083080e+02
1.554224927135744281e+02 1.296715736626802595e+02
1.554224927135744281e+02 1.289613315908520690e+02
1.554224927135744281e+02 1.282510895190238500e+02
1.554224927135744281e+02 1.275408474471958016e+02
1.554224927135744281e+02 1.268306053753675826e+02
1.554224927135744281e+02 1.261203633035395200e+02
1.554224927135744281e+02 1.254101212317113010e+02
1.554224927135744281e+02 1.246998791598830820e+02
1.554224927135744281e+02 1.239896370880550194e+02
1.554224927135744281e+02 1.232793950162268004e+02
1.554224927135744281e+02 1.225691529443987378e+02
1.554224927135744281e+02 1.218589108725704619e+02
1.554224927135744281e+02 1.211486688007422998e+02
1.554224927135744281e+02 1.204384267289141803e+02
1.554224927135744281e+02 1.197281846570860182e+02
1.554224927135744281e+02 1.190179425852579129e+02
1.554224927135744281e+02 1.183077005134297366e+02
1.548026137504362509e+02 1.182173374047396948e+02
1.540923716786080604e+02 1.182173374047396948e+02
1.533821296067798983e+02 1.182173374047396948e+02
1.526718875349518498e+02 1.182173374047396948e+02
1.519616454631235740e+02 1.182173374047396948e+02
1.512514033912954119e+02 1.182173374047396948e+02
1.505411613194672498e+02 1.182173374047396948e+02
1.498309192476390592e+02 1.182173374047396948e+02
1.491206771758110108e+02 1.182173374047396948e+02
1.484104351039828487e+02 1.182173374047396948e+02
1.477001930321546865e+02 1.182173374047396948e+02
1.469899509603265244e+02 1.182173374047396948e+02
1.462797088884983339e+02 1.182173374047396948e+02
1.455694668166702854e+02 1.182173374047396948e+02
1.448592247448420096e+02 1.182173374047396948e+02
1.441489826730138475e+02 1.182173374047396948e+02
1.434387406011857991e+02 1.182173374047396948e+02
1.427284985293576085e+02 1.182173374047396948e+02
1.420182564575294464e+02 1.182173374047396948e+02
1.413080143857012843e+02 1.182173374047396948e+02
1.406003719835316588e+02 1.182283497821326108e+02
1.399651121622964922e+02 1.185459796927501941e+02
1.393298523410612972e+02 1.188636096033677916e+02
1.386945925198261307e+02 1.191812395139853749e+02
1.380593326985908220e+02 1.194988694246030292e+02
1.374240728773556555e+02 1.198164993352206125e+02
1.367888130561204605e+02 1.201341292458382100e+02
1.361535532348851802e+02 1.204517591564558501e+02
1.355182934136499853e+02 1.207693890670734476e+02
1.348830335924148187e+02 1.210870189776910308e+02
1.342477737711795100e+02 1.214046488883086710e+02
1.336125139499443435e+02 1.217222787989262685e+02
1.329623866468375013e+02 1.220040154331711335e+02
1.322885918557213927e+02 1.222286136968764652e+02
1.316147970646051704e+02 1.224532119605818536e+02
1.309410022734889765e+02 1.226778102242872990e+02
1.302672074823728394e+02 1.229024084879926306e+02
1.295934126912566455e+02 1.231270067516980191e+02
1.289196179001405369e+02 1.233516050154034076e+02
1.282458231090243999e+02 1.235762032791087961e+02
1.275720283179081918e+02 1.238008015428142414e+02
1.268982335267920831e+02 1.240253998065195731e+02
1.262244387356758608e+02 1.242499980702249616e+02
1.255506439445597522e+02 1.244745963339303501e+02
1.248768491534435299e+02 1.246991945976357385e+02
1.242030543623273218e+02 1.249237928613411839e+02
1.235292595712112131e+02 1.251483911250465155e+02
1.228554647800949908e+02 1.253729893887519040e+02
1.221816699889789817e+02 1.255975876524572925e+02
1.214746406480600740e+02 1.256173853923681634e+02
1.207643985762317982e+02 1.256173853923681634e+02
1.200541565044037355e+02 1.256173853923681634e+02
1.193439144325755734e+02 1.256173853923681634e+02
1.186336723607475108e+02 1.256173853923681634e+02
1.180695320126104946e+02 1.259701061551896970e+02
1.175673150273368037e+02 1.264723231404633879e+02
1.170650980420632123e+02 1.269745401257370361e+02
1.165628810567895215e+02 1.274767571110107269e+02
1.160606640715159301e+02 1.279789740962843752e+02
1.155584470862422251e+02 1.284811910815580518e+02
1.150562301009685342e+02 1.289834080668317711e+02
1.144843359054659402e+02 1.293174093861823906e+02
1.137740938336377781e+02 1.293174093861823906e+02
1.130638517618097154e+02 1.293174093861823906e+02
1.123536096899814396e+02 1.293174093861823906e+02
1.116433676181532775e+02 1.293174093861823906e+02
1.109331255463252148e+02 1.293174093861823906e+02
1.102228834744969532e+02 1.293174093861823906e+02
1.095126414026688906e+02 1.293174093861823906e+02
1.088023993308407142e+02 1.293174093861823906e+02
1.080921572590125521e+02 1.293174093861823906e+02
1.073819151871843900e+02 1.293174093861823906e+02
1.066716731153562137e+02 1.293174093861823906e+02
1.059614310435281652e+02 1.293174093861823906e+02
1.052511889716998894e+02 1.293174093861823906e+02
1.045409468998717273e+02 1.293174093861823906e+02
1.038307048280436646e+02 1.293174093861823906e+02
1.031204627562154883e+02 1.293174093861823906e+02
1.024102206843873262e+02 1.293174093861823906e+02
1.016999786125591640e+02 1.293174093861823906e+02
1.009897365407309877e+02 1.293174093861823906e+02
1.002794944689028256e+02 1.293174093861823906e+02
9.956925239707466346e+01 1.293174093861823906e+02
9.885901032524660081e+01 1.293174093861823906e+02
9.814876825341843869e+01 1.293174093861823906e+02
9.743852618159016288e+01 1.293174093861823906e+02
9.672828410976210023e+01 1.293174093861823906e+02
9.601804203793393810e+01 1.293174093861823906e+02
9.530779996610587546e+01 1.293174093861823906e+02
9.459755789427759964e+01 1.293174093861823906e+02
9.388731582244943752e+01 1.293174093861823906e+02
9.317707375062137487e+01 1.293174093861823906e+02
9.246683167879321275e+01 1.293174093861823906e+02
9.175658960696503641e+01 1.293174093861823906e+02
9.104634753513687428e+01 1.293174093861823906e+02
9.033610546330871216e+01 1.293174093861823906e+02
8.962586339148064951e+01 1.293174093861823906e+02
8.891562131965237370e+01 1.293174093861823906e+02
8.820915103597162954e+01 1.293855104738431407e+02
8.750325299310070193e+01 1.294639435897177009e+02
8.679735495022978853e+01 1.295423767055922042e+02
8.609145690735896039e+01 1.296208098214667643e+02
8.538555886448804699e+01 1.296992429373413245e+02
8.467966082161723307e+01 1.297776760532158278e+02
8.397376277874620598e+01 1.298561091690903879e+02
8.326786473587527837e+01 1.299345422849649481e+02
8.256196669300446445e+01 1.300129754008395082e+02
8.185606865013355105e+01 1.300914085167140115e+02
8.115017060726272291e+01 1.301698416325885717e+02
8.044427256439180951e+01 1.302482747484631318e+02
7.973837452152088190e+01 1.303267078643376919e+02
7.903247647864996850e+01 1.304051409802121952e+02
7.832657843577904089e+01 1.304835740960867554e+02
7.762068039290822696e+01 1.305620072119613155e+02
7.691478235003729935e+01 1.306404403278358188e+02
7.620888430716638595e+01 1.307188734437103790e+02
7.550298626429557203e+01 1.307973065595849391e+02
7.479708822142454494e+01 1.308757396754594993e+02
7.409119017855371681e+01 1.309541727913340026e+02
7.338529213568280340e+01 1.310326059072085627e+02
7.267939409281187579e+01 1.311110390230831229e+02
7.197349604994106187e+01 1.311894721389576262e+02
7.126759800707014847e+01 1.312679052548321863e+02
7.056169996419932033e+01 1.313463383707067180e+02
6.985580192132840693e+01 1.314247714865812782e+02
6.914990387845737985e+01 1.315032046024558099e+02
6.844400583558656592e+01 1.315816377183303416e+02
6.773810779271563831e+01 1.316600708342049018e+02
6.703220974984482439e+01 1.317385039500794335e+02
6.632631170697389678e+01 1.318169370659539652e+02
6.562041366410298338e+01 1.318953701818285253e+02
6.491451562123216945e+01 1.319738032977030855e+02
6.420861757836114236e+01 1.320522364135775888e+02
6.350271953549032133e+01 1.321306695294521489e+02
6.279682149261940083e+01 1.322091026453267091e+02
6.209092344974848032e+01 1.322875357612012692e+02
6.138502540687766640e+01 1.323659688770757725e+02
6.067912736400673879e+01 1.324444019929503327e+02
5.997322932113592486e+01 1.325228351088248928e+02
5.926733127826489778e+01 1.326012682246993961e+02
5.856143323539397727e+01 1.326797013405739563e+02
5.785553519252316335e+01 1.327581344564485164e+02
5.714963714965224284e+01 1.328365675723230765e+02
5.644373910678142181e+01 1.329150006881975798e+02
5.573784106391050130e+01 1.329934338040721400e+02
5.502892821191014860e+01 1.330174333799966462e+02
5.431868614008209306e+01 1.330174333799966462e+02
5.360844406825381725e+01 1.330174333799966462e+02
5.289820199642575460e+01 1.330174333799966462e+02
5.218795992459759248e+01 1.330174333799966462e+02
5.147771785276942325e+01 1.330174333799966462e+02
5.076747578094126112e+01 1.330174333799966462e+02
5.005723370911309189e+01 1.330174333799966462e+02
4.934699163728502924e+01 1.330174333799966462e+02
4.863674956545676054e+01 1.330174333799966462e+02
4.792650749362859131e+01 1.330174333799966462e+02
4.721626542180052866e+01 1.330174333799966462e+02
4.650602334997236653e+01 1.330174333799966462e+02
4.579578127814419730e+01 1.330174333799966462e+02
4.508553920631603518e+01 1.330174333799966462e+02
4.437529713448786595e+01 1.330174333799966462e+02
4.366505506265969672e+01 1.330174333799966462e+02
4.295481299083153459e+01 1.330174333799966462e+02
4.224457091900347194e+01 1.330174333799966462e+02
4.153432884717530271e+01 1.330174333799966462e+02
4.082408677534703401e+01 1.330174333799966462e+02
4.011384470351897136e+01 1.330174333799966462e+02
3.940360263169080923e+01 1.330174333799966462e+02
3.869336055986274658e+01 1.330174333799966462e+02
3.798311848803447077e+01 1.330174333799966462e+02
3.727287641620630865e+01 1.330174333799966462e+02
3.656263434437824600e+01 1.330174333799966462e+02
3.585239227254997729e+01 1.330174333799966462e+02
3.514215020072191464e+01 1.330174333799966462e+02
3.443190812889374541e+01 1.330174333799966462e+02
3.372166605706557618e+01 1.330174333799966462e+02
3.301142398523741406e+01 1.330174333799966462e+02
3.230118191340924483e+01 1.330174333799966462e+02
3.159093984158118573e+01 1.330174333799966462e+02
3.088069776975302005e+01 1.330174333799966462e+02
3.017045569792474780e+01 1.330174333799966462e+02
2.946021362609668515e+01 1.330174333799966462e+02
2.874997155426851947e+01 1.330174333799966462e+02
2.803972948244035379e+01 1.330174333799966462e+02
2.732948741061218811e+01 1.330174333799966462e+02
2.661924533878402244e+01 1.330174333799966462e+02
2.590900326695595979e+01 1.330174333799966462e+02
2.519876119512768753e+01 1.330174333799966462e+02
2.448851912329962488e+01 1.330174333799966462e+02
2.377827705147145920e+01 1.330174333799966462e+02
2.306803497964318694e+01 1.330174333799966462e+02
2.235779290781512785e+01 1.330174333799966462e+02
2.165869904479499652e+01 1.331300193582900135e+02
2.096224939409766108e+01 1.332693092884295254e+02
2.026579974340022261e+01 1.334085992185689804e+02
1.956935009270289072e+01 1.335478891487084923e+02
1.887290044200555528e+01 1.336871790788479473e+02
1.817645079130811681e+01 1.338264690089874023e+02
1.748000114061078136e+01 1.339657589391268573e+02
1.678355148991344947e+01 1.341050488692663691e+02
1.608710183921601100e+01 1.342443387994058241e+02
1.539065218851867733e+01 1.343836287295452792e+02
1.469420253782123709e+01 1.345229186596847910e+02
1.399775288712400823e+01 1.346622085898242460e+02
1.330130323642656975e+01 1.348014985199637010e+02
1.260485358572913128e+01 1.349407884501032129e+02
1.190840393503179762e+01 1.350800783802426679e+02
1.121195428433446395e+01 1.352193683103821797e+02
1.051550463363713028e+01 1.353586582405216348e+02
9.819054982939691811e+00 1.354979481706610898e+02
9.122605332242251563e+00 1.356372381008006016e+02
8.426155681545024478e+00 1.357765280309400566e+02
7.729706030847585119e+00 1.359158179610795116e+02
7.033256380150251452e+00 1.360551078912189666e+02
6.336806729452812093e+00 1.361943978213584785e+02
5.640357078755478426e+00 1.363336877514979335e+02
4.943907428058144760e+00 1.364729776816373885e+02
4.247457777360706288e+00 1.366122676117769004e+02
3.547631544604204823e+00 1.367174573738108734e+02
2.837389472776038257e+00 1.367174573738108734e+02
2.127147400947766887e+00 1.367174573738108734e+02
1.416905329119705570e+00 1.367174573738108734e+02
7.066632572915391153e-01 1.367174573738108734e+02
-3.578814536522161808e-03 1.367174573738108734e+02
-7.138208863647937941e-01 1.367174573738108734e+02
-1.424062958192960249e+00 1.367174573738108734e+02
-2.134305030021021565e+00 1.367174573738108734e+02
-2.844547101849292936e+00 1.367174573738108734e+02
-3.554789173677354253e+00 1.367174573738108734e+02
-4.265031245505520374e+00 1.367174573738108734e+02
-4.975273317333792633e+00 1.367174573738108734e+02
-5.685515389161853506e+00 1.367174573738108734e+02
-6.395757460990020071e+00 1.367174573738108734e+02
-7.105999532818080944e+00 1.367174573738108734e+02
-7.816241604646353203e+00 1.367174573738108734e+02
-8.526483676474519768e+00 1.367174573738108734e+02
-9.236725748302580641e+00 1.367174573738108734e+02
-9.946967820130746318e+00 1.367174573738108734e+02
-1.065720989195891377e+01 1.367174573738108734e+02
-1.136745196378707945e+01 1.367174573738108734e+02
-1.207769403561524690e+01 1.367174573738108734e+02
-1.278793610744341258e+01 1.367174573738108734e+02
-1.349817817927157826e+01 1.367174573738108734e+02
-1.420842025109964091e+01 1.367174573738108734e+02
-1.491866232292791139e+01 1.367174573738108734e+02
-1.562890439475607884e+01 1.367174573738108734e+02
-1.633914646658413972e+01 1.367174573738108734e+02
-1.704938853841241198e+01 1.367174573738108734e+02
-1.775963061024047107e+01 1.367174573738108734e+02
-1.846987268206864030e+01 1.367174573738108734e+02
-1.918011475389680598e+01 1.367174573738108734e+02
-1.989035682572497166e+01 1.367174573738108734e+02
-2.060059889755313733e+01 1.367174573738108734e+02
-2.131084096938119998e+01 1.367174573738108734e+02
-2.202108304120947224e+01 1.367174573738108734e+02
-2.273132511303763792e+01 1.367174573738108734e+02
-2.344156718486569702e+01 1.367174573738108734e+02
-2.415180925669386625e+01 1.367174573738108734e+02
-2.486205132852203192e+01 1.367174573738108734e+02
-2.557229340035019760e+01 1.367174573738108734e+02
-2.628253547217836328e+01 1.367174573738108734e+02
-2.699277754400652896e+01 1.367174573738108734e+02
-2.770301961583469819e+01 1.367174573738108734e+02
-2.841326168766275728e+01 1.367174573738108734e+02
-2.912350375949092651e+01 1.367174573738108734e+02
-2.983374583131919522e+01 1.367174573738108734e+02
-3.054398790314725787e+01 1.367174573738108734e+02
-3.125422997497542354e+01 1.367174573738108734e+02
-3.196447204680369580e+01 1.367174573738108734e+02
-3.267471411863175490e+01 1.367174573738108734e+02
-3.338495619045992413e+01 1.367174573738108734e+02
-3.409519826228798678e+01 1.367174573738108734e+02
-3.480544033411625549e+01 1.367174573738108734e+02
-3.551568240594442472e+01 1.367174573738108734e+02
-3.622592447777248026e+01 1.367174573738108734e+02
-3.693616654960075607e+01 1.367174573738108734e+02
-3.764640862142871214e+01 1.367174573738108734e+02
-3.835665069325698084e+01 1.367174573738108734e+02
-3.906689276508515007e+01 1.367174573738108734e+02
-3.977713483691321272e+01 1.367174573738108734e+02
-4.048737690874137485e+01 1.367174573738108734e+02
-4.119761898056954408e+01 1.367174573738108734e+02
-4.190786105239771331e+01 1.367174573738108734e+02
-4.261810312422587543e+01 1.367174573738108734e+02
-4.332834519605393808e+01 1.367174573738108734e+02
-4.403858726788220679e+01 1.367174573738108734e+02
-4.474882933971026944e+01 1.367174573738108734e+02
-4.545907141153843867e+01 1.367174573738108734e+02
-4.616931348336670737e+01 1.367174573738108734e+02
-4.687955555519477002e+01 1.367174573738108734e+02
-4.758979762702293925e+01 1.367174573738108734e+02
-4.830003969885099480e+01 1.367174573738108734e+02
-4.901028177067927061e+01 1.367174573738108734e+02
-4.972052384250743273e+01 1.367174573738108734e+02
-5.043076591433549538e+01 1.367174573738108734e+02
-5.114100798616377119e+01 1.367174573738108734e+02
-5.185125005799172726e+01 1.367174573738108734e+02
-5.256149212981999597e+01 1.367174573738108734e+02
-5.327173420164816520e+01 1.367174573738108734e+02
-5.398197627347622074e+01 1.367174573738108734e+02
-5.469221834530438997e+01 1.367174573738108734e+02
-5.540246041713255920e+01 1.367174573738108734e+02
-5.611270248896072133e+01 1.367174573738108734e+02
-5.682294456078889056e+01 1.367174573738108734e+02
-5.753318663261705268e+01 1.367174573738108734e+02
-5.824342870444522191e+01 1.367174573738108734e+02
-5.895367077627328456e+01 1.367174573738108734e+02
-5.966391284810144668e+01 1.367174573738108734e+02
-6.037415491992972250e+01 1.367174573738108734e+02
-6.108439699175778514e+01 1.367174573738108734e+02
-6.179463906358594727e+01 1.367174573738108734e+02
-6.250488113541400992e+01 1.367174573738108734e+02
-6.321512320724227862e+01 1.367174573738108734e+02
-6.392536527907044785e+01 1.367174573738108734e+02
-6.463560735089851050e+01 1.367174573738108734e+02
-6.534584942272678632e+01 1.367174573738108734e+02
-6.605609149455484896e+01 1.367174573738108734e+02
-6.676269464423400279e+01 1.367542069196017280e+02
-6.745914429493143416e+01 1.368934968497412399e+02
-6.815559394562876605e+01 1.370327867798806949e+02
-6.885204359632609794e+01 1.371720767100201499e+02
-6.954849324702344404e+01 1.373113666401596049e+02
-7.024494289772087541e+01 1.374506565702991168e+02
-7.094139254841832098e+01 1.375899465004385718e+02
-7.163784219911553919e+01 1.377292364305780836e+02
-7.233429184981298476e+01 1.378685263607175386e+02
-7.303074150051031665e+01 1.380078162908569936e+02
-7.372719115120774802e+01 1.381471062209965055e+02
-7.442364080190509412e+01 1.382863961511359605e+02
-7.512009045260242601e+01 1.384256860812754155e+02
-7.581654010329985738e+01 1.385649760114149274e+02
-7.651298975399718927e+01 1.387042659415543824e+02
-7.720943940469453537e+01 1.388435558716938374e+02
-7.790588905539196674e+01 1.389828458018333492e+02
-7.860233870608929863e+01 1.391221357319728043e+02
-7.929878835678674420e+01 1.392614256621122593e+02
-7.999523800748396241e+01 1.394007155922517711e+02
-8.069168765818140798e+01 1.395400055223912261e+02
-8.138813730887885356e+01 1.396792954525307380e+02
-8.208458695957618545e+01 1.398185853826701930e+02
-8.278103661027351734e+01 1.399578753128096480e+02
-8.347748626097084923e+01 1.400971652429491030e+02
-8.417393591166828060e+01 1.402364551730886149e+02
-8.487038556236572617e+01 1.403757451032280699e+02
-8.557649492959403403e+01 1.404174813676251006e+02
-8.628673700142219616e+01 1.404174813676251006e+02
-8.699697907325025881e+01 1.404174813676251006e+02
-8.770722114507853462e+01 1.404174813676251006e+02
-8.841746321690669674e+01 1.404174813676251006e+02
-8.912770528873475939e+01 1.404174813676251006e+02
-8.983794736056293573e+01 1.404174813676251006e+02
-9.054818943239109785e+01 1.404174813676251006e+02
-9.125843150421925998e+01 1.404174813676251006e+02
-9.196867357604743631e+01 1.404174813676251006e+02
-9.267891564787559844e+01 1.404174813676251006e+02
-9.338915771970376056e+01 1.404174813676251006e+02
-9.409939979153182321e+01 1.404174813676251006e+02
-9.480964186335998534e+01 1.404174813676251006e+02
-9.551988393518826115e+01 1.404174813676251006e+02
-9.623012600701632380e+01 1.404174813676251006e+02
-9.694036807884448592e+01 1.404174813676251006e+02
-9.765061015067254857e+01 1.404174813676251006e+02
-9.836085222250082438e+01 1.404174813676251006e+02
-9.907109429432898651e+01 1.404174813676251006e+02
-9.978133636615704916e+01 1.404174813676251006e+02
-1.004915784379853250e+02 1.404174813676251006e+02
-1.012018205098133876e+02 1.404174813676251006e+02
-1.019120625816415497e+02 1.404174813676251006e+02
-1.026223046534697119e+02 1.404174813676251006e+02
-1.033325467252978882e+02 1.404174813676251006e+02
-1.040427887971260503e+02 1.404174813676251006e+02
-1.047530308689541130e+02 1.404174813676251006e+02
-1.054632729407823746e+02 1.404174813676251006e+02
-1.061735150126105509e+02 1.404174813676251006e+02
-1.068837570844386136e+02 1.404174813676251006e+02
-1.075939991562667757e+02 1.404174813676251006e+02
-1.083042412280949378e+02 1.404174813676251006e+02
-1.090144832999231141e+02 1.404174813676251006e+02
-1.097247253717512763e+02 1.404174813676251006e+02
-1.104349674435793389e+02 1.404174813676251006e+02
-1.111452095154076005e+02 1.404174813676251006e+02
-1.118554515872356632e+02 1.404174813676251006e+02
-1.125656936590638395e+02 1.404174813676251006e+02
-1.132759357308921011e+02 1.404174813676251006e+02
-1.139861778027201638e+02 1.404174813676251006e+02
-1.146955392265898013e+02 1.404229081648668114e+02
-1.153693340177059241e+02 1.406475064285721999e+02
-1.160431288088221322e+02 1.408721046922775884e+02
-1.167169235999382551e+02 1.410967029559829768e+02
-1.173907183910543637e+02 1.413213012196883653e+02
-1.180645131821705718e+02 1.415458994833937538e+02
-1.187383079732866946e+02 1.417704977470991423e+02
-1.194121027644029027e+02 1.419950960108045308e+02
-1.200858975555191250e+02 1.422196942745099193e+02
-1.207596923466352337e+02 1.424442925382153078e+02
-1.214334871377514560e+02 1.426688908019206963e+02
-1.221072819288674651e+02 1.428934890656260848e+02
-1.227810767199836732e+02 1.431180873293314733e+02
-1.234548715110998955e+02 1.433426855930368617e+02
-1.241286663022160042e+02 1.435672838567422218e+02
-1.248024610933322265e+02 1.437918821204476103e+02
-1.254762558844483351e+02 1.440164803841529988e+02
-1.261701038593439534e+02 1.441175053614393278e+02
-1.268803459311721156e+02 1.441175053614393278e+02
-1.275905880030002777e+02 1.441175053614393278e+02
-1.283008300748284398e+02 1.441175053614393278e+02
-1.290110721466565167e+02 1.441175053614393278e+02
-1.297213142184846788e+02 1.441175053614393278e+02
-1.304315562903129546e+02 1.441175053614393278e+02
-1.311417983621410031e+02 1.441175053614393278e+02
-1.318520404339691652e+02 1.441175053614393278e+02
-1.325622825057973273e+02 1.441175053614393278e+02
-1.332725245776255178e+02 1.441175053614393278e+02
-1.339827666494536800e+02 1.441175053614393278e+02
-1.346930087212817284e+02 1.441175053614393278e+02
-1.354032507931100042e+02 1.441175053614393278e+02
-1.361134928649380811e+02 1.441175053614393278e+02
-1.368237349367662432e+02 1.441175053614393278e+02
-1.375339770085945190e+02 1.441175053614393278e+02
-1.382442190804225675e+02 1.441175053614393278e+02
-1.389544611522507296e+02 1.441175053614393278e+02
-1.396647032240788064e+02 1.441175053614393278e+02
-1.403749452959070538e+02 1.441175053614393278e+02
-1.410851873677352444e+02 1.441175053614393278e+02
-1.417954294395632928e+02 1.441175053614393278e+02
-1.425056715113915686e+02 1.441175053614393278e+02
-1.432159135832196171e+02 1.441175053614393278e+02
-1.439261556550477792e+02 1.441175053614393278e+02
-1.446363977268760550e+02 1.441175053614393278e+02
-1.453466397987041319e+02 1.441175053614393278e+02
-1.460568818705322940e+02 1.441175053614393278e+02
-1.467671239423603424e+02 1.441175053614393278e+02
-1.474773660141886182e+02 1.441175053614393278e+02
-1.481876080860167804e+02 1.441175053614393278e+02
-1.488978501578448572e+02 1.441175053614393278e+02
-1.496080922296730193e+02 1.441175053614393278e+02
-1.503183343015010678e+02 1.441175053614393278e+02
-1.510285763733293436e+02 1.441175053614393278e+02
-1.517388184451575057e+02 1.441175053614393278e+02
-1.524490605169855826e+02 1.441175053614393278e+02
-1.531593025888138584e+02 1.441175053614393278e+02
-1.538695446606419068e+02 1.441175053614393278e+02
-1.545797867324700690e+02 1.441175053614393278e+02
-1.552900288042983448e+02 1.441175053614393278e+02
-1.560002708761263079e+02 1.441175053614393278e+02
-1.567105129479545838e+02 1.441175053614393278e+02
-1.574207550197826322e+02 1.441175053614393278e+02
-1.581309970916107943e+02 1.441175053614393278e+02
-1.588412391634390701e+02 1.441175053614393278e+02
-1.595514812352671470e+02 1.441175053614393278e+02
-1.602617233070953091e+02 1.441175053614393278e+02
-1.609719653789233575e+02 1.441175053614393278e+02
-1.616822074507516334e+02 1.441175053614393278e+02
-1.623924495225797955e+02 1.441175053614393278e+02
-1.631026915944078723e+02 1.441175053614393278e+02
-1.638129336662360345e+02 1.441175053614393278e+02
-1.645231757380641966e+02 1.441175053614393278e+02
-1.652334178098923587e+02 1.441175053614393278e+02
-1.659436598817205208e+02 1.441175053614393278e+02
-1.666539019535485977e+02 1.441175053614393278e+02
-1.673641440253768735e+02 1.441175053614393278e+02
-1.680743860972049220e+02 1.441175053614393278e+02
-1.687846281690330841e+02 1.441175053614393278e+02
-1.694948702408613599e+02 1.441175053614393278e+02
-1.702051123126894367e+02 1.441175053614393278e+02
-1.709153543845175989e+02 1.441175053614393278e+02
-1.716255964563456473e+02 1.441175053614393278e+02
-1.723358385281738094e+02 1.441175053614393278e+02
-1.730460806000020852e+02 1.441175053614393278e+02
-1.737563226718301621e+02 1.441175053614393278e+02
-1.744665647436583242e+02 1.441175053614393278e+02
-1.751768068154863727e+02 1.441175053614393278e+02
-1.758870488873146485e+02 1.441175053614393278e+02
-1.765972909591428106e+02 1.441175053614393278e+02
-1.773075330309708875e+02 1.441175053614393278e+02
-1.780177751027990496e+02 1.441175053614393278e+02
-1.787280171746272117e+02 1.441175053614393278e+02
-1.794382592464553738e+02 1.441175053614393278e+02
-1.801485013182835360e+02 1.441175053614393278e+02
-1.808587433901116128e+02 1.441175053614393278e+02
-1.815689854619398886e+02 1.441175053614393278e+02
-1.822792275337679371e+02 1.441175053614393278e+02
-1.829894696055960992e+02 1.441175053614393278e+02
-1.836997116774243750e+02 1.441175053614393278e+02
-1.844099537492524234e+02 1.441175053614393278e+02
-1.851201958210806140e+02 1.441175053614393278e+02
-1.858304378929086624e+02 1.441175053614393278e+02
-1.865406799647368246e+02 1.441175053614393278e+02
-1.872509220365651004e+02 1.441175053614393278e+02
-1.879611641083931772e+02 1.441175053614393278e+02
-1.886714061802213394e+02 1.441175053614393278e+02
-1.893816482520495015e+02 1.441175053614393278e+02
-1.900918903238776636e+02 1.441175053614393278e+02
-1.908021323957058257e+02 1.441175053614393278e+02
-1.915123744675339026e+02 1.441175053614393278e+02
-1.922226165393621500e+02 1.441175053614393278e+02
-1.929328586111902268e+02 1.441175053614393278e+02
-1.936431006830185027e+02 1.441175053614393278e+02
-1.943533427548466648e+02 1.441175053614393278e+02
-1.950635848266747132e+02 1.441175053614393278e+02
-1.957738268985029890e+02 1.441175053614393278e+02
-1.964840689703310659e+02 1.441175053614393278e+02
-1.971943110421592280e+02 1.441175053614393278e+02
-1.979045531139873901e+02 1.441175053614393278e+02
-1.986147951858154386e+02 1.441175053614393278e+02
-1.993250372576437144e+02 1.441175053614393278e+02
-2.000352793294717912e+02 1.441175053614393278e+02
-2.007455214012999534e+02 1.441175053614393278e+02
-2.014557634731282292e+02 1.441175053614393278e+02
-2.021660055449562776e+02 1.441175053614393278e+02
-2.028762476167844397e+02 1.441175053614393278e+02
-2.035864896886126019e+02 1.441175053614393278e+02
-2.042967317604407924e+02 1.441175053614393278e+02
-2.050069738322689545e+02 1.441175053614393278e+02
-2.057172159040971167e+02 1.441175053614393278e+02
-2.064274579759252788e+02 1.441175053614393278e+02
-2.071377000477533556e+02 1.441175053614393278e+02
-2.078479421195816030e+02 1.441175053614393278e+02
-2.085581841914097936e+02 1.441175053614393278e+02
-2.092684262632378420e+02 1.441175053614393278e+02
-2.099786683350661178e+02 1.441175053614393278e+02
-2.106889104068941663e+02 1.441175053614393278e+02
-2.113991524787224421e+02 1.441175053614393278e+02
-2.121093945505506042e+02 1.441175053614393278e+02
-2.128196366223786811e+02 1.441175053614393278e+02
-2.135298786942069569e+02 1.441175053614393278e+02
-2.142401207660350053e+02 1.441175053614393278e+02
-2.149503628378632811e+02 1.441175053614393278e+02
-2.156606049096914433e+02 1.441175053614393278e+02
-2.163708469815194917e+02 1.441175053614393278e+02
-2.170810890533476822e+02 1.441175053614393278e+02
-2.177913311251758444e+02 1.441175053614393278e+02
-2.185015731970040633e+02 1.441175053614393278e+02
-2.192118152688322255e+02 1.441175053614393278e+02
-2.199220573406603307e+02 1.441175053614393278e+02
-2.206322994124885497e+02 1.441175053614393278e+02
-2.213425414843166266e+02 1.441175053614393278e+02
-2.220527835561448455e+02 1.441175053614393278e+02
-2.227630256279730645e+02 1.441175053614393278e+02
-2.234732676998011698e+02 1.441175053614393278e+02
-2.241835097716293319e+02 1.441175053614393278e+02
-2.248937518434574372e+02 1.441175053614393278e+02
-2.256039939152856277e+02 1.441175053614393278e+02
-2.263142359871138751e+02 1.441175053614393278e+02
-2.270244780589419520e+02 1.441175053614393278e+02
-2.277347201307701710e+02 1.441175053614393278e+02
-2.284449622025982194e+02 1.441175053614393278e+02
-2.291552042744264384e+02 1.441175053614393278e+02
-2.298654463462546573e+02 1.441175053614393278e+02
-2.305756884180827910e+02 1.441175053614393278e+02
-2.312859304899110100e+02 1.441175053614393278e+02
-2.319961725617390584e+02 1.441175053614393278e+02
-2.327064146335672774e+02 1.441175053614393278e+02
-2.334166567053954395e+02 1.441175053614393278e+02
-2.341268987772235732e+02 1.441175053614393278e+02
-2.348371408490517354e+02 1.441175053614393278e+02
-2.355473829208798406e+02 1.441175053614393278e+02
-2.362576249927080028e+02 1.441175053614393278e+02
-2.369678670645362217e+02 1.441175053614393278e+02
-2.376781091363643270e+02 1.441175053614393278e+02
-2.383883512081925176e+02 1.441175053614393278e+02
-2.390985932800206228e+02 1.441175053614393278e+02
-2.398088353518487850e+02 1.441175053614393278e+02
-2.405190774236770039e+02 1.441175053614393278e+02
-2.412293194955050808e+02 1.441175053614393278e+02
-2.419395615673332998e+02 1.441175053614393278e+02
-2.426498036391613482e+02 1.441175053614393278e+02
-2.433600457109895672e+02 1.441175053614393278e+02
-2.440702877828177861e+02 1.441175053614393278e+02
