-6.496240523365828494e+02 -3.958145464556408655e+01
-6.496240523365828494e+02 -3.913285094139369846e+01
-6.496240523365828494e+02 -3.868424723722330327e+01
-6.496240523365828494e+02 -3.823564353305310703e+01
-6.496240523365828494e+02 -3.778703982888290369e+01
-6.496240523365828494e+02 -3.733843612471251561e+01
-6.496240523365828494e+02 -3.688983242054231226e+01
-6.496240523365828494e+02 -3.644122871637191707e+01
-6.496240523365828494e+02 -3.599262501220172084e+01
-6.496240523365828494e+02 -3.554402130803132565e+01
-6.496240523365828494e+02 -3.509541760386112941e+01
-6.496240523365828494e+02 -3.464681389969073422e+01
-6.496240523365828494e+02 -3.419821019552053798e+01
-6.496240523365828494e+02 -3.374960649135033464e+01
-6.496240523365828494e+02 -3.330100278717993945e+01
-6.496240523365828494e+02 -3.285239908300974321e+01
-6.496240523365828494e+02 -3.240379537883934802e+01
-6.496240523365828494e+02 -3.195519167466914823e+01
-6.496240523365828494e+02 -3.150658797049876014e+01
-6.496240523365828494e+02 -3.105798426632855680e+01
-6.496240523365828494e+02 -3.060938056215835346e+01
-6.496240523365828494e+02 -3.016077685798796537e+01
-6.496240523365828494e+02 -2.971217315381757373e+01
-6.496240523365828494e+02 -2.926356944964737394e+01
-6.496240523365828494e+02 -2.881496574547717060e+01
-6.496240523365828494e+02 -2.836636204130677896e+01
-6.496240523365828494e+02 -2.791775833713657917e+01
-6.496240523365828494e+02 -2.746915463296618753e+01
-6.496240523365828494e+02 -2.702055092879598774e+01
-6.496240523365828494e+02 -2.657194722462559611e+01
-6.496240523365828494e+02 -2.612334352045539632e+01
-6.496240523365828494e+02 -2.567473981628500468e+01
-6.496240523365828494e+02 -2.522613611211480134e+01
-6.496240523365828494e+02 -2.477753240794460154e+01
-6.496240523365828494e+02 -2.432892870377420991e+01
-6.496240523365828494e+02 -2.388032499960401012e+01
-6.496240523365828494e+02 -2.343172129543361848e+01
-6.496240523365828494e+02 -2.298311759126341514e+01
-6.496240523365828494e+02 -2.253451388709302705e+01
-6.496240523365828494e+02 -2.208591018292282371e+01
-6.496240523365828494e+02 -2.163730647875262392e+01
-6.496240523365828494e+02 -2.118870277458223228e+01
-6.496240523365828494e+02 -2.074009907041184420e+01
-6.496240523365828494e+02 -2.029149536624164085e+01
-6.496240523365828494e+02 -1.984289166207143751e+01
-6.496240523365828494e+02 -1.939428795790104942e+01
-6.496240523365828494e+02 -1.894568425373084608e+01
-6.496240523365828494e+02 -1.849708054956045800e+01
-6.496240523365828494e+02 -1.804847684539025465e+01
-6.496240523365828494e+02 -1.759987314121986302e+01
-6.496240523365828494e+02 -1.715126943704966322e+01
-6.496240523365828494e+02 -1.670266573287927159e+01
-6.496240523365828494e+02 -1.625406202870907180e+01
-6.496240523365828494e+02 -1.580545832453886845e+01
-6.496240523365828494e+02 -1.535685462036847859e+01
-6.496240523365828494e+02 -1.490825091619827703e+01
-6.496240523365828494e+02 -1.445964721202788716e+01
-6.496240523365828494e+02 -1.401104350785768560e+01
-6.496240523365828494e+02 -1.356243980368729396e+01
-6.496240523365828494e+02 -1.311383609951709239e+01
-6.496240523365828494e+02 -1.266523239534670253e+01
-6.496240523365828494e+02 -1.221662869117650096e+01
-6.496240523365828494e+02 -1.176802498700611110e+01
-6.496240523365828494e+02 -1.131942128283590954e+01
-6.496240523365828494e+02 -1.087081757866570619e+01
-6.496240523365828494e+02 -1.042221387449531633e+01
-6.496240523365828494e+02 -9.973610170325114765e+00
-6.496240523365828494e+02 -9.525006466154724905e+00
-6.496240523365828494e+02 -9.076402761984523337e+00
-6.496240523365828494e+02 -8.627799057814131700e+00
-6.496240523365828494e+02 -8.179195353643930133e+00
-6.496240523365828494e+02 -7.730591649473540272e+00
-6.496240523365828494e+02 -7.281987945303338705e+00
-6.496240523365828494e+02 -6.833384241133137138e+00
-6.496240523365828494e+02 -6.384780536962746389e+00
-6.496240523365828494e+02 -5.936176832792356528e+00
-6.496240523365828494e+02 -5.487573128622154961e+00
-6.496240523365828494e+02 -5.038969424451952506e+00
-6.496240523365828494e+02 -4.590365720281562645e+00
-6.496240523365828494e+02 -4.141762016111361078e+00
-6.496240523365828494e+02 -3.693158311940970329e+00
-6.496240523365828494e+02 -3.244554607770768762e+00
-6.496240523365828494e+02 -2.795950903600378457e+00
-6.496240523365828494e+02 -2.347347199430176889e+00
-6.496240523365828494e+02 -1.898743495259974878e+00
-6.496240523365828494e+02 -1.450139791089584573e+00
-6.496240523365828494e+02 -1.001536086919382784e+00
-6.496240523365828494e+02 -5.529323827489925902e-01
-6.496240523365828494e+02 -1.043286785787907872e-01
-6.496240523365828494e+02 3.442750255915994484e-01
-6.496240523365828494e+02 7.928787297618012930e-01
-6.496240523365828494e+02 1.241482433932002971e+00
-6.496240523365828494e+02 1.690086138102393276e+00
-6.496240523365828494e+02 2.138689842272595065e+00
-6.496240523365828494e+02 2.587293546442985370e+00
-6.496240523365828494e+02 3.035897250613375675e+00
-6.496240523365828494e+02 3.484500954783577242e+00
-6.496240523365828494e+02 3.933104658953779253e+00
-6.496240523365828494e+02 4.381708363124169558e+00
-6.496240523365828494e+02 4.830312067294371126e+00
-6.496240523365828494e+02 5.278915771464761875e+00
-6.496240523365828494e+02 5.727519475634963442e+00
-6.496240523365828494e+02 6.176123179805353303e+00
-6.496240523365828494e+02 6.624726883975554870e+00
-6.496240523365828494e+02 7.073330588145757325e+00
-6.496240523365828494e+02 7.521934292316147186e+00
-6.496240523365828494e+02 7.970537996486348753e+00
-6.496240523365828494e+02 8.419141700656739502e+00
-6.496240523365828494e+02 8.867745404826941069e+00
-6.496240523365828494e+02 9.316349108997330930e+00
-6.496240523365828494e+02 9.764952813167532497e+00
-6.496240523365828494e+02 1.021355651733792413e+01
-6.496240523365828494e+02 1.066216022150812570e+01
-6.496240523365828494e+02 1.111076392567832727e+01
-6.496240523365828494e+02 1.155936762984871713e+01
-6.496240523365828494e+02 1.200797133401910699e+01
-6.496240523365828494e+02 1.245657503818930856e+01
-6.496240523365828494e+02 1.290517874235951190e+01
-6.496240523365828494e+02 1.335378244652990176e+01
-6.496240523365828494e+02 1.380238615070010333e+01
-6.496240523365828494e+02 1.425098985487049319e+01
-6.496240523365828494e+02 1.469959355904069476e+01
-6.496240523365828494e+02 1.514819726321108462e+01
-6.496240523365828494e+02 1.559680096738128796e+01
-6.496240523365828494e+02 1.604540467155148775e+01
-6.496240523365828494e+02 1.649400837572187939e+01
-6.496240523365828494e+02 1.694261207989208273e+01
-6.496240523365828494e+02 1.739121578406247082e+01
-6.496240523365828494e+02 1.783981948823267416e+01
-6.496240523365828494e+02 1.828842319240306225e+01
-6.496240523365828494e+02 1.873702689657326559e+01
-6.496240523365828494e+02 1.918563060074365723e+01
-6.496240523365828494e+02 1.963423430491385702e+01
-6.496240523365828494e+02 2.008283800908406036e+01
-6.496240523365828494e+02 2.053144171325444844e+01
-6.496240523365828494e+02 2.098004541742484008e+01
-6.496240523365828494e+02 2.142864912159503987e+01
-6.496240523365828494e+02 2.187725282576524322e+01
-6.496240523365828494e+02 2.232585652993563485e+01
-6.496240523365828494e+02 2.277446023410583464e+01
-6.496240523365828494e+02 2.322306393827622628e+01
-6.496240523365828494e+02 2.367166764244642607e+01
-6.496240523365828494e+02 2.412027134661681771e+01
-6.496240523365828494e+02 2.456887505078702105e+01
-6.496240523365828494e+02 2.501747875495722084e+01
-6.496240523365828494e+02 2.546608245912761248e+01
-6.496240523365828494e+02 2.591468616329781227e+01
-6.496240523365828494e+02 2.636328986746820391e+01
-6.496240523365828494e+02 2.681189357163840370e+01
-6.496240523365828494e+02 2.726049727580879534e+01
-6.496240523365828494e+02 2.770910097997899868e+01
-6.496240523365828494e+02 2.815770468414919847e+01
-6.496240523365828494e+02 2.860630838831959011e+01
-6.496240523365828494e+02 2.905491209248978990e+01
-6.496240523365828494e+02 2.950351579666018154e+01
-6.496240523365828494e+02 2.995211950083057317e+01
-6.496240523365828494e+02 3.040072320500077296e+01
-6.496240523365828494e+02 3.084932690917097631e+01
-6.496240523365828494e+02 3.129793061334136439e+01
-6.496240523365828494e+02 3.174653431751156774e+01
-6.496240523365828494e+02 3.219513802168195582e+01
-6.496240523365828494e+02 3.264374172585215916e+01
-6.494296380784095390e+02 3.301181640756844615e+01
-6.491124273571252843e+02 3.332902712885255170e+01
-6.487952166358411432e+02 3.364623785013684909e+01
-6.484780059145568885e+02 3.396344857142095464e+01
-6.481607951932726337e+02 3.428065929270524492e+01
-6.478435844719884926e+02 3.459787001398953521e+01
-6.475263737507042379e+02 3.491508073527364076e+01
-6.472091630294200968e+02 3.523229145655793815e+01
-6.468919523081358420e+02 3.554950217784203659e+01
-6.465747415868517010e+02 3.586671289912633398e+01
-6.462575308655673325e+02 3.618392362041043953e+01
-6.459403201442831914e+02 3.650113434169472981e+01
-6.456231094229989367e+02 3.681834506297902010e+01
-6.453058987017147956e+02 3.713555578426312564e+01
-6.449886879804305408e+02 3.745276650554742304e+01
-6.446714772591462861e+02 3.776997722683152858e+01
-6.443542665378620313e+02 3.808718794811581887e+01
-6.440370558165778903e+02 3.840439866939992442e+01
-6.437198450952936355e+02 3.872160939068421470e+01
-6.434026343740094944e+02 3.903882011196851209e+01
-6.430854236527251260e+02 3.935603083325261053e+01
-6.427682129314409849e+02 3.967324155453690793e+01
-6.424510022101567301e+02 3.999045227582101347e+01
-6.421337914888725891e+02 4.030766299710530376e+01
-6.418165807675883343e+02 4.062487371838940931e+01
-6.414993700463041932e+02 4.094208443967369959e+01
-6.411821593250199385e+02 4.125929516095799698e+01
-6.408649486037357974e+02 4.157650588224210253e+01
-6.405477378824515426e+02 4.189371660352639282e+01
-6.402305271611672879e+02 4.221092732481049836e+01
-6.399133164398831468e+02 4.252813804609478865e+01
-6.395961057185988921e+02 4.284534876737908604e+01
-6.392788949973147510e+02 4.316255948866318448e+01
-6.389616842760304962e+02 4.347977020994748187e+01
-6.386444735547463551e+02 4.379698093123158742e+01
-6.383272628334619867e+02 4.411419165251587771e+01
-6.380100521121778456e+02 4.443140237379998325e+01
-6.376928413908935909e+02 4.474861309508427354e+01
-6.373756306696094498e+02 4.506582381636857093e+01
-6.370584199483251950e+02 4.538303453765267648e+01
-6.367412092270409403e+02 4.570024525893696676e+01
-6.364239985057566855e+02 4.601745598022107231e+01
-6.360382168162656171e+02 4.623952956513754486e+01
-6.356369734652724901e+02 4.644015124063399469e+01
-6.352357301142792494e+02 4.664077291613062926e+01
-6.348344867632861224e+02 4.684139459162726382e+01
-6.344332434122928817e+02 4.704201626712389839e+01
-6.340320000612997546e+02 4.724263794262053295e+01
-6.336307567103065139e+02 4.744325961811698278e+01
-6.332295133593133869e+02 4.764388129361361734e+01
-6.328282700083201462e+02 4.784450296911025191e+01
-6.324270266573269055e+02 4.804512464460689358e+01
-6.320257833063337785e+02 4.824574632010333630e+01
-6.316245399553405377e+02 4.844636799559997087e+01
-6.312232966043474107e+02 4.864698967109661254e+01
-6.308220532533541700e+02 4.884761134659324711e+01
-6.304208099023610430e+02 4.904823302208988167e+01
-6.300195665513679160e+02 4.924885469758633150e+01
-6.296183232003746753e+02 4.944947637308296606e+01
-6.292170798493815482e+02 4.965009804857960063e+01
-6.288158364983881938e+02 4.985071972407623520e+01
-6.284145931473950668e+02 5.005134139957268502e+01
-6.280133497964019398e+02 5.025196307506931959e+01
-6.276121064454086991e+02 5.045258475056595415e+01
-6.272108630944155720e+02 5.065320642606258872e+01
-6.268096197434223313e+02 5.085382810155923039e+01
-6.264083763924292043e+02 5.105444977705567311e+01
-6.260071330414359636e+02 5.125507145255231478e+01
-6.256058896904428366e+02 5.145569312804894935e+01
-6.252046463394495959e+02 5.165631480354558391e+01
-6.248034029884563552e+02 5.185693647904203374e+01
-6.244021596374632281e+02 5.205755815453866830e+01
-6.240009162864699874e+02 5.225817983003530287e+01
-6.235996729354768604e+02 5.245880150553193744e+01
-6.231984295844836197e+02 5.265942318102838726e+01
-6.227605924533146435e+02 5.270503111614657143e+01
-6.223119887491443478e+02 5.270503111614657143e+01
-6.218633850449740521e+02 5.270503111614657143e+01
-6.214147813408037564e+02 5.270503111614657143e+01
-6.209661776366334607e+02 5.270503111614657143e+01
-6.205175739324631650e+02 5.270503111614657143e+01
-6.200689702282928693e+02 5.270503111614657143e+01
-6.196203665241225735e+02 5.270503111614657143e+01
-6.191717628199523915e+02 5.270503111614657143e+01
-6.187231591157820958e+02 5.270503111614657143e+01
-6.182745554116118001e+02 5.270503111614657143e+01
-6.178259517074415044e+02 5.270503111614657143e+01
-6.173773480032712087e+02 5.270503111614657143e+01
-6.169287442991009129e+02 5.270503111614657143e+01
-6.164801405949306172e+02 5.270503111614657143e+01
-6.160315368907603215e+02 5.270503111614657143e+01
-6.155829331865900258e+02 5.270503111614657143e+01
-6.151343294824197301e+02 5.270503111614657143e+01
-6.146857257782494344e+02 5.270503111614657143e+01
-6.142371220740792523e+02 5.270503111614657143e+01
-6.137885183699088429e+02 5.270503111614657143e+01
-6.133399146657386609e+02 5.270503111614657143e+01
-6.128913109615683652e+02 5.270503111614657143e+01
-6.124427072573980695e+02 5.270503111614657143e+01
-6.119941035532277738e+02 5.270503111614657143e+01
-6.115454998490574781e+02 5.270503111614657143e+01
-6.110968961448871823e+02 5.270503111614657143e+01
-6.106482924407168866e+02 5.270503111614657143e+01
-6.101996887365465909e+02 5.270503111614657143e+01
-6.097510850323762952e+02 5.270503111614657143e+01
-6.093024813282059995e+02 5.270503111614657143e+01
-6.088538776240357038e+02 5.270503111614657143e+01
-6.084052739198655217e+02 5.270503111614657143e+01
-6.079566702156952260e+02 5.270503111614657143e+01
-6.075080665115249303e+02 5.270503111614657143e+01
-6.070594628073546346e+02 5.270503111614657143e+01
-6.066108591031843389e+02 5.270503111614657143e+01
-6.061622553990140432e+02 5.270503111614657143e+01
-6.057136516948437475e+02 5.270503111614657143e+01
-6.052650479906734517e+02 5.270503111614657143e+01
-6.048164442865031560e+02 5.270503111614657143e+01
-6.043678405823328603e+02 5.270503111614657143e+01
-6.039192368781625646e+02 5.270503111614657143e+01
-6.034706331739922689e+02 5.270503111614657143e+01
-6.030220294698219732e+02 5.270503111614657143e+01
-6.025734257656516775e+02 5.270503111614657143e+01
-6.021248220614813818e+02 5.270503111614657143e+01
-6.016762183573110860e+02 5.270503111614657143e+01
-6.012276146531407903e+02 5.270503111614657143e+01
-6.007790109489704946e+02 5.270503111614657143e+01
-6.003304072448001989e+02 5.270503111614657143e+01
-5.998818035406299032e+02 5.270503111614657143e+01
-5.994331998364597212e+02 5.270503111614657143e+01
-5.989845961322894254e+02 5.270503111614657143e+01
-5.985359924281191297e+02 5.270503111614657143e+01
-5.980873887239488340e+02 5.270503111614657143e+01
-5.976387850197785383e+02 5.270503111614657143e+01
-5.971901813156082426e+02 5.270503111614657143e+01
-5.967415776114379469e+02 5.270503111614657143e+01
-5.962929739072676512e+02 5.270503111614657143e+01
-5.958443702030973554e+02 5.270503111614657143e+01
-5.953957664989270597e+02 5.270503111614657143e+01
-5.949471627947567640e+02 5.270503111614657143e+01
-5.944985590905865820e+02 5.270503111614657143e+01
-5.940499553864162863e+02 5.270503111614657143e+01
-5.936013516822459906e+02 5.270503111614657143e+01
-5.931527479780756948e+02 5.270503111614657143e+01
-5.927041442739053991e+02 5.270503111614657143e+01
-5.922555405697351034e+02 5.270503111614657143e+01
-5.918069368655648077e+02 5.270503111614657143e+01
-5.913583331613945120e+02 5.270503111614657143e+01
-5.909097294572242163e+02 5.270503111614657143e+01
-5.904611257530539206e+02 5.270503111614657143e+01
-5.900125220488836248e+02 5.270503111614657143e+01
-5.895639183447134428e+02 5.270503111614657143e+01
-5.891153146405430334e+02 5.270503111614657143e+01
-5.886667109363728514e+02 5.270503111614657143e+01
-5.882181072322025557e+02 5.270503111614657143e+01
-5.877695035280322600e+02 5.270503111614657143e+01
-5.873208998238619643e+02 5.270503111614657143e+01
-5.868722961196916685e+02 5.270503111614657143e+01
-5.864236924155213728e+02 5.270503111614657143e+01
-5.859750887113510771e+02 5.270503111614657143e+01
-5.855264850071807814e+02 5.270503111614657143e+01
-5.850778813030104857e+02 5.270503111614657143e+01
-5.846292775988401900e+02 5.270503111614657143e+01
-5.841806738946698943e+02 5.270503111614657143e+01
-5.837320701904997122e+02 5.270503111614657143e+01
-5.832834664863294165e+02 5.270503111614657143e+01
-5.828348627821591208e+02 5.270503111614657143e+01
-5.823862590779888251e+02 5.270503111614657143e+01
-5.819376553738185294e+02 5.270503111614657143e+01
-5.814890516696482337e+02 5.270503111614657143e+01
-5.810404479654779379e+02 5.270503111614657143e+01
-5.805918442613076422e+02 5.270503111614657143e+01
-5.801432405571373465e+02 5.270503111614657143e+01
-5.796946368529670508e+02 5.270503111614657143e+01
-5.792460331487967551e+02 5.270503111614657143e+01
-5.787974294446264594e+02 5.270503111614657143e+01
-5.783488257404561637e+02 5.270503111614657143e+01
-5.779002220362858679e+02 5.270503111614657143e+01
-5.774516183321155722e+02 5.270503111614657143e+01
-5.770030146279452765e+02 5.270503111614657143e+01
-5.765544109237749808e+02 5.270503111614657143e+01
-5.761058072196046851e+02 5.270503111614657143e+01
-5.756572035154343894e+02 5.270503111614657143e+01
-5.752085998112640937e+02 5.270503111614657143e+01
-5.747599961070939116e+02 5.270503111614657143e+01
-5.743113924029236159e+02 5.270503111614657143e+01
-5.738627886987533202e+02 5.270503111614657143e+01
-5.734141849945830245e+02 5.270503111614657143e+01
-5.729655812904127288e+02 5.270503111614657143e+01
-5.725169775862424331e+02 5.270503111614657143e+01
-5.720683738820721373e+02 5.270503111614657143e+01
-5.716197701779018416e+02 5.270503111614657143e+01
-5.711711664737315459e+02 5.270503111614657143e+01
-5.707225627695612502e+02 5.270503111614657143e+01
-5.702739590653909545e+02 5.270503111614657143e+01
-5.698515565379706231e+02 5.259404115034357119e+01
-5.694503131869773824e+02 5.239341947484693662e+01
-5.690490698359842554e+02 5.219279779935030206e+01
-5.686478264849911284e+02 5.199217612385366749e+01
-5.682465831339978877e+02 5.179155444835702582e+01
-5.678453397830047606e+02 5.159093277286058310e+01
-5.674440964320114063e+02 5.139031109736394853e+01
-5.670428530810182792e+02 5.118968942186730686e+01
-5.666416097300251522e+02 5.098906774637067230e+01
-5.662403663790319115e+02 5.078844607087422958e+01
-5.658391230280387845e+02 5.058782439537758790e+01
-5.654378796770455438e+02 5.038720271988095334e+01
-5.650366363260524167e+02 5.018658104438431877e+01
-5.646353929750591760e+02 4.998595936888768421e+01
-5.642341496240660490e+02 4.978533769339123438e+01
-5.638329062730728083e+02 4.958471601789459982e+01
-5.634316629220795676e+02 4.938409434239796525e+01
-5.630304195710864406e+02 4.918347266690133068e+01
-5.626291762200931998e+02 4.898285099140488086e+01
-5.622279328691000728e+02 4.878222931590824629e+01
-5.618266895181068321e+02 4.858160764041160462e+01
-5.614254461671137051e+02 4.838098596491497005e+01
-5.610242028161204644e+02 4.818036428941833549e+01
-5.606229594651273374e+02 4.797974261392188566e+01
-5.602217161141342103e+02 4.777912093842525110e+01
-5.598204727631409696e+02 4.757849926292861653e+01
-5.594192294121477289e+02 4.737787758743198196e+01
-5.590179860611544882e+02 4.717725591193553214e+01
-5.586167427101613612e+02 4.697663423643889757e+01
-5.582154993591682342e+02 4.677601256094226301e+01
-5.578142560081749934e+02 4.657539088544562844e+01
-5.574130126571818664e+02 4.637476920994898677e+01
-5.570117693061886257e+02 4.617414753445254405e+01
-5.565932068415149843e+02 4.602034388133927933e+01
-5.561579973223767865e+02 4.591154150155472990e+01
-5.557227878032387025e+02 4.580273912177018758e+01
-5.552875782841003911e+02 4.569393674198563815e+01
-5.548523687649621934e+02 4.558513436220090398e+01
-5.544171592458239957e+02 4.547633198241636165e+01
-5.539819497266856843e+02 4.536752960263181222e+01
-5.535467402075474865e+02 4.525872722284726279e+01
-5.531115306884092888e+02 4.514992484306272047e+01
-5.526763211692710911e+02 4.504112246327817104e+01
-5.522411116501328934e+02 4.493232008349362872e+01
-5.518059021309946957e+02 4.482351770370907929e+01
-5.513706926118563842e+02 4.471471532392453696e+01
-5.509354830927181865e+02 4.460591294413998753e+01
-5.505002735735799888e+02 4.449711056435543810e+01
-5.500650640544417911e+02 4.438830818457089578e+01
-5.496298545353035934e+02 4.427950580478634635e+01
-5.491946450161652820e+02 4.417070342500180402e+01
-5.487594354970270842e+02 4.406190104521725459e+01
-5.483242259778888865e+02 4.395309866543271227e+01
-5.478890164587506888e+02 4.384429628564816284e+01
-5.474538069396124911e+02 4.373549390586361341e+01
-5.470185974204742934e+02 4.362669152607907108e+01
-5.465833879013359820e+02 4.351788914629452165e+01
-5.461481783821977842e+02 4.340908676650997933e+01
-5.457129688630595865e+02 4.330028438672542990e+01
-5.452777593439213888e+02 4.319148200694088757e+01
-5.448425498247831911e+02 4.308267962715614630e+01
-5.444073403056448797e+02 4.297387724737160397e+01
-5.439721307865066819e+02 4.286507486758705454e+01
-5.435369212673684842e+02 4.275627248780251222e+01
-5.431017117482301728e+02 4.264747010801796279e+01
-5.426665022290920888e+02 4.253866772823342046e+01
-5.422312927099537774e+02 4.242986534844887103e+01
-5.417960831908155797e+02 4.232106296866432160e+01
-5.413608736716773819e+02 4.221226058887977928e+01
-5.409256641525390705e+02 4.210345820909522985e+01
-5.404904546334008728e+02 4.199465582931068752e+01
-5.400552451142627888e+02 4.188585344952613809e+01
-5.396200355951244774e+02 4.177705106974159577e+01
-5.391848260759862796e+02 4.166824868995704634e+01
-5.387496165568480819e+02 4.155944631017249691e+01
-5.383144070377097705e+02 4.145064393038795458e+01
-5.378791975185715728e+02 4.134184155060340515e+01
-5.374439879994333751e+02 4.123303917081886283e+01
-5.370087784802951774e+02 4.112423679103431340e+01
-5.365735689611569796e+02 4.101543441124977107e+01
-5.361383594420187819e+02 4.090663203146522164e+01
-5.357031499228804705e+02 4.079782965168048747e+01
-5.352679404037422728e+02 4.068902727189593804e+01
-5.348327308846040751e+02 4.058022489211139572e+01
-5.343975213654658774e+02 4.047142251232684629e+01
-5.339623118463276796e+02 4.036262013254230396e+01
-5.335271023271893682e+02 4.025381775275775453e+01
-5.330918928080511705e+02 4.014501537297320510e+01
-5.326566832889129728e+02 4.003621299318866278e+01
-5.322214737697747751e+02 3.992741061340411335e+01
-5.317862642506365773e+02 3.981860823361957102e+01
-5.313510547314982659e+02 3.970980585383502159e+01
-5.309158452123600682e+02 3.960100347405047927e+01
-5.304806356932218705e+02 3.949220109426592984e+01
-5.300651601768238379e+02 3.933005262535394309e+01
-5.296639168258307109e+02 3.912943094985730852e+01
-5.292626734748374702e+02 3.892880927436067395e+01
-5.288614301238442295e+02 3.872818759886422413e+01
-5.284601867728511024e+02 3.852756592336758956e+01
-5.280589434218578617e+02 3.832694424787095500e+01
-5.276577000708647347e+02 3.812632257237432043e+01
-5.272564567198714940e+02 3.792570089687767876e+01
-5.268552133688783670e+02 3.772507922138123604e+01
-5.264539700178851263e+02 3.752445754588459437e+01
-5.260527266668919992e+02 3.732383587038795980e+01
-5.256514833158988722e+02 3.712321419489132523e+01
-5.252502399649055178e+02 3.692259251939487541e+01
-5.248489966139123908e+02 3.672197084389824084e+01
-5.244477532629191501e+02 3.652134916840160628e+01
-5.240465099119260231e+02 3.632072749290497171e+01
-5.236452665609328960e+02 3.612010581740833715e+01
-5.232440232099396553e+02 3.591948414191188732e+01
-5.228427798589465283e+02 3.571886246641525275e+01
-5.224415365079532876e+02 3.551824079091861819e+01
-5.220402931569600469e+02 3.531761911542197652e+01
-5.216390498059668062e+02 3.511699743992553380e+01
-5.212378064549736791e+02 3.491637576442889923e+01
-5.208365631039805521e+02 3.471575408893225756e+01
-5.204353197529873114e+02 3.451513241343562299e+01
-5.200340764019941844e+02 3.431451073793898843e+01
-5.196328330510009437e+02 3.411388906244253860e+01
-5.192315897000078166e+02 3.391326738694590404e+01
-5.188303463490145759e+02 3.371264571144926947e+01
-5.184291029980213352e+02 3.351202403595263490e+01
-5.180278596470282082e+02 3.331140236045618508e+01
-5.176266162960349675e+02 3.311078068495955051e+01
-5.172253729450418405e+02 3.291015900946291595e+01
-5.168241295940485998e+02 3.270953733396627428e+01
-5.164228862430554727e+02 3.250891565846983156e+01
-5.160216428920622320e+02 3.230829398297319699e+01
-5.156203995410691050e+02 3.210767230747655532e+01
-5.152191561900759780e+02 3.190705063197992075e+01
-5.148179128390827373e+02 3.170642895648328619e+01
-5.144166694880896102e+02 3.150580728098683991e+01
-5.140154261370962558e+02 3.130518560549020179e+01
-5.136141827861031288e+02 3.110456392999356723e+01
-5.132129394351098881e+02 3.090394225449693266e+01
-5.128116960841167611e+02 3.070332057900048284e+01
-5.124104527331236341e+02 3.050269890350384827e+01
-5.120092093821303934e+02 3.030207722800721015e+01
-5.116079660311372095e+02 3.010145555251057559e+01
-5.112067226801440256e+02 2.990083387701394102e+01
-5.108054793291507849e+02 2.970021220151749120e+01
-5.104042359781576010e+02 2.949959052602085663e+01
-5.100029926271644172e+02 2.929896885052422206e+01
-5.096017492761712333e+02 2.909834717502758394e+01
-5.092005059251780494e+02 2.889772549953094938e+01
-5.087992625741848656e+02 2.869710382403449955e+01
-5.083980192231917385e+02 2.849648214853786499e+01
-5.079967758721985547e+02 2.829586047304123042e+01
-5.075955325212053708e+02 2.809523879754459230e+01
-5.071942891702120733e+02 2.789461712204814603e+01
-5.067930458192188894e+02 2.769399544655151146e+01
-5.063918024682257055e+02 2.749337377105487334e+01
-5.059905591172325785e+02 2.729275209555823878e+01
-5.055893157662393946e+02 2.709213042006160066e+01
-5.051880724152462108e+02 2.689150874456515439e+01
-5.047868290642530269e+02 2.669088706906851982e+01
-5.043855857132598430e+02 2.649026539357188170e+01
-5.039843423622666592e+02 2.628964371807524714e+01
-5.035830990112734753e+02 2.608902204257880086e+01
-5.031818556602802914e+02 2.588840036708216275e+01
-5.027806123092870507e+02 2.568777869158552818e+01
-5.023793689582938669e+02 2.548715701608889006e+01
-5.019781256073006830e+02 2.528653534059244379e+01
-5.015768822563074991e+02 2.508591366509580922e+01
-5.011756389053143153e+02 2.488529198959917110e+01
-5.007743955543211314e+02 2.468467031410253654e+01
-5.003731522033279475e+02 2.448404863860590197e+01
-4.999719088523348205e+02 2.428342696310945215e+01
-4.995706655013416366e+02 2.408280528761281758e+01
-4.991694221503483391e+02 2.388218361211618301e+01
-4.987681787993551552e+02 2.368156193661954489e+01
-4.983669354483619713e+02 2.348094026112309862e+01
-4.979656920973687875e+02 2.328031858562646050e+01
-4.975644487463756604e+02 2.307969691012982594e+01
-4.971632053953824766e+02 2.287907523463319137e+01
-4.967619620443892927e+02 2.267845355913655325e+01
-4.963607186933961088e+02 2.247783188364010698e+01
-4.959594753424029250e+02 2.227721020814347241e+01
-4.955582319914096274e+02 2.207658853264683430e+01
-4.951569886404165004e+02 2.187596685715019973e+01
-4.947557452894233165e+02 2.167534518165374990e+01
-4.943545019384301327e+02 2.147472350615711534e+01
-4.939532585874369488e+02 2.127410183066048077e+01
-4.935520152364437649e+02 2.107348015516384265e+01
-4.931507718854505811e+02 2.087285847966720809e+01
-4.927495285344573972e+02 2.067223680417076181e+01
-4.923482851834642133e+02 2.047161512867412370e+01
-4.919470418324710295e+02 2.027099345317748913e+01
-4.915457984814779024e+02 2.007037177768085101e+01
-4.911445551304846049e+02 1.986975010218440474e+01
-4.907433117794914210e+02 1.966912842668777017e+01
-4.903420684284982372e+02 1.946850675119113205e+01
-4.899408250775050533e+02 1.926788507569449749e+01
-4.895395817265118694e+02 1.906726340019786292e+01
-4.891383383755187424e+02 1.886664172470141310e+01
-4.887370950245255585e+02 1.866602004920477853e+01
-4.883358516735323747e+02 1.846539837370814041e+01
-4.879346083225390771e+02 1.826477669821150585e+01
-4.875333649715458932e+02 1.806415502271505957e+01
-4.871321216205527094e+02 1.786353334721842145e+01
-4.867308782695595823e+02 1.766291167172178689e+01
-4.863296349185663985e+02 1.746228999622515232e+01
-4.859283915675732146e+02 1.726166832072851420e+01
-4.855271482165800307e+02 1.706104664523206793e+01
-4.851259048655868469e+02 1.686042496973542981e+01
-4.847246615145936630e+02 1.665980329423879525e+01
-4.843234181636004791e+02 1.645918161874216068e+01
-4.839221748126072384e+02 1.625855994324571085e+01
-4.835209314616140546e+02 1.605793826774907629e+01
-4.831196881106208707e+02 1.585731659225243995e+01
-4.827184447596276868e+02 1.565669491675580360e+01
-4.823172014086345030e+02 1.545607324125935733e+01
-4.819159580576413191e+02 1.525545156576272099e+01
-4.815147147066481352e+02 1.505482989026608465e+01
-4.811134713556549514e+02 1.485420821476944830e+01
-4.807122280046618243e+02 1.465358653927281374e+01
-4.803109846536686405e+02 1.445296486377636569e+01
-4.799097413026753429e+02 1.425234318827972935e+01
-4.795084979516821591e+02 1.405172151278309300e+01
-4.791072546006889752e+02 1.385109983728645844e+01
-4.787060112496957913e+02 1.365047816179001039e+01
-4.783047678987026643e+02 1.344985648629337405e+01
-4.779035245477094804e+02 1.324923481079673770e+01
-4.775022811967162966e+02 1.304861313530010314e+01
-4.771352930338295550e+02 1.280046492507011280e+01
-4.768180823125453571e+02 1.248325420378581896e+01
-4.765008715912611592e+02 1.216604348250152690e+01
-4.761836608699769613e+02 1.184883276121742135e+01
-4.758664501486926497e+02 1.153162203993312929e+01
-4.755492394274084518e+02 1.121441131864902374e+01
-4.752320287061242539e+02 1.089720059736473168e+01
-4.749148179848400559e+02 1.057998987608043784e+01
-4.745976072635558580e+02 1.026277915479633407e+01
-4.742803965422716601e+02 9.945568433512040230e+00
-4.739631858209874054e+02 9.628357712227936460e+00
-4.736459750997032074e+02 9.311146990943642621e+00
-4.733287643784190095e+02 8.993936269659538851e+00
-4.730115536571348116e+02 8.676725548375245012e+00
-4.726943429358506137e+02 8.359514827090952949e+00
-4.723771322145664158e+02 8.042304105806847403e+00
-4.720599214932821042e+02 7.725093384522554452e+00
-4.717427107719979062e+02 7.407882663238449794e+00
-4.714255000507137083e+02 7.090671941954156843e+00
-4.711082893294295104e+02 6.773461220669863891e+00
-4.707910786081453125e+02 6.456250499385759234e+00
-4.704069625593971864e+02 6.300563527059721558e+00
-4.699583588552268907e+02 6.300563527059721558e+00
-4.695097551510565950e+02 6.300563527059721558e+00
-4.690611514468864129e+02 6.300563527059721558e+00
-4.686125477427161172e+02 6.300563527059721558e+00
-4.681639440385458215e+02 6.300563527059721558e+00
-4.677153403343755258e+02 6.300563527059721558e+00
-4.672667366302052301e+02 6.300563527059721558e+00
-4.668181329260349344e+02 6.300563527059721558e+00
-4.663695292218646387e+02 6.300563527059721558e+00
-4.659209255176943429e+02 6.300563527059721558e+00
-4.654723218135240472e+02 6.300563527059721558e+00
-4.650237181093537515e+02 6.300563527059721558e+00
-4.645751144051834558e+02 6.300563527059721558e+00
-4.641265107010131601e+02 6.300563527059721558e+00
-4.637740565133847213e+02 6.068438060208906748e+00
-4.634568457921004097e+02 5.751227338924802091e+00
-4.631396350708162117e+02 5.434016617640509139e+00
-4.628224243495320138e+02 5.116805896356404482e+00
-4.625052136282478159e+02 4.799595175072111530e+00
-4.621880029069636180e+02 4.482384453787818579e+00
-4.618707921856794201e+02 4.165173732503713921e+00
-4.615535814643952222e+02 3.847963011219420970e+00
-4.612363707431109106e+02 3.530752289935316313e+00
-4.609191600218267126e+02 3.213541568651023361e+00
-4.606019493005425147e+02 2.896330847366918704e+00
-4.602847385792583168e+02 2.579120126082625752e+00
-4.599675278579741189e+02 2.261909404798332801e+00
-4.596503171366899210e+02 1.944698683514228366e+00
-4.593331064154056662e+02 1.627487962229935192e+00
-4.590158956941214683e+02 1.310277240945830757e+00
-4.586986849728372704e+02 9.930665196615376944e-01
-4.583814742515530725e+02 6.758557983772446320e-01
-4.580642635302688177e+02 3.586450770931400855e-01
-4.577470528089846198e+02 4.143435580884705788e-02
-4.574298420877003650e+02 -2.757763654752575233e-01
-4.571126313664161671e+02 -5.929870867595505857e-01
-4.567954206451319692e+02 -9.101978080436551322e-01
-4.564782099238477713e+02 -1.227408529327948195e+00
-4.561609992025635734e+02 -1.544619250612241146e+00
-4.558437884812793754e+02 -1.861829971896345803e+00
-4.555265777599950638e+02 -2.179040693180638755e+00
-4.552093670387108659e+02 -2.496251414464743412e+00
-4.548921563174266680e+02 -2.813462135749036364e+00
-4.545749455961424701e+02 -3.130672857033329315e+00
-4.542577348748582722e+02 -3.447883578317433972e+00
-4.539405241535740743e+02 -3.765094299601726924e+00
-4.536233134322897627e+02 -4.082305020885831581e+00
-4.533061027110055647e+02 -4.399515742170124533e+00
-4.529888919897213668e+02 -4.716726463454229190e+00
-4.526716812684371689e+02 -5.033937184738522141e+00
-4.523544705471529710e+02 -5.351147906022815093e+00
-4.520372598258687731e+02 -5.668358627306919750e+00
-4.517200491045845183e+02 -5.985569348591212702e+00
-4.514028383833003204e+02 -6.302780069875317359e+00
-4.510856276620161225e+02 -6.619990791159610311e+00
-4.507684169407318677e+02 -6.937201512443903262e+00
-4.504512062194476698e+02 -7.254412233728007919e+00
-4.501339954981634719e+02 -7.571622955012300871e+00
-4.498167847768792171e+02 -7.888833676296405528e+00
-4.494995740555950192e+02 -8.206044397580699368e+00
-4.491823633343108213e+02 -8.523255118864803137e+00
-4.488651526130266234e+02 -8.840465840149096977e+00
-4.485479418917424255e+02 -9.157676561433389040e+00
-4.482307311704582276e+02 -9.474887282717494585e+00
-4.479135204491739159e+02 -9.792098004001786649e+00
-4.475963097278897180e+02 -1.010930872528589219e+01
-4.472790990066055201e+02 -1.042651944657018426e+01
-4.469618882853213222e+02 -1.074373016785447810e+01
-4.466446775640371243e+02 -1.106094088913858187e+01
-4.463274668427529264e+02 -1.137815161042287571e+01
-4.460102561214686148e+02 -1.169536233170697948e+01
-4.456930454001844168e+02 -1.201257305299127331e+01
-4.453758346789002189e+02 -1.232978377427537708e+01
-4.450586239576160210e+02 -1.264699449555967092e+01
-4.447414132363318231e+02 -1.296420521684396299e+01
-4.444242025150476252e+02 -1.328141593812806853e+01
-4.441185530134839041e+02 -1.360341547341809587e+01
-4.441185530134839041e+02 -1.405201917758848573e+01
-4.441185530134839041e+02 -1.450062288175868730e+01
-4.441185530134839041e+02 -1.494922658592907716e+01
-4.441185530134839041e+02 -1.539783029009928050e+01
-4.441185530134839041e+02 -1.584643399426967036e+01
-4.441185530134839041e+02 -1.629503769843987016e+01
-4.441185530134839041e+02 -1.674364140261007350e+01
-4.441185530134839041e+02 -1.719224510678046514e+01
-4.441185530134839041e+02 -1.764084881095066493e+01
-4.441185530134839041e+02 -1.808945251512105656e+01
-4.441185530134839041e+02 -1.853805621929125635e+01
-4.441185530134839041e+02 -1.898665992346164799e+01
-4.441185530134839041e+02 -1.943526362763185134e+01
-4.441185530134839041e+02 -1.988386733180223942e+01
-4.440023570727871061e+02 -2.021627509527561983e+01
-4.435537533686168103e+02 -2.021627509527561983e+01
-4.431051496644465146e+02 -2.021627509527561983e+01
-4.426565459602762189e+02 -2.021627509527561983e+01
-4.422079422561059232e+02 -2.021627509527561983e+01
-4.417593385519356275e+02 -2.021627509527561983e+01
-4.413107348477653318e+02 -2.021627509527561983e+01
-4.408621311435950361e+02 -2.021627509527561983e+01
-4.404135274394247972e+02 -2.021627509527561983e+01
-4.399649237352545015e+02 -2.021627509527561983e+01
-4.395163200310842058e+02 -2.021627509527561983e+01
-4.390677163269139101e+02 -2.021627509527561983e+01
-4.386191126227436143e+02 -2.021627509527561983e+01
-4.381705089185733186e+02 -2.021627509527561983e+01
-4.377219052144030229e+02 -2.021627509527561983e+01
-4.374893433579001112e+02 -2.043231694294295409e+01
-4.374893433579001112e+02 -2.088092064711315388e+01
-4.374893433579001112e+02 -2.132952435128354551e+01
-4.374893433579001112e+02 -2.177812805545374530e+01
-4.374893433579001112e+02 -2.222673175962413694e+01
-4.374893433579001112e+02 -2.267533546379433673e+01
-4.374893433579001112e+02 -2.312393916796472837e+01
-4.374893433579001112e+02 -2.357254287213493171e+01
-4.374893433579001112e+02 -2.402114657630531980e+01
-4.374893433579001112e+02 -2.446975028047552314e+01
-4.374893433579001112e+02 -2.491835398464572293e+01
-4.374893433579001112e+02 -2.536695768881611457e+01
-4.374893433579001112e+02 -2.581556139298631791e+01
-4.374893433579001112e+02 -2.626416509715670600e+01
-4.374893433579001112e+02 -2.671276880132690934e+01
-4.374893433579001112e+02 -2.716137250549729742e+01
-4.374893433579001112e+02 -2.760997620966750077e+01
-4.374893433579001112e+02 -2.805857991383788885e+01
-4.374893433579001112e+02 -2.850718361800809220e+01
-4.374893433579001112e+02 -2.895578732217848383e+01
-4.374893433579001112e+02 -2.940439102634868362e+01
-4.374893433579001112e+02 -2.985299473051888697e+01
-4.374893433579001112e+02 -3.030159843468927505e+01
-4.374893433579001112e+02 -3.075020213885947840e+01
-4.374893433579001112e+02 -3.119880584302987003e+01
-4.374893433579001112e+02 -3.164740954720006982e+01
-4.374893433579001112e+02 -3.209601325137045791e+01
-4.374893433579001112e+02 -3.254461695554066125e+01
-4.374893433579001112e+02 -3.299322065971104934e+01
-4.374893433579001112e+02 -3.344182436388125268e+01
-4.374893433579001112e+02 -3.389042806805164787e+01
-4.374893433579001112e+02 -3.433903177222184411e+01
-4.374893433579001112e+02 -3.478763547639223930e+01
-4.374893433579001112e+02 -3.523623918056243554e+01
-4.374893433579001112e+02 -3.568484288473263888e+01
-4.374893433579001112e+02 -3.613344658890302696e+01
-4.374893433579001112e+02 -3.658205029307323031e+01
-4.374893433579001112e+02 -3.703065399724362550e+01
-4.374893433579001112e+02 -3.747925770141382174e+01
-4.374893433579001112e+02 -3.792786140558421693e+01
-4.374893433579001112e+02 -3.837646510975441316e+01
-4.374893433579001112e+02 -3.882506881392480835e+01
-4.374893433579001112e+02 -3.927367251809501170e+01
-4.374893433579001112e+02 -3.972227622226539978e+01
-4.374893433579001112e+02 -4.017087992643560312e+01
-4.374893433579001112e+02 -4.061948363060579936e+01
-4.374893433579001112e+02 -4.106808733477619455e+01
-4.374893433579001112e+02 -4.151669103894639079e+01
-4.374893433579001112e+02 -4.196529474311678598e+01
-4.374893433579001112e+02 -4.241389844728698932e+01
-4.374893433579001112e+02 -4.286250215145737741e+01
-4.374893433579001112e+02 -4.331110585562758075e+01
-4.374893433579001112e+02 -4.375970955979796884e+01
-4.374893433579001112e+02 -4.420831326396817218e+01
-4.374893433579001112e+02 -4.465691696813856026e+01
-4.374893433579001112e+02 -4.510552067230876361e+01
-4.374893433579001112e+02 -4.555412437647896695e+01
-4.374893433579001112e+02 -4.600272808064935504e+01
-4.374893433579001112e+02 -4.645133178481955838e+01
-4.374365896818139277e+02 -4.689137474586940613e+01
-4.372947287346172516e+02 -4.731695758745939173e+01
-4.371528677874206323e+02 -4.774254042904918549e+01
-4.370110068402240699e+02 -4.816812327063916399e+01
-4.368691458930273939e+02 -4.859370611222914960e+01
-4.367272849458307178e+02 -4.901928895381912810e+01
-4.365854239986340417e+02 -4.944487179540911370e+01
-4.364435630514374225e+02 -4.987045463699890746e+01
-4.363017021042407464e+02 -5.029603747858889307e+01
-4.361598411570440703e+02 -5.072162032017887157e+01
-4.360179802098473942e+02 -5.114720316176885717e+01
-4.358761192626508318e+02 -5.157278600335883567e+01
-4.357342583154542126e+02 -5.199836884494862943e+01
-4.355923973682575365e+02 -5.242395168653861504e+01
-4.354505364210608604e+02 -5.284953452812859354e+01
-4.353086754738641844e+02 -5.327511736971857914e+01
-4.351668145266675651e+02 -5.370070021130856475e+01
-4.350249535794708891e+02 -5.412628305289835851e+01
-4.348830926322742130e+02 -5.455186589448833701e+01
-4.347412316850776506e+02 -5.497744873607832261e+01
-4.345993707378809745e+02 -5.540303157766830111e+01
-4.344575097906843553e+02 -5.582861441925828672e+01
-4.343156488434876792e+02 -5.625419726084826522e+01
-4.341737878962910031e+02 -5.667978010243805898e+01
-4.340319269490943839e+02 -5.710536294402804458e+01
-4.338900660018977078e+02 -5.753094578561803019e+01
-4.337482050547010317e+02 -5.795652862720800869e+01
-4.336063441075044693e+02 -5.838211146879799429e+01
-4.334644831603077932e+02 -5.880769431038778805e+01
-4.333226222131111740e+02 -5.923327715197776655e+01
-4.331807612659144979e+02 -5.965885999356775216e+01
-4.330389003187178218e+02 -6.008444283515773066e+01
-4.328970393715211458e+02 -6.051002567674771626e+01
-4.327551784243245265e+02 -6.093560851833751002e+01
-4.326133174771279641e+02 -6.136119135992749563e+01
-4.324714565299312881e+02 -6.178677420151747413e+01
-4.323295955827346120e+02 -6.221235704310745973e+01
-4.321877346355379359e+02 -6.263793988469743823e+01
-4.320458736883413167e+02 -6.306352272628723199e+01
-4.319040127411446406e+02 -6.348910556787721760e+01
-4.317621517939479645e+02 -6.391468840946719610e+01
-4.316202908467512884e+02 -6.434027125105718881e+01
-4.314784298995547260e+02 -6.476585409264716020e+01
-4.313365689523581068e+02 -6.519143693423696106e+01
-4.311947080051614307e+02 -6.561701977582694667e+01
-4.310528470579647546e+02 -6.604260261741691806e+01
-4.309109861107680786e+02 -6.646818545900690367e+01
-4.307314281925316095e+02 -6.687815370393170156e+01
-4.305308065170349892e+02 -6.727939705492497069e+01
-4.303301848415384825e+02 -6.768064040591805508e+01
-4.301295631660418053e+02 -6.808188375691132421e+01
-4.299289414905452986e+02 -6.848312710790440860e+01
-4.297283198150486214e+02 -6.888437045889767774e+01
-4.295276981395521148e+02 -6.928561380989076213e+01
-4.293270764640554944e+02 -6.968685716088403126e+01
-4.291264547885588172e+02 -7.008810051187730039e+01
-4.289258331130623105e+02 -7.048934386287038478e+01
-4.287252114375656333e+02 -7.089058721386366813e+01
-4.285245897620691267e+02 -7.129183056485675252e+01
-4.283239680865724495e+02 -7.169307391585002165e+01
-4.281233464110759428e+02 -7.209431726684310604e+01
-4.279227247355793224e+02 -7.249556061783637517e+01
-4.277221030600827589e+02 -7.289680396882945956e+01
-4.275214813845861386e+02 -7.329804731982272870e+01
-4.273208597090894614e+02 -7.369929067081599783e+01
-4.271202380335929547e+02 -7.410053402180908222e+01
-4.269196163580963344e+02 -7.450177737280235135e+01
-4.267189946825997708e+02 -7.490302072379543574e+01
-4.265183730071031505e+02 -7.530426407478870487e+01
-4.263177513316065870e+02 -7.570550742578178927e+01
-4.261171296561099666e+02 -7.610675077677507261e+01
-4.259165079806134031e+02 -7.650799412776814279e+01
-4.257158863051167828e+02 -7.690923747876142613e+01
-4.255152646296201624e+02 -7.731048082975469526e+01
-4.253146429541235989e+02 -7.771172418074777966e+01
-4.251140212786269785e+02 -7.811296753174104879e+01
-4.249133996031304150e+02 -7.851421088273413318e+01
-4.247127779276337947e+02 -7.891545423372740231e+01
-4.245121562521372311e+02 -7.931669758472048670e+01
-4.243115345766406108e+02 -7.971794093571375583e+01
-4.242309240467324116e+02 -8.014751507512333717e+01
-4.242309240467324116e+02 -8.059611877929371815e+01
-4.242309240467324116e+02 -8.104472248346392860e+01
-4.242309240467324116e+02 -8.149332618763430958e+01
-4.242309240467324116e+02 -8.194192989180452003e+01
-4.242309240467324116e+02 -8.239053359597490100e+01
-4.242309240467324116e+02 -8.283913730014511145e+01
-4.242309240467324116e+02 -8.328774100431549243e+01
-4.242309240467324116e+02 -8.373634470848570288e+01
-4.242309240467324116e+02 -8.418494841265589912e+01
-4.242309240467324116e+02 -8.463355211682629431e+01
-4.242309240467324116e+02 -8.508215582099649055e+01
-4.242309240467324116e+02 -8.553075952516688574e+01
-4.242309240467324116e+02 -8.597936322933708198e+01
-4.242309240467324116e+02 -8.642796693350747717e+01
-4.242309240467324116e+02 -8.687657063767767340e+01
-4.242309240467324116e+02 -8.732517434184806859e+01
-4.242309240467324116e+02 -8.777377804601826483e+01
-4.242309240467324116e+02 -8.822238175018866002e+01
-4.242309240467324116e+02 -8.867098545435885626e+01
-4.242309240467324116e+02 -8.911958915852906671e+01
-4.242309240467324116e+02 -8.956819286269944769e+01
-4.242309240467324116e+02 -9.001679656686965814e+01
-4.242309240467324116e+02 -9.046540027104003912e+01
-4.242309240467324116e+02 -9.091400397521024956e+01
-4.242309240467324116e+02 -9.136260767938064475e+01
-4.242309240467324116e+02 -9.181121138355084099e+01
-4.242309240467324116e+02 -9.225981508772123618e+01
-4.242309240467324116e+02 -9.270841879189143242e+01
-4.242222296825361241e+02 -9.315497003509034357e+01
-4.240216080070396174e+02 -9.355621338608342796e+01
-4.238209863315429970e+02 -9.395745673707669710e+01
-4.236203646560464335e+02 -9.435870008806978149e+01
-4.234197429805498132e+02 -9.475994343906305062e+01
-4.232191213050531360e+02 -9.516118679005631975e+01
-4.230184996295566293e+02 -9.556243014104940414e+01
-4.228178779540600090e+02 -9.596367349204267327e+01
-4.226172562785634454e+02 -9.636491684303575767e+01
-4.224166346030668251e+02 -9.676616019402902680e+01
-4.222160129275702616e+02 -9.716740354502211119e+01
-4.220153912520736412e+02 -9.756864689601538032e+01
-4.218147695765770777e+02 -9.796989024700846471e+01
-4.216141479010804574e+02 -9.837113359800174806e+01
-4.214135262255838938e+02 -9.877237694899483245e+01
-4.212129045500872735e+02 -9.917362029998810158e+01
-4.210122828745906531e+02 -9.957486365098137071e+01
-4.208116611990940896e+02 -9.997610700197445510e+01
-4.206110395235974693e+02 -1.003773503529677242e+02
-4.204104178481009058e+02 -1.007785937039608086e+02
-4.202097961726042854e+02 -1.011798370549540778e+02
-4.200091744971077219e+02 -1.015810804059471621e+02
-4.198085528216111015e+02 -1.019823237569404313e+02
-4.196079311461145380e+02 -1.023835671079335157e+02
-4.194073094706179177e+02 -1.027848104589267848e+02
-4.192066877951212973e+02 -1.031860538099200681e+02
-4.190060661196247338e+02 -1.035872971609131525e+02
-4.188054444441281134e+02 -1.039885405119064217e+02
-4.186048227686315499e+02 -1.043897838628995061e+02
-4.184042010931349296e+02 -1.047910272138927752e+02
-4.182035794176383661e+02 -1.051922705648858596e+02
-4.180029577421417457e+02 -1.055935139158791287e+02
-4.178023360666452390e+02 -1.059947572668722131e+02
-4.176017143911485618e+02 -1.063960006178654822e+02
-4.176017143911493577e+02 -1.063960006178654822e+02
-4.180503180953196534e+02 -1.063960006178654822e+02
-4.184989217994899491e+02 -1.063960006178654822e+02
-4.189475255036602448e+02 -1.063960006178654822e+02
-4.193961292078305405e+02 -1.063960006178654822e+02
-4.198447329120008362e+02 -1.063960006178654822e+02
-4.202933366161710182e+02 -1.063960006178654822e+02
-4.207419403203413140e+02 -1.063960006178654822e+02
-4.211905440245117234e+02 -1.063960006178654822e+02
-4.216391477286819054e+02 -1.063960006178654822e+02
-4.220877514328522011e+02 -1.063960006178654822e+02
-4.225363551370224968e+02 -1.063960006178654822e+02
-4.229849588411927925e+02 -1.063960006178654822e+02
-4.234335625453630882e+02 -1.063960006178654822e+02
-4.238821662495333840e+02 -1.063960006178654822e+02
-4.243307699537036797e+02 -1.063960006178654822e+02
-4.247793736578738617e+02 -1.063960006178654822e+02
-4.252279773620442711e+02 -1.063960006178654822e+02
-4.256765810662145668e+02 -1.063960006178654822e+02
-4.261251847703847488e+02 -1.063960006178654822e+02
-4.265737884745550446e+02 -1.063960006178654822e+02
-4.270223921787253403e+02 -1.063960006178654822e+02
-4.274709958828956360e+02 -1.063960006178654822e+02
-4.279195995870659317e+02 -1.063960006178654822e+02
-4.283682032912362274e+02 -1.063960006178654822e+02
-4.288168069954065231e+02 -1.063960006178654822e+02
-4.292654106995767620e+02 -1.063960006178654822e+02
-4.297140144037471146e+02 -1.063960006178654822e+02
-4.301626181079174103e+02 -1.063960006178654822e+02
-4.306112218120876491e+02 -1.063960006178654822e+02
-4.310598255162580017e+02 -1.063960006178654822e+02
-4.315084292204282406e+02 -1.063960006178654822e+02
-4.319570329245985363e+02 -1.063960006178654822e+02
-4.324056366287688320e+02 -1.063960006178654822e+02
-4.328542403329391277e+02 -1.063960006178654822e+02
-4.333028440371094234e+02 -1.063960006178654822e+02
-4.337514477412797191e+02 -1.063960006178654822e+02
-4.342000514454500149e+02 -1.063960006178654822e+02
-4.346486551496203106e+02 -1.063960006178654822e+02
-4.350972588537904926e+02 -1.063960006178654822e+02
-4.355458625579609020e+02 -1.063960006178654822e+02
-4.359944662621310840e+02 -1.063960006178654822e+02
-4.364430699663013797e+02 -1.063960006178654822e+02
-4.368916736704717891e+02 -1.063960006178654822e+02
-4.373402773746419712e+02 -1.063960006178654822e+02
-4.377888810788122669e+02 -1.063960006178654822e+02
-4.382374847829825626e+02 -1.063960006178654822e+02
-4.386860884871528583e+02 -1.063960006178654822e+02
-4.391346921913231540e+02 -1.063960006178654822e+02
-4.395832958954934497e+02 -1.063960006178654822e+02
-4.400318995996637454e+02 -1.063960006178654822e+02
-4.404805033038339843e+02 -1.063960006178654822e+02
-4.409291070080042800e+02 -1.063960006178654822e+02
-4.413777107121746326e+02 -1.063960006178654822e+02
-4.418263144163448715e+02 -1.063960006178654822e+02
-4.422749181205151672e+02 -1.063960006178654822e+02
-4.427235218246854629e+02 -1.063960006178654822e+02
-4.431721255288557586e+02 -1.063960006178654822e+02
-4.436207292330260543e+02 -1.063960006178654822e+02
-4.440693329371963500e+02 -1.063960006178654822e+02
-4.445179366413666457e+02 -1.063960006178654822e+02
-4.449665403455368278e+02 -1.063960006178654822e+02
-4.454151440497071235e+02 -1.063960006178654822e+02
-4.458637477538775329e+02 -1.063960006178654822e+02
-4.463123514580477149e+02 -1.063960006178654822e+02
-4.467609551622180106e+02 -1.063960006178654822e+02
-4.472095588663883063e+02 -1.063960006178654822e+02
-4.476581625705586021e+02 -1.063960006178654822e+02
-4.481067662747288978e+02 -1.063960006178654822e+02
-4.485553699788991935e+02 -1.063960006178654822e+02
-4.490039736830694892e+02 -1.063960006178654822e+02
-4.494525773872396712e+02 -1.063960006178654822e+02
-4.499011810914099669e+02 -1.063960006178654822e+02
-4.503497847955803763e+02 -1.063960006178654822e+02
-4.507983884997505584e+02 -1.063960006178654822e+02
-4.512469922039208541e+02 -1.063960006178654822e+02
-4.516955959080911498e+02 -1.063960006178654822e+02
-4.521441996122614455e+02 -1.063960006178654822e+02
-4.525928033164317412e+02 -1.063960006178654822e+02
-4.530414070206020369e+02 -1.063960006178654822e+02
-4.534900107247723327e+02 -1.063960006178654822e+02
-4.539386144289425715e+02 -1.063960006178654822e+02
-4.543872181331128672e+02 -1.063960006178654822e+02
-4.548358218372832198e+02 -1.063960006178654822e+02
-4.552844255414534587e+02 -1.063960006178654822e+02
-4.557330292456237544e+02 -1.063960006178654822e+02
-4.561816329497940501e+02 -1.063960006178654822e+02
-4.566302366539643458e+02 -1.063960006178654822e+02
-4.570788403581346415e+02 -1.063960006178654822e+02
-4.575274440623048235e+02 -1.063960006178654822e+02
-4.579760477664752329e+02 -1.063960006178654822e+02
-4.584246514706454150e+02 -1.063960006178654822e+02
-4.588732551748157107e+02 -1.063960006178654822e+02
-4.593218588789861201e+02 -1.063960006178654822e+02
-4.597704625831563021e+02 -1.063960006178654822e+02
-4.602190662873265978e+02 -1.063960006178654822e+02
-4.606676699914968935e+02 -1.063960006178654822e+02
-4.611162736956671893e+02 -1.063960006178654822e+02
-4.615648773998374850e+02 -1.063960006178654822e+02
-4.620134811040077807e+02 -1.063960006178654822e+02
-4.624620848081780764e+02 -1.063960006178654822e+02
-4.629106885123483153e+02 -1.063960006178654822e+02
-4.633592922165186110e+02 -1.063960006178654822e+02
-4.638078959206889635e+02 -1.063960006178654822e+02
-4.642564996248592024e+02 -1.063960006178654822e+02
-4.647051033290294981e+02 -1.063960006178654822e+02
-4.651537070331997938e+02 -1.063960006178654822e+02
-4.656023107373700896e+02 -1.063960006178654822e+02
-4.660509144415403853e+02 -1.063960006178654822e+02
-4.664995181457105673e+02 -1.063960006178654822e+02
-4.669481218498809767e+02 -1.063960006178654822e+02
-4.673967255540511587e+02 -1.063960006178654822e+02
-4.678453292582214544e+02 -1.063960006178654822e+02
-4.682939329623918638e+02 -1.063960006178654822e+02
-4.687425366665620459e+02 -1.063960006178654822e+02
-4.691911403707323416e+02 -1.063960006178654822e+02
-4.696397440749026373e+02 -1.063960006178654822e+02
-4.700883477790729330e+02 -1.063960006178654822e+02
-4.705369514832432287e+02 -1.063960006178654822e+02
-4.709855551874134107e+02 -1.063960006178654822e+02
-4.714341588915838202e+02 -1.063960006178654822e+02
-4.718827625957540022e+02 -1.063960006178654822e+02
-4.723313662999242979e+02 -1.063960006178654822e+02
-4.727799700040947073e+02 -1.063960006178654822e+02
-4.732285737082648893e+02 -1.063960006178654822e+02
-4.736771774124351850e+02 -1.063960006178654822e+02
-4.741257811166054807e+02 -1.063960006178654822e+02
-4.745743848207757765e+02 -1.063960006178654822e+02
-4.750229885249460722e+02 -1.063960006178654822e+02
-4.754715922291163679e+02 -1.063960006178654822e+02
-4.759201959332866636e+02 -1.063960006178654822e+02
-4.763687996374569025e+02 -1.063960006178654822e+02
-4.768174033416271982e+02 -1.063960006178654822e+02
-4.772660070457974939e+02 -1.063960006178654822e+02
-4.777146107499677896e+02 -1.063960006178654822e+02
-4.781632144541380853e+02 -1.063960006178654822e+02
-4.786118181583083810e+02 -1.063960006178654822e+02
-4.790604218624786768e+02 -1.063960006178654822e+02
-4.795090255666489725e+02 -1.063960006178654822e+02
-4.799576292708191545e+02 -1.063960006178654822e+02
-4.804062329749895639e+02 -1.063960006178654822e+02
-4.808548366791597459e+02 -1.063960006178654822e+02
-4.813034403833300416e+02 -1.063960006178654822e+02
-4.817520440875004510e+02 -1.063960006178654822e+02
-4.822006477916706331e+02 -1.063960006178654822e+02
-4.826492514958409288e+02 -1.063960006178654822e+02
-4.830978552000112245e+02 -1.063960006178654822e+02
-4.835464589041815202e+02 -1.063960006178654822e+02
-4.839950626083518159e+02 -1.063960006178654822e+02
-4.844436663125219980e+02 -1.063960006178654822e+02
-4.848922700166924074e+02 -1.063960006178654822e+02
-4.853408737208625894e+02 -1.063960006178654822e+02
-4.857894774250328851e+02 -1.063960006178654822e+02
-4.862380811292032945e+02 -1.063960006178654822e+02
-4.866866848333735334e+02 -1.063960006178654822e+02
-4.871352885375438291e+02 -1.063960006178654822e+02
-4.875838922417141248e+02 -1.063960006178654822e+02
-4.880324959458844205e+02 -1.063960006178654822e+02
-4.884810996500547162e+02 -1.063960006178654822e+02
-4.889297033542250119e+02 -1.063960006178654822e+02
-4.893783070583953076e+02 -1.063960006178654822e+02
-4.898269107625654897e+02 -1.063960006178654822e+02
-4.902755144667357854e+02 -1.063960006178654822e+02
-4.907241181709060811e+02 -1.063960006178654822e+02
-4.911727218750763768e+02 -1.063960006178654822e+02
-4.916213255792466725e+02 -1.063960006178654822e+02
-4.920699292834169682e+02 -1.063960006178654822e+02
-4.925185329875872640e+02 -1.063960006178654822e+02
-4.929671366917575597e+02 -1.063960006178654822e+02
-4.934157403959277417e+02 -1.063960006178654822e+02
-4.938643441000981511e+02 -1.063960006178654822e+02
-4.943129478042683331e+02 -1.063960006178654822e+02
-4.947615515084386288e+02 -1.063960006178654822e+02
-4.952101552126090382e+02 -1.063960006178654822e+02
-4.956587589167792203e+02 -1.063960006178654822e+02
-4.961073626209495160e+02 -1.063960006178654822e+02
-4.965559663251198117e+02 -1.063960006178654822e+02
-4.970045700292901074e+02 -1.063960006178654822e+02
-4.974531737334604031e+02 -1.063960006178654822e+02
-4.979017774376306420e+02 -1.063960006178654822e+02
-4.983503811418009946e+02 -1.063960006178654822e+02
-4.987989848459712334e+02 -1.063960006178654822e+02
-4.992475885501415291e+02 -1.063960006178654822e+02
-4.996961922543118817e+02 -1.063960006178654822e+02
-5.001447959584821206e+02 -1.063960006178654822e+02
-5.005933996626524163e+02 -1.063960006178654822e+02
-5.010420033668227120e+02 -1.063960006178654822e+02
-5.014906070709930077e+02 -1.063960006178654822e+02
-5.019392107751633034e+02 -1.063960006178654822e+02
-5.023878144793335991e+02 -1.063960006178654822e+02
-5.028364181835038949e+02 -1.063960006178654822e+02
-5.032850218876740769e+02 -1.063960006178654822e+02
-5.037336255918443726e+02 -1.063960006178654822e+02
-5.041822292960146683e+02 -1.063960006178654822e+02
-5.046308330001849640e+02 -1.063960006178654822e+02
-5.050794367043552597e+02 -1.063960006178654822e+02
-5.055280404085255554e+02 -1.063960006178654822e+02
-5.059766441126958512e+02 -1.063960006178654822e+02
-5.064252478168661469e+02 -1.063960006178654822e+02
-5.068738515210363289e+02 -1.063960006178654822e+02
-5.073224552252067383e+02 -1.063960006178654822e+02
-5.077710589293769203e+02 -1.063960006178654822e+02
-5.082196626335472160e+02 -1.063960006178654822e+02
-5.086682663377176254e+02 -1.063960006178654822e+02
-5.091168700418878075e+02 -1.063960006178654822e+02
-5.095654737460581032e+02 -1.063960006178654822e+02
-5.100140774502284557e+02 -1.063960006178654822e+02
-5.104626811543987515e+02 -1.063960006178654822e+02
-5.109112848585690472e+02 -1.063960006178654822e+02
-5.113598885627392292e+02 -1.063960006178654822e+02
-5.118084922669096386e+02 -1.063960006178654822e+02
-5.122570959710798206e+02 -1.063960006178654822e+02
-5.127056996752501163e+02 -1.063960006178654822e+02
-5.131543033794205257e+02 -1.063960006178654822e+02
-5.136029070835907078e+02 -1.063960006178654822e+02
-5.140515107877610035e+02 -1.063960006178654822e+02
-5.145001144919312992e+02 -1.063960006178654822e+02
-5.149487181961015949e+02 -1.063960006178654822e+02
-5.153973219002718906e+02 -1.063960006178654822e+02
-5.158459256044421863e+02 -1.063960006178654822e+02
-5.162945293086124821e+02 -1.063960006178654822e+02
-5.167431330127826641e+02 -1.063960006178654822e+02
-5.171917367169529598e+02 -1.063960006178654822e+02
-5.176403404211232555e+02 -1.063960006178654822e+02
-5.180889441252935512e+02 -1.063960006178654822e+02
-5.185375478294638469e+02 -1.063960006178654822e+02
-5.189861515336341427e+02 -1.063960006178654822e+02
-5.194347552378044384e+02 -1.063960006178654822e+02
-5.198833589419747341e+02 -1.063960006178654822e+02
-5.203319626461449161e+02 -1.063960006178654822e+02
-5.207805663503153255e+02 -1.063960006178654822e+02
-5.212291700544855075e+02 -1.063960006178654822e+02
-5.216777737586558032e+02 -1.063960006178654822e+02
-5.221263774628262126e+02 -1.063960006178654822e+02
-5.225749811669963947e+02 -1.063960006178654822e+02
-5.230235848711666904e+02 -1.063960006178654822e+02
-5.234721885753369861e+02 -1.063960006178654822e+02
-5.239207922795072818e+02 -1.063960006178654822e+02
-5.243693959836775775e+02 -1.063960006178654822e+02
-5.248179996878478732e+02 -1.063960006178654822e+02
-5.252666033920181690e+02 -1.063960006178654822e+02
-5.257152070961884647e+02 -1.063960006178654822e+02
-5.261638108003587604e+02 -1.063960006178654822e+02
-5.266124145045290561e+02 -1.063960006178654822e+02
-5.270610182086993518e+02 -1.063960006178654822e+02
-5.275096219128696475e+02 -1.063960006178654822e+02
-5.279582256170399432e+02 -1.063960006178654822e+02
-5.284068293212102390e+02 -1.063960006178654822e+02
-5.288554330253805347e+02 -1.063960006178654822e+02
-5.293040367295507167e+02 -1.063960006178654822e+02
-5.297526404337211261e+02 -1.063960006178654822e+02
-5.302012441378913081e+02 -1.063960006178654822e+02
-5.306498478420616038e+02 -1.063960006178654822e+02
-5.310984515462318996e+02 -1.063960006178654822e+02
-5.315470552504021953e+02 -1.063960006178654822e+02
-5.319956589545724910e+02 -1.063960006178654822e+02
-5.324442626587427867e+02 -1.063960006178654822e+02
-5.328928663629130824e+02 -1.063960006178654822e+02
-5.333414700670833781e+02 -1.063960006178654822e+02
-5.337900737712535602e+02 -1.063960006178654822e+02
-5.342386774754239696e+02 -1.063960006178654822e+02
-5.346872811795941516e+02 -1.063960006178654822e+02
-5.351358848837644473e+02 -1.063960006178654822e+02
-5.355844885879348567e+02 -1.063960006178654822e+02
-5.360330922921050387e+02 -1.063960006178654822e+02
-5.364816959962753344e+02 -1.063960006178654822e+02
-5.369302997004455165e+02 -1.063960006178654822e+02
-5.373789034046159259e+02 -1.063960006178654822e+02
-5.378275071087862216e+02 -1.063960006178654822e+02
-5.382761108129564036e+02 -1.063960006178654822e+02
-5.387247145171268130e+02 -1.063960006178654822e+02
-5.391733182212969950e+02 -1.063960006178654822e+02
-5.396219219254672907e+02 -1.063960006178654822e+02
-5.400705256296375865e+02 -1.063960006178654822e+02
-5.405191293338078822e+02 -1.063960006178654822e+02
-5.409677330379781779e+02 -1.063960006178654822e+02
-5.414163367421484736e+02 -1.063960006178654822e+02
-5.418649404463187693e+02 -1.063960006178654822e+02
-5.423135441504890650e+02 -1.063960006178654822e+02
-5.427621478546592471e+02 -1.063960006178654822e+02
-5.432107515588296565e+02 -1.063960006178654822e+02
-5.436292876020633003e+02 -1.063234108630436481e+02
-5.439464983233475550e+02 -1.060062001417593507e+02
-5.442637090446318098e+02 -1.056889894204750675e+02
-5.445809197659159508e+02 -1.053717786991909549e+02
-5.448981304872002056e+02 -1.050545679779066575e+02
-5.452153412084843467e+02 -1.047373572566225590e+02
-5.455325519297687151e+02 -1.044201465353382616e+02
-5.458497626510528562e+02 -1.041029358140541632e+02
-5.461669733723371110e+02 -1.037857250927698658e+02
-5.464841840936212520e+02 -1.034685143714855826e+02
-5.468013948149055068e+02 -1.031513036502014700e+02
-5.471186055361896479e+02 -1.028340929289171726e+02
-5.474358162574739026e+02 -1.025168822076330741e+02
-5.477530269787581574e+02 -1.021996714863487767e+02
-5.480702377000424121e+02 -1.018824607650646783e+02
-5.483874484213265532e+02 -1.015652500437803809e+02
-5.487046591426108080e+02 -1.012480393224960835e+02
-5.490218698638950627e+02 -1.009308286012119851e+02
-5.493390805851792038e+02 -1.006136178799276877e+02
-5.496562913064634586e+02 -1.002964071586435892e+02
-5.499735020277475996e+02 -9.997919643735929185e+01
-5.503341245034184794e+02 -9.976679096228164667e+01
-5.507827282075887751e+02 -9.976679096228164667e+01
-5.512313319117590709e+02 -9.976679096228164667e+01
-5.516799356159293666e+02 -9.976679096228164667e+01
-5.521285393200996623e+02 -9.976679096228164667e+01
-5.525771430242699580e+02 -9.976679096228164667e+01
-5.530257467284402537e+02 -9.976679096228164667e+01
-5.534743504326104357e+02 -9.976679096228164667e+01
-5.539229541367808451e+02 -9.976679096228164667e+01
-5.543715578409511409e+02 -9.976679096228164667e+01
-5.548201615451213229e+02 -9.976679096228164667e+01
-5.552687652492916186e+02 -9.976679096228164667e+01
-5.557173689534619143e+02 -9.976679096228164667e+01
-5.561659726576322100e+02 -9.976679096228164667e+01
-5.566145763618025057e+02 -9.976679096228164667e+01
-5.570631800659728015e+02 -9.976679096228164667e+01
-5.575117837701430972e+02 -9.976679096228164667e+01
-5.579603874743132792e+02 -9.976679096228164667e+01
-5.584089911784836886e+02 -9.976679096228164667e+01
-5.588575948826539843e+02 -9.976679096228164667e+01
-5.593061985868241663e+02 -9.976679096228164667e+01
-5.597548022909945757e+02 -9.976679096228164667e+01
-5.602034059951647578e+02 -9.976679096228164667e+01
-5.606520096993350535e+02 -9.976679096228164667e+01
-5.611006134035053492e+02 -9.976679096228164667e+01
-5.615492171076756449e+02 -9.976679096228164667e+01
-5.619978208118459406e+02 -9.976679096228164667e+01
-5.624464245160162363e+02 -9.976679096228164667e+01
-5.628950282201865321e+02 -9.976679096228164667e+01
-5.633436319243568278e+02 -9.976679096228164667e+01
-5.636903354959845274e+02 -9.952078228029007789e+01
-5.640075462172687821e+02 -9.920357155900578050e+01
-5.643247569385530369e+02 -9.888636083772166785e+01
-5.646419676598371780e+02 -9.856915011643738467e+01
-5.649591783811214327e+02 -9.825193939515308728e+01
-5.652763891024055738e+02 -9.793472867386898884e+01
-5.655935998236899422e+02 -9.761751795258469144e+01
-5.659108105449739696e+02 -9.730030723130057879e+01
-5.662280212662583381e+02 -9.698309651001629561e+01
-5.665452319875424791e+02 -9.666588578873199822e+01
-5.668624427088267339e+02 -9.634867506744789978e+01
-5.671796534301108750e+02 -9.603146434616360239e+01
-5.674968641513951297e+02 -9.571425362487948973e+01
-5.678140748726793845e+02 -9.539704290359520655e+01
-5.681312855939636393e+02 -9.507983218231109390e+01
-5.684484963152477803e+02 -9.476262146102681072e+01
-5.687657070365320351e+02 -9.444541073974251333e+01
-5.690829177578161762e+02 -9.412820001845841489e+01
-5.694001284791004309e+02 -9.381098929717411750e+01
-5.697173392003846857e+02 -9.349377857589000484e+01
-5.700345499216689404e+02 -9.317656785460572166e+01
-5.704670048689455371e+02 -9.313758130669781110e+01
-5.709156085731158328e+02 -9.313758130669781110e+01
-5.713642122772861285e+02 -9.313758130669781110e+01
-5.718128159814564242e+02 -9.313758130669781110e+01
-5.722614196856266062e+02 -9.313758130669781110e+01
-5.727100233897970156e+02 -9.313758130669781110e+01
-5.731586270939671977e+02 -9.313758130669781110e+01
-5.736072307981374934e+02 -9.313758130669781110e+01
-5.740558345023079028e+02 -9.313758130669781110e+01
-5.745044382064780848e+02 -9.313758130669781110e+01
-5.749530419106483805e+02 -9.313758130669781110e+01
-5.754016456148186762e+02 -9.313758130669781110e+01
-5.758502493189889719e+02 -9.313758130669781110e+01
-5.762988530231592677e+02 -9.313758130669781110e+01
-5.767474567273295634e+02 -9.313758130669781110e+01
-5.771960604314998591e+02 -9.313758130669781110e+01
-5.776446641356701548e+02 -9.313758130669781110e+01
-5.780932678398404505e+02 -9.313758130669781110e+01
-5.785418715440107462e+02 -9.313758130669781110e+01
-5.789904752481810419e+02 -9.313758130669781110e+01
-5.794390789523513376e+02 -9.313758130669781110e+01
-5.798876826565216334e+02 -9.313758130669781110e+01
-5.803362863606919291e+02 -9.313758130669781110e+01
-5.807848900648622248e+02 -9.313758130669781110e+01
-5.812334937690325205e+02 -9.313758130669781110e+01
-5.816820974732028162e+02 -9.313758130669781110e+01
-5.821307011773729982e+02 -9.313758130669781110e+01
-5.825793048815434076e+02 -9.313758130669781110e+01
-5.830279085857137034e+02 -9.313758130669781110e+01
-5.834612510531547969e+02 -9.307293367049270216e+01
-5.838624944041479239e+02 -9.287231199499606760e+01
-5.842637377551411646e+02 -9.267169031949943303e+01
-5.846649811061342916e+02 -9.247106864400279846e+01
-5.850662244571276460e+02 -9.227044696850634864e+01
-5.854674678081206594e+02 -9.206982529300971407e+01
-5.858687111591139001e+02 -9.186920361751307951e+01
-5.862699545101070271e+02 -9.166858194201643073e+01
-5.866711978611002678e+02 -9.146796026651999512e+01
-5.870724412120935085e+02 -9.126733859102336055e+01
-5.874736845630866355e+02 -9.106671691552671177e+01
-5.878749279140798762e+02 -9.086609524003007721e+01
-5.882761712650730033e+02 -9.066547356453364159e+01
-5.886774146160662440e+02 -9.046485188903699282e+01
-5.890786579670594847e+02 -9.026423021354035825e+01
-5.894799013180524980e+02 -9.006360853804372368e+01
-5.898811446690458524e+02 -8.986298686254708912e+01
-5.902823880200388658e+02 -8.966236518705063929e+01
-5.906836313710322202e+02 -8.946174351155400473e+01
-5.910848747220253472e+02 -8.926112183605737016e+01
-5.914861180730184742e+02 -8.906050016056073559e+01
-5.918873614240117149e+02 -8.885987848506410103e+01
-5.922886047750048419e+02 -8.865925680956765120e+01
-5.926898481259980827e+02 -8.845863513407101664e+01
-5.930910914769913234e+02 -8.825801345857438207e+01
-5.934923348279844504e+02 -8.805739178307774750e+01
-5.938935781789776911e+02 -8.785677010758129768e+01
-5.942948215299708181e+02 -8.765614843208466311e+01
-5.946960648809640588e+02 -8.745552675658802855e+01
-5.950973082319571859e+02 -8.725490508109139398e+01
-5.954985515829504266e+02 -8.705428340559475942e+01
-5.958997949339435536e+02 -8.685366173009830959e+01
-5.963010382849367943e+02 -8.665304005460167502e+01
-5.966788449829556384e+02 -8.641990176007044511e+01
-5.969960557042400069e+02 -8.610269103878614771e+01
-5.973132664255241480e+02 -8.578548031750203506e+01
-5.976304771468084027e+02 -8.546826959621775188e+01
-5.979476878680925438e+02 -8.515105887493363923e+01
-5.982648985893767986e+02 -8.483384815364935605e+01
-5.985821093106610533e+02 -8.451663743236505866e+01
-5.988993200319451944e+02 -8.419942671108094601e+01
-5.992165307532294491e+02 -8.388221598979666283e+01
-5.995337414745137039e+02 -8.356500526851255017e+01
-5.998509521957978450e+02 -8.324779454722826699e+01
-6.001681629170820997e+02 -8.293058382594396960e+01
-6.004853736383662408e+02 -8.261337310465987116e+01
-6.008025843596504956e+02 -8.229616238337557377e+01
-6.011197950809347503e+02 -8.197895166209146112e+01
-6.014370058022188914e+02 -8.166174094080717794e+01
-6.017542165235031462e+02 -8.134453021952288054e+01
-6.020714272447872872e+02 -8.102731949823878210e+01
-6.023886379660716557e+02 -8.071010877695448471e+01
-6.027058486873556831e+02 -8.039289805567037206e+01
-6.030230594086400515e+02 -8.007568733438608888e+01
-6.033402701299241926e+02 -7.975847661310179149e+01
-6.036574808512084473e+02 -7.944126589181769305e+01
-6.039746915724925884e+02 -7.912405517053339565e+01
-6.042919022937768432e+02 -7.880684444924929721e+01
-6.046091130150610979e+02 -7.848963372796499982e+01
-6.049263237363453527e+02 -7.817242300668088717e+01
-6.052435344576294938e+02 -7.785521228539660399e+01
-6.055607451789137485e+02 -7.753800156411230660e+01
-6.058779559001978896e+02 -7.722079084282820816e+01
-6.061951666214821444e+02 -7.690358012154391076e+01
-6.065123773427663991e+02 -7.658636940025979811e+01
-6.068295880640506539e+02 -7.626915867897551493e+01
-6.071467987853347950e+02 -7.595194795769140228e+01
-6.074640095066190497e+02 -7.563473723640711910e+01
-6.077812202279031908e+02 -7.531752651512282171e+01
-6.080984309491874455e+02 -7.500031579383870906e+01
-6.084156416704715866e+02 -7.468310507255442587e+01
-6.087328523917558414e+02 -7.436589435127031322e+01
-6.090500631130400961e+02 -7.404868362998603004e+01
-6.093672738343242372e+02 -7.373147290870173265e+01
-6.096844845556084920e+02 -7.341426218741763421e+01
-6.100422004100712456e+02 -7.315324933645062799e+01
-6.104434437610644864e+02 -7.295262766095399343e+01
-6.108446871120576134e+02 -7.275200598545735886e+01
-6.112459304630508541e+02 -7.255138430996072429e+01
-6.116471738140440948e+02 -7.235076263446408973e+01
-6.120484171650372218e+02 -7.215014095896763990e+01
-6.124496605160304625e+02 -7.194951928347100534e+01
-6.128509038670235896e+02 -7.174889760797437077e+01
-6.132521472180167166e+02 -7.154827593247773621e+01
-6.136533905690100710e+02 -7.134765425698128638e+01
-6.140546339200030843e+02 -7.114703258148465181e+01
-6.144558772709964387e+02 -7.094641090598800304e+01
-6.148571206219894520e+02 -7.074578923049136847e+01
-6.152583639729828064e+02 -7.054516755499493286e+01
-6.156596073239759335e+02 -7.034454587949828408e+01
-6.160608506749690605e+02 -7.014392420400164951e+01
-6.164620940259623012e+02 -6.994330252850501495e+01
-6.168633373769554282e+02 -6.974268085300856512e+01
-6.172645807279486689e+02 -6.954205917751193056e+01
-6.176658240789419096e+02 -6.934143750201529599e+01
-6.180670674299350367e+02 -6.914081582651866142e+01
-6.184683107809282774e+02 -6.894019415102202686e+01
-6.188695541319214044e+02 -6.873957247552557703e+01
-6.192707974829146451e+02 -6.853895080002894247e+01
-6.196720408339077721e+02 -6.833832912453230790e+01
-6.200732841849010128e+02 -6.813770744903567333e+01
-6.204745275358941399e+02 -6.793708577353903877e+01
-6.208757708868873806e+02 -6.773646409804258894e+01
-6.212770142378805076e+02 -6.753584242254595438e+01
-6.216782575888737483e+02 -6.733522074704931981e+01
-6.220795009398668753e+02 -6.713459907155268525e+01
-6.224807442908601161e+02 -6.693397739605623542e+01
-6.228819876418533568e+02 -6.673335572055960085e+01
-6.231952223535470239e+02 -6.644472540576344954e+01
-6.233958440290435874e+02 -6.604348205477018041e+01
-6.235964657045401509e+02 -6.564223870377709602e+01
-6.237970873800368281e+02 -6.524099535278382689e+01
-6.239977090555333916e+02 -6.483975200179074250e+01
-6.241983307310299551e+02 -6.443850865079747336e+01
-6.243989524065266323e+02 -6.403726529980420423e+01
-6.245995740820231958e+02 -6.363602194881111274e+01
-6.248001957575197594e+02 -6.323477859781784360e+01
-6.250008174330163229e+02 -6.283353524682475921e+01
-6.252014391085130001e+02 -6.243229189583149008e+01
-6.254020607840095636e+02 -6.203104854483840569e+01
-6.256026824595061271e+02 -6.162980519384513656e+01
-6.258033041350026906e+02 -6.122856184285205217e+01
-6.260039258104993678e+02 -6.082731849185877593e+01
-6.262045474859958176e+02 -6.042607514086569154e+01
-6.264051691614924948e+02 -6.002483178987242241e+01
-6.266057908369890583e+02 -5.962358843887933801e+01
-6.268064125124857355e+02 -5.922234508788606888e+01
-6.270070341879821854e+02 -5.882110173689298449e+01
-6.272076558634788626e+02 -5.841985838589971536e+01
-6.274082775389755398e+02 -5.801861503490643912e+01
-6.276088992144719896e+02 -5.761737168391335473e+01
-6.278095208899686668e+02 -5.721612833292008560e+01
-6.280101425654652303e+02 -5.681488498192700121e+01
-6.282107642409617938e+02 -5.641364163093373207e+01
-6.284113859164584710e+02 -5.601239827994045584e+01
-6.286120075919550345e+02 -5.561115492894737145e+01
-6.288126292674517117e+02 -5.520991157795410231e+01
-6.290132509429481615e+02 -5.480866822696101792e+01
-6.292138726184448387e+02 -5.440742487596774879e+01
-6.294144942939414022e+02 -5.400618152497466440e+01
-6.296151159694379658e+02 -5.360493817398139527e+01
-6.299137754805484519e+02 -5.336232337319479768e+01
-6.303623791847186340e+02 -5.336232337319479768e+01
-6.308109828888890434e+02 -5.336232337319479768e+01
-6.312595865930593391e+02 -5.336232337319479768e+01
-6.317081902972295211e+02 -5.336232337319479768e+01
-6.321567940013999305e+02 -5.336232337319479768e+01
-6.326053977055701125e+02 -5.336232337319479768e+01
-6.330540014097404082e+02 -5.336232337319479768e+01
-6.335026051139107039e+02 -5.336232337319479768e+01
-6.339512088180809997e+02 -5.336232337319479768e+01
-6.343998125222512954e+02 -5.336232337319479768e+01
-6.348484162264215911e+02 -5.336232337319479768e+01
-6.352970199305918868e+02 -5.336232337319479768e+01
-6.357456236347621825e+02 -5.336232337319479768e+01
-6.361942273389323645e+02 -5.336232337319479768e+01
-6.363656330254151499e+02 -5.308512535550730149e+01
-6.363656330254151499e+02 -5.263652165133709815e+01
-6.363656330254151499e+02 -5.218791794716671006e+01
-6.363656330254151499e+02 -5.173931424299632198e+01
-6.363656330254151499e+02 -5.129071053882611864e+01
-6.363656330254151499e+02 -5.084210683465573055e+01
-6.363656330254151499e+02 -5.039350313048552721e+01
-6.363656330254151499e+02 -4.994489942631532386e+01
-6.363656330254151499e+02 -4.949629572214493578e+01
-6.363656330254151499e+02 -4.904769201797473244e+01
-6.363656330254151499e+02 -4.859908831380434435e+01
-6.363656330254151499e+02 -4.815048460963414101e+01
-6.363656330254151499e+02 -4.770188090546375292e+01
-6.363656330254151499e+02 -4.725327720129354958e+01
-6.363656330254151499e+02 -4.680467349712334624e+01
-6.367426769500731325e+02 -4.673311371761096211e+01
-6.371912806542433145e+02 -4.673311371761096211e+01
-6.376398843584137239e+02 -4.673311371761096211e+01
-6.380884880625840196e+02 -4.673311371761096211e+01
-6.385370917667542017e+02 -4.673311371761096211e+01
-6.389856954709246111e+02 -4.673311371761096211e+01
-6.394342991750947931e+02 -4.673311371761096211e+01
-6.398829028792650888e+02 -4.673311371761096211e+01
-6.403315065834353845e+02 -4.673311371761096211e+01
-6.407801102876056802e+02 -4.673311371761096211e+01
-6.412287139917759760e+02 -4.673311371761096211e+01
-6.416773176959462717e+02 -4.673311371761096211e+01
-6.421259214001165674e+02 -4.673311371761096211e+01
-6.425745251042868631e+02 -4.673311371761096211e+01
-6.430148439935381930e+02 -4.671311240507176876e+01
-6.433320547148223341e+02 -4.639590168378747848e+01
-6.436492654361065888e+02 -4.607869096250337293e+01
-6.439664761573907299e+02 -4.576148024121907554e+01
-6.442836868786750983e+02 -4.544426951993496999e+01
-6.446008975999592394e+02 -4.512705879865067971e+01
-6.449181083212434942e+02 -4.480984807736657416e+01
-6.452353190425276352e+02 -4.449263735608228387e+01
-6.455525297638118900e+02 -4.417542663479798648e+01
-6.458697404850961448e+02 -4.385821591351388804e+01
-6.461869512063802858e+02 -4.354100519222959065e+01
-6.465041619276645406e+02 -4.322379447094548510e+01
-6.468213726489487954e+02 -4.290658374966119482e+01
-6.471385833702329364e+02 -4.258937302837708927e+01
-6.474557940915171912e+02 -4.227216230709279898e+01
-6.477730048128013323e+02 -4.195495158580850159e+01
-6.480902155340857007e+02 -4.163774086452439604e+01
-6.484074262553697281e+02 -4.132053014324010576e+01
-6.487246369766540965e+02 -4.100331942195600021e+01
-6.490418476979382376e+02 -4.068610870067170993e+01
-6.493590584192224924e+02 -4.036889797938760438e+01
-6.496240523365828494e+02 -4.003005834973428989e+01
