-2.935237639399682052e+02 -3.995937245553331536e+02
-2.925442043632879745e+02 -3.935574064591555157e+02
-2.917523804008512798e+02 -3.935574064591555157e+02
-2.909605564384146419e+02 -3.935574064591555157e+02
-2.901687324759779472e+02 -3.935574064591555157e+02
-2.893769085135405703e+02 -3.935574064591555157e+02
-2.885850845511038756e+02 -3.935574064591555157e+02
-2.877932605886671809e+02 -3.935574064591555157e+02
-2.870014366262305430e+02 -3.935574064591555157e+02
-2.862096126637938482e+02 -3.935574064591555157e+02
-2.854177887013571535e+02 -3.935574064591555157e+02
-2.846259647389204588e+02 -3.935574064591555157e+02
-2.838341407764831388e+02 -3.935574064591555157e+02
-2.830423168140464441e+02 -3.935574064591555157e+02
-2.822504928516097493e+02 -3.935574064591555157e+02
-2.814586688891730546e+02 -3.935574064591555157e+02
-2.806668449267364167e+02 -3.935574064591555157e+02
-2.798750209642997220e+02 -3.935574064591555157e+02
-2.790831970018623451e+02 -3.935574064591555157e+02
-2.782913730394256504e+02 -3.935574064591555157e+02
-2.774995490769889557e+02 -3.935574064591555157e+02
-2.767077251145523178e+02 -3.935574064591555157e+02
-2.759159011521156231e+02 -3.935574064591555157e+02
-2.751240771896789283e+02 -3.935574064591555157e+02
-2.743322532272422336e+02 -3.935574064591555157e+02
-2.735404292648048568e+02 -3.935574064591555157e+02
-2.727486053023682189e+02 -3.935574064591555157e+02
-2.719567813399315241e+02 -3.935574064591555157e+02
-2.711649573774948294e+02 -3.935574064591555157e+02
-2.703731334150581347e+02 -3.935574064591555157e+02
-2.695813094526214968e+02 -3.935574064591555157e+02
-2.687894854901848021e+02 -3.935574064591555157e+02
-2.679976615277474252e+02 -3.935574064591555157e+02
-2.672058375653107305e+02 -3.935574064591555157e+02
-2.664140136028740926e+02 -3.935574064591555157e+02
-2.656221896404373979e+02 -3.935574064591555157e+02
-2.648303656780007032e+02 -3.935574064591555157e+02
-2.640385417155640084e+02 -3.935574064591555157e+02
-2.632467177531273137e+02 -3.935574064591555157e+02
-2.624548937906899937e+02 -3.935574064591555157e+02
-2.616899855219080564e+02 -3.933652269275865478e+02
-2.609286278197092770e+02 -3.931476961555298431e+02
-2.601672701175105544e+02 -3.929301653834729109e+02
-2.594059124153117750e+02 -3.927126346114162061e+02
-2.586445547131129956e+02 -3.924951038393592739e+02
-2.578831970109142731e+02 -3.922775730673025123e+02
-2.571218393087154936e+02 -3.920600422952458075e+02
-2.563604816065167711e+02 -3.918425115231888753e+02
-2.555991239043179917e+02 -3.916249807511321706e+02
-2.548377662021192407e+02 -3.914074499790754089e+02
-2.540764084999204613e+02 -3.911899192070184768e+02
-2.533150507977217103e+02 -3.909723884349617720e+02
-2.525536930955222772e+02 -3.907548576629048398e+02
-2.517923353933235262e+02 -3.905373268908481350e+02
-2.510309776911247468e+02 -3.903197961187913734e+02
-2.502696199889259958e+02 -3.901022653467344412e+02
-2.495082622867272448e+02 -3.898847345746777364e+02
-2.487469045845284938e+02 -3.896672038026208043e+02
-2.479855468823297144e+02 -3.894496730305640995e+02
-2.472241891801309635e+02 -3.892321422585073378e+02
-2.464628314779322125e+02 -3.890146114864504057e+02
-2.457014737757334615e+02 -3.887970807143937009e+02
-2.449401160735347105e+02 -3.885795499423369392e+02
-2.441787583713359311e+02 -3.883620191702800071e+02
-2.434174006691364980e+02 -3.881444883982233023e+02
-2.426560429669377470e+02 -3.879269576261663701e+02
-2.418946852647389960e+02 -3.877094268541096653e+02
-2.411333275625402166e+02 -3.874918960820529037e+02
-2.403719698603414656e+02 -3.872743653099959715e+02
-2.396106121581427146e+02 -3.870568345379392667e+02
-2.388492544559439636e+02 -3.868393037658825051e+02
-2.380878967537452127e+02 -3.866217729938256298e+02
-2.373265390515464333e+02 -3.864042422217688681e+02
-2.365651813493476823e+02 -3.861867114497119360e+02
-2.358038236471489313e+02 -3.859691806776552312e+02
-2.350424659449501803e+02 -3.857516499055984696e+02
-2.342811082427507188e+02 -3.855341191335415942e+02
-2.335197505405519678e+02 -3.853165883614848326e+02
-2.327583928383532168e+02 -3.850990575894279004e+02
-2.319970351361544658e+02 -3.848815268173711956e+02
-2.312356774339556864e+02 -3.846639960453144340e+02
-2.304743197317569354e+02 -3.844464652732575587e+02
-2.297129620295581844e+02 -3.842289345012007971e+02
-2.289516043273594335e+02 -3.840114037291440354e+02
-2.281902466251606825e+02 -3.837938729570871601e+02
-2.274288889229619031e+02 -3.835763421850303985e+02
-2.266675312207631521e+02 -3.833588114129735231e+02
-2.259061735185644011e+02 -3.831412806409167615e+02
-2.251448158163649680e+02 -3.829237498688599999e+02
-2.243834581141661886e+02 -3.827062190968031246e+02
-2.236221004119674376e+02 -3.824886883247463629e+02
-2.228607427097686866e+02 -3.822711575526896581e+02
-2.220993850075699356e+02 -3.820536267806327260e+02
-2.213380273053711562e+02 -3.818360960085759643e+02
-2.205766696031724052e+02 -3.816185652365190890e+02
-2.198066477115058319e+02 -3.814416646242787579e+02
-2.190227819808226286e+02 -3.813296838056097613e+02
-2.182389162501394253e+02 -3.812177029869406510e+02
-2.174550505194562220e+02 -3.811057221682716545e+02
-2.166711847887737292e+02 -3.809937413496026579e+02
-2.158873190580905259e+02 -3.808817605309337182e+02
-2.151034533274073226e+02 -3.807697797122647216e+02
-2.143195875967241193e+02 -3.806577988935957251e+02
-2.135357218660409444e+02 -3.805458180749266148e+02
-2.127518561353584232e+02 -3.804338372562576183e+02
-2.119679904046752199e+02 -3.803218564375886217e+02
-2.111841246739920166e+02 -3.802098756189196820e+02
-2.104002589433088417e+02 -3.800978948002506854e+02
-2.096163932126256384e+02 -3.799859139815815183e+02
-2.088325274819431172e+02 -3.798739331629125218e+02
-2.080486617512599139e+02 -3.797619523442435820e+02
-2.072647960205767390e+02 -3.796499715255745855e+02
-2.064809302898935357e+02 -3.795379907069055889e+02
-2.056970645592103324e+02 -3.794260098882366492e+02
-2.049131988285271291e+02 -3.793140290695674821e+02
-2.041293330978446363e+02 -3.792020482508984855e+02
-2.033454673671614330e+02 -3.790900674322295458e+02
-2.025616016364782297e+02 -3.789780866135605493e+02
-2.017777359057950264e+02 -3.788661057948915527e+02
-2.009938701751118231e+02 -3.787541249762223856e+02
-2.002100044444293303e+02 -3.786421441575534459e+02
-1.994261387137461270e+02 -3.785301633388844493e+02
-1.986422729830629237e+02 -3.784181825202154528e+02
-1.978584072523797204e+02 -3.783062017015465130e+02
-1.970745415216965455e+02 -3.781942208828775165e+02
-1.962906757910133422e+02 -3.780822400642083494e+02
-1.955068100603308210e+02 -3.779702592455394097e+02
-1.947229443296476177e+02 -3.778582784268704131e+02
-1.939390785989644428e+02 -3.777462976082014166e+02
-1.931552128682812395e+02 -3.776343167895324200e+02
-1.923713471375980362e+02 -3.775223359708633097e+02
-1.915874814069155150e+02 -3.774103551521943132e+02
-1.908036156762323401e+02 -3.772983743335253166e+02
-1.900197499455491368e+02 -3.771863935148563769e+02
-1.892358842148659335e+02 -3.770744126961873803e+02
-1.884520184841827302e+02 -3.769624318775183838e+02
-1.876681527534995553e+02 -3.768504510588492735e+02
-1.868842870228170341e+02 -3.767384702401802770e+02
-1.861004212921338308e+02 -3.766264894215112804e+02
-1.853165555614506275e+02 -3.765145086028423407e+02
-1.845326898307674526e+02 -3.764025277841733441e+02
-1.837488241000842493e+02 -3.762905469655041770e+02
-1.829649583694017281e+02 -3.761785661468351805e+02
-1.821810926387185248e+02 -3.760665853281662407e+02
-1.813972269080353499e+02 -3.759546045094972442e+02
-1.806133611773521466e+02 -3.758426236908282476e+02
-1.798294954466689433e+02 -3.757306428721593079e+02
-1.790456297159857399e+02 -3.756186620534901408e+02
-1.782617639853032472e+02 -3.755066812348211442e+02
-1.774874708829437964e+02 -3.753484459016309529e+02
-1.767235477711955127e+02 -3.751401032347905016e+02
-1.759596246594472007e+02 -3.749317605679502776e+02
-1.751957015476989170e+02 -3.747234179011098263e+02
-1.744317784359513155e+02 -3.745150752342694318e+02
-1.736678553242030318e+02 -3.743067325674289805e+02
-1.729039322124547482e+02 -3.740983899005885860e+02
-1.721400091007064646e+02 -3.738900472337483052e+02
-1.713760859889588346e+02 -3.736817045669078539e+02
-1.706121628772105510e+02 -3.734733619000674594e+02
-1.698482397654622673e+02 -3.732650192332270080e+02
-1.690843166537139837e+02 -3.730566765663866136e+02
-1.683203935419663821e+02 -3.728483338995463328e+02
-1.675564704302180701e+02 -3.726399912327059383e+02
-1.667925473184697864e+02 -3.724316485658654869e+02
-1.660286242067215028e+02 -3.722233058990250356e+02
-1.652647010949739013e+02 -3.720149632321846411e+02
-1.645007779832256176e+02 -3.718066205653443603e+02
-1.637368548714773340e+02 -3.715982778985039658e+02
-1.629729317597290219e+02 -3.713899352316635145e+02
-1.622090086479814204e+02 -3.711815925648231200e+02
-1.614450855362331367e+02 -3.709732498979826687e+02
-1.606811624244848531e+02 -3.707649072311422174e+02
-1.599172393127372516e+02 -3.705565645643019934e+02
-1.591533162009889395e+02 -3.703482218974615421e+02
-1.583893930892406559e+02 -3.701398792306211476e+02
-1.576254699774923722e+02 -3.699315365637806963e+02
-1.568615468657447707e+02 -3.697231938969403018e+02
-1.560976237539964870e+02 -3.695148512301000210e+02
-1.553337006422482034e+02 -3.693065085632595697e+02
-1.545697775304998913e+02 -3.690981658964191752e+02
-1.538058544187522898e+02 -3.688898232295787238e+02
-1.530419313070040062e+02 -3.686814805627383294e+02
-1.522780081952557225e+02 -3.684731378958980486e+02
-1.515140850835074389e+02 -3.682647952290576541e+02
-1.507501619717598089e+02 -3.680564525622172027e+02
-1.499862388600115253e+02 -3.678481098953767514e+02
-1.492223157482632416e+02 -3.676397672285363569e+02
-1.484583926365149580e+02 -3.674314245616960761e+02
-1.476944695247673565e+02 -3.672230818948556816e+02
-1.469305464130190728e+02 -3.670147392280152303e+02
-1.461666233012707607e+02 -3.668063965611748358e+02
-1.454027001895224771e+02 -3.665980538943343845e+02
-1.446387770777748756e+02 -3.663897112274939332e+02
-1.438748539660265919e+02 -3.661813685606537092e+02
-1.431109308542783083e+02 -3.659730258938132579e+02
-1.423470077425299962e+02 -3.657646832269728634e+02
-1.415830846307823947e+02 -3.655563405601324121e+02
-1.408191615190341111e+02 -3.653479978932920176e+02
-1.400552384072858274e+02 -3.651396552264517368e+02
-1.392913152955375438e+02 -3.649313125596112855e+02
-1.385273921837899422e+02 -3.647229698927708910e+02
-1.377634690720416302e+02 -3.645146272259304396e+02
-1.369995459602933465e+02 -3.643062845590900451e+02
-1.362356228485457450e+02 -3.640979418922497644e+02
-1.354716997367974614e+02 -3.638895992254093699e+02
-1.347077766250491777e+02 -3.636812565585689185e+02
-1.339438535133008656e+02 -3.634729138917284672e+02
-1.331799304015532641e+02 -3.632645712248880727e+02
-1.324160072898049805e+02 -3.630562285580477919e+02
-1.316520841780566968e+02 -3.628478858912073974e+02
-1.308881610663084132e+02 -3.626395432243669461e+02
-1.301242379545608117e+02 -3.624312005575265516e+02
-1.293603148428124996e+02 -3.622228578906861003e+02
-1.285963917310642159e+02 -3.620145152238456490e+02
-1.278324686193159323e+02 -3.618061725570054250e+02
-1.270685455075683308e+02 -3.615978298901649737e+02
-1.263046223958200329e+02 -3.613894872233245792e+02
-1.255406992840717493e+02 -3.611811445564841279e+02
-1.247767761723234514e+02 -3.609728018896437334e+02
-1.240128530605758499e+02 -3.607644592228034526e+02
-1.232489299488275662e+02 -3.605561165559630012e+02
-1.224850068370792684e+02 -3.603477738891226068e+02
-1.217210837253309847e+02 -3.601394312222821554e+02
-1.209571606135833832e+02 -3.599310885554417609e+02
-1.201932375018350854e+02 -3.597227458886014801e+02
-1.194293143900868017e+02 -3.595144032217610857e+02
-1.186653912783385039e+02 -3.593060605549206343e+02
-1.179014681665909023e+02 -3.590977178880801830e+02
-1.171375450548426187e+02 -3.588893752212397885e+02
-1.163736219430943208e+02 -3.586810325543995077e+02
-1.156096988313460372e+02 -3.584726898875591132e+02
-1.148457757195984357e+02 -3.582643472207186619e+02
-1.140818526078501378e+02 -3.580560045538782674e+02
-1.133179294961018542e+02 -3.578476618870378161e+02
-1.125540063843542526e+02 -3.576393192201973648e+02
-1.117900832726059548e+02 -3.574309765533571408e+02
-1.110105099585210269e+02 -3.573394978820896313e+02
-1.102186859960843464e+02 -3.573394978820896313e+02
-1.094268620336476658e+02 -3.573394978820896313e+02
-1.086350380712109711e+02 -3.573394978820896313e+02
-1.078432141087742906e+02 -3.573394978820896313e+02
-1.070513901463376101e+02 -3.573394978820896313e+02
-1.062595661839002474e+02 -3.573394978820896313e+02
-1.054677422214635669e+02 -3.573394978820896313e+02
-1.046759182590268864e+02 -3.573394978820896313e+02
-1.038840942965902059e+02 -3.573394978820896313e+02
-1.030922703341535254e+02 -3.573394978820896313e+02
-1.023004463717168449e+02 -3.573394978820896313e+02
-1.015086224092801643e+02 -3.573394978820896313e+02
-1.007167984468427875e+02 -3.573394978820896313e+02
-9.992497448440610697e+01 -3.573394978820896313e+02
-9.913315052196942645e+01 -3.573394978820896313e+02
-9.834132655953274593e+01 -3.573394978820896313e+02
-9.754950259709606541e+01 -3.573394978820896313e+02
-9.675767863465938490e+01 -3.573394978820896313e+02
-9.596585467222270438e+01 -3.573394978820896313e+02
-9.517403070978534174e+01 -3.573394978820896313e+02
-9.438220674734864701e+01 -3.573394978820896313e+02
-9.359038278491196650e+01 -3.573394978820896313e+02
-9.279855882247528598e+01 -3.573394978820896313e+02
-9.200673486003860546e+01 -3.573394978820896313e+02
-9.121491089760192494e+01 -3.573394978820896313e+02
-9.042308693516524443e+01 -3.573394978820896313e+02
-8.963126297272788179e+01 -3.573394978820896313e+02
-8.883943901029120127e+01 -3.573394978820896313e+02
-8.804761504785452075e+01 -3.573394978820896313e+02
-8.725739138792870619e+01 -3.573264984557598609e+02
-8.648920930933552143e+01 -3.571344529361115292e+02
-8.572102723074235087e+01 -3.569424074164632543e+02
-8.495284515214849819e+01 -3.567503618968148089e+02
-8.418466307355531342e+01 -3.565583163771664772e+02
-8.341648099496146074e+01 -3.563662708575180318e+02
-8.264829891636827597e+01 -3.561742253378697569e+02
-8.188011683777510541e+01 -3.559821798182214252e+02
-8.111193475918125273e+01 -3.557901342985729798e+02
-8.034375268058806796e+01 -3.555980887789246481e+02
-7.957557060199489740e+01 -3.554060432592763732e+02
-7.880738852340103051e+01 -3.552139977396279278e+02
-7.803920644480785995e+01 -3.550219522199795961e+02
-7.727102436621468939e+01 -3.548299067003313212e+02
-7.650284228762082250e+01 -3.546378611806828758e+02
-7.573466020902765194e+01 -3.544458156610345441e+02
-7.496647813043448139e+01 -3.542537701413862692e+02
-7.419829605184129662e+01 -3.540617246217379943e+02
-7.343011397324744394e+01 -3.538696791020894921e+02
-7.266193189465425917e+01 -3.536776335824412172e+02
-7.189374981606040649e+01 -3.534855880627927718e+02
-7.112556773746723593e+01 -3.532935425431444401e+02
-7.035738565887405116e+01 -3.531014970234961652e+02
-6.958920358028019848e+01 -3.529094515038477198e+02
-6.882102150168701371e+01 -3.527174059841993881e+02
-6.805283942309384315e+01 -3.525253604645511132e+02
-6.728465734449999047e+01 -3.523333149449026678e+02
-6.651647526590680570e+01 -3.521412694252543361e+02
-6.574829318731363514e+01 -3.519492239056060612e+02
-6.498011110871976825e+01 -3.517571783859576158e+02
-6.421192903012659770e+01 -3.515651328663092841e+02
-6.344374695153342714e+01 -3.513730873466610092e+02
-6.267556487294024947e+01 -3.511810418270127343e+02
-6.190738279434638969e+01 -3.509889963073642321e+02
-6.113920071575321202e+01 -3.507969507877159572e+02
-6.037101863715935224e+01 -3.506049052680675118e+02
-5.960283655856618168e+01 -3.504128597484191801e+02
-5.883465447997300402e+01 -3.502208142287709052e+02
-5.806647240137914423e+01 -3.500287687091224598e+02
-5.729829032278596657e+01 -3.498367231894741280e+02
-5.653010824419279601e+01 -3.496446776698258532e+02
-5.576192616559893622e+01 -3.494526321501774078e+02
-5.499374408700575856e+01 -3.492605866305290760e+02
-5.422556200841258089e+01 -3.490685411108808012e+02
-5.345737992981872111e+01 -3.488764955912323558e+02
-5.268919785122555055e+01 -3.486844500715840240e+02
-5.192101577263237289e+01 -3.484924045519357492e+02
-5.115283369403851310e+01 -3.483003590322873038e+02
-5.038465161544533544e+01 -3.481083135126389720e+02
-4.961646953685216488e+01 -3.479162679929906972e+02
-4.884828745825830509e+01 -3.477242224733422518e+02
-4.808010537966512743e+01 -3.475321769536939200e+02
-4.731192330107194977e+01 -3.473401314340456452e+02
-4.654374122247808998e+01 -3.471480859143971998e+02
-4.577555914388491942e+01 -3.469560403947488680e+02
-4.500737706529174176e+01 -3.467639948751005932e+02
-4.423919498669788197e+01 -3.465719493554521478e+02
-4.347101290810470431e+01 -3.463799038358038160e+02
-4.270283082951153375e+01 -3.461878583161555412e+02
-4.193464875091767396e+01 -3.459958127965070958e+02
-4.116646667232449630e+01 -3.458037672768587640e+02
-4.039828459373131864e+01 -3.456117217572104892e+02
-3.963010251513745885e+01 -3.454196762375620438e+02
-3.885709088321496552e+01 -3.452668616897342986e+02
-3.806526692077828500e+01 -3.452668616897342986e+02
-3.727344295834091525e+01 -3.452668616897342986e+02
-3.648161899590423474e+01 -3.452668616897342986e+02
-3.568979503346755422e+01 -3.452668616897342986e+02
-3.489797107103087370e+01 -3.452668616897342986e+02
-3.410614710859418608e+01 -3.452668616897342986e+02
-3.331432314615750556e+01 -3.452668616897342986e+02
-3.252249918372082504e+01 -3.452668616897342986e+02
-3.173067522128345885e+01 -3.452668616897342986e+02
-3.093885125884677834e+01 -3.452668616897342986e+02
-3.014702729641009427e+01 -3.452668616897342986e+02
-2.935520333397341375e+01 -3.452668616897342986e+02
-2.856337937153673323e+01 -3.452668616897342986e+02
-2.777155540910005271e+01 -3.452668616897342986e+02
-2.697973144666336864e+01 -3.452668616897342986e+02
-2.618790748422600245e+01 -3.452668616897342986e+02
-2.539608352178932194e+01 -3.452668616897342986e+02
-2.460425955935263787e+01 -3.452668616897342986e+02
-2.381243559691595735e+01 -3.452668616897342986e+02
-2.302061163447927683e+01 -3.452668616897342986e+02
-2.222878767204259631e+01 -3.452668616897342986e+02
-2.143696370960591224e+01 -3.452668616897342986e+02
-2.064513974716854605e+01 -3.452668616897342986e+02
-1.985331578473186553e+01 -3.452668616897342986e+02
-1.906149182229518146e+01 -3.452668616897342986e+02
-1.826966785985850095e+01 -3.452668616897342986e+02
-1.747784389742182043e+01 -3.452668616897342986e+02
-1.668601993498513991e+01 -3.452668616897342986e+02
-1.589419597254777194e+01 -3.452668616897342986e+02
-1.510237201011108965e+01 -3.452668616897342986e+02
-1.431054804767440913e+01 -3.452668616897342986e+02
-1.351872408523772684e+01 -3.452668616897342986e+02
-1.272690012280104632e+01 -3.452668616897342986e+02
-1.193507616036436403e+01 -3.452668616897342986e+02
-1.114325219792768173e+01 -3.452668616897342986e+02
-1.035142823549031554e+01 -3.452668616897342986e+02
-9.559604273053633250e+00 -3.452668616897342986e+02
-8.767780310616952733e+00 -3.452668616897342986e+02
-7.975956348180270439e+00 -3.452668616897342986e+02
-7.184132385743589033e+00 -3.452668616897342986e+02
-6.392308423306907628e+00 -3.452668616897342986e+02
-5.600484460870226222e+00 -3.452668616897342986e+02
-4.808660498432858255e+00 -3.452668616897342986e+02
-4.016836535996176849e+00 -3.452668616897342986e+02
-3.225012573559495888e+00 -3.452668616897342986e+02
-2.433188611122814482e+00 -3.452668616897342986e+02
-1.641364648686132854e+00 -3.452668616897342986e+02
-8.495406862494514488e-01 -3.452668616897342986e+02
-5.771672381277000163e-02 -3.452668616897342986e+02
7.341072386245977022e-01 -3.452668616897342986e+02
1.525931201061279108e+00 -3.452668616897342986e+02
2.317755163497960513e+00 -3.452668616897342986e+02
3.109579125934641919e+00 -3.452668616897342986e+02
3.901403088371323324e+00 -3.452668616897342986e+02
4.693227050808005174e+00 -3.452668616897342986e+02
5.485051013244686580e+00 -3.452668616897342986e+02
6.276874975682053659e+00 -3.452668616897342986e+02
7.068698938118735065e+00 -3.452668616897342986e+02
7.860522900555416470e+00 -3.452668616897342986e+02
8.652346862992098764e+00 -3.452668616897342986e+02
9.444170825428779281e+00 -3.452668616897342986e+02
1.023599478786546157e+01 -3.452668616897342986e+02
1.102781875030282954e+01 -3.452668616897342986e+02
1.181964271273951006e+01 -3.452668616897342986e+02
1.261146667517619235e+01 -3.452668616897342986e+02
1.340329063761287287e+01 -3.452668616897342986e+02
1.419511460004955516e+01 -3.452668616897342986e+02
1.498693856248623568e+01 -3.452668616897342986e+02
1.577876252492291798e+01 -3.452668616897342986e+02
1.657058648736028417e+01 -3.452668616897342986e+02
1.736241044979696824e+01 -3.452668616897342986e+02
1.815423441223364875e+01 -3.452668616897342986e+02
1.894605837467032927e+01 -3.452668616897342986e+02
1.973788233710700979e+01 -3.452668616897342986e+02
2.052970629954369386e+01 -3.452668616897342986e+02
2.132153026198037438e+01 -3.452668616897342986e+02
2.211335422441774057e+01 -3.452668616897342986e+02
2.290517818685442109e+01 -3.452668616897342986e+02
2.369700214929110516e+01 -3.452668616897342986e+02
2.448882611172778567e+01 -3.452668616897342986e+02
2.528065007416446619e+01 -3.452668616897342986e+02
2.607247403660115026e+01 -3.452668616897342986e+02
2.686429799903783078e+01 -3.452668616897342986e+02
2.765612196147519697e+01 -3.452668616897342986e+02
2.844794592391187749e+01 -3.452668616897342986e+02
2.923976988634856156e+01 -3.452668616897342986e+02
3.003159384878524207e+01 -3.452668616897342986e+02
3.082341781122192259e+01 -3.452668616897342986e+02
3.161524177365860311e+01 -3.452668616897342986e+02
3.240706573609528363e+01 -3.452668616897342986e+02
3.319888969853265337e+01 -3.452668616897342986e+02
3.398628316354032819e+01 -3.451956978980799136e+02
3.477199256371814329e+01 -3.450974842230576769e+02
3.555770196389595839e+01 -3.449992705480354402e+02
3.634341136407378059e+01 -3.449010568730132604e+02
3.712912076425159569e+01 -3.448028431979910238e+02
3.791483016442941079e+01 -3.447046295229687871e+02
3.870053956460722588e+01 -3.446064158479465505e+02
3.948624896478504098e+01 -3.445082021729243138e+02
4.027195836496286319e+01 -3.444099884979020771e+02
4.105766776514067828e+01 -3.443117748228798973e+02
4.184337716531849338e+01 -3.442135611478576607e+02
4.262908656549562636e+01 -3.441153474728354240e+02
4.341479596567344146e+01 -3.440171337978131874e+02
4.420050536585125656e+01 -3.439189201227909507e+02
4.498621476602907165e+01 -3.438207064477687140e+02
4.577192416620688675e+01 -3.437224927727465342e+02
4.655763356638470185e+01 -3.436242790977242976e+02
4.734334296656252405e+01 -3.435260654227020609e+02
4.812905236674033915e+01 -3.434278517476799948e+02
4.891476176691815425e+01 -3.433296380726577581e+02
4.970047116709596935e+01 -3.432314243976355783e+02
5.048618056727378445e+01 -3.431332107226133417e+02
5.127188996745159955e+01 -3.430349970475911050e+02
5.205759936762942175e+01 -3.429367833725688683e+02
5.284330876780723685e+01 -3.428385696975466317e+02
5.362901816798505195e+01 -3.427403560225243950e+02
5.441472756816286704e+01 -3.426421423475022152e+02
5.520043696834000002e+01 -3.425439286724799786e+02
5.598614636851781512e+01 -3.424457149974577419e+02
5.677185576869563022e+01 -3.423475013224355052e+02
5.755756516887344532e+01 -3.422492876474132686e+02
5.834327456905126752e+01 -3.421510739723910319e+02
5.912898396922908262e+01 -3.420528602973688521e+02
5.991469336940689772e+01 -3.419546466223466155e+02
6.070040276958471281e+01 -3.418564329473243788e+02
6.148611216976252791e+01 -3.417582192723021421e+02
6.227182156994034301e+01 -3.416600055972799055e+02
6.305753097011816521e+01 -3.415617919222576688e+02
6.384324037029598031e+01 -3.414635782472354890e+02
6.462894977047379541e+01 -3.413653645722132524e+02
6.541465917065161761e+01 -3.412671508971910157e+02
6.620036857082942561e+01 -3.411689372221687790e+02
6.698607797100724781e+01 -3.410707235471465424e+02
6.777178737118437368e+01 -3.409725098721243057e+02
6.855749677136219589e+01 -3.408742961971021259e+02
6.934320617154000388e+01 -3.407760825220798893e+02
7.012891557171782608e+01 -3.406778688470576526e+02
7.091462497189563408e+01 -3.405796551720354159e+02
7.170033437207345628e+01 -3.404814414970131793e+02
7.248604377225127848e+01 -3.403832278219909426e+02
7.327175317242908648e+01 -3.402850141469687628e+02
7.405746257260690868e+01 -3.401868004719466967e+02
7.484317197278471667e+01 -3.400885867969244600e+02
7.562888137296253888e+01 -3.399903731219022234e+02
7.641459077314036108e+01 -3.398921594468799867e+02
7.720030017331816907e+01 -3.397939457718577501e+02
7.798600957349599128e+01 -3.396957320968355702e+02
7.877171897367379927e+01 -3.395975184218133336e+02
7.955742837385093935e+01 -3.394993047467910969e+02
8.034313777402874734e+01 -3.394010910717688603e+02
8.112884717420656955e+01 -3.393028773967466236e+02
8.191616779693144679e+01 -3.392305435935566607e+02
8.270799175936812730e+01 -3.392305435935566607e+02
8.349981572180480782e+01 -3.392305435935566607e+02
8.429163968424148834e+01 -3.392305435935566607e+02
8.508346364667816886e+01 -3.392305435935566607e+02
8.587528760911484937e+01 -3.392305435935566607e+02
8.666711157155152989e+01 -3.392305435935566607e+02
8.745893553398890674e+01 -3.392305435935566607e+02
8.825075949642558726e+01 -3.392305435935566607e+02
8.904258345886226778e+01 -3.392305435935566607e+02
8.983440742129894829e+01 -3.392305435935566607e+02
9.062623138373562881e+01 -3.392305435935566607e+02
9.141805534617230933e+01 -3.392305435935566607e+02
9.220987930860898985e+01 -3.392305435935566607e+02
9.300170327104635248e+01 -3.392305435935566607e+02
9.379352723348303300e+01 -3.392305435935566607e+02
9.458535119591972773e+01 -3.392305435935566607e+02
9.537717515835640825e+01 -3.392305435935566607e+02
9.616899912079308876e+01 -3.392305435935566607e+02
9.696082308322976928e+01 -3.392305435935566607e+02
9.775264704566644980e+01 -3.392305435935566607e+02
9.854447100810381244e+01 -3.392305435935566607e+02
9.933629497054049295e+01 -3.392305435935566607e+02
1.001281189329771735e+02 -3.392305435935566607e+02
1.009199428954138540e+02 -3.392305435935566607e+02
1.017117668578505345e+02 -3.392305435935566607e+02
1.025035908202872150e+02 -3.392305435935566607e+02
1.032954147827239098e+02 -3.392305435935566607e+02
1.040872387451612724e+02 -3.392305435935566607e+02
1.048790627075979529e+02 -3.392305435935566607e+02
1.056708866700346334e+02 -3.392305435935566607e+02
1.064627106324713139e+02 -3.392305435935566607e+02
1.072545345949079945e+02 -3.392305435935566607e+02
1.080463585573446750e+02 -3.392305435935566607e+02
1.088381825197820518e+02 -3.392305435935566607e+02
1.096300064822187323e+02 -3.392305435935566607e+02
1.104218304446554129e+02 -3.392305435935566607e+02
1.112136544070920934e+02 -3.392305435935566607e+02
1.120054783695287739e+02 -3.392305435935566607e+02
1.127973023319654544e+02 -3.392305435935566607e+02
1.135891262944021349e+02 -3.392305435935566607e+02
1.143809502568394976e+02 -3.392305435935566607e+02
1.151727742192761781e+02 -3.392305435935566607e+02
1.159645981817128586e+02 -3.392305435935566607e+02
1.167564221441495391e+02 -3.392305435935566607e+02
1.175482461065862339e+02 -3.392305435935566607e+02
1.183400700690229144e+02 -3.392305435935566607e+02
1.191318940314595949e+02 -3.392305435935566607e+02
1.199237179938969575e+02 -3.392305435935566607e+02
1.207155419563336380e+02 -3.392305435935566607e+02
1.215073659187703186e+02 -3.392305435935566607e+02
1.222991898812069991e+02 -3.392305435935566607e+02
1.230910138436436796e+02 -3.392305435935566607e+02
1.238828378060803601e+02 -3.392305435935566607e+02
1.246380771938836460e+02 -3.390050992865853914e+02
1.253892673620437108e+02 -3.387547025638654077e+02
1.261404575302037756e+02 -3.385043058411454808e+02
1.268916476983638404e+02 -3.382539091184254971e+02
1.276428378665238910e+02 -3.380035123957055134e+02
1.283940280346832594e+02 -3.377531156729854160e+02
1.291452182028433242e+02 -3.375027189502654323e+02
1.298964083710033890e+02 -3.372523222275454486e+02
1.306475985391634538e+02 -3.370019255048255218e+02
1.313987887073235186e+02 -3.367515287821055381e+02
1.321499788754835834e+02 -3.365011320593855544e+02
1.329011690436429660e+02 -3.362507353366656275e+02
1.336523592118030308e+02 -3.360003386139456438e+02
1.344035493799630956e+02 -3.357499418912256601e+02
1.351547395481231604e+02 -3.354995451685055627e+02
1.359059297162831967e+02 -3.352491484457855790e+02
1.366571198844432615e+02 -3.349987517230656522e+02
1.374083100526026442e+02 -3.347483550003456685e+02
1.381595002207627090e+02 -3.344979582776256848e+02
1.389106903889227738e+02 -3.342475615549057579e+02
1.396618805570828385e+02 -3.339971648321857742e+02
1.404130707252429033e+02 -3.337467681094657905e+02
1.411642608934029681e+02 -3.334963713867456931e+02
1.419154510615623224e+02 -3.332459746640257094e+02
1.426988772903206097e+02 -3.331942254973790227e+02
1.434907012527573045e+02 -3.331942254973790227e+02
1.442825252151939708e+02 -3.331942254973790227e+02
1.450743491776306655e+02 -3.331942254973790227e+02
1.458661731400673318e+02 -3.331942254973790227e+02
1.466579971025040265e+02 -3.331942254973790227e+02
1.474498210649413750e+02 -3.331942254973790227e+02
1.482416450273780697e+02 -3.331942254973790227e+02
1.490334689898147360e+02 -3.331942254973790227e+02
1.498252929522514307e+02 -3.331942254973790227e+02
1.506171169146881255e+02 -3.331942254973790227e+02
1.514089408771247918e+02 -3.331942254973790227e+02
1.522007648395614865e+02 -3.331942254973790227e+02
1.529925888019988349e+02 -3.331942254973790227e+02
1.537844127644355297e+02 -3.331942254973790227e+02
1.545762367268721960e+02 -3.331942254973790227e+02
1.553680606893088907e+02 -3.331942254973790227e+02
1.561598846517455570e+02 -3.331942254973790227e+02
1.569517086141822517e+02 -3.331942254973790227e+02
1.577435325766189180e+02 -3.331942254973790227e+02
1.585353565390562949e+02 -3.331942254973790227e+02
1.593271805014929896e+02 -3.331942254973790227e+02
1.601190044639296559e+02 -3.331942254973790227e+02
1.609108284263663506e+02 -3.331942254973790227e+02
1.617026523888030169e+02 -3.331942254973790227e+02
1.624944763512397117e+02 -3.331942254973790227e+02
1.632863003136770601e+02 -3.331942254973790227e+02
1.640781242761137548e+02 -3.331942254973790227e+02
1.648699482385504496e+02 -3.331942254973790227e+02
1.656617722009871159e+02 -3.331942254973790227e+02
1.664535961634238106e+02 -3.331942254973790227e+02
1.672454201258604769e+02 -3.331942254973790227e+02
1.680372440882971716e+02 -3.331942254973790227e+02
1.688290680507338379e+02 -3.331942254973790227e+02
1.696208920131712148e+02 -3.331942254973790227e+02
1.704127159756078811e+02 -3.331942254973790227e+02
1.712045399380445758e+02 -3.331942254973790227e+02
1.719963639004812421e+02 -3.331942254973790227e+02
1.727881878629179369e+02 -3.331942254973790227e+02
1.735800118253546316e+02 -3.331942254973790227e+02
1.743718357877919800e+02 -3.331942254973790227e+02
1.751636597502286747e+02 -3.331942254973790227e+02
1.759554837126653410e+02 -3.331942254973790227e+02
1.767473076751020358e+02 -3.331942254973790227e+02
1.775391316375387021e+02 -3.331942254973790227e+02
1.783309555999753968e+02 -3.331942254973790227e+02
1.791227795624120631e+02 -3.331942254973790227e+02
1.799146035248494400e+02 -3.331942254973790227e+02
1.807064274872861347e+02 -3.331942254973790227e+02
1.814982514497228010e+02 -3.331942254973790227e+02
1.822900754121594957e+02 -3.331942254973790227e+02
1.830818993745961620e+02 -3.331942254973790227e+02
1.838737233370328568e+02 -3.331942254973790227e+02
1.846655472994695231e+02 -3.331942254973790227e+02
1.854573712619068999e+02 -3.331942254973790227e+02
1.862491952243435946e+02 -3.331942254973790227e+02
1.870410191867802610e+02 -3.331942254973790227e+02
1.878328431492169557e+02 -3.331942254973790227e+02
1.886246671116536220e+02 -3.331942254973790227e+02
1.894164910740903167e+02 -3.331942254973790227e+02
1.902083150365276651e+02 -3.331942254973790227e+02
1.910001389989643599e+02 -3.331942254973790227e+02
1.917919629614010262e+02 -3.331942254973790227e+02
1.925837869238377209e+02 -3.331942254973790227e+02
1.933756108862743872e+02 -3.331942254973790227e+02
1.941674348487110819e+02 -3.331942254973790227e+02
1.949592588111477767e+02 -3.331942254973790227e+02
1.957510827735851251e+02 -3.331942254973790227e+02
1.965429067360218198e+02 -3.331942254973790227e+02
1.973347306984584861e+02 -3.331942254973790227e+02
1.981265546608951809e+02 -3.331942254973790227e+02
1.989183786233318472e+02 -3.331942254973790227e+02
1.997102025857685419e+02 -3.331942254973790227e+02
2.005020265482052082e+02 -3.331942254973790227e+02
2.012938505106425850e+02 -3.331942254973790227e+02
2.020856744730792798e+02 -3.331942254973790227e+02
2.028774984355159461e+02 -3.331942254973790227e+02
2.036693223979526408e+02 -3.331942254973790227e+02
2.044611463603893071e+02 -3.331942254973790227e+02
2.052529703228260018e+02 -3.331942254973790227e+02
2.060447942852626682e+02 -3.331942254973790227e+02
2.068366182477000450e+02 -3.331942254973790227e+02
2.076284422101367113e+02 -3.331942254973790227e+02
2.084202661725734060e+02 -3.331942254973790227e+02
2.092120901350101008e+02 -3.331942254973790227e+02
2.100039140974467671e+02 -3.331942254973790227e+02
2.107957380598834618e+02 -3.331942254973790227e+02
2.115875620223201281e+02 -3.331942254973790227e+02
2.123793859847575050e+02 -3.331942254973790227e+02
2.131712099471941713e+02 -3.331942254973790227e+02
2.139630339096308660e+02 -3.331942254973790227e+02
2.147548578720675323e+02 -3.331942254973790227e+02
2.155466818345042270e+02 -3.331942254973790227e+02
2.163385057969408933e+02 -3.331942254973790227e+02
2.171303297593775881e+02 -3.331942254973790227e+02
2.179221537218149649e+02 -3.331942254973790227e+02
2.187139776842516312e+02 -3.331942254973790227e+02
2.195058016466883259e+02 -3.331942254973790227e+02
2.202976256091249923e+02 -3.331942254973790227e+02
2.210894495715616870e+02 -3.331942254973790227e+02
2.218812735339983533e+02 -3.331942254973790227e+02
2.226730974964357301e+02 -3.331942254973790227e+02
2.234649214588724249e+02 -3.331942254973790227e+02
2.242567454213090912e+02 -3.331942254973790227e+02
2.250485693837457859e+02 -3.331942254973790227e+02
2.258403933461824522e+02 -3.331942254973790227e+02
2.266322173086191469e+02 -3.331942254973790227e+02
2.274240412710558132e+02 -3.331942254973790227e+02
2.282158652334931901e+02 -3.331942254973790227e+02
2.290076891959298564e+02 -3.331942254973790227e+02
2.297995131583665511e+02 -3.331942254973790227e+02
2.305913371208032174e+02 -3.331942254973790227e+02
2.313831610832399122e+02 -3.331942254973790227e+02
2.321749850456766069e+02 -3.331942254973790227e+02
2.329668090081132732e+02 -3.331942254973790227e+02
2.337586329705506500e+02 -3.331942254973790227e+02
2.345504569329873163e+02 -3.331942254973790227e+02
2.353422808954240111e+02 -3.331942254973790227e+02
2.361341048578606774e+02 -3.331942254973790227e+02
2.369259288202973721e+02 -3.331942254973790227e+02
2.377177527827340384e+02 -3.331942254973790227e+02
2.385095767451707331e+02 -3.331942254973790227e+02
2.393014007076081100e+02 -3.331942254973790227e+02
2.400932246700447763e+02 -3.331942254973790227e+02
2.408850486324814710e+02 -3.331942254973790227e+02
2.416768725949181373e+02 -3.331942254973790227e+02
2.424686965573548321e+02 -3.331942254973790227e+02
2.432605205197914984e+02 -3.331942254973790227e+02
2.440523444822281931e+02 -3.331942254973790227e+02
2.448441684446655415e+02 -3.331942254973790227e+02
2.456359924071022363e+02 -3.331942254973790227e+02
2.464278163695389310e+02 -3.331942254973790227e+02
2.472196403319755973e+02 -3.331942254973790227e+02
2.480114642944122920e+02 -3.331942254973790227e+02
2.488032882568489583e+02 -3.331942254973790227e+02
2.495951122192863352e+02 -3.331942254973790227e+02
2.503869361817230015e+02 -3.331942254973790227e+02
2.511787601441596962e+02 -3.331942254973790227e+02
2.519705841065963625e+02 -3.331942254973790227e+02
2.527624080690330572e+02 -3.331942254973790227e+02
2.535542320314697236e+02 -3.331942254973790227e+02
2.543460559939064183e+02 -3.331942254973790227e+02
2.551378799563437951e+02 -3.331942254973790227e+02
2.559297039187804614e+02 -3.331942254973790227e+02
2.567215278812171277e+02 -3.331942254973790227e+02
2.575133518436538225e+02 -3.331942254973790227e+02
2.583051758060905172e+02 -3.331942254973790227e+02
2.590969997685272119e+02 -3.331942254973790227e+02
2.598888237309638498e+02 -3.331942254973790227e+02
2.606806476934012267e+02 -3.331942254973790227e+02
2.614724716558379214e+02 -3.331942254973790227e+02
2.622642956182746161e+02 -3.331942254973790227e+02
2.630561195807113108e+02 -3.331942254973790227e+02
2.638479435431479487e+02 -3.331942254973790227e+02
2.646397675055846435e+02 -3.331942254973790227e+02
2.654315914680213382e+02 -3.331942254973790227e+02
2.662234154304587150e+02 -3.331942254973790227e+02
2.670152393928953529e+02 -3.331942254973790227e+02
2.678070633553320476e+02 -3.331942254973790227e+02
2.685988873177687424e+02 -3.331942254973790227e+02
2.693907112802054371e+02 -3.331942254973790227e+02
2.701825352426421318e+02 -3.331942254973790227e+02
2.709743592050787697e+02 -3.331942254973790227e+02
2.717661831675161466e+02 -3.331942254973790227e+02
2.725580071299528413e+02 -3.331942254973790227e+02
2.733498310923895360e+02 -3.331942254973790227e+02
2.741416550548261739e+02 -3.331942254973790227e+02
2.749334790172628686e+02 -3.331942254973790227e+02
2.757253029796995634e+02 -3.331942254973790227e+02
2.765171269421362581e+02 -3.331942254973790227e+02
2.773089509045736349e+02 -3.331942254973790227e+02
2.781007748670102728e+02 -3.331942254973790227e+02
2.788925988294469676e+02 -3.331942254973790227e+02
2.796844227918836623e+02 -3.331942254973790227e+02
2.804762467543203570e+02 -3.331942254973790227e+02
2.812680707167569949e+02 -3.331942254973790227e+02
2.820598946791943717e+02 -3.331942254973790227e+02
2.828517186416310665e+02 -3.331942254973790227e+02
2.836435426040677612e+02 -3.331942254973790227e+02
2.844353665665044559e+02 -3.331942254973790227e+02
2.852271905289410938e+02 -3.331942254973790227e+02
2.860190144913777885e+02 -3.331942254973790227e+02
2.868108384538144833e+02 -3.331942254973790227e+02
2.869423328697666307e+02 -3.338545550438638543e+02
2.869423328697666307e+02 -3.346463790063007195e+02
2.869423328697666307e+02 -3.354382029687375848e+02
2.869423328697666307e+02 -3.362300269311742795e+02
2.869423328697666307e+02 -3.370218508936111448e+02
2.869423328697666307e+02 -3.378136748560477827e+02
2.869423328697666307e+02 -3.386054988184846479e+02
2.868244021754205733e+02 -3.393484742879030591e+02
2.862644980820753631e+02 -3.399083783812480988e+02
2.857045939887300960e+02 -3.404682824745931953e+02
2.851446898953848859e+02 -3.410281865679382349e+02
2.845847858020403010e+02 -3.415880906612831609e+02
2.840248817086950908e+02 -3.421479947546283711e+02
2.834649776153498237e+02 -3.427078988479732971e+02
2.829050735220046136e+02 -3.432678029413183367e+02
2.823451694286600286e+02 -3.438277070346634332e+02
2.817852653353148185e+02 -3.443876111280084729e+02
2.812253612419695514e+02 -3.449475152213535694e+02
2.805658149178324265e+02 -3.452668616897342986e+02
2.797739909553957318e+02 -3.452668616897342986e+02
2.789821669929583550e+02 -3.452668616897342986e+02
2.781903430305216602e+02 -3.452668616897342986e+02
2.773985190680850224e+02 -3.452668616897342986e+02
2.766066951056483276e+02 -3.452668616897342986e+02
2.758148711432116329e+02 -3.452668616897342986e+02
2.750230471807749382e+02 -3.452668616897342986e+02
2.744182277648931176e+02 -3.457183306022526494e+02
2.738583236715479075e+02 -3.462782346955977459e+02
2.732984195782026404e+02 -3.468381387889427856e+02
2.727385154848574302e+02 -3.473980428822878821e+02
2.721786113915128453e+02 -3.479579469756329217e+02
2.716187072981676351e+02 -3.485178510689780182e+02
2.710588032048223681e+02 -3.490777551623230579e+02
2.704988991114778401e+02 -3.496376592556679270e+02
2.699389950181326299e+02 -3.501975633490131941e+02
2.693790909247873628e+02 -3.507574674423582337e+02
2.688133084162050750e+02 -3.513031797859119365e+02
2.680214844537683803e+02 -3.513031797859119365e+02
2.672296604913316855e+02 -3.513031797859119365e+02
2.664378365288950476e+02 -3.513031797859119365e+02
2.656460125664576708e+02 -3.513031797859119365e+02
2.648541886040209761e+02 -3.513031797859119365e+02
2.640623646415842813e+02 -3.513031797859119365e+02
2.632705406791476435e+02 -3.513031797859119365e+02
2.624787167167109487e+02 -3.513031797859119365e+02
2.616868927542742540e+02 -3.513031797859119365e+02
2.608950687918375593e+02 -3.513031797859119365e+02
2.601032448294001824e+02 -3.513031797859119365e+02
2.593114208669635445e+02 -3.513031797859119365e+02
2.585195969045268498e+02 -3.513031797859119365e+02
2.577277729420901551e+02 -3.513031797859119365e+02
2.569359489796534604e+02 -3.513031797859119365e+02
2.561625356703011107e+02 -3.514527314655562691e+02
2.553943535917079259e+02 -3.516447769852045440e+02
2.546261715131147412e+02 -3.518368225048528757e+02
2.538579894345208743e+02 -3.520288680245013211e+02
2.530898073559277179e+02 -3.522209135441495960e+02
2.523216252773345332e+02 -3.524129590637979277e+02
2.515534431987406663e+02 -3.526050045834463731e+02
2.507852611201474815e+02 -3.527970501030946480e+02
2.500170790415543252e+02 -3.529890956227429797e+02
2.492488969629604583e+02 -3.531811411423914251e+02
2.484807148843672735e+02 -3.533731866620397000e+02
2.477125328057741172e+02 -3.535652321816880317e+02
2.469443507271802503e+02 -3.537572777013364771e+02
2.461761686485870655e+02 -3.539493232209848088e+02
2.454079865699939091e+02 -3.541413687406330837e+02
2.446398044914000423e+02 -3.543334142602815291e+02
2.438716224128068575e+02 -3.545254597799298608e+02
2.431034403342137011e+02 -3.547175052995781357e+02
2.423352582556198342e+02 -3.549095508192265811e+02
2.415670761770266495e+02 -3.551015963388749128e+02
2.407988940984334647e+02 -3.552936418585231877e+02
2.400307120198396262e+02 -3.554856873781716331e+02
2.392625299412464415e+02 -3.556777328978199648e+02
2.384943478626532567e+02 -3.558697784174682397e+02
2.377261657840594182e+02 -3.560618239371166851e+02
2.369579837054662335e+02 -3.562538694567650168e+02
2.361898016268730487e+02 -3.564459149764132917e+02
2.354216195482792102e+02 -3.566379604960617371e+02
2.346534374696860255e+02 -3.568300060157100688e+02
2.338852553910928407e+02 -3.570220515353583437e+02
2.331170733124989738e+02 -3.572140970550067891e+02
2.323444256172146254e+02 -3.573846719465817614e+02
2.315633752719224674e+02 -3.575148470041305018e+02
2.307823249266296273e+02 -3.576450220616792421e+02
2.300012745813374693e+02 -3.577751971192279825e+02
2.292202242360453397e+02 -3.579053721767767229e+02
2.284391738907531817e+02 -3.580355472343252927e+02
2.276581235454603416e+02 -3.581657222918740899e+02
2.268770732001681836e+02 -3.582958973494228303e+02
2.260960228548760256e+02 -3.584260724069715707e+02
2.253149725095838676e+02 -3.585562474645203110e+02
2.245339221642910275e+02 -3.586864225220690514e+02
2.237528718189988695e+02 -3.588165975796177918e+02
2.229718214737067115e+02 -3.589467726371664185e+02
2.221907711284145535e+02 -3.590769476947151588e+02
2.214097207831217133e+02 -3.592071227522638992e+02
2.206286704378295553e+02 -3.593372978098126396e+02
2.198476200925374258e+02 -3.594674728673613799e+02
2.190665697472452678e+02 -3.595976479249101203e+02
2.182855194019524276e+02 -3.597278229824587470e+02
2.175044690566602696e+02 -3.598579980400074874e+02
2.167234187113681116e+02 -3.599881730975562277e+02
2.159423683660759536e+02 -3.601183481551049681e+02
2.151613180207831135e+02 -3.602485232126537085e+02
2.143802676754909555e+02 -3.603786982702024488e+02
2.135992173301987975e+02 -3.605088733277511892e+02
2.128181669849066395e+02 -3.606390483852998159e+02
2.120371166396137994e+02 -3.607692234428485563e+02
2.112560662943216414e+02 -3.608993985003972966e+02
2.104750159490295118e+02 -3.610295735579460370e+02
2.096939656037366433e+02 -3.611597486154947774e+02
2.089129152584445137e+02 -3.612899236730435177e+02
2.081318649131523557e+02 -3.614200987305921444e+02
2.073508145678601977e+02 -3.615502737881408848e+02
2.065697642225673576e+02 -3.616804488456896252e+02
2.057887138772751996e+02 -3.618106239032383655e+02
2.050076635319830416e+02 -3.619407989607871059e+02
2.042266131866908836e+02 -3.620709740183358463e+02
2.034455628413980435e+02 -3.622011490758844729e+02
2.026645124961058855e+02 -3.623313241334332133e+02
2.018834621508137275e+02 -3.624614991909819537e+02
2.011024118055208874e+02 -3.625916742485306941e+02
2.003213614602287294e+02 -3.627218493060794344e+02
1.995403111149365998e+02 -3.628520243636281748e+02
1.987592607696444418e+02 -3.629821994211768015e+02
1.979782104243516017e+02 -3.631123744787255418e+02
1.971971600790594437e+02 -3.632425495362742822e+02
1.964161097337672857e+02 -3.633727245938230226e+02
1.956350593884751277e+02 -3.635028996513717630e+02
1.948540090431822875e+02 -3.636330747089205033e+02
1.940729586978901295e+02 -3.637632497664692437e+02
1.932919083525979715e+02 -3.638934248240178704e+02
1.925108580073058135e+02 -3.640235998815666107e+02
1.917298076620129734e+02 -3.641537749391153511e+02
1.909487573167208154e+02 -3.642839499966640915e+02
1.901677069714286858e+02 -3.644141250542128319e+02
1.893866566261358457e+02 -3.645443001117615722e+02
1.886056062808436877e+02 -3.646744751693101989e+02
1.878245559355515297e+02 -3.648046502268589393e+02
1.870435055902593717e+02 -3.649348252844076796e+02
1.862624552449672137e+02 -3.650650003419564200e+02
1.854814048996743736e+02 -3.651951753995051604e+02
1.847003545543822156e+02 -3.653253504570539008e+02
1.839193042090900576e+02 -3.654555255146026980e+02
1.831382538637978996e+02 -3.655857005721512678e+02
1.823572035185050595e+02 -3.657158756297000082e+02
1.815761531732129015e+02 -3.658460506872487485e+02
1.807951028279207719e+02 -3.659762257447974889e+02
1.800140524826279034e+02 -3.661064008023462293e+02
1.792330021373357738e+02 -3.662365758598950265e+02
1.784519517920436158e+02 -3.663667509174435963e+02
1.776709014467514578e+02 -3.664969259749923367e+02
1.768898511014586177e+02 -3.666271010325410771e+02
1.761088007561664597e+02 -3.667572760900898174e+02
1.753277504108743017e+02 -3.668874511476385578e+02
1.745467000655821437e+02 -3.670176262051872982e+02
1.737656497202893036e+02 -3.671478012627359249e+02
1.729845993749971456e+02 -3.672779763202846652e+02
1.722035490297049876e+02 -3.674081513778334056e+02
1.714224986844128296e+02 -3.675383264353821460e+02
1.706414483391199894e+02 -3.676685014929308863e+02
1.698603979938278599e+02 -3.677986765504796267e+02
1.690793476485357019e+02 -3.679288516080282534e+02
1.682982973032428617e+02 -3.680590266655769938e+02
1.675172469579507037e+02 -3.681892017231257341e+02
1.667361966126585457e+02 -3.683193767806744745e+02
1.659551462673663877e+02 -3.684495518382232149e+02
1.651740959220735476e+02 -3.685797268957719552e+02
1.643930455767813896e+02 -3.687099019533207525e+02
1.636119952314892316e+02 -3.688400770108693223e+02
1.628309448861970736e+02 -3.689702520684180627e+02
1.620498945409042335e+02 -3.691004271259668030e+02
1.612688441956120755e+02 -3.692306021835155434e+02
1.604877938503199459e+02 -3.693607772410642838e+02
1.597039225465483412e+02 -3.694716003623807978e+02
1.589182131463705048e+02 -3.695698140374030345e+02
1.581325037461926968e+02 -3.696680277124252143e+02
1.573467943460148888e+02 -3.697662413874474510e+02
1.565610849458370524e+02 -3.698644550624696876e+02
1.557753755456592444e+02 -3.699626687374919243e+02
1.549896661454814364e+02 -3.700608824125141609e+02
1.542039567453036000e+02 -3.701590960875363407e+02
1.534182473451264741e+02 -3.702573097625585774e+02
1.526325379449486661e+02 -3.703555234375808141e+02
1.518468285447708581e+02 -3.704537371126030507e+02
1.510611191445930217e+02 -3.705519507876252874e+02
1.502754097444152137e+02 -3.706501644626475240e+02
1.494897003442374057e+02 -3.707483781376697038e+02
1.487039909440595977e+02 -3.708465918126919405e+02
1.479182815438817613e+02 -3.709448054877141772e+02
1.471325721437039533e+02 -3.710430191627364138e+02
1.463468627435261453e+02 -3.711412328377586505e+02
1.455611533433483089e+02 -3.712394465127808871e+02
1.447754439431705009e+02 -3.713376601878030669e+02
1.439897345429926929e+02 -3.714358738628253036e+02
1.432040251428148565e+02 -3.715340875378475403e+02
1.424183157426370485e+02 -3.716323012128697769e+02
1.416326063424592405e+02 -3.717305148878920136e+02
1.408468969422814325e+02 -3.718287285629142502e+02
1.400611875421042782e+02 -3.719269422379364300e+02
1.392754781419264702e+02 -3.720251559129586667e+02
1.384897687417486623e+02 -3.721233695879809034e+02
1.377040593415708543e+02 -3.722215832630031400e+02
1.369183499413930178e+02 -3.723197969380253767e+02
1.361326405412152099e+02 -3.724180106130476133e+02
1.353469311410374019e+02 -3.725162242880697931e+02
1.345612217408595654e+02 -3.726144379630920298e+02
1.337755123406817575e+02 -3.727126516381140959e+02
1.329898029405039495e+02 -3.728108653131363326e+02
1.322040935403261415e+02 -3.729090789881585692e+02
1.314183841401483051e+02 -3.730072926631808059e+02
1.306326747399704971e+02 -3.731055063382029857e+02
1.298469653397926891e+02 -3.732037200132252224e+02
1.290612559396148527e+02 -3.733019336882474590e+02
1.282755465394377268e+02 -3.734001473632696957e+02
1.274898371392599188e+02 -3.734983610382919323e+02
1.267041277390820966e+02 -3.735965747133141690e+02
1.259184183389042886e+02 -3.736947883883363488e+02
1.251327089387264664e+02 -3.737930020633585855e+02
1.243469995385486442e+02 -3.738912157383808221e+02
1.235612901383708362e+02 -3.739894294134030588e+02
1.227755807381930140e+02 -3.740876430884252954e+02
1.219898713380152060e+02 -3.741858567634475321e+02
1.212041619378373838e+02 -3.742840704384697119e+02
1.204184525376595616e+02 -3.743822841134919486e+02
1.196327431374817536e+02 -3.744804977885141852e+02
1.188470337373039314e+02 -3.745787114635364219e+02
1.180613243371261234e+02 -3.746769251385586585e+02
1.172756149369483012e+02 -3.747751388135808952e+02
1.164899055367704790e+02 -3.748733524886030750e+02
1.157041961365926710e+02 -3.749715661636253117e+02
1.149184867364148488e+02 -3.750697798386475483e+02
1.141327773362377229e+02 -3.751679935136697850e+02
1.133470679360599007e+02 -3.752662071886920216e+02
1.125613585358820927e+02 -3.753644208637142583e+02
1.117747661733995272e+02 -3.754484521706225451e+02
1.109829422109628467e+02 -3.754484521706225451e+02
1.101911182485261662e+02 -3.754484521706225451e+02
1.093992942860894857e+02 -3.754484521706225451e+02
1.086074703236528052e+02 -3.754484521706225451e+02
1.078156463612161247e+02 -3.754484521706225451e+02
1.070238223987787620e+02 -3.754484521706225451e+02
1.062319984363420815e+02 -3.754484521706225451e+02
1.054401744739054010e+02 -3.754484521706225451e+02
1.046483505114687063e+02 -3.754484521706225451e+02
1.038565265490320257e+02 -3.754484521706225451e+02
1.030647025865953452e+02 -3.754484521706225451e+02
1.022728786241586647e+02 -3.754484521706225451e+02
1.014810546617213021e+02 -3.754484521706225451e+02
1.006892306992846216e+02 -3.754484521706225451e+02
9.989740673684794103e+01 -3.754484521706225451e+02
9.910558277441126052e+01 -3.754484521706225451e+02
9.831375881197458000e+01 -3.754484521706225451e+02
9.752193484953789948e+01 -3.754484521706225451e+02
9.673011088710121896e+01 -3.754484521706225451e+02
9.593828692466384211e+01 -3.754484521706225451e+02
9.514646296222716160e+01 -3.754484521706225451e+02
9.435463899979048108e+01 -3.754484521706225451e+02
9.356281503735380056e+01 -3.754484521706225451e+02
9.277099107491712005e+01 -3.754484521706225451e+02
9.197916711248043953e+01 -3.754484521706225451e+02
9.118734315004306268e+01 -3.754484521706225451e+02
9.039551918760638216e+01 -3.754484521706225451e+02
8.960369522516970164e+01 -3.754484521706225451e+02
8.881187126273302113e+01 -3.754484521706225451e+02
8.802004730029634061e+01 -3.754484521706225451e+02
8.722822333785966009e+01 -3.754484521706225451e+02
8.643639937542297957e+01 -3.754484521706225451e+02
8.564457541298561694e+01 -3.754484521706225451e+02
8.485275145054893642e+01 -3.754484521706225451e+02
8.406092748811225590e+01 -3.754484521706225451e+02
8.326910352567557538e+01 -3.754484521706225451e+02
8.247727956323888066e+01 -3.754484521706225451e+02
8.168545560080220014e+01 -3.754484521706225451e+02
8.089363163836551962e+01 -3.754484521706225451e+02
8.010180767592815698e+01 -3.754484521706225451e+02
7.930998371349147646e+01 -3.754484521706225451e+02
7.851815975105479595e+01 -3.754484521706225451e+02
7.772633578861811543e+01 -3.754484521706225451e+02
7.693451182618143491e+01 -3.754484521706225451e+02
7.614268786374475440e+01 -3.754484521706225451e+02
7.535086390130737755e+01 -3.754484521706225451e+02
7.455903993887069703e+01 -3.754484521706225451e+02
7.376721597643401651e+01 -3.754484521706225451e+02
7.297539201399733599e+01 -3.754484521706225451e+02
7.218356805156065548e+01 -3.754484521706225451e+02
7.139174408912397496e+01 -3.754484521706225451e+02
7.059992012668729444e+01 -3.754484521706225451e+02
6.980809616424993180e+01 -3.754484521706225451e+02
6.901627220181325129e+01 -3.754484521706225451e+02
6.822444823937655656e+01 -3.754484521706225451e+02
6.743262427693987604e+01 -3.754484521706225451e+02
6.664080031450319552e+01 -3.754484521706225451e+02
6.584897635206651501e+01 -3.754484521706225451e+02
6.505715238962983449e+01 -3.754484521706225451e+02
6.426532842719247185e+01 -3.754484521706225451e+02
6.347350446475579133e+01 -3.754484521706225451e+02
6.268168050231910371e+01 -3.754484521706225451e+02
6.188985653988242319e+01 -3.754484521706225451e+02
6.109803257744574267e+01 -3.754484521706225451e+02
6.030620861500906216e+01 -3.754484521706225451e+02
5.951438465257169241e+01 -3.754484521706225451e+02
5.872256069013501190e+01 -3.754484521706225451e+02
5.793073672769833138e+01 -3.754484521706225451e+02
5.713891276526165086e+01 -3.754484521706225451e+02
5.634708880282497034e+01 -3.754484521706225451e+02
5.555526484038828983e+01 -3.754484521706225451e+02
5.476344087795160931e+01 -3.754484521706225451e+02
5.397161691551423957e+01 -3.754484521706225451e+02
5.317979295307755905e+01 -3.754484521706225451e+02
5.238796899064087853e+01 -3.754484521706225451e+02
5.159614502820419091e+01 -3.754484521706225451e+02
5.080432106576751039e+01 -3.754484521706225451e+02
5.001249710333082987e+01 -3.754484521706225451e+02
4.922067314089414936e+01 -3.754484521706225451e+02
4.842884917845677961e+01 -3.754484521706225451e+02
4.763702521602009909e+01 -3.754484521706225451e+02
4.684520125358341858e+01 -3.754484521706225451e+02
4.605337729114673806e+01 -3.754484521706225451e+02
4.526155332871005754e+01 -3.754484521706225451e+02
4.446972936627337702e+01 -3.754484521706225451e+02
4.367790540383669651e+01 -3.754484521706225451e+02
4.288608144139932676e+01 -3.754484521706225451e+02
4.209425747896264625e+01 -3.754484521706225451e+02
4.130243351652596573e+01 -3.754484521706225451e+02
4.051060955408927811e+01 -3.754484521706225451e+02
3.971878559165259759e+01 -3.754484521706225451e+02
3.892696162921591707e+01 -3.754484521706225451e+02
3.813513766677923655e+01 -3.754484521706225451e+02
3.734331370434255604e+01 -3.754484521706225451e+02
3.655148974190518629e+01 -3.754484521706225451e+02
3.575966577946850578e+01 -3.754484521706225451e+02
3.496784181703182526e+01 -3.754484521706225451e+02
3.417601785459514474e+01 -3.754484521706225451e+02
3.338419389215846422e+01 -3.754484521706225451e+02
3.259236992972178371e+01 -3.754484521706225451e+02
3.180054596728441396e+01 -3.754484521706225451e+02
3.100872200484773344e+01 -3.754484521706225451e+02
3.021689804241104937e+01 -3.754484521706225451e+02
2.942507407997436886e+01 -3.754484521706225451e+02
2.863325011753768834e+01 -3.754484521706225451e+02
2.784142615510100782e+01 -3.754484521706225451e+02
2.704960219266432375e+01 -3.754484521706225451e+02
2.625777823022695756e+01 -3.754484521706225451e+02
2.546595426779027704e+01 -3.754484521706225451e+02
2.467413030535359297e+01 -3.754484521706225451e+02
2.388230634291691246e+01 -3.754484521706225451e+02
2.309048238048023194e+01 -3.754484521706225451e+02
2.229865841804355142e+01 -3.754484521706225451e+02
2.150683445560686735e+01 -3.754484521706225451e+02
2.071501049316950116e+01 -3.754484521706225451e+02
1.992318653073282064e+01 -3.754484521706225451e+02
1.913136256829613657e+01 -3.754484521706225451e+02
1.833953860585945606e+01 -3.754484521706225451e+02
1.754771464342277554e+01 -3.754484521706225451e+02
1.675589068098609502e+01 -3.754484521706225451e+02
1.596406671854872528e+01 -3.754484521706225451e+02
1.517224275611204476e+01 -3.754484521706225451e+02
1.438041879367536247e+01 -3.754484521706225451e+02
1.358859483123868195e+01 -3.754484521706225451e+02
1.279677086880199965e+01 -3.754484521706225451e+02
1.200494690636531914e+01 -3.754484521706225451e+02
1.121312294392863684e+01 -3.754484521706225451e+02
1.042129898149126888e+01 -3.754484521706225451e+02
9.629475019054588358e+00 -3.754484521706225451e+02
8.837651056617906065e+00 -3.754484521706225451e+02
8.045827094181225547e+00 -3.754484521706225451e+02
7.254003131744544142e+00 -3.754484521706225451e+02
6.462179169307862736e+00 -3.754484521706225451e+02
5.670355206871181331e+00 -3.754484521706225451e+02
4.878531244433813363e+00 -3.754484521706225451e+02
4.086707281997131957e+00 -3.754484521706225451e+02
3.294883319560450552e+00 -3.754484521706225451e+02
2.503059357123769146e+00 -3.754484521706225451e+02
1.711235394687087519e+00 -3.754484521706225451e+02
9.194114322504061132e-01 -3.754484521706225451e+02
1.275874698130383955e-01 -3.754484521706225451e+02
-6.642364926236430378e-01 -3.754484521706225451e+02
-1.456060455060324443e+00 -3.754484521706225451e+02
-2.247884417497005849e+00 -3.754484521706225451e+02
-3.039708379933687254e+00 -3.754484521706225451e+02
-3.831532342370368660e+00 -3.754484521706225451e+02
-4.623356304807736628e+00 -3.754484521706225451e+02
-5.415180267244418033e+00 -3.754484521706225451e+02
-6.207004229681099439e+00 -3.754484521706225451e+02
-6.998828192117780844e+00 -3.754484521706225451e+02
-7.790652154554462250e+00 -3.754484521706225451e+02
-8.582476116991143655e+00 -3.754484521706225451e+02
-9.317602599679133846e+00 -3.752082777922521473e+02
-1.002583148216766062e+01 -3.748541633510079123e+02
-1.073406036465618740e+01 -3.745000489097634500e+02
-1.144228924714539986e+01 -3.741459344685190445e+02
-1.215051812963392486e+01 -3.737918200272747526e+02
-1.285874701212245164e+01 -3.734377055860303471e+02
-1.356697589461166409e+01 -3.730835911447860553e+02
-1.427520477710019087e+01 -3.727294767035416498e+02
-1.498343365958871765e+01 -3.723753622622971875e+02
-1.569166254207793010e+01 -3.720212478210529525e+02
-1.639989142456645510e+01 -3.716671333798084902e+02
-1.710812030705498188e+01 -3.713130189385640847e+02
-1.781634918954419433e+01 -3.709589044973197929e+02
-1.852457807203272111e+01 -3.706047900560753874e+02
-1.923280695452124789e+01 -3.702506756148309250e+02
-1.994103583701046034e+01 -3.698965611735865195e+02
-2.064926471949898712e+01 -3.695424467323422277e+02
-2.141032603634319287e+01 -3.694121340744449071e+02
-2.220214999878055906e+01 -3.694121340744449071e+02
-2.299397396121724313e+01 -3.694121340744449071e+02
-2.378579792365392365e+01 -3.694121340744449071e+02
-2.457762188609060416e+01 -3.694121340744449071e+02
-2.536944584852728468e+01 -3.694121340744449071e+02
-2.616126981096396875e+01 -3.694121340744449071e+02
-2.695309377340064927e+01 -3.694121340744449071e+02
-2.774491773583732979e+01 -3.694121340744449071e+02
-2.853674169827469598e+01 -3.694121340744449071e+02
-2.932856566071138005e+01 -3.694121340744449071e+02
-3.012038962314806056e+01 -3.694121340744449071e+02
-3.091221358558474108e+01 -3.694121340744449071e+02
-3.170403754802142515e+01 -3.694121340744449071e+02
-3.249586151045810567e+01 -3.694121340744449071e+02
-3.328768547289478619e+01 -3.694121340744449071e+02
-3.407950943533215593e+01 -3.694121340744449071e+02
-3.487133339776883645e+01 -3.694121340744449071e+02
-3.566315736020551697e+01 -3.694121340744449071e+02
-3.645498132264219748e+01 -3.694121340744449071e+02
-3.724680528507887800e+01 -3.694121340744449071e+02
-3.803862924751555852e+01 -3.694121340744449071e+02
-3.883045320995224614e+01 -3.694121340744449071e+02
-3.962227717238960878e+01 -3.694121340744449071e+02
-4.041410113482628930e+01 -3.694121340744449071e+02
-4.120592509726296981e+01 -3.694121340744449071e+02
-4.199774905969965744e+01 -3.694121340744449071e+02
-4.278957302213633795e+01 -3.694121340744449071e+02
-4.358139698457301847e+01 -3.694121340744449071e+02
-4.437322094700969899e+01 -3.694121340744449071e+02
-4.516504490944706873e+01 -3.694121340744449071e+02
-4.595686887188374925e+01 -3.694121340744449071e+02
-4.674869283432042977e+01 -3.694121340744449071e+02
-4.754051679675711028e+01 -3.694121340744449071e+02
-4.833234075919379080e+01 -3.694121340744449071e+02
-4.912416472163116055e+01 -3.694121340744449071e+02
-4.991598868406784106e+01 -3.694121340744449071e+02
-5.070781264650452158e+01 -3.694121340744449071e+02
-5.149963660894120210e+01 -3.694121340744449071e+02
-5.229146057137788262e+01 -3.694121340744449071e+02
-5.308328453381457024e+01 -3.694121340744449071e+02
-5.387510849625193288e+01 -3.694121340744449071e+02
-5.466693245868861339e+01 -3.694121340744449071e+02
-5.545875642112530102e+01 -3.694121340744449071e+02
-5.625058038356198153e+01 -3.694121340744449071e+02
-5.704240434599866205e+01 -3.694121340744449071e+02
-5.783422830843534257e+01 -3.694121340744449071e+02
-5.862605227087202309e+01 -3.694121340744449071e+02
-5.941787623330939283e+01 -3.694121340744449071e+02
-6.020970019574607335e+01 -3.694121340744449071e+02
-6.100152415818275387e+01 -3.694121340744449071e+02
-6.179334812061943438e+01 -3.694121340744449071e+02
-6.258517208305611490e+01 -3.694121340744449071e+02
-6.337699604549279542e+01 -3.694121340744449071e+02
-6.416882000793016516e+01 -3.694121340744449071e+02
-6.496064397036684568e+01 -3.694121340744449071e+02
-6.575246793280352620e+01 -3.694121340744449071e+02
-6.654429189524020671e+01 -3.694121340744449071e+02
-6.733611585767688723e+01 -3.694121340744449071e+02
-6.812793982011356775e+01 -3.694121340744449071e+02
-6.891976378255024827e+01 -3.694121340744449071e+02
-6.971158774498762511e+01 -3.694121340744449071e+02
-7.050341170742430563e+01 -3.694121340744449071e+02
-7.129523566986098615e+01 -3.694121340744449071e+02
-7.208705963229766667e+01 -3.694121340744449071e+02
-7.287888359473434718e+01 -3.694121340744449071e+02
-7.367070755717102770e+01 -3.694121340744449071e+02
-7.446253151960770822e+01 -3.694121340744449071e+02
-7.525435548204508507e+01 -3.694121340744449071e+02
-7.604617944448176559e+01 -3.694121340744449071e+02
-7.683800340691844610e+01 -3.694121340744449071e+02
-7.762982736935512662e+01 -3.694121340744449071e+02
-7.842165133179180714e+01 -3.694121340744449071e+02
-7.921347529422848766e+01 -3.694121340744449071e+02
-8.000529925666516817e+01 -3.694121340744449071e+02
-8.079712321910184869e+01 -3.694121340744449071e+02
-8.158894718153921133e+01 -3.694121340744449071e+02
-8.238077114397589185e+01 -3.694121340744449071e+02
-8.317259510641257236e+01 -3.694121340744449071e+02
-8.396441906884926709e+01 -3.694121340744449071e+02
-8.475624303128594761e+01 -3.694121340744449071e+02
-8.554806699372262813e+01 -3.694121340744449071e+02
-8.633989095615930864e+01 -3.694121340744449071e+02
-8.713171491859667128e+01 -3.694121340744449071e+02
-8.792353888103335180e+01 -3.694121340744449071e+02
-8.871536284347003232e+01 -3.694121340744449071e+02
-8.950718680590671283e+01 -3.694121340744449071e+02
-9.029901076834339335e+01 -3.694121340744449071e+02
-9.109083473078007387e+01 -3.694121340744449071e+02
-9.188265869321745072e+01 -3.694121340744449071e+02
-9.267448265565413124e+01 -3.694121340744449071e+02
-9.346011785315477027e+01 -3.694502709623547503e+02
-9.421130802131483506e+01 -3.697006676850746771e+02
-9.496249818947488563e+01 -3.699510644077946608e+02
-9.571368835763426830e+01 -3.702014611305146445e+02
-9.646487852579433309e+01 -3.704518578532345714e+02
-9.721606869395438366e+01 -3.707022545759545551e+02
-9.796725886211444845e+01 -3.709526512986745388e+02
-9.871844903027451323e+01 -3.712030480213944656e+02
-9.946963919843457802e+01 -3.714534447441146199e+02
-1.002208293665939465e+02 -3.717038414668346036e+02
-1.009720195347540113e+02 -3.719542381895545304e+02
-1.017232097029140760e+02 -3.722046349122745141e+02
-1.024743998710741408e+02 -3.724550316349944978e+02
-1.032255900392342056e+02 -3.727054283577144247e+02
-1.039767802073942704e+02 -3.729558250804344084e+02
-1.047279703755543210e+02 -3.732062218031543921e+02
-1.054791605437137036e+02 -3.734566185258743189e+02
-1.062303507118737684e+02 -3.737070152485944732e+02
-1.069815408800338332e+02 -3.739574119713144000e+02
-1.077327310481938838e+02 -3.742078086940343837e+02
-1.084839212163539486e+02 -3.744582054167543674e+02
-1.092351113845133312e+02 -3.747086021394742943e+02
-1.099863015526733960e+02 -3.749589988621942780e+02
-1.107374917208334466e+02 -3.752093955849142617e+02
-1.114905221398936845e+02 -3.754484521706225451e+02
-1.122823461023303651e+02 -3.754484521706225451e+02
-1.130741700647670456e+02 -3.754484521706225451e+02
-1.138659940272044224e+02 -3.754484521706225451e+02
-1.146578179896411029e+02 -3.754484521706225451e+02
-1.154496419520777835e+02 -3.754484521706225451e+02
-1.162414659145144640e+02 -3.754484521706225451e+02
-1.170332898769511445e+02 -3.754484521706225451e+02
-1.178251138393878250e+02 -3.754484521706225451e+02
-1.186169378018251876e+02 -3.754484521706225451e+02
-1.194087617642618824e+02 -3.754484521706225451e+02
-1.202005857266985629e+02 -3.754484521706225451e+02
-1.209924096891352434e+02 -3.754484521706225451e+02
-1.217842336515719239e+02 -3.754484521706225451e+02
-1.225760576140086044e+02 -3.754484521706225451e+02
-1.233678815764452850e+02 -3.754484521706225451e+02
-1.240929404637638385e+02 -3.757312735673476141e+02
-1.248011693462523652e+02 -3.760853880085919059e+02
-1.255093982287415741e+02 -3.764395024498363114e+02
-1.262176271112301009e+02 -3.767936168910807737e+02
-1.269258559937186277e+02 -3.771477313323250087e+02
-1.276340848762078366e+02 -3.775018457735694710e+02
-1.283423137586963776e+02 -3.778559602148138765e+02
-1.290505426411849044e+02 -3.782100746560581683e+02
-1.297587715236741133e+02 -3.785641890973025738e+02
-1.304670004061626400e+02 -3.789183035385470362e+02
-1.311752292886511668e+02 -3.792724179797912711e+02
-1.318834581711396936e+02 -3.796265324210357335e+02
-1.325916870536289025e+02 -3.799806468622801390e+02
-1.332999159361174293e+02 -3.803347613035246013e+02
-1.340081448186066382e+02 -3.806888757447688363e+02
-1.347163737010951650e+02 -3.810429901860132986e+02
-1.354246025835836917e+02 -3.813971046272575336e+02
-1.361841615083376098e+02 -3.816016157959338102e+02
-1.369606087844519777e+02 -3.817569052511568088e+02
-1.377370560605663741e+02 -3.819121947063796370e+02
-1.385135033366807420e+02 -3.820674841616026924e+02
-1.392899506127951099e+02 -3.822227736168255205e+02
-1.400663978889101884e+02 -3.823780630720483487e+02
-1.408428451650245563e+02 -3.825333525272713473e+02
-1.416192924411389527e+02 -3.826886419824941754e+02
-1.423957397172533206e+02 -3.828439314377170604e+02
-1.431721869933677169e+02 -3.829992208929400590e+02
-1.439486342694827670e+02 -3.831545103481628871e+02
-1.447250815455971349e+02 -3.833097998033858858e+02
-1.455015288217115312e+02 -3.834650892586087707e+02
-1.462779760978258992e+02 -3.836203787138315988e+02
-1.470544233739402955e+02 -3.837756681690544269e+02
-1.478308706500553455e+02 -3.839309576242774256e+02
-1.486073179261697419e+02 -3.840862470795003105e+02
-1.493837652022841098e+02 -3.842415365347233092e+02
-1.501602124783984777e+02 -3.843968259899461373e+02
-1.509366597545128741e+02 -3.845521154451689654e+02
-1.517131070306279241e+02 -3.847074049003920209e+02
-1.524895543067423205e+02 -3.848626943556148490e+02
-1.532660015828566884e+02 -3.850179838108376771e+02
-1.540424488589710847e+02 -3.851732732660606757e+02
-1.548188961350854527e+02 -3.853285627212835607e+02
-1.555953434112005027e+02 -3.854838521765065593e+02
-1.563717906873148991e+02 -3.856391416317293874e+02
-1.571482379634292670e+02 -3.857944310869522155e+02
-1.579246852395436633e+02 -3.859497205421752710e+02
-1.587011325156580313e+02 -3.861050099973980991e+02
-1.594775797917731097e+02 -3.862602994526209272e+02
-1.602540270678874776e+02 -3.864155889078439259e+02
-1.610304743440018456e+02 -3.865708783630668108e+02
-1.618069216201162419e+02 -3.867261678182898095e+02
-1.625833688962312920e+02 -3.868814572735126376e+02
-1.633598161723456883e+02 -3.870367467287354657e+02
-1.641362634484600562e+02 -3.871920361839585212e+02
-1.649127107245744526e+02 -3.873473256391813493e+02
-1.656891580006888205e+02 -3.875026150944041774e+02
-1.664791527490571355e+02 -3.875210883629778778e+02
-1.672709767114938302e+02 -3.875210883629778778e+02
-1.680628006739311786e+02 -3.875210883629778778e+02
-1.688546246363678733e+02 -3.875210883629778778e+02
-1.696464485988045396e+02 -3.875210883629778778e+02
-1.704382725612412344e+02 -3.875210883629778778e+02
-1.712300965236779007e+02 -3.875210883629778778e+02
-1.720219204861145954e+02 -3.875210883629778778e+02
-1.728137444485512617e+02 -3.875210883629778778e+02
-1.736055684109886386e+02 -3.875210883629778778e+02
-1.743973923734253333e+02 -3.875210883629778778e+02
-1.751892163358619996e+02 -3.875210883629778778e+02
-1.759810402982986943e+02 -3.875210883629778778e+02
-1.767728642607353606e+02 -3.875210883629778778e+02
-1.775646882231720554e+02 -3.875210883629778778e+02
-1.783467568560063796e+02 -3.876196076269965829e+02
-1.791232041321207760e+02 -3.877748970822195815e+02
-1.798996514082351439e+02 -3.879301865374424665e+02
-1.806760986843502224e+02 -3.880854759926652946e+02
-1.814525459604645903e+02 -3.882407654478882932e+02
-1.822289932365789582e+02 -3.883960549031111213e+02
-1.830054405126933545e+02 -3.885513443583340063e+02
-1.837818877888077225e+02 -3.887066338135570049e+02
-1.845583350649228009e+02 -3.888619232687798331e+02
-1.853347823410371689e+02 -3.890172127240026612e+02
-1.861112296171515652e+02 -3.891725021792257166e+02
-1.868876768932659331e+02 -3.893277916344485448e+02
-1.876641241693809832e+02 -3.894830810896715434e+02
-1.884405714454953795e+02 -3.896383705448943715e+02
-1.892170187216097474e+02 -3.897936600001172565e+02
-1.899934659977241438e+02 -3.899489494553402551e+02
-1.907699132738385117e+02 -3.901042389105630832e+02
-1.915463605499535902e+02 -3.902595283657859113e+02
-1.923228078260679581e+02 -3.904148178210089668e+02
-1.930992551021823260e+02 -3.905701072762317949e+02
-1.938757023782967224e+02 -3.907253967314546230e+02
-1.946521496544110903e+02 -3.908806861866776217e+02
-1.954285969305261688e+02 -3.910359756419005066e+02
-1.962050442066405367e+02 -3.911912650971235053e+02
-1.969814914827549330e+02 -3.913465545523463334e+02
-1.977579387588693010e+02 -3.915018440075691615e+02
-1.985343860349836689e+02 -3.916571334627922170e+02
-1.993108333110987473e+02 -3.918124229180150451e+02
-2.000872805872131153e+02 -3.919677123732378732e+02
-2.008637278633275116e+02 -3.921230018284608718e+02
-2.016401751394418795e+02 -3.922782912836837568e+02
-2.024166224155562475e+02 -3.924335807389067554e+02
-2.031930696916713259e+02 -3.925888701941295835e+02
-2.039695169677856939e+02 -3.927441596493524116e+02
-2.047459642439000902e+02 -3.928994491045754103e+02
-2.055224115200144581e+02 -3.930547385597982952e+02
-2.062988587961288545e+02 -3.932100280150211233e+02
-2.070753060722439045e+02 -3.933653174702441220e+02
-2.078517533483583009e+02 -3.935206069254669501e+02
-2.086399334388685247e+02 -3.935574064591555157e+02
-2.094317574013052194e+02 -3.935574064591555157e+02
-2.102235813637425963e+02 -3.935574064591555157e+02
-2.110154053261792626e+02 -3.935574064591555157e+02
-2.118072292886159573e+02 -3.935574064591555157e+02
-2.125990532510526236e+02 -3.935574064591555157e+02
-2.133908772134893184e+02 -3.935574064591555157e+02
-2.141827011759259847e+02 -3.935574064591555157e+02
-2.149745251383633615e+02 -3.935574064591555157e+02
-2.157663491008000562e+02 -3.935574064591555157e+02
-2.165581730632367226e+02 -3.935574064591555157e+02
-2.173499970256734173e+02 -3.935574064591555157e+02
-2.181418209881100836e+02 -3.935574064591555157e+02
-2.189336449505467783e+02 -3.935574064591555157e+02
-2.197254689129834446e+02 -3.935574064591555157e+02
-2.205172928754208215e+02 -3.935574064591555157e+02
-2.213091168378574878e+02 -3.935574064591555157e+02
-2.221009408002941825e+02 -3.935574064591555157e+02
-2.228927647627308488e+02 -3.935574064591555157e+02
-2.236845887251675435e+02 -3.935574064591555157e+02
-2.244764126876042383e+02 -3.935574064591555157e+02
-2.252682366500409046e+02 -3.935574064591555157e+02
-2.260600606124782814e+02 -3.935574064591555157e+02
-2.268518845749149477e+02 -3.935574064591555157e+02
-2.276437085373516425e+02 -3.935574064591555157e+02
-2.284355324997883088e+02 -3.935574064591555157e+02
-2.292273564622250035e+02 -3.935574064591555157e+02
-2.300191804246616698e+02 -3.935574064591555157e+02
-2.308110043870990467e+02 -3.935574064591555157e+02
-2.316028283495357414e+02 -3.935574064591555157e+02
-2.323946523119724077e+02 -3.935574064591555157e+02
-2.331864762744091024e+02 -3.935574064591555157e+02
-2.339783002368457687e+02 -3.935574064591555157e+02
-2.347701241992824635e+02 -3.935574064591555157e+02
-2.355619481617191298e+02 -3.935574064591555157e+02
-2.363537721241565066e+02 -3.935574064591555157e+02
-2.371455960865931729e+02 -3.935574064591555157e+02
-2.379374200490298676e+02 -3.935574064591555157e+02
-2.387292440114665624e+02 -3.935574064591555157e+02
-2.395210679739032287e+02 -3.935574064591555157e+02
-2.403128919363399234e+02 -3.935574064591555157e+02
-2.411047158987765897e+02 -3.935574064591555157e+02
-2.418965398612139666e+02 -3.935574064591555157e+02
-2.426883638236506329e+02 -3.935574064591555157e+02
-2.434801877860873276e+02 -3.935574064591555157e+02
-2.442720117485239939e+02 -3.935574064591555157e+02
-2.450638357109606886e+02 -3.935574064591555157e+02
-2.458556596733973549e+02 -3.935574064591555157e+02
-2.466474836358347318e+02 -3.935574064591555157e+02
-2.474393075982714265e+02 -3.935574064591555157e+02
-2.482311315607080928e+02 -3.935574064591555157e+02
-2.490229555231447875e+02 -3.935574064591555157e+02
-2.498147794855814539e+02 -3.935574064591555157e+02
-2.505731763773475222e+02 -3.936990058028068802e+02
-2.512814052598360490e+02 -3.940531202440513425e+02
-2.519896341423245758e+02 -3.944072346852957480e+02
-2.526978630248137847e+02 -3.947613491265400398e+02
-2.534060919073023115e+02 -3.951154635677844453e+02
-2.541143207897908383e+02 -3.954695780090289077e+02
-2.548225496722800472e+02 -3.958236924502731426e+02
-2.555307785547685739e+02 -3.961778068915176050e+02
-2.562390074372571007e+02 -3.965319213327618399e+02
-2.569472363197463096e+02 -3.968860357740063023e+02
-2.576554652022348364e+02 -3.972401502152507078e+02
-2.583636940847233632e+02 -3.975942646564949996e+02
-2.590719229672125721e+02 -3.979483790977394051e+02
-2.597801518497010989e+02 -3.983024935389838674e+02
-2.604883807321896256e+02 -3.986566079802283298e+02
-2.611966096146788345e+02 -3.990107224214725647e+02
-2.619048384971673613e+02 -3.993648368627170271e+02
-2.626426294049335297e+02 -3.995937245553331536e+02
-2.634344533673701676e+02 -3.995937245553331536e+02
-2.642262773298075444e+02 -3.995937245553331536e+02
-2.650181012922442392e+02 -3.995937245553331536e+02
-2.658099252546809339e+02 -3.995937245553331536e+02
-2.666017492171176286e+02 -3.995937245553331536e+02
-2.673935731795542665e+02 -3.995937245553331536e+02
-2.681853971419909612e+02 -3.995937245553331536e+02
-2.689772211044283381e+02 -3.995937245553331536e+02
-2.697690450668650328e+02 -3.995937245553331536e+02
-2.705608690293016707e+02 -3.995937245553331536e+02
-2.713526929917383654e+02 -3.995937245553331536e+02
-2.721445169541750602e+02 -3.995937245553331536e+02
-2.729363409166117549e+02 -3.995937245553331536e+02
-2.737281648790484496e+02 -3.995937245553331536e+02
-2.745199888414857696e+02 -3.995937245553331536e+02
-2.753118128039224644e+02 -3.995937245553331536e+02
-2.761036367663591591e+02 -3.995937245553331536e+02
-2.768954607287958538e+02 -3.995937245553331536e+02
-2.776872846912324917e+02 -3.995937245553331536e+02
-2.784791086536691864e+02 -3.995937245553331536e+02
-2.792709326161058812e+02 -3.995937245553331536e+02
-2.800627565785432580e+02 -3.995937245553331536e+02
-2.808545805409799527e+02 -3.995937245553331536e+02
-2.816464045034165906e+02 -3.995937245553331536e+02
-2.824382284658532853e+02 -3.995937245553331536e+02
-2.832300524282899801e+02 -3.995937245553331536e+02
-2.840218763907266748e+02 -3.995937245553331536e+02
-2.848137003531639948e+02 -3.995937245553331536e+02
-2.856055243156006895e+02 -3.995937245553331536e+02
-2.863973482780373843e+02 -3.995937245553331536e+02
-2.871891722404740790e+02 -3.995937245553331536e+02
-2.879809962029107737e+02 -3.995937245553331536e+02
-2.887728201653474116e+02 -3.995937245553331536e+02
-2.895646441277841063e+02 -3.995937245553331536e+02
-2.903564680902214832e+02 -3.995937245553331536e+02
-2.911482920526581779e+02 -3.995937245553331536e+02
-2.919401160150948158e+02 -3.995937245553331536e+02
-2.927319399775315105e+02 -3.995937245553331536e+02
