-1.706197118022985251e+02 -6.354527195659264862e+02
-1.688478411424381989e+02 -6.245339605819666531e+02
-1.679981131183839693e+02 -6.245339605819666531e+02
-1.671483850943297114e+02 -6.245339605819666531e+02
-1.662986570702742313e+02 -6.245339605819666531e+02
-1.654489290462199733e+02 -6.245339605819666531e+02
-1.645992010221657438e+02 -6.245339605819666531e+02
-1.637494729981114858e+02 -6.245339605819666531e+02
-1.628997449740572279e+02 -6.245339605819666531e+02
-1.620500169500029983e+02 -6.245339605819666531e+02
-1.612002889259475182e+02 -6.245339605819666531e+02
-1.603505609018932603e+02 -6.245339605819666531e+02
-1.595008328778390023e+02 -6.245339605819666531e+02
-1.586511048537847728e+02 -6.245339605819666531e+02
-1.578013768297305148e+02 -6.245339605819666531e+02
-1.569516488056762853e+02 -6.245339605819666531e+02
-1.561019207816207768e+02 -6.245339605819666531e+02
-1.552521927575665472e+02 -6.245339605819666531e+02
-1.544024647335122893e+02 -6.245339605819666531e+02
-1.535527367094580597e+02 -6.245339605819666531e+02
-1.527030086854038018e+02 -6.245339605819666531e+02
-1.518532806613495723e+02 -6.245339605819666531e+02
-1.510035526372940637e+02 -6.245339605819666531e+02
-1.501538246132398342e+02 -6.245339605819666531e+02
-1.493040965891855762e+02 -6.245339605819666531e+02
-1.484543685651313467e+02 -6.245339605819666531e+02
-1.476046405410770888e+02 -6.245339605819666531e+02
-1.467549125170216087e+02 -6.245339605819666531e+02
-1.459051844929673507e+02 -6.245339605819666531e+02
-1.450554564689131212e+02 -6.245339605819666531e+02
-1.442057284448588632e+02 -6.245339605819666531e+02
-1.433560004208046053e+02 -6.245339605819666531e+02
-1.425062723967503757e+02 -6.245339605819666531e+02
-1.416565443726948672e+02 -6.245339605819666531e+02
-1.408068163486406377e+02 -6.245339605819666531e+02
-1.399570883245863797e+02 -6.245339605819666531e+02
-1.391073603005321502e+02 -6.245339605819666531e+02
-1.382576322764778922e+02 -6.245339605819666531e+02
-1.374079042524236627e+02 -6.245339605819666531e+02
-1.365581762283681542e+02 -6.245339605819666531e+02
-1.357084482043139246e+02 -6.245339605819666531e+02
-1.348587201802596667e+02 -6.245339605819666531e+02
-1.340089921562054371e+02 -6.245339605819666531e+02
-1.331592641321511792e+02 -6.245339605819666531e+02
-1.323095361080969212e+02 -6.245339605819666531e+02
-1.314598080840414411e+02 -6.245339605819666531e+02
-1.306100800599872116e+02 -6.245339605819666531e+02
-1.297603520359329536e+02 -6.245339605819666531e+02
-1.289106240118786957e+02 -6.245339605819666531e+02
-1.280608959878244661e+02 -6.245339605819666531e+02
-1.272111679637702082e+02 -6.245339605819666531e+02
-1.263614399397147281e+02 -6.245339605819666531e+02
-1.255117119156604844e+02 -6.245339605819666531e+02
-1.246619838916062406e+02 -6.245339605819666531e+02
-1.238122558675519826e+02 -6.245339605819666531e+02
-1.229625278434977389e+02 -6.245339605819666531e+02
-1.221127998194422588e+02 -6.245339605819666531e+02
-1.212630717953880151e+02 -6.245339605819666531e+02
-1.204133437713337571e+02 -6.245339605819666531e+02
-1.195636157472795134e+02 -6.245339605819666531e+02
-1.187138877232252696e+02 -6.245339605819666531e+02
-1.178641596991710259e+02 -6.245339605819666531e+02
-1.170144316751155316e+02 -6.245339605819666531e+02
-1.161647036510612878e+02 -6.245339605819666531e+02
-1.153149756270070441e+02 -6.245339605819666531e+02
-1.144652476029528003e+02 -6.245339605819666531e+02
-1.136829306302995803e+02 -6.242484027857971114e+02
-1.129229107806305876e+02 -6.238683928609625582e+02
-1.121628909309616091e+02 -6.234883829361281187e+02
-1.114028710812926164e+02 -6.231083730112935655e+02
-1.106428512316236237e+02 -6.227283630864591260e+02
-1.098828313819546452e+02 -6.223483531616245727e+02
-1.091228115322856524e+02 -6.219683432367901332e+02
-1.083627916826166597e+02 -6.215883333119555800e+02
-1.076027718329476812e+02 -6.212083233871211405e+02
-1.068427519832786885e+02 -6.208283134622865873e+02
-1.060827321336096958e+02 -6.204483035374521478e+02
-1.053227122839407173e+02 -6.200682936126175946e+02
-1.045626924342717246e+02 -6.196882836877831551e+02
-1.038026725846027318e+02 -6.193082737629489429e+02
-1.030426527349337533e+02 -6.189282638381145034e+02
-1.022826328852647606e+02 -6.185482539132799502e+02
-1.015226130355957679e+02 -6.181682439884455107e+02
-1.007625931859267894e+02 -6.177882340636109575e+02
-1.000025733362577967e+02 -6.174082241387765180e+02
-9.924255348659005449e+01 -6.170282142139419648e+02
-9.848253363692106177e+01 -6.166482042891075253e+02
-9.772251378725206905e+01 -6.162681943642729721e+02
-9.696249393758309054e+01 -6.158881844394385325e+02
-9.620247408791409782e+01 -6.155081745146039793e+02
-9.544245423824510510e+01 -6.151281645897695398e+02
-9.468243438857612659e+01 -6.147481546649349866e+02
-9.392241453890713387e+01 -6.143681447401008882e+02
-9.316239468923814115e+01 -6.139881348152663350e+02
-9.240237483956916265e+01 -6.136081248904318954e+02
-9.164235498990016993e+01 -6.132281149655973422e+02
-9.088233514023117721e+01 -6.128481050407629027e+02
-9.012231529056219870e+01 -6.124680951159283495e+02
-8.936229544089320598e+01 -6.120880851910939100e+02
-8.860227559122421326e+01 -6.117080752662593568e+02
-8.784225574155523475e+01 -6.113280653414249173e+02
-8.708223589188624203e+01 -6.109480554165903641e+02
-8.632221604221724931e+01 -6.105680454917559246e+02
-8.556219619254827080e+01 -6.101880355669213714e+02
-8.480217634287927808e+01 -6.098080256420869318e+02
-8.404215649321029957e+01 -6.094280157172527197e+02
-8.328213664354130685e+01 -6.090480057924182802e+02
-8.252211679387231413e+01 -6.086679958675837270e+02
-8.176209694420333562e+01 -6.082879859427492875e+02
-8.100207709453434290e+01 -6.079079760179147343e+02
-8.024205724486535019e+01 -6.075279660930802947e+02
-7.948203739519637168e+01 -6.071479561682457415e+02
-7.872201754552861530e+01 -6.067679462434113020e+02
-7.796199769585963679e+01 -6.063879363185767488e+02
-7.720197784619064407e+01 -6.060079263937423093e+02
-7.644195799652165135e+01 -6.056279164689077561e+02
-7.568193814685267284e+01 -6.052479065440733166e+02
-7.492191829718368012e+01 -6.048678966192387634e+02
-7.416189844751468740e+01 -6.044878866944046649e+02
-7.340187859784570890e+01 -6.041078767695701117e+02
-7.264185874817671618e+01 -6.037278668447356722e+02
-7.188183889850772346e+01 -6.033478569199011190e+02
-7.112181904883874495e+01 -6.029678469950666795e+02
-7.040728984431076753e+01 -6.025247221715591195e+02
-6.980644139633854195e+01 -6.019238737235859844e+02
-6.920559294836508002e+01 -6.013230252756127356e+02
-6.860474450039161809e+01 -6.007221768276396006e+02
-6.800389605241815616e+01 -6.001213283796664655e+02
-6.740304760444593057e+01 -5.995204799316933304e+02
-6.680219915647246864e+01 -5.989196314837201953e+02
-6.620135070849900671e+01 -5.983187830357470602e+02
-6.560050226052554478e+01 -5.977179345877738115e+02
-6.499965381255331920e+01 -5.971170861398006764e+02
-6.439880536457985727e+01 -5.965162376918275413e+02
-6.379795691660638823e+01 -5.959153892438544062e+02
-6.319710846863292630e+01 -5.953145407958812712e+02
-6.259626002066070072e+01 -5.947136923479081361e+02
-6.199541157268723879e+01 -5.941128438999350010e+02
-6.139456312471377686e+01 -5.935119954519617522e+02
-6.079371467674030782e+01 -5.929111470039886171e+02
-6.019286622876808934e+01 -5.923102985560151410e+02
-5.956375453055510150e+01 -5.917776836300869263e+02
-5.871402650650085775e+01 -5.917776836300869263e+02
-5.786429848244661400e+01 -5.917776836300869263e+02
-5.701457045839112681e+01 -5.917776836300869263e+02
-5.616484243433687595e+01 -5.917776836300869263e+02
-5.531511441028263221e+01 -5.917776836300869263e+02
-5.446538638622838846e+01 -5.917776836300869263e+02
-5.361565836217413761e+01 -5.917776836300869263e+02
-5.276593033811989386e+01 -5.917776836300869263e+02
-5.191620231406440666e+01 -5.917776836300869263e+02
-5.106647429001015581e+01 -5.917776836300869263e+02
-5.021674626595591207e+01 -5.917776836300869263e+02
-4.936701824190166832e+01 -5.917776836300869263e+02
-4.858295749288306098e+01 -5.916191488040906279e+02
-4.798210904490959905e+01 -5.910183003561174928e+02
-4.738126059693737346e+01 -5.904174519081443577e+02
-4.678041214896391153e+01 -5.898166034601712227e+02
-4.617956370099044960e+01 -5.892157550121980876e+02
-4.557871525301698767e+01 -5.886149065642249525e+02
-4.497786680504476209e+01 -5.880140581162517037e+02
-4.437701835707130016e+01 -5.874132096682785686e+02
-4.377616990909783823e+01 -5.868123612203054336e+02
-4.317532146112436919e+01 -5.862115127723322985e+02
-4.257447301315215071e+01 -5.856106643243591634e+02
-4.197362456517868168e+01 -5.850098158763860283e+02
-4.137277611720521975e+01 -5.844089674284127796e+02
-4.077192766923175782e+01 -5.838081189804396445e+02
-4.017107922125953223e+01 -5.832072705324665094e+02
-3.957023077328607030e+01 -5.826064220844933743e+02
-3.896938232531260837e+01 -5.820055736365202392e+02
-3.836853387733913934e+01 -5.814047251885471042e+02
-3.774488384030541255e+01 -5.808589246461270932e+02
-3.689515581625116880e+01 -5.808589246461270932e+02
-3.604542779219692505e+01 -5.808589246461270932e+02
-3.519569976814267420e+01 -5.808589246461270932e+02
-3.434597174408843046e+01 -5.808589246461270932e+02
-3.349624372003418671e+01 -5.808589246461270932e+02
-3.264651569597869951e+01 -5.808589246461270932e+02
-3.179678767192445221e+01 -5.808589246461270932e+02
-3.094705964787020491e+01 -5.808589246461270932e+02
-3.009733162381595761e+01 -5.808589246461270932e+02
-2.924760359976171387e+01 -5.808589246461270932e+02
-2.839787557570746657e+01 -5.808589246461270932e+02
-2.754814755165197937e+01 -5.808589246461270932e+02
-2.690397435095954393e+01 -5.806533698227655123e+02
-2.690397435095954393e+01 -5.798036417987109417e+02
-2.690397435095954393e+01 -5.789539137746567121e+02
-2.690397435095954393e+01 -5.781041857506021415e+02
-2.690397435095954393e+01 -5.772544577265476846e+02
-2.690397435095954393e+01 -5.764047297024931140e+02
-2.690397435095954393e+01 -5.755550016784387708e+02
-2.690397435095954393e+01 -5.747052736543843139e+02
-2.690397435095954393e+01 -5.738555456303297433e+02
-2.690397435095954393e+01 -5.730058176062755138e+02
-2.690397435095954393e+01 -5.721560895822209432e+02
-2.690397435095954393e+01 -5.713063615581663726e+02
-2.690397435095954393e+01 -5.704566335341121430e+02
-2.660589740923562374e+01 -5.697911271913054634e+02
-2.584587755956663813e+01 -5.694111172664710239e+02
-2.508585770989764896e+01 -5.690311073416364707e+02
-2.432583786022865979e+01 -5.686510974168020311e+02
-2.356581801055967418e+01 -5.682710874919674779e+02
-2.280579816089068501e+01 -5.678910775671330384e+02
-2.204577831122169584e+01 -5.675110676422984852e+02
-2.128575846155395013e+01 -5.671310577174640457e+02
-2.052573861188496451e+01 -5.667510477926294925e+02
-1.976571876221597535e+01 -5.663710378677950530e+02
-1.900569891254698618e+01 -5.659910279429606135e+02
-1.824567906287800056e+01 -5.656110180181260603e+02
-1.748565921320901140e+01 -5.652310080932916208e+02
-1.672563936354002223e+01 -5.648509981684574086e+02
-1.596561951387103484e+01 -5.644709882436228554e+02
-1.520559966420204745e+01 -5.640909783187884159e+02
-1.444557981453306006e+01 -5.637109683939538627e+02
-1.368555996486407267e+01 -5.633309584691194232e+02
-1.292554011519508350e+01 -5.629509485442848700e+02
-1.216552026552609611e+01 -5.625709386194504305e+02
-1.140550041585710872e+01 -5.621909286946158772e+02
-1.064548056618812133e+01 -5.618109187697814377e+02
-9.885460716519132163e+00 -5.614309088449469982e+02
-9.125440866850144772e+00 -5.610508989201124450e+02
-8.365421017181157382e+00 -5.606708889952780055e+02
-7.605401167512169103e+00 -5.602908790704434523e+02
-6.845381317843180824e+00 -5.599108691456090128e+02
-6.085361468174193433e+00 -5.595308592207748006e+02
-5.325341618505205155e+00 -5.591508492959402474e+02
-4.506170851422102608e+00 -5.590214066782071995e+02
-3.656442827366614967e+00 -5.590214066782071995e+02
-2.806714803312369000e+00 -5.590214066782071995e+02
-1.956986779258122811e+00 -5.590214066782071995e+02
-1.107258755203876621e+00 -5.590214066782071995e+02
-2.575307311496305984e-01 -5.590214066782071995e+02
5.921972929046155354e-01 -5.590214066782071995e+02
1.441925316960102954e+00 -5.590214066782071995e+02
2.291653341014348921e+00 -5.590214066782071995e+02
3.141381365068595333e+00 -5.590214066782071995e+02
3.991109389122841300e+00 -5.590214066782071995e+02
4.840837413177087711e+00 -5.590214066782071995e+02
5.690565437231333235e+00 -5.590214066782071995e+02
6.540293461286821319e+00 -5.590214066782071995e+02
7.390021485341066843e+00 -5.590214066782071995e+02
8.239749509395313254e+00 -5.590214066782071995e+02
9.089477533449558777e+00 -5.590214066782071995e+02
9.939205557503806077e+00 -5.590214066782071995e+02
1.078893358155929327e+01 -5.590214066782071995e+02
1.163866160561353880e+01 -5.590214066782071995e+02
1.248838962966778610e+01 -5.590214066782071995e+02
1.333811765372203162e+01 -5.590214066782071995e+02
1.418784567777627714e+01 -5.590214066782071995e+02
1.503757370183052444e+01 -5.590214066782071995e+02
1.588730172588601164e+01 -5.590214066782071995e+02
1.673702974994025894e+01 -5.590214066782071995e+02
1.734784589159097479e+01 -5.584446223714966209e+02
1.794869433956444027e+01 -5.578437739235231447e+02
1.854954278753666230e+01 -5.572429254755500097e+02
1.915039123551012423e+01 -5.566420770275768746e+02
1.975123968348358972e+01 -5.560412285796037395e+02
2.035208813145705165e+01 -5.554403801316306044e+02
2.095293657942927723e+01 -5.548395316836573556e+02
2.155378502740273916e+01 -5.542386832356842206e+02
2.215463347537620464e+01 -5.536378347877110855e+02
2.275548192334966657e+01 -5.530369863397379504e+02
2.335633037132188861e+01 -5.524361378917648153e+02
2.395717881929535409e+01 -5.518352894437916802e+02
2.455802726726881602e+01 -5.512344409958184315e+02
2.515887571524228150e+01 -5.506335925478452964e+02
2.575972416321450353e+01 -5.500327440998721613e+02
2.636057261118796902e+01 -5.494318956518990262e+02
2.696142105916143095e+01 -5.488310472039258912e+02
2.756226950713489643e+01 -5.482301987559527561e+02
2.835916415153526771e+01 -5.481026476942473664e+02
2.920889217558951501e+01 -5.481026476942473664e+02
3.005862019964375875e+01 -5.481026476942473664e+02
3.090834822369924950e+01 -5.481026476942473664e+02
3.175807624775349325e+01 -5.481026476942473664e+02
3.260780427180773700e+01 -5.481026476942473664e+02
3.345753229586198785e+01 -5.481026476942473664e+02
3.430726031991623159e+01 -5.481026476942473664e+02
3.515698834397171879e+01 -5.481026476942473664e+02
3.600671636802596254e+01 -5.481026476942473664e+02
3.685644439208021339e+01 -5.481026476942473664e+02
3.770617241613445714e+01 -5.481026476942473664e+02
3.855590044018870088e+01 -5.481026476942473664e+02
3.940562846424295174e+01 -5.481026476942473664e+02
4.025535648829843893e+01 -5.481026476942473664e+02
4.110508451235268268e+01 -5.481026476942473664e+02
4.195481253640693353e+01 -5.481026476942473664e+02
4.280454056046117728e+01 -5.481026476942473664e+02
4.365426858451542103e+01 -5.481026476942473664e+02
4.450399660856967188e+01 -5.481026476942473664e+02
4.535372463262515907e+01 -5.481026476942473664e+02
4.620345265667940282e+01 -5.481026476942473664e+02
4.705318068073364657e+01 -5.481026476942473664e+02
4.790290870478789742e+01 -5.481026476942473664e+02
4.875263672884214117e+01 -5.481026476942473664e+02
4.960236475289638491e+01 -5.481026476942473664e+02
5.045209277695187211e+01 -5.481026476942473664e+02
5.130182080100612296e+01 -5.481026476942473664e+02
5.215154882506036671e+01 -5.481026476942473664e+02
5.300127684911461046e+01 -5.481026476942473664e+02
5.385100487316886131e+01 -5.481026476942473664e+02
5.470073289722434851e+01 -5.481026476942473664e+02
5.555046092127859225e+01 -5.481026476942473664e+02
5.640018894533283600e+01 -5.481026476942473664e+02
5.724991696938708685e+01 -5.481026476942473664e+02
5.809964499344133060e+01 -5.481026476942473664e+02
5.894937301749557435e+01 -5.481026476942473664e+02
5.979910104155106154e+01 -5.481026476942473664e+02
6.064882906560531239e+01 -5.481026476942473664e+02
6.149855708965955614e+01 -5.481026476942473664e+02
6.234828511371379989e+01 -5.481026476942473664e+02
6.319801313776805074e+01 -5.481026476942473664e+02
6.404774116182230159e+01 -5.481026476942473664e+02
6.489746918587778168e+01 -5.481026476942473664e+02
6.574719720993202543e+01 -5.481026476942473664e+02
6.659692523398626918e+01 -5.481026476942473664e+02
6.744665325804052713e+01 -5.481026476942473664e+02
6.829638128209477088e+01 -5.481026476942473664e+02
6.914610930614901463e+01 -5.481026476942473664e+02
6.999583733020449472e+01 -5.481026476942473664e+02
7.084556535425875268e+01 -5.481026476942473664e+02
7.169529337831299642e+01 -5.481026476942473664e+02
7.254502140236724017e+01 -5.481026476942473664e+02
7.339474942642148392e+01 -5.481026476942473664e+02
7.424447745047697822e+01 -5.481026476942473664e+02
7.509420547453122197e+01 -5.481026476942473664e+02
7.594393349858546571e+01 -5.481026476942473664e+02
7.679366152263970946e+01 -5.481026476942473664e+02
7.764338954669395321e+01 -5.481026476942473664e+02
7.849311757074819695e+01 -5.481026476942473664e+02
7.934284559480369126e+01 -5.481026476942473664e+02
8.019257361885793500e+01 -5.481026476942473664e+02
8.104230164291217875e+01 -5.481026476942473664e+02
8.189202966696642250e+01 -5.481026476942473664e+02
8.260757094669145317e+01 -5.477786922361956385e+02
8.320841939466491510e+01 -5.471778437882225035e+02
8.380926784263714069e+01 -5.465769953402493684e+02
8.441011629061060262e+01 -5.459761468922761196e+02
8.501096473858406455e+01 -5.453752984443029845e+02
8.561181318655754069e+01 -5.447744499963298495e+02
8.621266163452975206e+01 -5.441736015483567144e+02
8.681351008250321399e+01 -5.435727531003835793e+02
8.741435853047669013e+01 -5.429719046524104442e+02
8.801520697845015206e+01 -5.423710562044373091e+02
8.861605542642237765e+01 -5.417702077564640604e+02
8.921690387439583958e+01 -5.411693593084909253e+02
8.981775232236930151e+01 -5.405685108605177902e+02
9.041860077034276344e+01 -5.399676624125446551e+02
9.101944921831498903e+01 -5.393668139645715200e+02
9.162029766628845096e+01 -5.387659655165983850e+02
9.222114611426191289e+01 -5.381651170686251362e+02
9.282199456223537481e+01 -5.375642686206520011e+02
9.351416406856144192e+01 -5.371838887102874196e+02
9.436389209261692201e+01 -5.371838887102874196e+02
9.521362011667117997e+01 -5.371838887102874196e+02
9.606334814072542372e+01 -5.371838887102874196e+02
9.691307616477966747e+01 -5.371838887102874196e+02
9.776280418883391121e+01 -5.371838887102874196e+02
9.861253221288940551e+01 -5.371838887102874196e+02
9.946226023694364926e+01 -5.371838887102874196e+02
1.003119882609978930e+02 -5.371838887102874196e+02
1.011617162850521368e+02 -5.371838887102874196e+02
1.020114443091063805e+02 -5.371838887102874196e+02
1.028611723331606242e+02 -5.371838887102874196e+02
1.037109003572161186e+02 -5.371838887102874196e+02
1.045606283812703623e+02 -5.371838887102874196e+02
1.054103564053246060e+02 -5.371838887102874196e+02
1.062600844293788498e+02 -5.371838887102874196e+02
1.071098124534331077e+02 -5.371838887102874196e+02
1.079595404774873515e+02 -5.371838887102874196e+02
1.088092685015428316e+02 -5.371838887102874196e+02
1.096589965255970753e+02 -5.371838887102874196e+02
1.105087245496513333e+02 -5.371838887102874196e+02
1.113584525737055770e+02 -5.371838887102874196e+02
1.122081805977598208e+02 -5.371838887102874196e+02
1.130579086218140645e+02 -5.371838887102874196e+02
1.139076366458695588e+02 -5.371838887102874196e+02
1.147573646699238026e+02 -5.371838887102874196e+02
1.156070926939780463e+02 -5.371838887102874196e+02
1.164568207180322901e+02 -5.371838887102874196e+02
1.173065487420865338e+02 -5.371838887102874196e+02
1.181562767661420281e+02 -5.371838887102874196e+02
1.190060047901962719e+02 -5.371838887102874196e+02
1.198557328142505156e+02 -5.371838887102874196e+02
1.207054608383047594e+02 -5.371838887102874196e+02
1.215551888623590031e+02 -5.371838887102874196e+02
1.224049168864132611e+02 -5.371838887102874196e+02
1.232546449104687412e+02 -5.371838887102874196e+02
1.241043729345229849e+02 -5.371838887102874196e+02
1.249541009585772287e+02 -5.371838887102874196e+02
1.258038289826314866e+02 -5.371838887102874196e+02
1.266535570066857304e+02 -5.371838887102874196e+02
1.275032850307399741e+02 -5.371838887102874196e+02
1.283530130547954684e+02 -5.371838887102874196e+02
1.292027410788496979e+02 -5.371838887102874196e+02
1.300524691029039559e+02 -5.371838887102874196e+02
1.309021971269581854e+02 -5.371838887102874196e+02
1.317519251510124434e+02 -5.371838887102874196e+02
1.326016531750667014e+02 -5.371838887102874196e+02
1.334513811991221814e+02 -5.371838887102874196e+02
1.343011092231764394e+02 -5.371838887102874196e+02
1.351508372472306689e+02 -5.371838887102874196e+02
1.360005652712849269e+02 -5.371838887102874196e+02
1.368502932953391564e+02 -5.371838887102874196e+02
1.376131759748106163e+02 -5.368160059271016280e+02
1.383731958244796090e+02 -5.364359960022674159e+02
1.391332156741486017e+02 -5.360559860774329763e+02
1.398932355238175944e+02 -5.356759761525984231e+02
1.406532553734865871e+02 -5.352959662277639836e+02
1.414132752231555514e+02 -5.349159563029294304e+02
1.421732950728245441e+02 -5.345359463780949909e+02
1.429333149224935369e+02 -5.341559364532604377e+02
1.436933347721625296e+02 -5.337759265284259982e+02
1.444533546218302718e+02 -5.333959166035914450e+02
1.452133744714992645e+02 -5.330159066787570055e+02
1.459733943211682572e+02 -5.326358967539224523e+02
1.467334141708372499e+02 -5.322558868290880127e+02
1.474934340205062142e+02 -5.318758769042534595e+02
1.482534538701752069e+02 -5.314958669794190200e+02
1.490134737198441996e+02 -5.311158570545848079e+02
1.497734935695131924e+02 -5.307358471297503684e+02
1.505335134191821851e+02 -5.303558372049158152e+02
1.512935332688511494e+02 -5.299758272800813756e+02
1.520535531185201421e+02 -5.295958173552468224e+02
1.528135729681891348e+02 -5.292158074304123829e+02
1.535735928178581275e+02 -5.288357975055778297e+02
1.543336126675271203e+02 -5.284557875807433902e+02
1.550936325171961130e+02 -5.280757776559088370e+02
1.558536523668650773e+02 -5.276957677310743975e+02
1.566136722165340700e+02 -5.273157578062398443e+02
1.573736920662030627e+02 -5.269357478814054048e+02
1.581337119158720554e+02 -5.265557379565708516e+02
1.589148366427682504e+02 -5.262651297263275865e+02
1.597645646668225083e+02 -5.262651297263275865e+02
1.606142926908767379e+02 -5.262651297263275865e+02
1.614640207149309958e+02 -5.262651297263275865e+02
1.623137487389852254e+02 -5.262651297263275865e+02
1.631634767630407339e+02 -5.262651297263275865e+02
1.640132047870949634e+02 -5.262651297263275865e+02
1.648629328111492214e+02 -5.262651297263275865e+02
1.657126608352034509e+02 -5.262651297263275865e+02
1.665623888592577089e+02 -5.262651297263275865e+02
1.674121168833119384e+02 -5.262651297263275865e+02
1.682618449073674469e+02 -5.262651297263275865e+02
1.691115729314216765e+02 -5.262651297263275865e+02
1.699613009554759344e+02 -5.262651297263275865e+02
1.708110289795301924e+02 -5.262651297263275865e+02
1.716607570035844219e+02 -5.262651297263275865e+02
1.725104850276386799e+02 -5.262651297263275865e+02
1.733602130516941600e+02 -5.262651297263275865e+02
1.742099410757484179e+02 -5.262651297263275865e+02
1.750596690998026475e+02 -5.262651297263275865e+02
1.759093971238569054e+02 -5.262651297263275865e+02
1.767591251479111349e+02 -5.262651297263275865e+02
1.776088531719653929e+02 -5.262651297263275865e+02
1.784585811960208730e+02 -5.262651297263275865e+02
1.793083092200751310e+02 -5.262651297263275865e+02
1.801580372441293605e+02 -5.262651297263275865e+02
1.810077652681836184e+02 -5.262651297263275865e+02
1.818574932922378480e+02 -5.262651297263275865e+02
1.827072213162933565e+02 -5.262651297263275865e+02
1.835569493403475860e+02 -5.262651297263275865e+02
1.844066773644018440e+02 -5.262651297263275865e+02
1.852564053884560735e+02 -5.262651297263275865e+02
1.861061334125103315e+02 -5.262651297263275865e+02
1.869558614365645894e+02 -5.262651297263275865e+02
1.878055894606200695e+02 -5.262651297263275865e+02
1.886553174846742991e+02 -5.262651297263275865e+02
1.895050455087285570e+02 -5.262651297263275865e+02
1.903547735327828150e+02 -5.262651297263275865e+02
1.912045015568370445e+02 -5.262651297263275865e+02
1.920542295808913025e+02 -5.262651297263275865e+02
1.929039576049467826e+02 -5.262651297263275865e+02
1.937536856290010405e+02 -5.262651297263275865e+02
1.946034136530552701e+02 -5.262651297263275865e+02
1.954531416771095280e+02 -5.262651297263275865e+02
1.963028697011637576e+02 -5.262651297263275865e+02
1.971525977252180155e+02 -5.262651297263275865e+02
1.980023257492734956e+02 -5.262651297263275865e+02
1.988520537733277536e+02 -5.262651297263275865e+02
1.997017817973819831e+02 -5.262651297263275865e+02
2.005515098214362411e+02 -5.262651297263275865e+02
2.014012378454904990e+02 -5.262651297263275865e+02
2.022509658695459791e+02 -5.262651297263275865e+02
2.031006938936002086e+02 -5.262651297263275865e+02
2.039504219176544666e+02 -5.262651297263275865e+02
2.048001499417087246e+02 -5.262651297263275865e+02
2.056498779657629541e+02 -5.262651297263275865e+02
2.064996059898172120e+02 -5.262651297263275865e+02
2.073493340138726921e+02 -5.262651297263275865e+02
2.081990620379269501e+02 -5.262651297263275865e+02
2.090487900619811796e+02 -5.262651297263275865e+02
2.098985180860354376e+02 -5.262651297263275865e+02
2.107482461100896671e+02 -5.262651297263275865e+02
2.115979741341439251e+02 -5.262651297263275865e+02
2.124477021581994052e+02 -5.262651297263275865e+02
2.132974301822536631e+02 -5.262651297263275865e+02
2.141471582063078927e+02 -5.262651297263275865e+02
2.149968862303621506e+02 -5.262651297263275865e+02
2.158466142544164086e+02 -5.262651297263275865e+02
2.166963422784706381e+02 -5.262651297263275865e+02
2.175460703025261182e+02 -5.262651297263275865e+02
2.183957983265803762e+02 -5.262651297263275865e+02
2.192455263506346341e+02 -5.262651297263275865e+02
2.200952543746888637e+02 -5.262651297263275865e+02
2.209449823987431216e+02 -5.262651297263275865e+02
2.217947104227986017e+02 -5.262651297263275865e+02
2.226444384468528597e+02 -5.262651297263275865e+02
2.234941664709070892e+02 -5.262651297263275865e+02
2.243438944949613472e+02 -5.262651297263275865e+02
2.251936225190155767e+02 -5.262651297263275865e+02
2.260433505430698347e+02 -5.262651297263275865e+02
2.268930785671253147e+02 -5.262651297263275865e+02
2.277428065911795727e+02 -5.262651297263275865e+02
2.285925346152338022e+02 -5.262651297263275865e+02
2.294422626392880602e+02 -5.262651297263275865e+02
2.302919906633422897e+02 -5.262651297263275865e+02
2.311417186873965477e+02 -5.262651297263275865e+02
2.319914467114520278e+02 -5.262651297263275865e+02
2.328411747355062857e+02 -5.262651297263275865e+02
2.336909027595605153e+02 -5.262651297263275865e+02
2.345406307836147732e+02 -5.262651297263275865e+02
2.353903588076690312e+02 -5.262651297263275865e+02
2.362400868317232607e+02 -5.262651297263275865e+02
2.370898148557787408e+02 -5.262651297263275865e+02
2.379395428798329988e+02 -5.262651297263275865e+02
2.387892709038872567e+02 -5.262651297263275865e+02
2.396389989279414863e+02 -5.262651297263275865e+02
2.404887269519957442e+02 -5.262651297263275865e+02
2.413384549760499738e+02 -5.262651297263275865e+02
2.421881830001054823e+02 -5.262651297263275865e+02
2.430379110241597118e+02 -5.262651297263275865e+02
2.438876390482139698e+02 -5.262651297263275865e+02
2.447373670722681993e+02 -5.262651297263275865e+02
2.455870950963224573e+02 -5.262651297263275865e+02
2.464368231203779374e+02 -5.262651297263275865e+02
2.472865511444321953e+02 -5.262651297263275865e+02
2.481362791684864249e+02 -5.262651297263275865e+02
2.489860071925406828e+02 -5.262651297263275865e+02
2.498357352165949408e+02 -5.262651297263275865e+02
2.506854632406491703e+02 -5.262651297263275865e+02
2.515351912647046504e+02 -5.262651297263275865e+02
2.523849192887589084e+02 -5.262651297263275865e+02
2.532346473128131663e+02 -5.262651297263275865e+02
2.540843753368673958e+02 -5.262651297263275865e+02
2.549341033609216538e+02 -5.262651297263275865e+02
2.557838313849758833e+02 -5.262651297263275865e+02
2.566335594090313634e+02 -5.262651297263275865e+02
2.574832874330856498e+02 -5.262651297263275865e+02
2.583330154571398793e+02 -5.262651297263275865e+02
2.591827434811941089e+02 -5.262651297263275865e+02
2.600324715052483384e+02 -5.262651297263275865e+02
2.608821995293026248e+02 -5.262651297263275865e+02
2.617319275533581049e+02 -5.262651297263275865e+02
2.625816555774123344e+02 -5.262651297263275865e+02
2.634313836014665640e+02 -5.262651297263275865e+02
2.642811116255208503e+02 -5.262651297263275865e+02
2.651308396495750799e+02 -5.262651297263275865e+02
2.659805676736305600e+02 -5.262651297263275865e+02
2.668302956976847895e+02 -5.262651297263275865e+02
2.676800237217390759e+02 -5.262651297263275865e+02
2.685297517457933054e+02 -5.262651297263275865e+02
2.693794797698475350e+02 -5.262651297263275865e+02
2.702292077939018213e+02 -5.262651297263275865e+02
2.710789358179573014e+02 -5.262651297263275865e+02
2.719286638420115310e+02 -5.262651297263275865e+02
2.727783918660657605e+02 -5.262651297263275865e+02
2.736281198901200469e+02 -5.262651297263275865e+02
2.744778479141742764e+02 -5.262651297263275865e+02
2.753275759382285059e+02 -5.262651297263275865e+02
2.761773039622839860e+02 -5.262651297263275865e+02
2.770270319863382724e+02 -5.262651297263275865e+02
2.778767600103925020e+02 -5.262651297263275865e+02
2.787264880344467315e+02 -5.262651297263275865e+02
2.795762160585010179e+02 -5.262651297263275865e+02
2.804259440825564980e+02 -5.262651297263275865e+02
2.812756721066107275e+02 -5.262651297263275865e+02
2.821254001306649570e+02 -5.262651297263275865e+02
2.829751281547192434e+02 -5.262651297263275865e+02
2.838248561787734729e+02 -5.262651297263275865e+02
2.846745842028277025e+02 -5.262651297263275865e+02
2.855243122268831826e+02 -5.262651297263275865e+02
2.863740402509374690e+02 -5.262651297263275865e+02
2.872237682749916985e+02 -5.262651297263275865e+02
2.880734962990459280e+02 -5.262651297263275865e+02
2.889232243231001576e+02 -5.262651297263275865e+02
2.897729523471544439e+02 -5.262651297263275865e+02
2.906226803712099240e+02 -5.262651297263275865e+02
2.914724083952641536e+02 -5.262651297263275865e+02
2.923221364193183831e+02 -5.262651297263275865e+02
2.931718644433726695e+02 -5.262651297263275865e+02
2.940215924674268990e+02 -5.262651297263275865e+02
2.948713204914811286e+02 -5.262651297263275865e+02
2.957210485155366086e+02 -5.262651297263275865e+02
2.965707765395908950e+02 -5.262651297263275865e+02
2.974205045636451246e+02 -5.262651297263275865e+02
2.982702325876993541e+02 -5.262651297263275865e+02
2.991199606117536405e+02 -5.262651297263275865e+02
2.999696886358078700e+02 -5.262651297263275865e+02
3.008194166598633501e+02 -5.262651297263275865e+02
3.016691446839175796e+02 -5.262651297263275865e+02
3.025188727079718660e+02 -5.262651297263275865e+02
3.033686007320260956e+02 -5.262651297263275865e+02
3.042183287560803251e+02 -5.262651297263275865e+02
3.050680567801358052e+02 -5.262651297263275865e+02
3.059177848041900916e+02 -5.262651297263275865e+02
3.067675128282443211e+02 -5.262651297263275865e+02
3.076172408522985506e+02 -5.262651297263275865e+02
3.084669688763527802e+02 -5.262651297263275865e+02
3.093166969004070666e+02 -5.262651297263275865e+02
3.101664249244625466e+02 -5.262651297263275865e+02
3.110161529485167762e+02 -5.262651297263275865e+02
3.118658809725710057e+02 -5.262651297263275865e+02
3.127156089966252921e+02 -5.262651297263275865e+02
3.135653370206795216e+02 -5.262651297263275865e+02
3.144150650447337512e+02 -5.262651297263275865e+02
3.152647930687892313e+02 -5.262651297263275865e+02
3.161145210928435176e+02 -5.262651297263275865e+02
3.169642491168977472e+02 -5.262651297263275865e+02
3.178139771409519767e+02 -5.262651297263275865e+02
3.186637051650062631e+02 -5.262651297263275865e+02
3.195134331890604926e+02 -5.262651297263275865e+02
3.203631612131159727e+02 -5.262651297263275865e+02
3.212128892371702023e+02 -5.262651297263275865e+02
3.220626172612244886e+02 -5.262651297263275865e+02
3.229123452852787182e+02 -5.262651297263275865e+02
3.237620733093329477e+02 -5.262651297263275865e+02
3.246118013333872341e+02 -5.262651297263275865e+02
3.254615293574427142e+02 -5.262651297263275865e+02
3.263112573814969437e+02 -5.262651297263275865e+02
3.271609854055511732e+02 -5.262651297263275865e+02
3.280107134296054596e+02 -5.262651297263275865e+02
3.288604414536596892e+02 -5.262651297263275865e+02
3.297101694777139187e+02 -5.262651297263275865e+02
3.305598975017693988e+02 -5.262651297263275865e+02
3.314096255258236852e+02 -5.262651297263275865e+02
3.322593535498779147e+02 -5.262651297263275865e+02
3.331090815739321442e+02 -5.262651297263275865e+02
3.339588095979863738e+02 -5.262651297263275865e+02
3.348085376220419107e+02 -5.262651297263275865e+02
3.356582656460961402e+02 -5.262651297263275865e+02
3.365079936701503698e+02 -5.262651297263275865e+02
3.373577216942045993e+02 -5.262651297263275865e+02
3.382074497182588857e+02 -5.262651297263275865e+02
3.390571777423131152e+02 -5.262651297263275865e+02
3.399069057663685953e+02 -5.262651297263275865e+02
3.407566337904228249e+02 -5.262651297263275865e+02
3.416063618144771112e+02 -5.262651297263275865e+02
3.424560898385313408e+02 -5.262651297263275865e+02
3.433058178625855703e+02 -5.262651297263275865e+02
3.441555458866398567e+02 -5.262651297263275865e+02
3.450052739106953368e+02 -5.262651297263275865e+02
3.458550019347495663e+02 -5.262651297263275865e+02
3.467047299588037959e+02 -5.262651297263275865e+02
3.475544579828580822e+02 -5.262651297263275865e+02
3.484041860069123118e+02 -5.262651297263275865e+02
3.492539140309677919e+02 -5.262651297263275865e+02
3.501036420550220214e+02 -5.262651297263275865e+02
3.509533700790763078e+02 -5.262651297263275865e+02
3.518030981031305373e+02 -5.262651297263275865e+02
3.526528261271847668e+02 -5.262651297263275865e+02
3.535025541512389964e+02 -5.262651297263275865e+02
3.543522821752945333e+02 -5.262651297263275865e+02
3.552020101993487629e+02 -5.262651297263275865e+02
3.560517382234029924e+02 -5.262651297263275865e+02
3.569014662474572219e+02 -5.262651297263275865e+02
3.577511942715115083e+02 -5.262651297263275865e+02
3.586009222955657378e+02 -5.262651297263275865e+02
3.594506503196212179e+02 -5.262651297263275865e+02
3.603003783436754475e+02 -5.262651297263275865e+02
3.611501063677297338e+02 -5.262651297263275865e+02
3.619998343917839634e+02 -5.262651297263275865e+02
3.628495624158381929e+02 -5.262651297263275865e+02
3.636992904398924793e+02 -5.262651297263275865e+02
3.645490184639479594e+02 -5.262651297263275865e+02
3.653987464880021889e+02 -5.262651297263275865e+02
3.662484745120564185e+02 -5.262651297263275865e+02
3.670982025361107048e+02 -5.262651297263275865e+02
3.679479305601649344e+02 -5.262651297263275865e+02
3.687976585842191639e+02 -5.262651297263275865e+02
3.696473866082746440e+02 -5.262651297263275865e+02
3.704971146323289304e+02 -5.262651297263275865e+02
3.713468426563831599e+02 -5.262651297263275865e+02
3.721965706804373895e+02 -5.262651297263275865e+02
3.730462987044916758e+02 -5.262651297263275865e+02
3.738960267285471559e+02 -5.262651297263275865e+02
3.747457547526013855e+02 -5.262651297263275865e+02
3.755954827766556150e+02 -5.262651297263275865e+02
3.764452108007099014e+02 -5.262651297263275865e+02
3.772949388247641309e+02 -5.262651297263275865e+02
3.781446668488183604e+02 -5.262651297263275865e+02
3.789943948728738405e+02 -5.262651297263275865e+02
3.798441228969281269e+02 -5.262651297263275865e+02
3.806938509209823565e+02 -5.262651297263275865e+02
3.815435789450365860e+02 -5.262651297263275865e+02
3.823933069690908155e+02 -5.262651297263275865e+02
3.832430349931451019e+02 -5.262651297263275865e+02
3.840927630172005820e+02 -5.262651297263275865e+02
3.849424910412548115e+02 -5.262651297263275865e+02
3.857922190653090411e+02 -5.262651297263275865e+02
3.866419470893633274e+02 -5.262651297263275865e+02
3.874916751134175570e+02 -5.262651297263275865e+02
3.880088670395165309e+02 -5.265976658242834674e+02
3.880088670395165309e+02 -5.274473938483376969e+02
3.880088670395165309e+02 -5.282971218723922675e+02
3.880088670395165309e+02 -5.291468498964468381e+02
3.880088670395165309e+02 -5.299965779205010676e+02
3.880088670395165309e+02 -5.308463059445556382e+02
3.880088670395165309e+02 -5.316960339686102088e+02
3.880088670395165309e+02 -5.325457619926646657e+02
3.880088670395165309e+02 -5.333954900167190090e+02
3.880088670395165309e+02 -5.342452180407734659e+02
3.880088670395165309e+02 -5.350949460648278091e+02
3.880088670395165309e+02 -5.359446740888822660e+02
3.880088670395165309e+02 -5.367944021129368366e+02
3.884691084662208027e+02 -5.371838887102874196e+02
3.893188364902750891e+02 -5.371838887102874196e+02
3.901685645143293186e+02 -5.371838887102874196e+02
3.910182925383835482e+02 -5.371838887102874196e+02
3.918680205624378345e+02 -5.371838887102874196e+02
3.927177485864933146e+02 -5.371838887102874196e+02
3.935674766105475442e+02 -5.371838887102874196e+02
3.944172046346017737e+02 -5.371838887102874196e+02
3.952669326586560601e+02 -5.371838887102874196e+02
3.961166606827102896e+02 -5.371838887102874196e+02
3.969663887067645192e+02 -5.371838887102874196e+02
3.978161167308199992e+02 -5.371838887102874196e+02
3.986658447548742856e+02 -5.371838887102874196e+02
3.993433671612325497e+02 -5.375996298480441737e+02
3.999442156092060259e+02 -5.382004782960173088e+02
4.005450640571795020e+02 -5.388013267439905576e+02
4.011459125051529782e+02 -5.394021751919636927e+02
4.017467609531252037e+02 -5.400030236399368277e+02
4.023476094010986230e+02 -5.406038720879099628e+02
4.029484578490720992e+02 -5.412047205358830979e+02
4.035493062970455753e+02 -5.418055689838562330e+02
4.041501547450178009e+02 -5.424064174318294818e+02
4.047510031929912770e+02 -5.430072658798026168e+02
4.053518516409646963e+02 -5.436081143277757519e+02
4.059527000889381725e+02 -5.442089627757488870e+02
4.065535485369103981e+02 -5.448098112237220221e+02
4.071543969848838742e+02 -5.454106596716951572e+02
4.077552454328573504e+02 -5.460115081196682922e+02
4.083560938808307696e+02 -5.466123565676415410e+02
4.089569423288042458e+02 -5.472132050156146761e+02
4.095577907767764714e+02 -5.478140534635878112e+02
4.098463850074363677e+02 -5.485442418432805880e+02
4.098463850074363677e+02 -5.493939698673348175e+02
4.098463850074363677e+02 -5.502436978913893881e+02
4.098463850074363677e+02 -5.510934259154439587e+02
4.098463850074363677e+02 -5.519431539394981883e+02
4.098463850074363677e+02 -5.527928819635527589e+02
4.098463850074363677e+02 -5.536426099876073295e+02
4.098463850074363677e+02 -5.544923380116615590e+02
4.098463850074363677e+02 -5.553420660357161296e+02
4.098463850074363677e+02 -5.561917940597707002e+02
4.098463850074363677e+02 -5.570415220838252708e+02
4.098463850074363677e+02 -5.578912501078795003e+02
4.098463850074363677e+02 -5.587409781319340709e+02
4.098463850074363677e+02 -5.595907061559886415e+02
4.098463850074363677e+02 -5.604404341800428710e+02
4.098463850074363677e+02 -5.612901622040974416e+02
4.098463850074363677e+02 -5.621398902281518986e+02
4.098463850074363677e+02 -5.629896182522062418e+02
4.098463850074363677e+02 -5.638393462762608124e+02
4.098463850074363677e+02 -5.646890743003152693e+02
4.098463850074363677e+02 -5.655388023243698399e+02
4.098463850074363677e+02 -5.663885303484244105e+02
4.098463850074363677e+02 -5.672382583724786400e+02
4.098463850074363677e+02 -5.680879863965332106e+02
4.098463850074363677e+02 -5.689377144205874401e+02
4.098463850074363677e+02 -5.697874424446420107e+02
4.098463850074363677e+02 -5.706371704686965813e+02
4.098463850074363677e+02 -5.714868984927511519e+02
4.098463850074363677e+02 -5.723366265168053815e+02
4.098463850074363677e+02 -5.731863545408599521e+02
4.098463850074363677e+02 -5.740360825649145227e+02
4.098463850074363677e+02 -5.748858105889690933e+02
4.098463850074363677e+02 -5.757355386130233228e+02
4.098463850074363677e+02 -5.765852666370778934e+02
4.098463850074363677e+02 -5.774349946611321229e+02
4.098463850074363677e+02 -5.782847226851866935e+02
4.098463850074363677e+02 -5.791344507092412641e+02
4.098463850074363677e+02 -5.799841787332954937e+02
4.098463850074363677e+02 -5.808339067573500643e+02
4.098463850074363677e+02 -5.816836347814046349e+02
4.098463850074363677e+02 -5.825333628054590918e+02
4.098463850074363677e+02 -5.833830908295136624e+02
4.098463850074363677e+02 -5.842328188535678919e+02
4.098463850074363677e+02 -5.850825468776224625e+02
4.098463850074363677e+02 -5.859322749016766920e+02
4.098463850074363677e+02 -5.867820029257312626e+02
4.098463850074363677e+02 -5.876317309497858332e+02
4.098463850074363677e+02 -5.884814589738404038e+02
4.098463850074363677e+02 -5.893311869978946334e+02
4.098463850074363677e+02 -5.901809150219492039e+02
4.098463850074363677e+02 -5.910306430460037745e+02
4.097737740222895582e+02 -5.918502946152334516e+02
4.091729255743173326e+02 -5.924511430632065867e+02
4.085720771263438564e+02 -5.930519915111797218e+02
4.079712286783703803e+02 -5.936528399591526295e+02
4.073703802303969042e+02 -5.942536884071259919e+02
4.067695317824246786e+02 -5.948545368550992407e+02
4.061686833344512593e+02 -5.954553853030723758e+02
4.055678348864777831e+02 -5.960562337510455109e+02
4.049669864385043070e+02 -5.966570821990183049e+02
4.043661379905320814e+02 -5.972579306469917810e+02
4.037652895425586053e+02 -5.978587790949649161e+02
4.031644410945851860e+02 -5.984596275429381649e+02
4.025635926466117098e+02 -5.990604759909113000e+02
4.019627441986394842e+02 -5.996613244388844350e+02
4.013618957506660081e+02 -6.002621728868575701e+02
4.007610473026925320e+02 -6.008630213348307052e+02
4.001601988547191127e+02 -6.014638697828038403e+02
3.995593504067468871e+02 -6.020647182307770890e+02
3.989585019587734109e+02 -6.026655666787502241e+02
3.981215631658690199e+02 -6.026964426140468731e+02
3.972718351418147904e+02 -6.026964426140468731e+02
3.964221071177605040e+02 -6.026964426140468731e+02
3.955723790937062745e+02 -6.026964426140468731e+02
3.947226510696520450e+02 -6.026964426140468731e+02
3.938729230455977586e+02 -6.026964426140468731e+02
3.930231950215422785e+02 -6.026964426140468731e+02
3.921734669974880489e+02 -6.026964426140468731e+02
3.913237389734338194e+02 -6.026964426140468731e+02
3.904740109493795330e+02 -6.026964426140468731e+02
3.896242829253253035e+02 -6.026964426140468731e+02
3.887745549012698234e+02 -6.026964426140468731e+02
3.879248268772155939e+02 -6.026964426140468731e+02
3.870750988531613075e+02 -6.026964426140468731e+02
3.862253708291070780e+02 -6.026964426140468731e+02
3.853756428050528484e+02 -6.026964426140468731e+02
3.845259147809986189e+02 -6.026964426140468731e+02
3.836761867569430819e+02 -6.026964426140468731e+02
3.828264587328888524e+02 -6.026964426140468731e+02
3.819767307088346229e+02 -6.026964426140468731e+02
3.811270026847803933e+02 -6.026964426140468731e+02
3.802772746607261070e+02 -6.026964426140468731e+02
3.794275466366718774e+02 -6.026964426140468731e+02
3.785778186126163973e+02 -6.026964426140468731e+02
3.777280905885621678e+02 -6.026964426140468731e+02
3.768783625645078814e+02 -6.026964426140468731e+02
3.760286345404536519e+02 -6.026964426140468731e+02
3.751789065163994223e+02 -6.026964426140468731e+02
3.743291784923439423e+02 -6.026964426140468731e+02
3.734794504682896559e+02 -6.026964426140468731e+02
3.726297224442354263e+02 -6.026964426140468731e+02
3.717799944201811968e+02 -6.026964426140468731e+02
3.709302663961269104e+02 -6.026964426140468731e+02
3.700805383720726809e+02 -6.026964426140468731e+02
3.692308103480184514e+02 -6.026964426140468731e+02
3.683810823239629713e+02 -6.026964426140468731e+02
3.675313542999086849e+02 -6.026964426140468731e+02
3.666816262758544553e+02 -6.026964426140468731e+02
3.658318982518002258e+02 -6.026964426140468731e+02
3.649821702277447457e+02 -6.026964426140468731e+02
3.641324422036904593e+02 -6.026964426140468731e+02
3.632827141796362298e+02 -6.026964426140468731e+02
3.624329861555820003e+02 -6.026964426140468731e+02
3.615832581315277139e+02 -6.026964426140468731e+02
3.607335301074734843e+02 -6.026964426140468731e+02
3.598838020834192548e+02 -6.026964426140468731e+02
3.590340740593637747e+02 -6.026964426140468731e+02
3.581843460353094883e+02 -6.026964426140468731e+02
3.573346180112552588e+02 -6.026964426140468731e+02
3.564848899872010293e+02 -6.026964426140468731e+02
3.556351619631467997e+02 -6.026964426140468731e+02
3.547854339390912628e+02 -6.026964426140468731e+02
3.539357059150370333e+02 -6.026964426140468731e+02
3.530859778909828037e+02 -6.026964426140468731e+02
3.522362498669285742e+02 -6.026964426140468731e+02
3.513865218428742878e+02 -6.026964426140468731e+02
3.505367938188200583e+02 -6.026964426140468731e+02
3.496870657947645782e+02 -6.026964426140468731e+02
3.488373377707103487e+02 -6.026964426140468731e+02
3.479876097466560623e+02 -6.026964426140468731e+02
3.471378817226018327e+02 -6.026964426140468731e+02
3.462881536985476032e+02 -6.026964426140468731e+02
3.454384256744933168e+02 -6.026964426140468731e+02
3.445886976504378367e+02 -6.026964426140468731e+02
3.437389696263836072e+02 -6.026964426140468731e+02
3.428892416023293777e+02 -6.026964426140468731e+02
3.420395135782750913e+02 -6.026964426140468731e+02
3.411897855542208617e+02 -6.026964426140468731e+02
3.403400575301653816e+02 -6.026964426140468731e+02
3.394903295061111521e+02 -6.026964426140468731e+02
3.386406014820568657e+02 -6.026964426140468731e+02
3.377908734580026362e+02 -6.026964426140468731e+02
3.369411454339484067e+02 -6.026964426140468731e+02
3.360914174098941771e+02 -6.026964426140468731e+02
3.352416893858386402e+02 -6.026964426140468731e+02
3.343919613617844107e+02 -6.026964426140468731e+02
3.335422333377301811e+02 -6.026964426140468731e+02
3.326925053136759516e+02 -6.026964426140468731e+02
3.318427772896216652e+02 -6.026964426140468731e+02
3.309930492655674357e+02 -6.026964426140468731e+02
3.301433212415119556e+02 -6.026964426140468731e+02
3.292935932174577260e+02 -6.026964426140468731e+02
3.284438651934034397e+02 -6.026964426140468731e+02
3.275941371693492101e+02 -6.026964426140468731e+02
3.267444091452949806e+02 -6.026964426140468731e+02
3.258946811212406942e+02 -6.026964426140468731e+02
3.250449530971852141e+02 -6.026964426140468731e+02
3.241952250731309846e+02 -6.026964426140468731e+02
3.233454970490767550e+02 -6.026964426140468731e+02
3.224957690250224687e+02 -6.026964426140468731e+02
3.216460410009682391e+02 -6.026964426140468731e+02
3.207963129769127590e+02 -6.026964426140468731e+02
3.199465849528585295e+02 -6.026964426140468731e+02
3.190968569288042431e+02 -6.026964426140468731e+02
3.182471289047500136e+02 -6.026964426140468731e+02
3.173974008806957841e+02 -6.026964426140468731e+02
3.165476728566414977e+02 -6.026964426140468731e+02
3.156979448325872681e+02 -6.026964426140468731e+02
3.148482168085317880e+02 -6.026964426140468731e+02
3.139984887844775585e+02 -6.026964426140468731e+02
3.131487607604232721e+02 -6.026964426140468731e+02
3.122990327363690426e+02 -6.026964426140468731e+02
3.114493047123148131e+02 -6.026964426140468731e+02
3.105995766882593330e+02 -6.026964426140468731e+02
3.097498486642050466e+02 -6.026964426140468731e+02
3.089001206401508171e+02 -6.026964426140468731e+02
3.080503926160965875e+02 -6.026964426140468731e+02
3.072006645920423580e+02 -6.026964426140468731e+02
3.063509365679880716e+02 -6.026964426140468731e+02
3.055012085439325915e+02 -6.026964426140468731e+02
3.046514805198783620e+02 -6.026964426140468731e+02
3.038017524958241324e+02 -6.026964426140468731e+02
3.029520244717698461e+02 -6.026964426140468731e+02
3.021022964477156165e+02 -6.026964426140468731e+02
3.012525684236601364e+02 -6.026964426140468731e+02
3.004028403996059069e+02 -6.026964426140468731e+02
2.995531123755516205e+02 -6.026964426140468731e+02
2.987033843514973910e+02 -6.026964426140468731e+02
2.978536563274431614e+02 -6.026964426140468731e+02
2.970039283033888751e+02 -6.026964426140468731e+02
2.961542002793333950e+02 -6.026964426140468731e+02
2.953044722552791654e+02 -6.026964426140468731e+02
2.944547442312249359e+02 -6.026964426140468731e+02
2.936050162071706495e+02 -6.026964426140468731e+02
2.927552881831164200e+02 -6.026964426140468731e+02
2.919055601590621905e+02 -6.026964426140468731e+02
2.910558321350067104e+02 -6.026964426140468731e+02
2.902061041109524240e+02 -6.026964426140468731e+02
2.893563760868981944e+02 -6.026964426140468731e+02
2.885066480628439649e+02 -6.026964426140468731e+02
2.876569200387897354e+02 -6.026964426140468731e+02
2.868071920147341984e+02 -6.026964426140468731e+02
2.859574639906799689e+02 -6.026964426140468731e+02
2.851077359666257394e+02 -6.026964426140468731e+02
2.842580079425715098e+02 -6.026964426140468731e+02
2.834082799185172235e+02 -6.026964426140468731e+02
2.825585518944629939e+02 -6.026964426140468731e+02
2.817088238704075138e+02 -6.026964426140468731e+02
2.808590958463532843e+02 -6.026964426140468731e+02
2.800093678222989979e+02 -6.026964426140468731e+02
2.791596397982447684e+02 -6.026964426140468731e+02
2.783099117741905388e+02 -6.026964426140468731e+02
2.774601837501362525e+02 -6.026964426140468731e+02
2.766104557260807724e+02 -6.026964426140468731e+02
2.757607277020265428e+02 -6.026964426140468731e+02
2.749109996779723133e+02 -6.026964426140468731e+02
2.740612716539180269e+02 -6.026964426140468731e+02
2.732115436298637974e+02 -6.026964426140468731e+02
2.723618156058095678e+02 -6.026964426140468731e+02
2.715120875817540878e+02 -6.026964426140468731e+02
2.706623595576998014e+02 -6.026964426140468731e+02
2.698126315336455718e+02 -6.026964426140468731e+02
2.689629035095913423e+02 -6.026964426140468731e+02
2.681131754855370559e+02 -6.026964426140468731e+02
2.672634474614815758e+02 -6.026964426140468731e+02
2.664137194374273463e+02 -6.026964426140468731e+02
2.655639914133731168e+02 -6.026964426140468731e+02
2.647142633893188304e+02 -6.026964426140468731e+02
2.638645353652646008e+02 -6.026964426140468731e+02
2.630148073412103713e+02 -6.026964426140468731e+02
2.621650793171548912e+02 -6.026964426140468731e+02
2.613153512931006048e+02 -6.026964426140468731e+02
2.604656232690463753e+02 -6.026964426140468731e+02
2.596158952449921458e+02 -6.026964426140468731e+02
2.587661672209379162e+02 -6.026964426140468731e+02
2.579164391968836298e+02 -6.026964426140468731e+02
2.570667111728281498e+02 -6.026964426140468731e+02
2.562169831487739202e+02 -6.026964426140468731e+02
2.553672551247196623e+02 -6.026964426140468731e+02
2.545175271006654327e+02 -6.026964426140468731e+02
2.536677990766111748e+02 -6.026964426140468731e+02
2.528180710525569168e+02 -6.026964426140468731e+02
2.519683430285014367e+02 -6.026964426140468731e+02
2.511186150044472072e+02 -6.026964426140468731e+02
2.502688869803929492e+02 -6.026964426140468731e+02
2.494191589563386913e+02 -6.026964426140468731e+02
2.485694309322844617e+02 -6.026964426140468731e+02
2.477197029082302038e+02 -6.026964426140468731e+02
2.468699748841747237e+02 -6.026964426140468731e+02
2.460202468601204657e+02 -6.026964426140468731e+02
2.451705188360662362e+02 -6.026964426140468731e+02
2.443207908120119782e+02 -6.026964426140468731e+02
2.434710627879577487e+02 -6.026964426140468731e+02
2.426213347639022402e+02 -6.026964426140468731e+02
2.417716067398480106e+02 -6.026964426140468731e+02
2.409218787157937527e+02 -6.026964426140468731e+02
2.400721506917395232e+02 -6.026964426140468731e+02
2.392224226676852652e+02 -6.026964426140468731e+02
2.383726946436310072e+02 -6.026964426140468731e+02
2.375229666195755271e+02 -6.026964426140468731e+02
2.366732385955212976e+02 -6.026964426140468731e+02
2.358235105714670397e+02 -6.026964426140468731e+02
2.349737825474127817e+02 -6.026964426140468731e+02
2.341240545233585522e+02 -6.026964426140468731e+02
2.332743264993030721e+02 -6.026964426140468731e+02
2.324245984752488141e+02 -6.026964426140468731e+02
2.315748704511945562e+02 -6.026964426140468731e+02
2.307251424271403266e+02 -6.026964426140468731e+02
2.298754144030860687e+02 -6.026964426140468731e+02
2.290256863790318391e+02 -6.026964426140468731e+02
2.281759583549763306e+02 -6.026964426140468731e+02
2.273262303309221011e+02 -6.026964426140468731e+02
2.264765023068678431e+02 -6.026964426140468731e+02
2.256267742828136136e+02 -6.026964426140468731e+02
2.247770462587593556e+02 -6.026964426140468731e+02
2.239273182347050977e+02 -6.026964426140468731e+02
2.230775902106496176e+02 -6.026964426140468731e+02
2.222278621865953880e+02 -6.026964426140468731e+02
2.213781341625411301e+02 -6.026964426140468731e+02
2.205284061384868721e+02 -6.026964426140468731e+02
2.196786781144326426e+02 -6.026964426140468731e+02
2.188289500903771625e+02 -6.026964426140468731e+02
2.179792220663229045e+02 -6.026964426140468731e+02
2.171294940422686466e+02 -6.026964426140468731e+02
2.162797660182144170e+02 -6.026964426140468731e+02
2.154300379941601591e+02 -6.026964426140468731e+02
2.145803099701059296e+02 -6.026964426140468731e+02
2.137305819460504210e+02 -6.026964426140468731e+02
2.128808539219961915e+02 -6.026964426140468731e+02
2.120311258979419335e+02 -6.026964426140468731e+02
2.111813978738877040e+02 -6.026964426140468731e+02
2.103316698498334461e+02 -6.026964426140468731e+02
2.094819418257792165e+02 -6.026964426140468731e+02
2.086322138017237080e+02 -6.026964426140468731e+02
2.077824857776694785e+02 -6.026964426140468731e+02
2.069327577536152205e+02 -6.026964426140468731e+02
2.060830297295609910e+02 -6.026964426140468731e+02
2.052333017055067330e+02 -6.026964426140468731e+02
2.043835736814524751e+02 -6.026964426140468731e+02
2.035338456573969950e+02 -6.026964426140468731e+02
2.026841176333427654e+02 -6.026964426140468731e+02
2.018343896092885075e+02 -6.026964426140468731e+02
2.009846615852342495e+02 -6.026964426140468731e+02
2.001349335611800200e+02 -6.026964426140468731e+02
1.992852055371245399e+02 -6.026964426140468731e+02
1.984354775130702819e+02 -6.026964426140468731e+02
1.975857494890160240e+02 -6.026964426140468731e+02
1.967360214649617944e+02 -6.026964426140468731e+02
1.958862934409075365e+02 -6.026964426140468731e+02
1.950365654168533069e+02 -6.026964426140468731e+02
1.941868373927977984e+02 -6.026964426140468731e+02
1.933371093687435689e+02 -6.026964426140468731e+02
1.924873813446893109e+02 -6.026964426140468731e+02
1.916376533206350814e+02 -6.026964426140468731e+02
1.907879252965808234e+02 -6.026964426140468731e+02
1.899381972725265655e+02 -6.026964426140468731e+02
1.890884692484710854e+02 -6.026964426140468731e+02
1.882387412244168559e+02 -6.026964426140468731e+02
1.873890132003625979e+02 -6.026964426140468731e+02
1.865392851763083399e+02 -6.026964426140468731e+02
1.856895571522541104e+02 -6.026964426140468731e+02
1.848398291281998524e+02 -6.026964426140468731e+02
1.839901011041443724e+02 -6.026964426140468731e+02
1.831403730800901144e+02 -6.026964426140468731e+02
1.822906450560358849e+02 -6.026964426140468731e+02
1.814409170319816269e+02 -6.026964426140468731e+02
1.805911890079273974e+02 -6.026964426140468731e+02
1.797414609838731394e+02 -6.026964426140468731e+02
1.788917329598176593e+02 -6.026964426140468731e+02
1.780420049357634014e+02 -6.026964426140468731e+02
1.771922769117091718e+02 -6.026964426140468731e+02
1.763425488876549139e+02 -6.026964426140468731e+02
1.754928208636006559e+02 -6.026964426140468731e+02
1.746430928395451758e+02 -6.026964426140468731e+02
1.737933648154909463e+02 -6.026964426140468731e+02
1.729436367914366883e+02 -6.026964426140468731e+02
1.720939087673824304e+02 -6.026964426140468731e+02
1.712441807433282008e+02 -6.026964426140468731e+02
1.703944527192739429e+02 -6.026964426140468731e+02
1.695447246952184628e+02 -6.026964426140468731e+02
1.686949966711642048e+02 -6.026964426140468731e+02
1.678452686471099753e+02 -6.026964426140468731e+02
1.669955406230557173e+02 -6.026964426140468731e+02
1.661458125990014878e+02 -6.026964426140468731e+02
1.652960845749459793e+02 -6.026964426140468731e+02
1.644463565508917497e+02 -6.026964426140468731e+02
1.635966285268374918e+02 -6.026964426140468731e+02
1.627469005027832623e+02 -6.026964426140468731e+02
1.618971724787290043e+02 -6.026964426140468731e+02
1.610474444546747748e+02 -6.026964426140468731e+02
1.601977164306192662e+02 -6.026964426140468731e+02
1.593479884065650367e+02 -6.026964426140468731e+02
1.585211346312421767e+02 -6.027933394866050776e+02
1.577611147815731840e+02 -6.031733494114396308e+02
1.570010949319041913e+02 -6.035533593362740703e+02
1.562410750822351986e+02 -6.039333692611086235e+02
1.554810552325662059e+02 -6.043133791859430630e+02
1.547210353828972131e+02 -6.046933891107776162e+02
1.539610155332282488e+02 -6.050733990356120557e+02
1.532009956835592561e+02 -6.054534089604466089e+02
1.524409758338902634e+02 -6.058334188852810485e+02
1.516809559842212707e+02 -6.062134288101156017e+02
1.509209361345522780e+02 -6.065934387349500412e+02
1.501609162848832852e+02 -6.069734486597845944e+02
1.494008964352143209e+02 -6.073534585846190339e+02
1.486408765855453282e+02 -6.077334685094535871e+02
1.478808567358763355e+02 -6.081134784342880266e+02
1.471208368862073428e+02 -6.084934883591222388e+02
1.463608170365383501e+02 -6.088734982839566783e+02
1.456007971868693573e+02 -6.092535082087912315e+02
1.448407773372003930e+02 -6.096335181336256710e+02
1.440807574875314003e+02 -6.100135280584602242e+02
1.433207376378636582e+02 -6.103935379832946637e+02
1.425607177881946654e+02 -6.107735479081292169e+02
1.418006979385256727e+02 -6.111535578329636564e+02
1.410406780888566800e+02 -6.115335677577982096e+02
1.402806582391876873e+02 -6.119135776826326492e+02
1.395206383895186946e+02 -6.122935876074672024e+02
1.387606185398497303e+02 -6.126735975323016419e+02
1.380005986901807375e+02 -6.130536074571360814e+02
1.372405788405117448e+02 -6.134336173819702935e+02
1.364337170350829354e+02 -6.136152015980067063e+02
1.355839890110286774e+02 -6.136152015980067063e+02
1.347342609869731973e+02 -6.136152015980067063e+02
1.338845329629189678e+02 -6.136152015980067063e+02
1.330348049388647098e+02 -6.136152015980067063e+02
1.321850769148104519e+02 -6.136152015980067063e+02
1.313353488907562223e+02 -6.136152015980067063e+02
1.304856208667007422e+02 -6.136152015980067063e+02
1.296358928426464843e+02 -6.136152015980067063e+02
1.287861648185922263e+02 -6.136152015980067063e+02
1.279364367945379968e+02 -6.136152015980067063e+02
1.270867087704837530e+02 -6.136152015980067063e+02
1.262369807464294951e+02 -6.136152015980067063e+02
1.253872527223740150e+02 -6.136152015980067063e+02
1.245375246983197712e+02 -6.136152015980067063e+02
1.236877966742655275e+02 -6.136152015980067063e+02
1.228380686502112695e+02 -6.136152015980067063e+02
1.219883406261570258e+02 -6.136152015980067063e+02
1.211386126021015457e+02 -6.136152015980067063e+02
1.202888845780472877e+02 -6.136152015980067063e+02
1.194391565539930440e+02 -6.136152015980067063e+02
1.185894285299388002e+02 -6.136152015980067063e+02
1.177397005058845565e+02 -6.136152015980067063e+02
1.168899724818303127e+02 -6.136152015980067063e+02
1.160402444577760690e+02 -6.136152015980067063e+02
1.151905164337205747e+02 -6.136152015980067063e+02
1.143407884096663309e+02 -6.136152015980067063e+02
1.134910603856120872e+02 -6.136152015980067063e+02
1.126413323615578435e+02 -6.136152015980067063e+02
1.117916043375035855e+02 -6.136152015980067063e+02
1.109418763134481054e+02 -6.136152015980067063e+02
1.100921482893938617e+02 -6.136152015980067063e+02
1.092424202653396179e+02 -6.136152015980067063e+02
1.083926922412853600e+02 -6.136152015980067063e+02
1.075429642172311162e+02 -6.136152015980067063e+02
1.066932361931768725e+02 -6.136152015980067063e+02
1.058435081691213924e+02 -6.136152015980067063e+02
1.049937801450671344e+02 -6.136152015980067063e+02
1.041440521210128907e+02 -6.136152015980067063e+02
1.032943240969586469e+02 -6.136152015980067063e+02
1.024445960729044032e+02 -6.136152015980067063e+02
1.015948680488501594e+02 -6.136152015980067063e+02
1.007451400247946651e+02 -6.136152015980067063e+02
9.989541200074042138e+01 -6.136152015980067063e+02
9.904568397668617763e+01 -6.136152015980067063e+02
9.819595595263193388e+01 -6.136152015980067063e+02
9.734622792857769014e+01 -6.136152015980067063e+02
9.649649990452343218e+01 -6.136152015980067063e+02
9.564677188046795209e+01 -6.136152015980067063e+02
9.479704385641370834e+01 -6.136152015980067063e+02
9.394731583235946459e+01 -6.136152015980067063e+02
9.309758780830520664e+01 -6.136152015980067063e+02
9.224785978425096289e+01 -6.136152015980067063e+02
9.139813176019548280e+01 -6.136152015980067063e+02
9.054840373614123905e+01 -6.136152015980067063e+02
8.969867571208698109e+01 -6.136152015980067063e+02
8.884894768803273735e+01 -6.136152015980067063e+02
8.799921966397849360e+01 -6.136152015980067063e+02
8.714949163992424985e+01 -6.136152015980067063e+02
8.629976361586875555e+01 -6.136152015980067063e+02
8.545003559181451180e+01 -6.136152015980067063e+02
8.460030756776026806e+01 -6.136152015980067063e+02
8.375057954370602431e+01 -6.136152015980067063e+02
8.290085151965178056e+01 -6.136152015980067063e+02
8.205112349559753682e+01 -6.136152015980067063e+02
8.120139547154204251e+01 -6.136152015980067063e+02
8.035166744748779877e+01 -6.136152015980067063e+02
7.950193942343355502e+01 -6.136152015980067063e+02
7.865221139937929706e+01 -6.136152015980067063e+02
7.780248337532505332e+01 -6.136152015980067063e+02
7.695275535126957323e+01 -6.136152015980067063e+02
7.610302732721532948e+01 -6.136152015980067063e+02
7.525329930316107152e+01 -6.136152015980067063e+02
7.440357127910682777e+01 -6.136152015980067063e+02
7.355384325505258403e+01 -6.136152015980067063e+02
7.270411523099834028e+01 -6.136152015980067063e+02
7.185438720694284598e+01 -6.136152015980067063e+02
7.111015853587574043e+01 -6.138698995668102043e+02
7.050931008790351484e+01 -6.144707480147833394e+02
6.990846163993005291e+01 -6.150715964627564745e+02
6.930761319195659098e+01 -6.156724449107297232e+02
6.870676474398312905e+01 -6.162732933587028583e+02
6.810591629601090347e+01 -6.168741418066759934e+02
6.750506784803744154e+01 -6.174749902546491285e+02
6.690421940006397961e+01 -6.180758387026222636e+02
6.630337095209050347e+01 -6.186766871505953986e+02
6.570252250411829209e+01 -6.192775355985686474e+02
6.510167405614481595e+01 -6.198783840465417825e+02
6.450082560817135402e+01 -6.204792324945149176e+02
6.389997716019789209e+01 -6.210800809424880526e+02
6.329912871222567361e+01 -6.216809293904611877e+02
6.269828026425221168e+01 -6.222817778384343228e+02
6.209743181627874264e+01 -6.228826262864075716e+02
6.149658336830528071e+01 -6.234834747343807066e+02
6.089573492033305513e+01 -6.240843231823538417e+02
6.023225280534784076e+01 -6.245339605819666531e+02
5.938252478129359702e+01 -6.245339605819666531e+02
5.853279675723934616e+01 -6.245339605819666531e+02
5.768306873318385897e+01 -6.245339605819666531e+02
5.683334070912961522e+01 -6.245339605819666531e+02
5.598361268507537147e+01 -6.245339605819666531e+02
5.513388466102112062e+01 -6.245339605819666531e+02
5.428415663696687687e+01 -6.245339605819666531e+02
5.343442861291263313e+01 -6.245339605819666531e+02
5.258470058885714593e+01 -6.245339605819666531e+02
5.173497256480289508e+01 -6.245339605819666531e+02
5.088524454074865133e+01 -6.245339605819666531e+02
5.003551651669440758e+01 -6.245339605819666531e+02
4.918578849264015673e+01 -6.245339605819666531e+02
4.833606046858591299e+01 -6.245339605819666531e+02
4.748633244453042579e+01 -6.245339605819666531e+02
4.663660442047618204e+01 -6.245339605819666531e+02
4.578687639642193119e+01 -6.245339605819666531e+02
4.493714837236768744e+01 -6.245339605819666531e+02
4.408742034831344370e+01 -6.245339605819666531e+02
4.323769232425919284e+01 -6.245339605819666531e+02
4.238796430020370565e+01 -6.245339605819666531e+02
4.153823627614946190e+01 -6.245339605819666531e+02
4.068850825209521815e+01 -6.245339605819666531e+02
3.983878022804096730e+01 -6.245339605819666531e+02
3.898905220398672355e+01 -6.245339605819666531e+02
3.813932417993123636e+01 -6.245339605819666531e+02
3.728959615587699261e+01 -6.245339605819666531e+02
3.643986813182274176e+01 -6.245339605819666531e+02
3.559014010776849801e+01 -6.245339605819666531e+02
3.474041208371425427e+01 -6.245339605819666531e+02
3.389068405966000341e+01 -6.245339605819666531e+02
3.304095603560451622e+01 -6.245339605819666531e+02
3.219122801155027247e+01 -6.245339605819666531e+02
3.134149998749602517e+01 -6.245339605819666531e+02
3.049177196344177787e+01 -6.245339605819666531e+02
2.964204393938753412e+01 -6.245339605819666531e+02
2.879231591533328682e+01 -6.245339605819666531e+02
2.794258789127779963e+01 -6.245339605819666531e+02
2.709285986722355233e+01 -6.245339605819666531e+02
2.624313184316930858e+01 -6.245339605819666531e+02
2.539340381911506128e+01 -6.245339605819666531e+02
2.454367579506081398e+01 -6.245339605819666531e+02
2.369394777100657024e+01 -6.245339605819666531e+02
2.284421974695108304e+01 -6.245339605819666531e+02
2.199449172289683574e+01 -6.245339605819666531e+02
2.114476369884258844e+01 -6.245339605819666531e+02
2.029503567478834469e+01 -6.245339605819666531e+02
1.944530765073409739e+01 -6.245339605819666531e+02
1.859557962667985009e+01 -6.245339605819666531e+02
1.774585160262436290e+01 -6.245339605819666531e+02
1.689612357857011560e+01 -6.245339605819666531e+02
1.604639555451587185e+01 -6.245339605819666531e+02
1.519666753046162455e+01 -6.245339605819666531e+02
1.434693950640737903e+01 -6.245339605819666531e+02
1.349721148235313350e+01 -6.245339605819666531e+02
1.264748345829764453e+01 -6.245339605819666531e+02
1.179775543424339901e+01 -6.245339605819666531e+02
1.094802741018915349e+01 -6.245339605819666531e+02
1.009829938613490619e+01 -6.245339605819666531e+02
9.248571362080660663e+00 -6.245339605819666531e+02
8.398843338025173466e+00 -6.245339605819666531e+02
7.549115313970927055e+00 -6.245339605819666531e+02
6.699387289916680643e+00 -6.245339605819666531e+02
5.849659265862435120e+00 -6.245339605819666531e+02
4.999931241808188709e+00 -6.245339605819666531e+02
4.150203217753942297e+00 -6.245339605819666531e+02
3.300475193699696330e+00 -6.245339605819666531e+02
2.450747169644209134e+00 -6.245339605819666531e+02
1.601019145589962944e+00 -6.245339605819666531e+02
7.512911215357168659e-01 -6.245339605819666531e+02
-9.843690251852926787e-02 -6.245339605819666531e+02
-9.481649265727754017e-01 -6.245339605819666531e+02
-1.797892950628262820e+00 -6.245339605819666531e+02
-2.647620974682508788e+00 -6.245339605819666531e+02
-3.497348998736755199e+00 -6.245339605819666531e+02
-4.347077022791001610e+00 -6.245339605819666531e+02
-5.196805046845247134e+00 -6.245339605819666531e+02
-6.046533070899493545e+00 -6.245339605819666531e+02
-6.896261094954980742e+00 -6.245339605819666531e+02
-7.745989119009227153e+00 -6.245339605819666531e+02
-8.595717143063472676e+00 -6.245339605819666531e+02
-9.445445167117719976e+00 -6.245339605819666531e+02
-1.029517319117196550e+01 -6.245339605819666531e+02
-1.114490121522621102e+01 -6.245339605819666531e+02
-1.199462923928169822e+01 -6.245339605819666531e+02
-1.284435726333594552e+01 -6.245339605819666531e+02
-1.369408528739019104e+01 -6.245339605819666531e+02
-1.454381331144443656e+01 -6.245339605819666531e+02
-1.539354133549868386e+01 -6.245339605819666531e+02
-1.624326935955292939e+01 -6.245339605819666531e+02
-1.709299738360841658e+01 -6.245339605819666531e+02
-1.794272540766266388e+01 -6.245339605819666531e+02
-1.879245343171690763e+01 -6.245339605819666531e+02
-1.964218145577115493e+01 -6.245339605819666531e+02
-2.049190947982540223e+01 -6.245339605819666531e+02
-2.134163750388088943e+01 -6.245339605819666531e+02
-2.219136552793513673e+01 -6.245339605819666531e+02
-2.304109355198938047e+01 -6.245339605819666531e+02
-2.389082157604362777e+01 -6.245339605819666531e+02
-2.474054960009787507e+01 -6.245339605819666531e+02
-2.559027762415211882e+01 -6.245339605819666531e+02
-2.644000564820760601e+01 -6.245339605819666531e+02
-2.728973367226185331e+01 -6.245339605819666531e+02
-2.813946169631610061e+01 -6.245339605819666531e+02
-2.898918972037034436e+01 -6.245339605819666531e+02
-2.983891774442459166e+01 -6.245339605819666531e+02
-3.068864576847883896e+01 -6.245339605819666531e+02
-3.153837379253432616e+01 -6.245339605819666531e+02
-3.238810181658857346e+01 -6.245339605819666531e+02
-3.323782984064281720e+01 -6.245339605819666531e+02
-3.408755786469706095e+01 -6.245339605819666531e+02
-3.493728588875131180e+01 -6.245339605819666531e+02
-3.578701391280555555e+01 -6.245339605819666531e+02
-3.663674193686104275e+01 -6.245339605819666531e+02
-3.748646996091528649e+01 -6.245339605819666531e+02
-3.818580767086974248e+01 -6.248970349179165851e+02
-3.878665611884196807e+01 -6.254978833658898338e+02
-3.938750456681543000e+01 -6.260987318138629689e+02
-3.998835301478889193e+01 -6.266995802618361040e+02
-4.058920146276236096e+01 -6.273004287098092391e+02
-4.119004991073582289e+01 -6.279012771577823742e+02
-4.179089835870804137e+01 -6.285021256057555092e+02
-4.239174680668151041e+01 -6.291029740537287580e+02
-4.299259525465497234e+01 -6.297038225017018931e+02
-4.359344370262843427e+01 -6.303046709496750282e+02
-4.419429215060065985e+01 -6.309055193976481632e+02
-4.479514059857412178e+01 -6.315063678456212983e+02
-4.539598904654758371e+01 -6.321072162935944334e+02
-4.599683749451980930e+01 -6.327080647415675685e+02
-4.659768594249327123e+01 -6.333089131895408173e+02
-4.719853439046674026e+01 -6.339097616375139523e+02
-4.779938283844020219e+01 -6.345106100854870874e+02
-4.840023128641366412e+01 -6.351114585334602225e+02
-4.910860436251029881e+01 -6.354527195659264862e+02
-4.995833238656454967e+01 -6.354527195659264862e+02
-5.080806041062003686e+01 -6.354527195659264862e+02
-5.165778843467428061e+01 -6.354527195659264862e+02
-5.250751645872852436e+01 -6.354527195659264862e+02
-5.335724448278277521e+01 -6.354527195659264862e+02
-5.420697250683701895e+01 -6.354527195659264862e+02
-5.505670053089126270e+01 -6.354527195659264862e+02
-5.590642855494674990e+01 -6.354527195659264862e+02
-5.675615657900100075e+01 -6.354527195659264862e+02
-5.760588460305524450e+01 -6.354527195659264862e+02
-5.845561262710948824e+01 -6.354527195659264862e+02
-5.930534065116373910e+01 -6.354527195659264862e+02
-6.015506867521798284e+01 -6.354527195659264862e+02
-6.100479669927347004e+01 -6.354527195659264862e+02
-6.185452472332771379e+01 -6.354527195659264862e+02
-6.270425274738196464e+01 -6.354527195659264862e+02
-6.355398077143620839e+01 -6.354527195659264862e+02
-6.440370879549045924e+01 -6.354527195659264862e+02
-6.525343681954470298e+01 -6.354527195659264862e+02
-6.610316484360018308e+01 -6.354527195659264862e+02
-6.695289286765444103e+01 -6.354527195659264862e+02
-6.780262089170868478e+01 -6.354527195659264862e+02
-6.865234891576292853e+01 -6.354527195659264862e+02
-6.950207693981717227e+01 -6.354527195659264862e+02
-7.035180496387141602e+01 -6.354527195659264862e+02
-7.120153298792691032e+01 -6.354527195659264862e+02
-7.205126101198115407e+01 -6.354527195659264862e+02
-7.290098903603539782e+01 -6.354527195659264862e+02
-7.375071706008964156e+01 -6.354527195659264862e+02
-7.460044508414388531e+01 -6.354527195659264862e+02
-7.545017310819937961e+01 -6.354527195659264862e+02
-7.629990113225362336e+01 -6.354527195659264862e+02
-7.714962915630786711e+01 -6.354527195659264862e+02
-7.799935718036211085e+01 -6.354527195659264862e+02
-7.884908520441636881e+01 -6.354527195659264862e+02
-7.969881322847061256e+01 -6.354527195659264862e+02
-8.054854125252609265e+01 -6.354527195659264862e+02
-8.139826927658033640e+01 -6.354527195659264862e+02
-8.224799730063459435e+01 -6.354527195659264862e+02
-8.309772532468883810e+01 -6.354527195659264862e+02
-8.394745334874308185e+01 -6.354527195659264862e+02
-8.479718137279856194e+01 -6.354527195659264862e+02
-8.564690939685281990e+01 -6.354527195659264862e+02
-8.649663742090706364e+01 -6.354527195659264862e+02
-8.734636544496130739e+01 -6.354527195659264862e+02
-8.819609346901555114e+01 -6.354527195659264862e+02
-8.904582149306979488e+01 -6.354527195659264862e+02
-8.989554951712528919e+01 -6.354527195659264862e+02
-9.074527754117953293e+01 -6.354527195659264862e+02
-9.159500556523377668e+01 -6.354527195659264862e+02
-9.244473358928802043e+01 -6.354527195659264862e+02
-9.329446161334226417e+01 -6.354527195659264862e+02
-9.414418963739652213e+01 -6.354527195659264862e+02
-9.499391766145200222e+01 -6.354527195659264862e+02
-9.584364568550624597e+01 -6.354527195659264862e+02
-9.669337370956048971e+01 -6.354527195659264862e+02
-9.754310173361474767e+01 -6.354527195659264862e+02
-9.839282975766899142e+01 -6.354527195659264862e+02
-9.924255778172447151e+01 -6.354527195659264862e+02
-1.000922858057787153e+02 -6.354527195659264862e+02
-1.009420138298329732e+02 -6.354527195659264862e+02
-1.017917418538872170e+02 -6.354527195659264862e+02
-1.026414698779414607e+02 -6.354527195659264862e+02
-1.034911979019957045e+02 -6.354527195659264862e+02
-1.043409259260511988e+02 -6.354527195659264862e+02
-1.051906539501054425e+02 -6.354527195659264862e+02
-1.060403819741596863e+02 -6.354527195659264862e+02
-1.068901099982139300e+02 -6.354527195659264862e+02
-1.077398380222681737e+02 -6.354527195659264862e+02
-1.085895660463224317e+02 -6.354527195659264862e+02
-1.094392940703779118e+02 -6.354527195659264862e+02
-1.102890220944321555e+02 -6.354527195659264862e+02
-1.111387501184863993e+02 -6.354527195659264862e+02
-1.119884781425406572e+02 -6.354527195659264862e+02
-1.128382061665949010e+02 -6.354527195659264862e+02
-1.136879341906491447e+02 -6.354527195659264862e+02
-1.145376622147046248e+02 -6.354527195659264862e+02
-1.153873902387588828e+02 -6.354527195659264862e+02
-1.162371182628131265e+02 -6.354527195659264862e+02
-1.170868462868673703e+02 -6.354527195659264862e+02
-1.179365743109216140e+02 -6.354527195659264862e+02
-1.187863023349771083e+02 -6.354527195659264862e+02
-1.196360303590313521e+02 -6.354527195659264862e+02
-1.204857583830855958e+02 -6.354527195659264862e+02
-1.213354864071398396e+02 -6.354527195659264862e+02
-1.221852144311940833e+02 -6.354527195659264862e+02
-1.230349424552483271e+02 -6.354527195659264862e+02
-1.238846704793038214e+02 -6.354527195659264862e+02
-1.247343985033580651e+02 -6.354527195659264862e+02
-1.255841265274123089e+02 -6.354527195659264862e+02
-1.264338545514665526e+02 -6.354527195659264862e+02
-1.272835825755208106e+02 -6.354527195659264862e+02
-1.281333105995750543e+02 -6.354527195659264862e+02
-1.289830386236305344e+02 -6.354527195659264862e+02
-1.298327666476847924e+02 -6.354527195659264862e+02
-1.306824946717390219e+02 -6.354527195659264862e+02
-1.315322226957932799e+02 -6.354527195659264862e+02
-1.323819507198475094e+02 -6.354527195659264862e+02
-1.332316787439030179e+02 -6.354527195659264862e+02
-1.340814067679572474e+02 -6.354527195659264862e+02
-1.349311347920115054e+02 -6.354527195659264862e+02
-1.357808628160657349e+02 -6.354527195659264862e+02
-1.366305908401199929e+02 -6.354527195659264862e+02
-1.374803188641742508e+02 -6.354527195659264862e+02
-1.383300468882297309e+02 -6.354527195659264862e+02
-1.391797749122839889e+02 -6.354527195659264862e+02
-1.400295029363382184e+02 -6.354527195659264862e+02
-1.408792309603924764e+02 -6.354527195659264862e+02
-1.417289589844467059e+02 -6.354527195659264862e+02
-1.425786870085009639e+02 -6.354527195659264862e+02
-1.434284150325564440e+02 -6.354527195659264862e+02
-1.442781430566107019e+02 -6.354527195659264862e+02
-1.451278710806649315e+02 -6.354527195659264862e+02
-1.459775991047191894e+02 -6.354527195659264862e+02
-1.468273271287734190e+02 -6.354527195659264862e+02
-1.476770551528276769e+02 -6.354527195659264862e+02
-1.485267831768831570e+02 -6.354527195659264862e+02
-1.493765112009374150e+02 -6.354527195659264862e+02
-1.502262392249916445e+02 -6.354527195659264862e+02
-1.510759672490459025e+02 -6.354527195659264862e+02
-1.519256952731001604e+02 -6.354527195659264862e+02
-1.527754232971556405e+02 -6.354527195659264862e+02
-1.536251513212098700e+02 -6.354527195659264862e+02
-1.544748793452641280e+02 -6.354527195659264862e+02
-1.553246073693183860e+02 -6.354527195659264862e+02
-1.561743353933726155e+02 -6.354527195659264862e+02
-1.570240634174268735e+02 -6.354527195659264862e+02
-1.578737914414823535e+02 -6.354527195659264862e+02
-1.587235194655366115e+02 -6.354527195659264862e+02
-1.595732474895908410e+02 -6.354527195659264862e+02
-1.604229755136450990e+02 -6.354527195659264862e+02
-1.612727035376993285e+02 -6.354527195659264862e+02
-1.621224315617535865e+02 -6.354527195659264862e+02
-1.629721595858090666e+02 -6.354527195659264862e+02
-1.638218876098633245e+02 -6.354527195659264862e+02
-1.646716156339175541e+02 -6.354527195659264862e+02
-1.655213436579718120e+02 -6.354527195659264862e+02
-1.663710716820260700e+02 -6.354527195659264862e+02
-1.672207997060815501e+02 -6.354527195659264862e+02
-1.680705277301357796e+02 -6.354527195659264862e+02
-1.689202557541900376e+02 -6.354527195659264862e+02
-1.697699837782442955e+02 -6.354527195659264862e+02
