-4.838710261433334381e-01 4.419526833749998218e+01
-7.570184381433193721e-01 4.419511004349998018e+01
-1.030165545143319150e+00 4.419465188149997914e+01
-1.303312107143341336e+00 4.419391649649998044e+01
-1.576457706143344240e+00 4.419292373949997454e+01
-1.849602461143319942e+00 4.419169112249997511e+01
-2.122746149143324601e+00 4.419023419349997539e+01
-2.395888681143333088e+00 4.418856682749998299e+01
-2.669029984143321599e+00 4.418670146849997593e+01
-2.942170008143335735e+00 4.418464932849998661e+01
-3.215308715143322615e+00 4.418242055149997327e+01
-3.488446079143329825e+00 4.418002435349997370e+01
-3.761582083143338195e+00 4.417746913049998625e+01
-4.034716717143339793e+00 4.417476256249997846e+01
-4.307849979143327346e+00 4.417191169549998619e+01
-4.580981870143318702e+00 4.416892301049998082e+01
-4.854112395143317826e+00 4.416580248449997725e+01
-5.127241564143332653e+00 4.416255564649998178e+01
-5.400369388143332117e+00 4.415918761849998475e+01
-5.673495880143320846e+00 4.415570316249997518e+01
-5.946621192143339840e+00 4.415210670449998531e+01
-6.219745105143317687e+00 4.414840238249998094e+01
-6.492867744143325126e+00 4.414459405449997575e+01
-6.765989126143324484e+00 4.414068533649998471e+01
-7.039109274143328321e+00 4.413667961649997551e+01
-7.312228206143316811e+00 4.413258007749998058e+01
-7.585345944143341512e+00 4.412838971249998110e+01
-7.858462509143322450e+00 4.412411133949997577e+01
-8.131577922143321757e+00 4.411974761949997514e+01
-8.404692205143334149e+00 4.411530106149997721e+01
-8.677805378143318649e+00 4.411077404049997597e+01
-8.950917464143344660e+00 4.410616880149997598e+01
-9.224028482143324936e+00 4.410148747549997950e+01
-9.497138455143328883e+00 4.409673208249998311e+01
-9.770247403143343945e+00 4.409190453949997845e+01
-1.004335534714331857e+01 4.408700667049997435e+01
-1.031641850214333544e+01 4.408204101249998530e+01
-1.058952074414332856e+01 4.407700769349997927e+01
-1.086262183414334004e+01 4.407190901449997966e+01
-1.113572178514331767e+01 4.406674647949998302e+01
-1.140882061214333021e+01 4.406152152249997300e+01
-1.168191832914334327e+01 4.405623551149997752e+01
-1.195501494614333637e+01 4.405088975849997723e+01
-1.222811047914333926e+01 4.404548551549997626e+01
-1.250120494014333872e+01 4.404002398249997441e+01
-1.277429834014333210e+01 4.403450631049997810e+01
-1.304739069214332403e+01 4.402893359949997887e+01
-1.332048200914331915e+01 4.402330690749998610e+01
-1.359357230014333595e+01 4.401762724849997710e+01
-1.386666157814332223e+01 4.401189559649998273e+01
-1.413974985414333219e+01 4.400611288749998096e+01
-1.441283713814331691e+01 4.400028002149997519e+01
-1.468592344114333059e+01 4.399439786349998371e+01
-1.495900877214333491e+01 4.398846724549997589e+01
-1.523209314214332721e+01 4.398248896849997891e+01
-1.550517656014332601e+01 4.397646380649997866e+01
-1.577825903614333924e+01 4.397039250049998316e+01
-1.605134057914332857e+01 4.396427576749998423e+01
-1.632442119714332307e+01 4.395811429949998228e+01
-1.659750089914334126e+01 4.395190876349998632e+01
-1.687057969414334480e+01 4.394565980149998552e+01
-1.714365759014333435e+01 4.393936803449997797e+01
-1.741673459414332115e+01 4.393303406149998125e+01
-1.768981071414333428e+01 4.392665846249998651e+01
-1.796288595814331757e+01 4.392024179649997961e+01
-1.823596033214332124e+01 4.391378460449998045e+01
-1.850903384414331754e+01 4.390728740749997883e+01
-1.878210650114331770e+01 4.390075071249998473e+01
-1.905517830814332569e+01 4.389417500749998169e+01
-1.932824927314334218e+01 4.388756076549998397e+01
-1.960131940114334270e+01 4.388090844349997610e+01
-1.987438869814332065e+01 4.387421848449997697e+01
-2.014745717014332627e+01 4.386749131749998298e+01
-2.042052482114331724e+01 4.386072735649997867e+01
-2.069359165814333323e+01 4.385392700349997597e+01
-2.096665768614332137e+01 4.384709064849998583e+01
-2.123972290814333519e+01 4.384021866849998617e+01
-2.151278732914332181e+01 4.383331142749997866e+01
-2.178585095514333148e+01 4.382636927949998551e+01
-2.205891378814332882e+01 4.381939256849997832e+01
-2.233197583314333201e+01 4.381238162549998094e+01
-2.260503709414332718e+01 4.380533677249998448e+01
-2.287809757314333581e+01 4.379825832249997575e+01
-2.315115727414332980e+01 4.379114657749997264e+01
-2.342421620114332370e+01 4.378400183049997452e+01
-2.369727435514333536e+01 4.377682436549997647e+01
-2.397033174014333667e+01 4.376961445849997290e+01
-2.424338835814333493e+01 4.376237237649998235e+01
-2.451644421014333375e+01 4.375509837849998007e+01
-2.478949929914332984e+01 4.374779271549998327e+01
-2.506255362614332682e+01 4.374045563049998009e+01
-2.533560719214332835e+01 4.373308735849998641e+01
-2.560865999914332747e+01 4.372568812949998573e+01
-2.588171204814332782e+01 4.371825816449998570e+01
-2.615476333914332940e+01 4.371079767749998268e+01
-2.642781387214333222e+01 4.370330687749998333e+01
-2.670086364614333263e+01 4.369578596349998634e+01
-2.697395804214333737e+01 4.368823387649997869e+01
-2.724700850314333422e+01 4.368065325049998648e+01
-2.752005829714333629e+01 4.367304307649997952e+01
-2.779310742414332935e+01 4.366540353149997600e+01
-2.806615588814332796e+01 4.365773478549998288e+01
-2.833920369114332516e+01 4.365003700449997837e+01
-2.861225083514332823e+01 4.364231034849997570e+01
-2.888529732114332660e+01 4.363455497249998416e+01
-2.915834315114332753e+01 4.362677102549997699e+01
-2.943138832814332773e+01 4.361895865349997337e+01
-2.970443284914333049e+01 4.361111799449997761e+01
-2.997747672014332920e+01 4.360324918349998313e+01
-3.025051994014333445e+01 4.359535235149998300e+01
-3.052356250914333202e+01 4.358742762249997327e+01
-3.079660443014333282e+01 4.357947511749998171e+01
-3.106964570114332957e+01 4.357149495349997892e+01
-3.134268632314332592e+01 4.356348724049998111e+01
-3.161572629714332550e+01 4.355545208749997244e+01
-3.188876562114333524e+01 4.354738959749998628e+01
-3.216180429714333400e+01 4.353929986949998465e+01
-3.243484232414333235e+01 4.353118299749998243e+01
-3.270787970014333723e+01 4.352303907449997666e+01
-3.298091642614332386e+01 4.351486818549997793e+01
-3.325395250014332760e+01 4.350667041549998260e+01
-3.352698792014332696e+01 4.349844584149998639e+01
-3.380002268714332558e+01 4.349019454149997443e+01
-3.407305665714332576e+01 4.348191659049997781e+01
-3.434609007614332654e+01 4.347361204849997307e+01
-3.461912282914333616e+01 4.346528098449998367e+01
-3.489215491214332587e+01 4.345692345949997559e+01
-3.516518632214332740e+01 4.344853953049998552e+01
-3.543821705514332621e+01 4.344012925149998239e+01
-3.571124710714333617e+01 4.343169267349998108e+01
-3.598427647314332489e+01 4.342322984349998194e+01
-3.625730514814333105e+01 4.341474080549997439e+01
-3.653033312614333283e+01 4.340622559949997594e+01
-3.680336040214332627e+01 4.339768426449998628e+01
-3.707638696814332491e+01 4.338911683249997964e+01
-3.734941281914332478e+01 4.338052333449998343e+01
-3.762243794714332523e+01 4.337190379949997521e+01
-3.789546234214333253e+01 4.336325825049998173e+01
-3.816848599814332488e+01 4.335458670949998350e+01
-3.844150890514333696e+01 4.334588919449997491e+01
-3.871453105314333243e+01 4.333716572049998206e+01
-3.898755243114332814e+01 4.332841629949997753e+01
-3.926057302814332672e+01 4.331964093949997618e+01
-3.953359283214332720e+01 4.331083964749997506e+01
-3.980661183114332857e+01 4.330201242549998142e+01
-4.007963001114333679e+01 4.329315927349998105e+01
-4.035264735814332937e+01 4.328428018749997364e+01
-4.062566385514332978e+01 4.327537516249998362e+01
-4.089867948914333340e+01 4.326644418849997464e+01
-4.117169424014332435e+01 4.325748725349997414e+01
-4.144470809214332974e+01 4.324850434149998080e+01
-4.171772102514333369e+01 4.323949543449998600e+01
-4.199073302014332398e+01 4.323046051149998448e+01
-4.226374405614332375e+01 4.322139954749998481e+01
-4.253675411314333132e+01 4.321231251549997410e+01
-4.280976316714333052e+01 4.320319938549998540e+01
-4.308277119714333026e+01 4.319406012349998036e+01
-4.335577818214332524e+01 4.318489469349998444e+01
-4.362878409714332406e+01 4.317570305649998375e+01
-4.390178892214332507e+01 4.316648516849997463e+01
-4.417479263514333354e+01 4.315724098549998189e+01
-4.444779522114333759e+01 4.314797045749998006e+01
-4.472079666314333224e+01 4.313867353349998268e+01
-4.499379695514332411e+01 4.312935015649998149e+01
-4.526679609414333072e+01 4.312000026749997517e+01
-4.553979409014333157e+01 4.311062380649997294e+01
-4.581279097014332535e+01 4.310122070449997977e+01
-4.608574168514333280e+01 4.309179245249997336e+01
-4.635872878314333434e+01 4.308233612949997848e+01
-4.663171353514333362e+01 4.307285299449998206e+01
-4.690469578614333557e+01 4.306334297549997814e+01
-4.717767536914332993e+01 4.305380599849998191e+01
-4.745065225614332860e+01 4.304424197849998279e+01
-4.772362606314332822e+01 4.303465084049997813e+01
-4.799659672214333739e+01 4.302503249749997849e+01
-4.826956409914333790e+01 4.301538685749997626e+01
-4.854252810714332611e+01 4.300571382549998134e+01
-4.881548875214332384e+01 4.299601329949997819e+01
-4.908844619614333737e+01 4.298628516949997902e+01
-4.936140086614332745e+01 4.297652930949998051e+01
-4.963435363514332721e+01 4.296674557549998497e+01
-4.990730608414332892e+01 4.295693379449997451e+01
-5.018026087614333619e+01 4.294709374649997358e+01
-5.045322200614333497e+01 4.293722516349997420e+01
-5.072623960714332725e+01 4.292732609249998177e+01
-5.099928613614332562e+01 4.291739738549998151e+01
-5.127240546314332903e+01 4.290743729349998148e+01
-5.154511899414333698e+01 4.289746318149997251e+01
-5.181899911314333451e+01 4.288741727349997745e+01
-5.209200041614333543e+01 4.287737439949998475e+01
-5.236500083314332699e+01 4.286730224949998558e+01
-5.263800033014332769e+01 4.285720066549997398e+01
-5.291099886514332695e+01 4.284706948649997571e+01
-5.318399638814332775e+01 4.283690854649998414e+01
-5.345699289114332942e+01 4.282671767349998504e+01
-5.372998814514333787e+01 4.281649669849997508e+01
-5.400298216814333330e+01 4.280624543949997474e+01
-5.427595377314332836e+01 4.279596450849997780e+01
-5.454889742214332671e+01 4.278565393049997567e+01
-5.482183915114333672e+01 4.277531252849998111e+01
-5.509477913814333760e+01 4.276494009449997691e+01
-5.536771751714333334e+01 4.275453641549998451e+01
-5.564065423614333383e+01 4.274410128049997581e+01
-5.591358956414333647e+01 4.273363445949998152e+01
-5.618652347514333201e+01 4.272313573049997615e+01
-5.645945600814333432e+01 4.271260486049997951e+01
-5.673238719114333151e+01 4.270204161049997538e+01
-5.700531704414332523e+01 4.269144573949998289e+01
-5.727824558414333467e+01 4.268081699549998120e+01
-5.755117282014333568e+01 4.267015512349998119e+01
-5.782409875614332861e+01 4.265945986049997884e+01
-5.809702339714333164e+01 4.264873093649997315e+01
-5.836994674014333384e+01 4.263796807649997334e+01
-5.864286878514333523e+01 4.262717099649998431e+01
-5.891578952514332457e+01 4.261633940549998556e+01
-5.918870895714333358e+01 4.260547300649997737e+01
-5.946162707114332591e+01 4.259457149149997690e+01
-5.973478692114332489e+01 4.258362479149998592e+01
-6.000707147614332371e+01 4.257267747249997569e+01
-6.027984777114333781e+01 4.256167431649997468e+01
-6.055264869114333237e+01 4.255063372449997416e+01
-6.082558384014332376e+01 4.253955087849998051e+01
-6.109853867714332409e+01 4.252843004049998399e+01
-6.137150693814332669e+01 4.251727109149997830e+01
-6.164448158314333170e+01 4.250607393649997334e+01
-6.191745780514332864e+01 4.249483838249997802e+01
-6.219043261114333632e+01 4.248356415449997314e+01
-6.246340414214333236e+01 4.247225092049997386e+01
-6.273637159314333189e+01 4.246089829649997682e+01
-6.300933423614333151e+01 4.244950588049998430e+01
-6.328229186014333152e+01 4.243807324049997476e+01
-6.355524440914332729e+01 4.242659992649997491e+01
-6.382819192514332940e+01 4.241508546849998140e+01
-6.410113451514332894e+01 4.240352938449997566e+01
-6.437407231514333716e+01 4.239193117349998374e+01
-6.464700547914333129e+01 4.238029032449998112e+01
-6.491996842014333424e+01 4.236860483949998013e+01
-6.519288528114333303e+01 4.235687743049997778e+01
-6.546579943514332456e+01 4.234510569249998468e+01
-6.573871075214333359e+01 4.233328906149998261e+01
-6.601161914114332774e+01 4.232142695749998040e+01
-6.628452453914333375e+01 4.230951877949998163e+01
-6.655742690414332685e+01 4.229756391049997433e+01
-6.683032621014332619e+01 4.228556171049997658e+01
-6.710322243914333740e+01 4.227351152349997676e+01
-6.737611557814332741e+01 4.226141267249998634e+01
-6.764900561714333094e+01 4.224926445649998641e+01
-6.792189254814333310e+01 4.223706615649997786e+01
-6.819477636514332630e+01 4.222481702949997384e+01
-6.846765705814333103e+01 4.221251630749998185e+01
-6.874053461814332877e+01 4.220016319949998262e+01
-6.901340913614333772e+01 4.218775688549997938e+01
-6.928628029114332776e+01 4.217529653449997795e+01
-6.955914834414332404e+01 4.216278126449998354e+01
-6.983201319214333580e+01 4.215021017749998578e+01
-7.010487473514332635e+01 4.213758234849997564e+01
-7.037773320114332876e+01 4.212489680349997911e+01
-7.065058827114333440e+01 4.211215256049997890e+01
-7.092344000514333402e+01 4.209934858649998546e+01
-7.119628836014332762e+01 4.208648381549997453e+01
-7.146913328814332544e+01 4.207355714549997572e+01
-7.174197473814332682e+01 4.206056743249997965e+01
-7.201481265314333768e+01 4.204751349249997361e+01
-7.228764697014332796e+01 4.203439409549997663e+01
-7.256047762214332408e+01 4.202120796849997930e+01
-7.283330453814332373e+01 4.200795378649998213e+01
-7.310612764014332754e+01 4.199463017549997801e+01
-7.337894684414332858e+01 4.198123570849998032e+01
-7.365172378814332887e+01 4.196777079349998019e+01
-7.392453974914333514e+01 4.195422986949998290e+01
-7.419735103014333788e+01 4.194061347349997959e+01
-7.447015740614332913e+01 4.192691993749997437e+01
-7.474295904814333369e+01 4.191314750249998156e+01
-7.501575575414332775e+01 4.189929435249997880e+01
-7.528854741914332749e+01 4.188535858649997579e+01
-7.556133392314333719e+01 4.187133822149998252e+01
-7.583411513514333535e+01 4.185723118249997299e+01
-7.610689090814332758e+01 4.184303530249998460e+01
-7.637966107814332872e+01 4.182874831249998238e+01
-7.665242546414333447e+01 4.181436783449997563e+01
-7.692522953414332676e+01 4.179988894649997633e+01
-7.719798754514333439e+01 4.178531356949997644e+01
-7.747073976114333504e+01 4.177063681649997307e+01
-7.774348599514333102e+01 4.175585579549998272e+01
-7.801622604814333783e+01 4.174096746649998124e+01
-7.828895970514332703e+01 4.172596862449998412e+01
-7.856168673214332898e+01 4.171085589049998532e+01
-7.883440687714333706e+01 4.169562569849998113e+01
-7.910711987114332544e+01 4.168027427749997571e+01
-7.937982541914333012e+01 4.166479763749997289e+01
-7.965252320514332496e+01 4.164919154949997449e+01
-7.992521288714333139e+01 4.163345152849997532e+01
-8.019789409714333317e+01 4.161757280549997517e+01
-8.047056644114333324e+01 4.160155030849998070e+01
-8.074322926914332754e+01 4.158537864149998597e+01
-8.101588254414333790e+01 4.156905200549998369e+01
-8.128852557714333216e+01 4.155256423749997907e+01
-8.156086209414333155e+01 4.153592688049998571e+01
-8.183356725414333255e+01 4.151909147449997306e+01
-8.210624899214333539e+01 4.150207418249998170e+01
-8.237890727714332684e+01 4.148486674249997463e+01
-8.265154318214332818e+01 4.146746014849998119e+01
-8.292415790314332469e+01 4.144984463849998235e+01
-8.319679207014333144e+01 4.143200701149997656e+01
-8.346935386114333255e+01 4.141394181649998529e+01
-8.374189900814333498e+01 4.139563288349998516e+01
-8.401442609814333196e+01 4.137706655049997551e+01
-8.428693375614332695e+01 4.135822777949998397e+01
-8.455942062714332508e+01 4.133909994849997815e+01
-8.483188491714332713e+01 4.131966465349998430e+01
-8.510432499314333654e+01 4.129990136749998442e+01
-8.537669797814332640e+01 4.127979017749997581e+01
-8.564909376714332723e+01 4.125929842849997442e+01
-8.592145590014332868e+01 4.123840083849998450e+01
-8.619378169214333241e+01 4.121706409949997862e+01
-8.646606780214332844e+01 4.119525001349998661e+01
-8.673831020014333149e+01 4.117291442149998204e+01
-8.701050362714332209e+01 4.115000583349997498e+01
-8.728264206214333853e+01 4.112646353549997968e+01
-8.755471770714333957e+01 4.110221516349997728e+01
-8.782672079114333030e+01 4.107717327749998049e+01
-8.809863910914333474e+01 4.105123052849998544e+01
-8.837045622614333240e+01 4.102425275849998343e+01
-8.864215059214333792e+01 4.099606846149997352e+01
-8.891369236414332988e+01 4.096645244949998244e+01
-8.918503746714333147e+01 4.093509904849997838e+01
-8.945612695114333235e+01 4.090157380849997537e+01
-8.972685020214333917e+01 4.086522545249998473e+01
-8.999702116514333738e+01 4.082499027149998483e+01
-9.005709038614332940e+01 4.098263120249997371e+01
-8.999087903214334005e+01 4.124761651649997418e+01
-8.991537387814332760e+01 4.151011775049997254e+01
-8.983354773014332295e+01 4.177072241449998558e+01
-8.974706381514332065e+01 4.202982063449998407e+01
-8.965696112214332913e+01 4.228768374149997555e+01
-8.956393897914333024e+01 4.254450866949997589e+01
-8.946849422714333855e+01 4.280044347749998224e+01
-8.937099461414332779e+01 4.305560274149998179e+01
-8.927172123214333510e+01 4.331007726049998041e+01
-8.917089458314333683e+01 4.356394042649998255e+01
-8.906869139814332925e+01 4.381725248149997753e+01
-8.896525573214333349e+01 4.407006396449997965e+01
-8.886070705214333998e+01 4.432241716249997410e+01
-8.875514553814332430e+01 4.457434833149997644e+01
-8.864865621314334021e+01 4.482588870549997750e+01
-8.854131195114332797e+01 4.507706541649997689e+01
-8.843317576514333211e+01 4.532790221149997478e+01
-8.832430263614332944e+01 4.557841985949997365e+01
-8.821474068414332237e+01 4.582863705249998532e+01
-8.810453249414332788e+01 4.607857023649998496e+01
-8.799371585914332172e+01 4.632823418949998029e+01
-8.788232451414333468e+01 4.657764220349997686e+01
-8.777038871114334029e+01 4.682680627849997279e+01
-8.765793569514332262e+01 4.707573729249997996e+01
-8.754499009814333021e+01 4.732444513649997475e+01
-8.743157427014332939e+01 4.757293883449997907e+01
-8.731770855414333710e+01 4.782122664449997274e+01
-8.720341152714333077e+01 4.806931613949997484e+01
-8.708870019714333921e+01 4.831721428349997893e+01
-8.697359017414333948e+01 4.856492749949997290e+01
-8.685809582414333363e+01 4.881246171749998553e+01
-8.674223039214334108e+01 4.905982242749998079e+01
-8.662600611414333684e+01 4.930701472249998574e+01
-8.650943431914333814e+01 4.955404333349997614e+01
-8.639252543614333035e+01 4.980091281249997337e+01
-8.627528933014332324e+01 5.004762703049998152e+01
-8.615773501414332713e+01 5.029418993649997560e+01
-8.603987092314332585e+01 5.054060513249997655e+01
-8.592170491314332992e+01 5.078687599949998344e+01
-8.580324430914333789e+01 5.103300572349998276e+01
-8.568449594014333570e+01 5.127899731449997489e+01
-8.556546617814332478e+01 5.152485363149997966e+01
-8.544618237414333350e+01 5.177053335249998156e+01
-8.532661140914332520e+01 5.201611874049997652e+01
-8.520677650014333437e+01 5.226157506449997925e+01
-8.508668260814333451e+01 5.250690443449997247e+01
-8.496633437914333342e+01 5.275210884649997922e+01
-8.484573616214332503e+01 5.299719019549998222e+01
-8.472489202714332635e+01 5.324215028249997772e+01
-8.460380577414332492e+01 5.348699083849997749e+01
-8.448248095014332648e+01 5.373171352749997709e+01
-8.436092086114332744e+01 5.397631995249997772e+01
-8.423912859614333115e+01 5.422081163849998120e+01
-8.411710708314332408e+01 5.446518995049997613e+01
-8.399485922514332970e+01 5.470945584849998511e+01
-8.387236360914333488e+01 5.495365828149998322e+01
-8.374965730314333712e+01 5.519772917149998648e+01
-8.362672569514333532e+01 5.544170312349997687e+01
-8.350357197714333779e+01 5.568557885749997638e+01
-8.338021619114333305e+01 5.592932150149998449e+01
-8.325690231814333231e+01 5.617245509849998086e+01
-8.313272506014332919e+01 5.641676616649998266e+01
-8.300902910614333052e+01 5.665961312049998355e+01
-8.288490640214332927e+01 5.690278513249998582e+01
-8.276052792314332862e+01 5.714594875549997255e+01
-8.263554529514333069e+01 5.738978524849997598e+01
-8.251093513114332723e+01 5.763239299349997680e+01
-8.238597026514332811e+01 5.787519267549997437e+01
-8.226080602814333531e+01 5.811788372549997916e+01
-8.213538894214333652e+01 5.836057143049997364e+01
-8.200976835114333596e+01 5.860316162649998262e+01
-8.188394608914333617e+01 5.884565216749997774e+01
-8.175792422214333044e+01 5.908804024849997916e+01
-8.163170415714333217e+01 5.933032414449998271e+01
-8.150528678614332989e+01 5.957250291349997440e+01
-8.137865391314332442e+01 5.981461187649998124e+01
-8.125184878614332717e+01 6.005656873749997260e+01
-8.112484580014333346e+01 6.029842265049997252e+01
-8.099764550914332517e+01 6.054017250849997822e+01
-8.087024813114332744e+01 6.078181765249998136e+01
-8.074265370814333664e+01 6.102335757149998585e+01
-8.061486213814333723e+01 6.126479183249998073e+01
-8.048687320414333612e+01 6.150612003649997916e+01
-8.035868658114333130e+01 6.174734178949998409e+01
-8.023030185514332402e+01 6.198845668549998322e+01
-8.010171852114332580e+01 6.222946429249998346e+01
-7.997293599214333426e+01 6.247036414649997482e+01
-7.984395360014333676e+01 6.271115574649998337e+01
-7.971477059814333188e+01 6.295183854849997829e+01
-7.958538614314332449e+01 6.319241199049997704e+01
-7.945579937214333199e+01 6.343287536049997755e+01
-7.932600926214333015e+01 6.367322804649998602e+01
-7.919601477914332577e+01 6.391346925949997626e+01
-7.906581471514333259e+01 6.415359833349998553e+01
-7.893540791114332933e+01 6.439361430749997339e+01
-7.880479303714332673e+01 6.463351633549997644e+01
-7.867396869914333024e+01 6.487330347449997703e+01
-7.854293342114333143e+01 6.511297472649998497e+01
-7.841168563514332845e+01 6.535252903649997336e+01
-7.828022368714333368e+01 6.559196529149997446e+01
-7.814854582914333037e+01 6.583128232049998019e+01
-7.801665022314332987e+01 6.607047889049998446e+01
-7.788453493014333162e+01 6.630955370349998645e+01
-7.775219791514332712e+01 6.654850540149998039e+01
-7.761963703914332768e+01 6.678733255449998296e+01
-7.748685006014332544e+01 6.702603367049998440e+01
-7.735383462614332473e+01 6.726460718049997922e+01
-7.722058827314333485e+01 6.750305144549997749e+01
-7.708710842314333433e+01 6.774136474849997569e+01
-7.695339237614332717e+01 6.797954529249997790e+01
-7.681943730914332491e+01 6.821759120149998523e+01
-7.668526059914333359e+01 6.845546451449997960e+01
-7.655081630714333585e+01 6.869323913449997576e+01
-7.641612393014332838e+01 6.893087259149997692e+01
-7.628118008114333293e+01 6.916836267149997752e+01
-7.614598122614333420e+01 6.940570705549997399e+01
-7.601052367414332878e+01 6.964290331949997892e+01
-7.587480356914332447e+01 6.987994892249997747e+01
-7.573881688614332575e+01 7.011684120849997726e+01
-7.560255941914333278e+01 7.035357739349997530e+01
-7.546602677714332685e+01 7.059015456549998646e+01
-7.532921444514333587e+01 7.082656954649998227e+01
-7.519211749514333576e+01 7.106281936749998351e+01
-7.505473097514332892e+01 7.129890058049997492e+01
-7.491704964314332926e+01 7.153480967449998218e+01
-7.477906801614332721e+01 7.177054297349998535e+01
-7.464078035814333134e+01 7.200609661849998133e+01
-7.450218066514332804e+01 7.224146656249997989e+01
-7.436326264914333706e+01 7.247664855349998447e+01
-7.422401972214332488e+01 7.271163812949997407e+01
-7.408444497814332408e+01 7.294643059449998646e+01
-7.394453117514332519e+01 7.318102101549997940e+01
-7.380427071214333523e+01 7.341540419749998136e+01
-7.366363299014332711e+01 7.364961226749997536e+01
-7.352265381914332920e+01 7.388356584849998399e+01
-7.338130279014333723e+01 7.411729487149997908e+01
-7.323957062514332961e+01 7.435079290949997244e+01
-7.309744755314332565e+01 7.458405316949998110e+01
-7.295492327814332612e+01 7.481706846649997544e+01
-7.281198693514332376e+01 7.504983118949998300e+01
-7.266862705314332516e+01 7.528233327149997933e+01
-7.252483150914332555e+01 7.551456615049997367e+01
-7.238058751014332870e+01 7.574652067249998311e+01
-7.223588137414333232e+01 7.597818731049997609e+01
-7.209069876714333702e+01 7.620955563249998477e+01
-7.194502438614333073e+01 7.644061464549997709e+01
-7.179884104914333420e+01 7.667135404149998124e+01
-7.165213030814332740e+01 7.690176299949997940e+01
-7.150487593314332457e+01 7.713182451049998178e+01
-7.135707826614333271e+01 7.736149303249997899e+01
-7.120867249314332526e+01 7.759082091649997892e+01
-7.105966030214332818e+01 7.781975357649997704e+01
-7.091001725714333759e+01 7.804827321049998545e+01
-7.075971735314332989e+01 7.827636012049997305e+01
-7.060873249714333610e+01 7.850399305249997894e+01
-7.045703224114332386e+01 7.873114904349998255e+01
-7.030458375814333749e+01 7.895780286049998153e+01
-7.015135144114333343e+01 7.918392688049998185e+01
-6.999729656514332987e+01 7.940949077949997559e+01
-6.984237689914333203e+01 7.963446115449997365e+01
-6.968654624514333307e+01 7.985880108949997691e+01
-6.952975390214332663e+01 8.008246962249998546e+01
-6.937194393514333512e+01 8.030542126349998000e+01
-6.921305477314332677e+01 8.052760473149997722e+01
-6.905301783314332909e+01 8.074896270649998087e+01
-6.889175672614332768e+01 8.096943029449998619e+01
-6.872918586714332889e+01 8.118893371949998539e+01
-6.856520887014333709e+01 8.140738857449997568e+01
-6.839971655714333565e+01 8.162469760449998546e+01
-6.823258449314333518e+01 8.184074784849997286e+01
-6.806366972914332791e+01 8.205540713549997633e+01
-6.789280703514333482e+01 8.226851893949998384e+01
-6.771980304714332988e+01 8.247989676249997615e+01
-6.754443084414333498e+01 8.268931360849997247e+01
-6.736641957314333240e+01 8.289649134249998497e+01
-6.716662812214333655e+01 8.307300897749998114e+01
-6.690792774014333588e+01 8.316066327349997778e+01
-6.664758544214332403e+01 8.324331772849997435e+01
-6.638589369214332692e+01 8.332159798849997401e+01
-6.612307580714333710e+01 8.339601233249997847e+01
-6.585930576914333301e+01 8.346697976849998213e+01
-6.559472150514332611e+01 8.353485016349998205e+01
-6.532943403614332567e+01 8.359991898049997872e+01
-6.506353392214333553e+01 8.366243825949997870e+01
-6.479709591814332725e+01 8.372262493449997578e+01
-6.453018238114333371e+01 8.378066723449997255e+01
-6.426284582514333010e+01 8.383672967149998101e+01
-6.399513085414332636e+01 8.389095697849998601e+01
-6.372707564314333695e+01 8.394347725049998132e+01
-6.345871309914332414e+01 8.399440447849997327e+01
-6.319007176914333002e+01 8.404384061249997728e+01
-6.292117656414333737e+01 8.409187725149998016e+01
-6.265204934214332866e+01 8.413859704849997456e+01
-6.238270937614332468e+01 8.418407487349998064e+01
-6.211317374014332415e+01 8.422837879749998535e+01
-6.184345762514332989e+01 8.427157091949997891e+01
-6.157357460014333128e+01 8.431370806849997734e+01
-6.130353683414332977e+01 8.435484240449997628e+01
-6.103335527514333592e+01 8.439502193649997253e+01
-6.076303980214332512e+01 8.443429096749997598e+01
-6.049259936614332389e+01 8.447269047749998094e+01
-6.022204209314332957e+01 8.451025846349998005e+01
-5.995137538414333278e+01 8.454703023149997421e+01
-5.968060599414333467e+01 8.458303865349998318e+01
-5.940974010614333167e+01 8.461831439749998651e+01
-5.913878339414333141e+01 8.465288612349998232e+01
-5.886774106914333515e+01 8.468678066649998470e+01
-5.859661793714333555e+01 8.472002319049997254e+01
-5.832541843114333346e+01 8.475263733149998302e+01
-5.805414665014333764e+01 8.478464532349997285e+01
-5.778280639514332506e+01 8.481606811249997691e+01
-5.751140119114333515e+01 8.484692545549998499e+01
-5.723993431414332633e+01 8.487723601449998512e+01
-5.696840881614332375e+01 8.490701743749997377e+01
-5.669682764514332973e+01 8.493628642549998631e+01
-5.642519322214333499e+01 8.496505884449997836e+01
-5.615350816914333620e+01 8.499334971049998444e+01
-5.588177481114333034e+01 8.502117330549998542e+01
-5.560999532714333782e+01 8.504854320849997862e+01
-5.533817176414332550e+01 8.507547234549997484e+01
-5.506630604414333163e+01 8.510197303149998049e+01
-5.479439997514333527e+01 8.512805701049997253e+01
-5.452245526214332472e+01 8.515373549149997245e+01
-5.425047350714332595e+01 8.517901918149998153e+01
-5.397845622814332955e+01 8.520391831549997619e+01
-5.370640485814332976e+01 8.522844268749997809e+01
-5.343432074714333169e+01 8.525260167349998142e+01
-5.316220517814332425e+01 8.527640425649997269e+01
-5.289005936314333667e+01 8.529985905249998268e+01
-5.261788445314333273e+01 8.532297432649997404e+01
-5.234568153814332447e+01 8.534575801249998506e+01
-5.207345165614333382e+01 8.536821773549998227e+01
-5.180119591814333546e+01 8.539036081449998505e+01
-5.152891505814332618e+01 8.541219431349998104e+01
-5.125661005614333021e+01 8.543372501149997333e+01
-5.098428176314332916e+01 8.545495944149998024e+01
-5.071193099014332972e+01 8.547590389849997905e+01
-5.043955850914332473e+01 8.549656445049997444e+01
-5.016716506014333277e+01 8.551694695049998529e+01
-4.989475134714332683e+01 8.553705704649998154e+01
-4.962231804614333441e+01 8.555690019249998102e+01
-4.934986580014333413e+01 8.557648165449998601e+01
-4.907739522714332736e+01 8.559580652149998059e+01
-4.880490691714332741e+01 8.561487971549998122e+01
-4.853240143714333499e+01 8.563370599449997655e+01
-4.825987932814332737e+01 8.565228996549997476e+01
-4.798734111214332643e+01 8.567063608349998560e+01
-4.771478728714333784e+01 8.568874866649997557e+01
-4.744221833314333026e+01 8.570663189649998515e+01
-4.716963471014332754e+01 8.572428982649998375e+01
-4.689703686214332379e+01 8.574172638449998374e+01
-4.662442521414332930e+01 8.575894538149998425e+01
-4.635180017614332826e+01 8.577595051449998209e+01
-4.607916214114332831e+01 8.579274537149997570e+01
-4.580651149014333612e+01 8.580933343549997971e+01
-4.553384858714332495e+01 8.582571808849998263e+01
-4.526117378414332393e+01 8.584190261849998649e+01
-4.498848742114333277e+01 8.585789021649998176e+01
-4.471578982414332870e+01 8.587368398849997675e+01
-4.444308131014332730e+01 8.588928695049997941e+01
-4.417036022514332672e+01 8.590470215049998615e+01
-4.389762533314332416e+01 8.591993252249997681e+01
-4.362488075514333730e+01 8.593498063149998245e+01
-4.335212675614333477e+01 8.594984918149998521e+01
-4.307936358614333017e+01 8.596454080949997945e+01
-4.280659148714333639e+01 8.597905808249997506e+01
-4.253381069214333365e+01 8.599340350149998358e+01
-4.226102142614332990e+01 8.600757950149997555e+01
-4.198822390214333211e+01 8.602158845849997704e+01
-4.171541832914333270e+01 8.603543268749997708e+01
-4.144260490914332706e+01 8.604911444549998123e+01
-4.116978383414333109e+01 8.606263593349997620e+01
-4.089695529414332498e+01 8.607599930049997283e+01
-4.062411947014332725e+01 8.608920664149998458e+01
-4.035127653614333099e+01 8.610226000149998526e+01
-4.007842666514332564e+01 8.611516137549998007e+01
-3.980557002014333534e+01 8.612791271249997749e+01
-3.953270676214333434e+01 8.614051591649997874e+01
-3.925983704614333192e+01 8.615297284549997414e+01
-3.898696102214333337e+01 8.616528531549998604e+01
-3.871407883814333672e+01 8.617745509849997632e+01
-3.844119063414332516e+01 8.618948392849998186e+01
-3.816829646314333502e+01 8.620137350349997973e+01
-3.789539666514333760e+01 8.621312547149997840e+01
-3.762249123814332563e+01 8.622474145549998070e+01
-3.734958031114332755e+01 8.623622303849998616e+01
-3.707666401014333246e+01 8.624757176949998438e+01
-3.680374245614332551e+01 8.625878916249997985e+01
-3.653081576814332720e+01 8.626987669949997439e+01
-3.625788406114332929e+01 8.628083582849997413e+01
-3.598494744614333740e+01 8.629166796849997922e+01
-3.571200603214333569e+01 8.630237450849998027e+01
-3.543905992514332581e+01 8.631295680549997940e+01
-3.516610922614333390e+01 8.632341619149997314e+01
-3.489315403614332922e+01 8.633375396749997321e+01
-3.462019445214333757e+01 8.634397140849998209e+01
-3.434723056714332756e+01 8.635406976449998240e+01
-3.407426247514332829e+01 8.636405025849998651e+01
-3.380129026514333646e+01 8.637391408749998334e+01
-3.352831387314333256e+01 8.638366243149998525e+01
-3.325533364614332754e+01 8.639329643049997287e+01
-3.298234955314333661e+01 8.640281721549997940e+01
-3.270936167214333068e+01 8.641222589049998248e+01
-3.243637008414333422e+01 8.642152353749997928e+01
-3.216337486614332875e+01 8.643071121749997587e+01
-3.189037609314333110e+01 8.643978996849997998e+01
-3.161737383814333668e+01 8.644876080949997288e+01
-3.134436817314333723e+01 8.645762474149998411e+01
-3.107135916914333507e+01 8.646638274149998438e+01
-3.079834689414333582e+01 8.647503577049998569e+01
-3.052533141414333784e+01 8.648358476949998419e+01
-3.025231279614332891e+01 8.649203066249998528e+01
-2.997929110214333548e+01 8.650037435449998213e+01
-2.970626639614333442e+01 8.650861673449998079e+01
-2.943323873914333433e+01 8.651675867149998567e+01
-2.916020818914333290e+01 8.652480102049997868e+01
-2.888717480714332453e+01 8.653274461849997579e+01
-2.861413864714333499e+01 8.654059028849998469e+01
-2.834109976814333720e+01 8.654833883649997972e+01
-2.806805822314332488e+01 8.655599105249997649e+01
-2.779501406514333439e+01 8.656354771249998237e+01
-2.752196734714333104e+01 8.657100957749997860e+01
-2.724891812114333334e+01 8.657837739349997719e+01
-2.697586643614333468e+01 8.658565189349998548e+01
-2.670281234114332847e+01 8.659283379649997414e+01
-2.642975588514333651e+01 8.659992380549998359e+01
-2.615669711414332710e+01 8.660692261249998580e+01
-2.588363607514332898e+01 8.661383089749998021e+01
-2.561057281414332465e+01 8.662064932349997548e+01
-2.533750737314332468e+01 8.662737854449997599e+01
-2.506443979714333636e+01 8.663401920149998148e+01
-2.479137012814332763e+01 8.664057192049997980e+01
-2.451829840814333750e+01 8.664703731949998655e+01
-2.424522467814333027e+01 8.665341600149997703e+01
-2.397214897814333767e+01 8.665970856049997906e+01
-2.369907134614332733e+01 8.666591557649998379e+01
-2.342599182314333461e+01 8.667203761949997443e+01
-2.315291044614333771e+01 8.667807524949998310e+01
-2.287982725114332538e+01 8.668402901249997683e+01
-2.260674227514333268e+01 8.668989944749998244e+01
-2.233365555514333778e+01 8.669568707949997588e+01
-2.206056712514333640e+01 8.670139242549997505e+01
-2.178747701914332424e+01 8.670701599149998628e+01
-2.151442732114333012e+01 8.671255742649998410e+01
-2.124133254514333657e+01 8.671801894949997802e+01
-2.096823625414333492e+01 8.672340014649998352e+01
-2.069513847814332053e+01 8.672870148549998248e+01
-2.042203924714331720e+01 8.673392342049997694e+01
-2.014893858914334146e+01 8.673906639849998612e+01
-1.987583653314334242e+01 8.674413085849998595e+01
-1.960273310814332604e+01 8.674911722649997614e+01
-1.932962834014332998e+01 8.675402592149997361e+01
-1.905652225814333178e+01 8.675885735449998037e+01
-1.878341488814334070e+01 8.676361192349997964e+01
-1.851030625714332700e+01 8.676829002049997541e+01
-1.823719639114332836e+01 8.677289202849998162e+01
-1.796408531614332560e+01 8.677741832149997947e+01
-1.769097305614332072e+01 8.678186926249998123e+01
-1.741785963714332297e+01 8.678624520749997373e+01
-1.714474508414332377e+01 8.679054650449998576e+01
-1.687162942114332509e+01 8.679477349149998133e+01
-1.659851267214332893e+01 8.679892649849998065e+01
-1.632539486014331942e+01 8.680300584749997483e+01
-1.605227601014334482e+01 8.680701184949998606e+01
-1.577915624214332979e+01 8.681094480849998263e+01
-1.550603535314331793e+01 8.681480502249998210e+01
-1.523291349814331852e+01 8.681859277749997261e+01
-1.495979069914332626e+01 8.682230835249997369e+01
-1.468666697714331804e+01 8.682595201649998273e+01
-1.441354235314332755e+01 8.682952403249997531e+01
-1.414041684814333166e+01 8.683302465249998647e+01
-1.386729048314333568e+01 8.683645412249997264e+01
-1.359416327514333034e+01 8.683981267749997812e+01
-1.332103524614333878e+01 8.684310054649998278e+01
-1.304790641214333391e+01 8.684631794749998335e+01
-1.277477679314333159e+01 8.684946509249998314e+01
-1.250164640514333314e+01 8.685254218049998087e+01
-1.222851526614331874e+01 8.685554940749997854e+01
-1.195538339114332871e+01 8.685848695649997353e+01
-1.168225079614333595e+01 8.686135500249997676e+01
-1.140911765114333321e+01 8.686415371149998066e+01
-1.113598374014333103e+01 8.686688324349998425e+01
-1.086284917614332812e+01 8.686954374449997829e+01
-1.058971398014332976e+01 8.687213535549997800e+01
-1.031657816614333001e+01 8.687465820449997977e+01
-1.004344175514333415e+01 8.687711241349998659e+01
-9.770304761143336236e+00 8.687949809149998259e+01
-9.497167202143344866e+00 8.688181534149997276e+01
-9.224029095143322365e+00 8.688406425349998585e+01
-8.950890456143326901e+00 8.688624490949997892e+01
-8.677751300143341950e+00 8.688835737849997543e+01
-8.404611645143319265e+00 8.689040172349997704e+01
-8.131471505143338163e+00 8.689237799249997352e+01
-7.858330895143325279e+00 8.689428622549998238e+01
-7.585189831143338779e+00 8.689612644849998446e+01
-7.312048327143344295e+00 8.689789868049997779e+01
-7.038906398143325305e+00 8.689960292449997326e+01
-6.765764061143329400e+00 8.690123917349997384e+01
-6.492621325143318245e+00 8.690280740849998153e+01
-6.219478207143339432e+00 8.690430759749997947e+01
-5.946334719143322900e+00 8.690573969649997821e+01
-5.673190875143319545e+00 8.690710364449998337e+01
-5.400046687143344570e+00 8.690839937249998570e+01
-5.126902168143317340e+00 8.690962679249997791e+01
-4.853757330143338322e+00 8.691078580349997651e+01
-4.580612185143337456e+00 8.691187628949998611e+01
-4.307466744143340520e+00 8.691289811949998523e+01
-4.034321018143344872e+00 8.691385114449998639e+01
-3.761175018143319448e+00 8.691473519949998661e+01
-3.488028753143339600e+00 8.691555010249997792e+01
-3.214882233143327994e+00 8.691629565149997916e+01
-2.941735465143324291e+00 8.691697162749997574e+01
-2.668588458143318576e+00 8.691757779049997623e+01
-2.395396347143332605e+00 8.691811396249997301e+01
-2.122246056143325177e+00 8.691857968749998520e+01
-1.849095268143344128e+00 8.691897475149997376e+01
-1.575943958143341206e+00 8.691929882349998593e+01
-1.302792095143331608e+00 8.691955155049997472e+01
-1.029683815143329184e+00 8.691973252749997414e+01
-7.565360671433438711e-01 8.691984140449997653e+01
-4.833883891433288227e-01 8.691987771249998218e+01
-2.102404491433276235e-01 8.691984114849998377e+01
6.290740985667753193e-02 8.691973202049997838e+01
3.360553418566780692e-01 8.691955076649998091e+01
6.092033448566667175e-01 8.691929779149998581e+01
8.823514228566580186e-01 8.691897347749997493e+01
1.155499374856674422e+00 8.691857817649997742e+01
1.428647501856659119e+00 8.691811221749998140e+01
1.701795196856664916e+00 8.691757590649997667e+01
1.974942002856664658e+00 8.691696952649998309e+01
2.248088649856669008e+00 8.691629333749997954e+01
2.521235122856666067e+00 8.691554757749997862e+01
2.794381412856665747e+00 8.691473246749997372e+01
3.067527509856660117e+00 8.691384820749998141e+01
3.340673238856680882e+00 8.691289498149997428e+01
3.613818823856661311e+00 8.691187295249997646e+01
3.886964159856660217e+00 8.691078226949997543e+01
4.160109243856680905e+00 8.690962306449998209e+01
4.433254078856663227e+00 8.690839545349997763e+01
4.706398675856661384e+00 8.690709953549998090e+01
4.979543155856674730e+00 8.690573539749998133e+01
5.252687339856663584e+00 8.690430311249997430e+01
5.525831502856675570e+00 8.690280273549997503e+01
5.798975797856655845e+00 8.690123431149997657e+01
6.072120422856670530e+00 8.689959787049997431e+01
6.345265935856673423e+00 8.689789342649997650e+01
6.618412912856655339e+00 8.689612098349998348e+01
6.891562581856675251e+00 8.689428052549997972e+01
7.164716957856683166e+00 8.689237201949997313e+01
7.437828031856668076e+00 8.689039578749998327e+01
7.710966213856664808e+00 8.688835128549997933e+01
7.984139344856657772e+00 8.688623838249998244e+01
8.257302808856678666e+00 8.688405735149997611e+01
8.530468615856676706e+00 8.688180803049998246e+01
8.803526785856661263e+00 8.687949128049997682e+01
9.076664828856678469e+00 8.687710542949997716e+01
9.350131911856664146e+00 8.687464804649998484e+01
9.623016795856671024e+00 8.687212730349997969e+01
9.896140844856660124e+00 8.686953562149997765e+01
1.016920447885667045e+01 8.686687564449998433e+01
1.044234420085666670e+01 8.686414589849998436e+01
1.071547385085668225e+01 8.686134706849998111e+01
1.098863164285666016e+01 8.685847860049997848e+01
1.126175053185667707e+01 8.685554103249998548e+01
1.153487440985665557e+01 8.685253373049998515e+01
1.180800074485665618e+01 8.684945653449997849e+01
1.208112789385666019e+01 8.684630926849997934e+01
1.235425546585668144e+01 8.684309173249998537e+01
1.262738291485666764e+01 8.683980372249997970e+01
1.290051000785666702e+01 8.683644502049997982e+01
1.317363661885667625e+01 8.683301540049997413e+01
1.344676268785667617e+01 8.682951462549998212e+01
1.371988819085666478e+01 8.682594245249997300e+01
1.399301312585666324e+01 8.682229862649998609e+01
1.426613750185666163e+01 8.681858288449997474e+01
1.453926133285668243e+01 8.681479495649998057e+01
1.481238463885665624e+01 8.681093456249998042e+01
1.508550744185666304e+01 8.680700141349997523e+01
1.535862988885668301e+01 8.680299521249997952e+01
1.563175167685668043e+01 8.679891565749997540e+01
1.590487307885666723e+01 8.679476243149997572e+01
1.617799411185666258e+01 8.679053521249997516e+01
1.645111478885667111e+01 8.678623366849997467e+01
1.672418678585665930e+01 8.678185824149997529e+01
1.699730012085666431e+01 8.677740714349998541e+01
1.727041260685666657e+01 8.677288068849998126e+01
1.754352398385665879e+01 8.676827851449998263e+01
1.781667149285667051e+01 8.676359960549997652e+01
1.808982040585667050e+01 8.675884415649997550e+01
1.836300452885666346e+01 8.675401117049997879e+01
1.863613915685667166e+01 8.674910174949998520e+01
1.890927177585666641e+01 8.674411465049998071e+01
1.918240217385667279e+01 8.673904945949998080e+01
1.945553020085665707e+01 8.673390575049998574e+01
1.972865574685667411e+01 8.672868308949998095e+01
2.000177873385666771e+01 8.672338103149998290e+01
2.027489910885665836e+01 8.671799912049998227e+01
2.054801683285666059e+01 8.671253689149997967e+01
2.082113188185667241e+01 8.670699387049998563e+01
2.109424423785665681e+01 8.670136957249998488e+01
2.136735389085666270e+01 8.669566350049997538e+01
2.164046083385667885e+01 8.668987515049998649e+01
2.191356505985666558e+01 8.668400400449998244e+01
2.218666656885667976e+01 8.667804953849997673e+01
2.245976535585666056e+01 8.667201121349998516e+01
2.273286141685667872e+01 8.666588848249998023e+01
2.300595474885668068e+01 8.665968078549997244e+01
2.327904534585667307e+01 8.665338755349998223e+01
2.355213319985665521e+01 8.664700820449998275e+01
2.382521830485666214e+01 8.664054214549997823e+01
2.409830064785666082e+01 8.663398877249997554e+01
2.437138026985667238e+01 8.662734746849997691e+01
2.464445701485666973e+01 8.662061760749998029e+01
2.491753098385666476e+01 8.661379854749998231e+01
2.519060214185665814e+01 8.660688963449997857e+01
2.546367045485666836e+01 8.659989020449998520e+01
2.573673589185668220e+01 8.659279957849997800e+01
2.600979841885666133e+01 8.658561706549997439e+01
2.628285800185668108e+01 8.657834196049998354e+01
2.655591482885665755e+01 8.657097353949997398e+01
2.682896855885667264e+01 8.656351107749998164e+01
2.710201928085666623e+01 8.655595382549998362e+01
2.737506696085665681e+01 8.654830102149998083e+01
2.764811156085667676e+01 8.654055189049998376e+01
2.792115304185665536e+01 8.653270564249997676e+01
2.819419136285665672e+01 8.652476146849997463e+01
2.846722648085668084e+01 8.651671854949998419e+01
2.874025835085666358e+01 8.650857604549997859e+01
2.901328692485665783e+01 8.650033310349998317e+01
2.928631215285668077e+01 8.649198885149998262e+01
2.955933398385667488e+01 8.648354240249997815e+01
2.983235236485666064e+01 8.647499285149997661e+01
3.010536723785668300e+01 8.646633927349998316e+01
3.037837854585666264e+01 8.645758072849997689e+01
3.065138622885666564e+01 8.644871625649997782e+01
3.092439022285665828e+01 8.643974487649998650e+01
3.119739046485668155e+01 8.643066559049998432e+01
3.147038688585666932e+01 8.642147737949997577e+01
3.174337941685666920e+01 8.641217920449997791e+01
3.201636798585667520e+01 8.640277000449998468e+01
3.228935251885667412e+01 8.639324869849997413e+01
3.256233293685667718e+01 8.638361418149997917e+01
3.283530916285667445e+01 8.637386532749998480e+01
3.310828111285667319e+01 8.636400098549998461e+01
3.338124870185666282e+01 8.635401998449998473e+01
3.365421184285668232e+01 8.634392112449998535e+01
3.392717044485667088e+01 8.633370318349997774e+01
3.420012441385665625e+01 8.632336491149997926e+01
3.447307365385665889e+01 8.631290503549998050e+01
3.474601806485665634e+01 8.630232225149997305e+01
3.501895754385665782e+01 8.629161523149997493e+01
3.529189198585666531e+01 8.628078261549997308e+01
3.556482127885666955e+01 8.626982301549998056e+01
3.583774531185667911e+01 8.625873501449997605e+01
3.611066396585667349e+01 8.624751716249997457e+01
3.638357712385666787e+01 8.623616797949998158e+01
3.665648465885666951e+01 8.622468595049997475e+01
3.692938644485667510e+01 8.621306952849998595e+01
3.720228234685666280e+01 8.620131712949998359e+01
3.747517223085665705e+01 8.618942713749997608e+01
3.774805595385666379e+01 8.617739789549997909e+01
3.802093337085668168e+01 8.616522771149998050e+01
3.829380433285666641e+01 8.615291485149998607e+01
3.856666868285665828e+01 8.614045754249997344e+01
3.883952626185666190e+01 8.612785397149997380e+01
3.911237690485666008e+01 8.611510227949997898e+01
3.938522043985668120e+01 8.610220056549998446e+01
3.965805669085668228e+01 8.608914688149998540e+01
3.993088547485666595e+01 8.607593923249997658e+01
4.020370660585666656e+01 8.606257557549997728e+01
4.047651988685666424e+01 8.604905381449998458e+01
4.074932511785667089e+01 8.603537180349998437e+01
4.102212209185665870e+01 8.602152734449998661e+01
4.129491059285666665e+01 8.600751817949998212e+01
4.156769039885665507e+01 8.599334199449998550e+01
4.184046128085665828e+01 8.597899641849997465e+01
4.211322300085666370e+01 8.596447901449998596e+01
4.238597531385667594e+01 8.594978728449997618e+01
4.265871796385667380e+01 8.593491866249998168e+01
4.293145068885667115e+01 8.591987051549998000e+01
4.320417321585665604e+01 8.590464013749998173e+01
4.347688526385667274e+01 8.588922474949997365e+01
4.374958653885667559e+01 8.587362149649997889e+01
4.402227673985666456e+01 8.585782744149997825e+01
4.429495555085665615e+01 8.584183956849997799e+01
4.456762264885665559e+01 8.582565477249997343e+01
4.484027761285668134e+01 8.580926986549998503e+01
4.511292031185666929e+01 8.579268154849998496e+01
4.538555021785666099e+01 8.577588644849997479e+01
4.565816696485666171e+01 8.575888108149997890e+01
4.593077017685666874e+01 8.574166185949998464e+01
4.620335946185667808e+01 8.572422508549998099e+01
4.647593441785667778e+01 8.570656694549998633e+01
4.674849447485667042e+01 8.568868352149998202e+01
4.702103933385666323e+01 8.567057074849998344e+01
4.729356846385667268e+01 8.565222444949998248e+01
4.756608137085666499e+01 8.563364030649998426e+01
4.783857754185666522e+01 8.561481386349997535e+01
4.811105643985666802e+01 8.559574051349997603e+01
4.838351750785668060e+01 8.557641549749997978e+01
4.865596016585666916e+01 8.555683389449997378e+01
4.892838380585666869e+01 8.553699061449998453e+01
4.920078779685667314e+01 8.551688038849998463e+01
4.947317148185666724e+01 8.549649776449997773e+01
4.974553416985668264e+01 8.547583709149998299e+01
5.001787514685668157e+01 8.545489251649998153e+01
5.029019366085665865e+01 8.543365796749998253e+01
5.056248893185667725e+01 8.541212714849997667e+01
5.083476014485665928e+01 8.539029352149998431e+01
5.110700644785666213e+01 8.536815030049997688e+01
5.137922695485667646e+01 8.534569042949998163e+01
5.165142074185666843e+01 8.532290657349997787e+01
5.192358684685666503e+01 8.529979110249998087e+01
5.219572427185667607e+01 8.527633607149998340e+01
5.246783197985666902e+01 8.525253320349997921e+01
5.273986279185666604e+01 8.522837799449997931e+01
5.301189859485666034e+01 8.520385409049997349e+01
5.328389952085666437e+01 8.517895551549997890e+01
5.355586434685667996e+01 8.515367245949997255e+01
5.382779139385667122e+01 8.512799470549998659e+01
5.409967901585667960e+01 8.510191155549998143e+01
5.437152547885668241e+01 8.507541180749997523e+01
5.464332896385667482e+01 8.504848372449997385e+01
5.491508757285666320e+01 8.502111499449998178e+01
5.518679933385666914e+01 8.499329268849997732e+01
5.545846222885666066e+01 8.496500321649998000e+01
5.573007422485667917e+01 8.493623227049998547e+01
5.600163344785667618e+01 8.490696475749997774e+01
5.627313779985666997e+01 8.487718477349997670e+01
5.654458599985667888e+01 8.484687542949997408e+01
5.681597722085666646e+01 8.481601880849997599e+01
5.708731165885666314e+01 8.478459581449997984e+01
5.735859195185668113e+01 8.475258590249997326e+01
5.762982325885667478e+01 8.471996694049997245e+01
5.790101439085665902e+01 8.468671492349997720e+01
5.817199674285666333e+01 8.465282666949997292e+01
5.844285578585666485e+01 8.461826634849998641e+01
5.871363963985666601e+01 8.458300042949997533e+01
5.898434372485667154e+01 8.454700000149998118e+01
5.925496138785666744e+01 8.451023434149998081e+01
5.952548563085667865e+01 8.447267048649997889e+01
5.979591019985667799e+01 8.443427282949997448e+01
6.006623152785667230e+01 8.439500254349998443e+01
6.033645357385665875e+01 8.435481648149998080e+01
6.060660063485667592e+01 8.431366468149998639e+01
6.087674242685667991e+01 8.427148554949998527e+01
6.114657116585667040e+01 8.422827295949997506e+01
6.141610066485665698e+01 8.418396724349997839e+01
6.168533371385666442e+01 8.413850476649997745e+01
6.195414543485665604e+01 8.409183790749997911e+01
6.222344370785666001e+01 8.404372705649997499e+01
6.249208105785666589e+01 8.399428820549998420e+01
6.276044076185667109e+01 8.394335784349998164e+01
6.302814676185667508e+01 8.389090318749997266e+01
6.329619871385668262e+01 8.383660460349997834e+01
6.356334147385666711e+01 8.378057904049997262e+01
6.383025696385666947e+01 8.372253298349997408e+01
6.409673837685667763e+01 8.366233266249997769e+01
6.436267805285666554e+01 8.359979946449998067e+01
6.462799333785667955e+01 8.353471836949998419e+01
6.489259448185666201e+01 8.346683731949997309e+01
6.515640357085666778e+01 8.339585192049997886e+01
6.541920924885667432e+01 8.332143241949998469e+01
6.568087188685666433e+01 8.324315139749998593e+01
6.594121688285667915e+01 8.316048539949997576e+01
6.619991332485668067e+01 8.307281993749998605e+01
6.639953901685666438e+01 8.289606296349998615e+01
6.657754189685667257e+01 8.268888328949998368e+01
6.675295773685667200e+01 8.247940316449998477e+01
6.692602700285667083e+01 8.226793389849997595e+01
6.709694608485668255e+01 8.205473949449998372e+01
6.726590858985667865e+01 8.184000698249998607e+01
6.743308084485667564e+01 8.162389216149998106e+01
6.759860673385665564e+01 8.140652651149997610e+01
6.776261161585665604e+01 8.118802218049998487e+01
6.792520543885666484e+01 8.096847569949997592e+01
6.808648533485666121e+01 8.074797070449997705e+01
6.824653726785666663e+01 8.052658063049997850e+01
6.840543815285667506e+01 8.030436979149997967e+01
6.856325688485665637e+01 8.008139517849997446e+01
6.872005550485667413e+01 7.985770749549998015e+01
6.887591545985665675e+01 7.963331541249998224e+01
6.903084126185666491e+01 7.940832637349997469e+01
6.918490065185667959e+01 7.918274645549998070e+01
6.933813599985666087e+01 7.895660888749998207e+01
6.949058613985667421e+01 7.872994385549998242e+01
6.964228676385667427e+01 7.850277887649997410e+01
6.979327076485665771e+01 7.827513910449998491e+01
6.994356846385667836e+01 7.804704770749998488e+01
7.009320815085666823e+01 7.781852565849997916e+01
7.024221584985667732e+01 7.758959263749997604e+01
7.039061583985667880e+01 7.736026670249998460e+01
7.053843074285666148e+01 7.713056457349998141e+01
7.068568167285667414e+01 7.690050176549998184e+01
7.083238837385667352e+01 7.667009269749998168e+01
7.097856933285666514e+01 7.643935080249997327e+01
7.112424189385666295e+01 7.620828861149998090e+01
7.126942234385666097e+01 7.597691783449998582e+01
7.141412600785668019e+01 7.574524943049998171e+01
7.155836731585665689e+01 7.551329367049997643e+01
7.170215979385667993e+01 7.528106033149997245e+01
7.184551638985666955e+01 7.504855831649997810e+01
7.198844919885667082e+01 7.481579622749997327e+01
7.213096970185665668e+01 7.458278211349997378e+01
7.227308877385667074e+01 7.434952356549997887e+01
7.241481671985667390e+01 7.411602775149998479e+01
7.255616331885667591e+01 7.388230145049998043e+01
7.269713785585668120e+01 7.364835107549997417e+01
7.283774915385666304e+01 7.341418269949997466e+01
7.297800560385667268e+01 7.317980208149998589e+01
7.311791519185666743e+01 7.294521468349998372e+01
7.325748552385667267e+01 7.271042568949998497e+01
7.339672384785666281e+01 7.247544002649998163e+01
7.353563707485668033e+01 7.224026237449997723e+01
7.367423179985667048e+01 7.200489718649997428e+01
7.381251431785668160e+01 7.176934870049997528e+01
7.395049064085665691e+01 7.153362094749998334e+01
7.408816651485668103e+01 7.129771776749997514e+01
7.422552902185665857e+01 7.106167450549997966e+01
7.436262186585668132e+01 7.082542855949998284e+01
7.449942990585665825e+01 7.058901785949997532e+01
7.463595796585667586e+01 7.035244555149998291e+01
7.477221073185666000e+01 7.011571451949997424e+01
7.490819252385665550e+01 6.987882780149998041e+01
7.504390763185668334e+01 6.964178802949997760e+01
7.517936012685666469e+01 6.940459778149997305e+01
7.531453178085666877e+01 6.916729841249997435e+01
7.544946695985666452e+01 6.892982096049998120e+01
7.558415024885667322e+01 6.869220097649997570e+01
7.571858503485665892e+01 6.845444067149998091e+01
7.585277456085665904e+01 6.821654215749997263e+01
7.598672193585667856e+01 6.797850745049997556e+01
7.612043013685666892e+01 6.774033846849998497e+01
7.625390201685667080e+01 6.750203703749997430e+01
7.638714030585666137e+01 6.726360489449997715e+01
7.652014762085667599e+01 6.702504369049998445e+01
7.665292646685665545e+01 6.678635498849997987e+01
7.678547924285666681e+01 6.654754026949997581e+01
7.691780824185667598e+01 6.630860093449997805e+01
7.704991565685668320e+01 6.606953831149998280e+01
7.718180358085666626e+01 6.583035365249997994e+01
7.731347400285667959e+01 6.559104815349998319e+01
7.744492880985666261e+01 6.535162296249997382e+01
7.757616977185665519e+01 6.511207920149998074e+01
7.770719852585668264e+01 6.487241801249997764e+01
7.783801654185666052e+01 6.463264062149997358e+01
7.796862506385667757e+01 6.439274845449997997e+01
7.809905131085668017e+01 6.415269486949998168e+01
7.822925351985665543e+01 6.391255997949997436e+01
7.835925198285667648e+01 6.367230954449998137e+01
7.848904757385668063e+01 6.343194483049997245e+01
7.861864049585668113e+01 6.319146814949998259e+01
7.874802836585666910e+01 6.295088644549997525e+01
7.887719361385666161e+01 6.271023484149998239e+01
7.900615664385665582e+01 6.246947757549997959e+01
7.913491895085667238e+01 6.222861381349997600e+01
7.926348168485665724e+01 6.198764315849997786e+01
7.939184573585666271e+01 6.174656551349997358e+01
7.952001179185666047e+01 6.150538095849998399e+01
7.964798038685665915e+01 6.126408967649997805e+01
7.977573211985665580e+01 6.102272935949997645e+01
7.990331080785665563e+01 6.078121801149997339e+01
8.003069196985666167e+01 6.053960246549998203e+01
8.015787602185667993e+01 6.029788237149998054e+01
8.028486316385667010e+01 6.005605758949998574e+01
8.041165347985668177e+01 5.981412799949997350e+01
8.053824695385665677e+01 5.957209347549998313e+01
8.066464347885667507e+01 5.932995386549997363e+01
8.079084285885667782e+01 5.908770897449997506e+01
8.091684481785665639e+01 5.884535855549998473e+01
8.104264900385666692e+01 5.860290229749998048e+01
8.116825493485666243e+01 5.836033991449997416e+01
8.129366219385667591e+01 5.811767077749998123e+01
8.141887009485665772e+01 5.787489454249997323e+01
8.154387778985667978e+01 5.763201094949998549e+01
8.166868425985666136e+01 5.738901982749997899e+01
8.179331050485666310e+01 5.714587775849997797e+01
8.191772005785665556e+01 5.690265317249998134e+01
8.204192759485667352e+01 5.665931450949997839e+01
8.216593010085665583e+01 5.641586444349998430e+01
8.228972042185665714e+01 5.617231353649998482e+01
8.241319815985667674e+01 5.592885619949997533e+01
8.253674456585667940e+01 5.568473547849997374e+01
8.265990398185667232e+01 5.544084659449997332e+01
8.278276743885666633e+01 5.519700614349997636e+01
8.290528436185667260e+01 5.495331075049998049e+01
8.302783856585668332e+01 5.470899059449997992e+01
8.315007030685666223e+01 5.446475586649998490e+01
8.327207276385667001e+01 5.422041475249997688e+01
8.339383437185665571e+01 5.397598374449998460e+01
8.351539471485668287e+01 5.373137600249998513e+01
8.363672106785665505e+01 5.348664940349998176e+01
8.375781174785666394e+01 5.324179904049998413e+01
8.387866315785666416e+01 5.299682330449998346e+01
8.399927096585668096e+01 5.275172150049998265e+01
8.411963045185666488e+01 5.250649311549997833e+01
8.423973663285667612e+01 5.226113751549998199e+01
8.435958429585667773e+01 5.201565384549998328e+01
8.447916805985667565e+01 5.177004085149998502e+01
8.459848222385667782e+01 5.152429712049998045e+01
8.471752092485667163e+01 5.127842070849997924e+01
8.483627782185666888e+01 5.103240971849997720e+01
8.495474636785667144e+01 5.078626166249998164e+01
8.507291957885666989e+01 5.053997385549998000e+01
8.519080651285668182e+01 5.029350881049998634e+01
8.530836224185665628e+01 5.004694070049997379e+01
8.542559974185667215e+01 4.980022122449997823e+01
8.554250978485666224e+01 4.955334688149997646e+01
8.565908250885667030e+01 4.930631379749998189e+01
8.577530733785667394e+01 4.905911772249997682e+01
8.589117290285668105e+01 4.881175401849998252e+01
8.600666694385665778e+01 4.856421764049997591e+01
8.612177621185665544e+01 4.831650311049997981e+01
8.623648634985667627e+01 4.806860448349998194e+01
8.635078175885666951e+01 4.782051531149997459e+01
8.646463104485667373e+01 4.757226007549998315e+01
8.657804854185667409e+01 4.732375937849998593e+01
8.669099451185667249e+01 4.707504717749998235e+01
8.680344678785667156e+01 4.682611406949997956e+01
8.691538089585665716e+01 4.657694982449997667e+01
8.702676975785666968e+01 4.632754320549997828e+01
8.713758316485666455e+01 4.607788212249998594e+01
8.724778753885667015e+01 4.582795293249998281e+01
8.735734515785665621e+01 4.557774069049997934e+01
8.746621352285666262e+01 4.532722874849997652e+01
8.757434445585667504e+01 4.507639852749997544e+01
8.768168313785668033e+01 4.482522886949998053e+01
8.778816651485666966e+01 4.457369608349998202e+01
8.789372162685666012e+01 4.432177320449997637e+01
8.799826352285666076e+01 4.406942878349997272e+01
8.810169194685667549e+01 4.381662668249998660e+01
8.820388745385668017e+01 4.356332447649998585e+01
8.830472098685666538e+01 4.330943342349998204e+01
8.840398809785668277e+01 4.305496264649997329e+01
8.850148107985666002e+01 4.279980645549997575e+01
8.859691868385667135e+01 4.254387395649997927e+01
8.868993295585667624e+01 4.228705036749997248e+01
8.878002672185667166e+01 4.202918735749997836e+01
8.886650008585667138e+01 4.177008762149998233e+01
8.894831302685668106e+01 4.150947930249998308e+01
8.902378622985668244e+01 4.124702312549997885e+01
8.908996897285666705e+01 4.098204255149997266e+01
8.902918356685665913e+01 4.082508268449997502e+01
8.875902403085666492e+01 4.086530595249998044e+01
8.848831372285667385e+01 4.090164556749998326e+01
8.821723857085666509e+01 4.093516389449997916e+01
8.794590688885668328e+01 4.096651178949997529e+01
8.767438065685666970e+01 4.099612296349998530e+01
8.740270147785668087e+01 4.102430312649997290e+01
8.713089686785667709e+01 4.105127752449998013e+01
8.685898123985666075e+01 4.107721819249998418e+01
8.658697800885667561e+01 4.110225848949997385e+01
8.631490223585666399e+01 4.112650544349997972e+01
8.604276368885666670e+01 4.115004646649997255e+01
8.577057016285667146e+01 4.117295389749997980e+01
8.549832767585667170e+01 4.119528843349998226e+01
8.522604148385667600e+01 4.121710154749997912e+01
8.495371561785665904e+01 4.123843738949997828e+01
8.468135341685666617e+01 4.125933414549997735e+01
8.440895756285667062e+01 4.127982511749998196e+01
8.413658454485667448e+01 4.129993557849998354e+01
8.386414441885668225e+01 4.131969818049998366e+01
8.359168008185667986e+01 4.133913283149998108e+01
8.331919316685667809e+01 4.135826005249998616e+01
8.304668546685667252e+01 4.137709824649998325e+01
8.277415833785667587e+01 4.139566402949998292e+01
8.250161315585665989e+01 4.141397243949998597e+01
8.222905133085666307e+01 4.143203713649998576e+01
8.195641709685668275e+01 4.144987428849998423e+01
8.168380233485666508e+01 4.146748934249997376e+01
8.141116638685667795e+01 4.148489549849998070e+01
8.113850805685666501e+01 4.150210251849998144e+01
8.086582627385666910e+01 4.151911940549997837e+01
8.059312107085668231e+01 4.153595442149998007e+01
8.032078467985667203e+01 4.155259139149997338e+01
8.004814162385667942e+01 4.156907879549997631e+01
7.977548832685667435e+01 4.158540507849997425e+01
7.950282547785667475e+01 4.160157640349997621e+01
7.923015311385665882e+01 4.161759856949997527e+01
7.895747188385666959e+01 4.163347697049998430e+01
7.868478218385666878e+01 4.164921667949998607e+01
7.841208437985667956e+01 4.166482246349997354e+01
7.813937881485665571e+01 4.168029880849998392e+01
7.786666580485666600e+01 4.169564994149997972e+01
7.759394564285668139e+01 4.171087985349997496e+01
7.732121859985667811e+01 4.172599231349998661e+01
7.704848492785666281e+01 4.174099088849997941e+01
7.677574486085666194e+01 4.175587895749997358e+01
7.650299861185666828e+01 4.177065972349997480e+01
7.623024638285667720e+01 4.178533622749998244e+01
7.595748835885666495e+01 4.179991136049997635e+01
7.568468427985666835e+01 4.181439000949997364e+01
7.541191987985666856e+01 4.182877025349998235e+01
7.513914969685666279e+01 4.184305701549997991e+01
7.486637391185666957e+01 4.185725267049997456e+01
7.459359268785667041e+01 4.187135948849997646e+01
7.432080617185667393e+01 4.188537963849998391e+01
7.404801449485665898e+01 4.189931519149997996e+01
7.377521777685666393e+01 4.191316813349997972e+01
7.350241612385667622e+01 4.192694036349998044e+01
7.322960973685667341e+01 4.194063369849997969e+01
7.295679844485667331e+01 4.195424989649997372e+01
7.268398247385667332e+01 4.196779062649997627e+01
7.241120552585667269e+01 4.198125534849998530e+01
7.213838631185666372e+01 4.199464962749998165e+01
7.186556320085665561e+01 4.200797305249997748e+01
7.159273627485666225e+01 4.202122705149997728e+01
7.131990561385666183e+01 4.203441299949997756e+01
7.104707128785668147e+01 4.204753221849998113e+01
7.077423336485665573e+01 4.206058598449997987e+01
7.050139190785665733e+01 4.207357552449998650e+01
7.022854696885667636e+01 4.208650202449997835e+01
6.995569860485667846e+01 4.209936662649998595e+01
6.968284686285667817e+01 4.211217043549997641e+01
6.940999178485665766e+01 4.212491451449997726e+01
6.913713331185667244e+01 4.213759989849998533e+01
6.886427176085666702e+01 4.215022756749998223e+01
6.859140690485668301e+01 4.216279849749997766e+01
6.831853884385665765e+01 4.217531361249997701e+01
6.804566768185665637e+01 4.218777380949997280e+01
6.777279315485665734e+01 4.220017997149997768e+01
6.749991558885668042e+01 4.221253292849998218e+01
6.722703488785666082e+01 4.222483350249997613e+01
6.695415106385667059e+01 4.223708248349997518e+01
6.668126412485668197e+01 4.224928063749997875e+01
6.640837407985665664e+01 4.226142870949998098e+01
6.613548093285666596e+01 4.227352741949998460e+01
6.586258469685665773e+01 4.228557746549998342e+01
6.558968538385667557e+01 4.229757952549998379e+01
6.531678301185667124e+01 4.230953425749997621e+01
6.504387760685668241e+01 4.232144229849997430e+01
6.477096921185668066e+01 4.233330426849997252e+01
6.449805788885666402e+01 4.234512076549998483e+01
6.422514372785667547e+01 4.235689237049997757e+01
6.395222686085668329e+01 4.236861964849997264e+01
6.367926390785666513e+01 4.238030500449997362e+01
6.340633073585667034e+01 4.239194572449997622e+01
6.313339292785667567e+01 4.240354380749998597e+01
6.286045033085667910e+01 4.241509976549997418e+01
6.258750280785667996e+01 4.242661409749997858e+01
6.231455025085665511e+01 4.243808728849998602e+01
6.204159261985665808e+01 4.244951980449998530e+01
6.176862996985667564e+01 4.246091209849997483e+01
6.149566251285668272e+01 4.247226460249997615e+01
6.122269097585666486e+01 4.248357771549997608e+01
6.094971616385666380e+01 4.249485182449997467e+01
6.067673993785666653e+01 4.250608726049998154e+01
6.040376529085668267e+01 4.251728429849997326e+01
6.013079703085665528e+01 4.252844313149998356e+01
5.985784219785665528e+01 4.253956385349998470e+01
5.958490705485667149e+01 4.255064658349998297e+01
5.931210619485668190e+01 4.256168706049997752e+01
5.903932989385666019e+01 4.257269010349997984e+01
5.876704505385666266e+01 4.258363732249998179e+01
5.849388542285666404e+01 4.259458390249997706e+01
5.822096730385666774e+01 4.260548530649998611e+01
5.794804786785667261e+01 4.261635159749998536e+01
5.767512712185666146e+01 4.262718307949998575e+01
5.740220507285667395e+01 4.263798005149998005e+01
5.712928172485666778e+01 4.264874280549997820e+01
5.685635707985667864e+01 4.265947162249997859e+01
5.658343113885666753e+01 4.267016678049998291e+01
5.631050389885666618e+01 4.268082854749998489e+01
5.603757535385668120e+01 4.269145718749997798e+01
5.576464549685667293e+01 4.270205295549997970e+01
5.549171430885667178e+01 4.271261610249997887e+01
5.521878177085667971e+01 4.272314687049997417e+01
5.494584785585666964e+01 4.273364549849998184e+01
5.467291252385666667e+01 4.274411221849997844e+01
5.439997579985666221e+01 4.275454725349997886e+01
5.412703741685666614e+01 4.276495083349998083e+01
5.385409742585667914e+01 4.277532316849998040e+01
5.358115569185667937e+01 4.278566447249997395e+01
5.330821203885668069e+01 4.279597495349997871e+01
5.303524042985665687e+01 4.280625578849998192e+01
5.276224640185665749e+01 4.281650695049998490e+01
5.248925114385667712e+01 4.282672783049997633e+01
5.221625463685666091e+01 4.283691860849998534e+01
5.194325710885667036e+01 4.284707945349997260e+01
5.167025856985665655e+01 4.285721053949997383e+01
5.139725906885666973e+01 4.286731202949998476e+01
5.112425864685667420e+01 4.287738408749997632e+01
5.085125733985665875e+01 4.288742686949997562e+01
5.057737717185668203e+01 4.289747268649998091e+01
5.030466374085668235e+01 4.290744670349998557e+01
5.003154439185667002e+01 4.291740670549998526e+01
4.975849783985665908e+01 4.292733532349997461e+01
4.948548021885667936e+01 4.293723430549998454e+01
4.921251908285665877e+01 4.294710280049997664e+01
4.893956428585667595e+01 4.295694275949998087e+01
4.866661183285665970e+01 4.296675445249998404e+01
4.839365906185668109e+01 4.297653809949997594e+01
4.812070438885666590e+01 4.298629387249998501e+01
4.784774694285667351e+01 4.299602191649998417e+01
4.757478629585668273e+01 4.300572235549998368e+01
4.730182228485665519e+01 4.301539530149997859e+01
4.702885490585666162e+01 4.302504085649998444e+01
4.675588424485667360e+01 4.303465911649998077e+01
4.648291043585666671e+01 4.304425016949997485e+01
4.620993354585667134e+01 4.305381410549998122e+01
4.593695396085666971e+01 4.306335100049997777e+01
4.566397170785666049e+01 4.307286093549997474e+01
4.539098695385666815e+01 4.308234398849998570e+01
4.511799985285665571e+01 4.309180023049998454e+01
4.484504913785667668e+01 4.310122840049997706e+01
4.457205225485665778e+01 4.311063142149997418e+01
4.429905425585667444e+01 4.312000780249998400e+01
4.402605511385667114e+01 4.312935761049998007e+01
4.375305481985665779e+01 4.313868090849997827e+01
4.348005337485668065e+01 4.314797775349997266e+01
4.320705078685665512e+01 4.315724820249998572e+01
4.293404707085667837e+01 4.316649230749997912e+01
4.266104224385665589e+01 4.317571011749997467e+01
4.238803632585666037e+01 4.318490167749997966e+01
4.211502933885665811e+01 4.319406702949997623e+01
4.184202130585666168e+01 4.320320621449998555e+01
4.156901224885666579e+01 4.321231926849998217e+01
4.129600218985666515e+01 4.322140622449998659e+01
4.102299115085668291e+01 4.323046711349998361e+01
4.074997915385665692e+01 4.323950196149998249e+01
4.047696621785667048e+01 4.324851079349997462e+01
4.020395236385667204e+01 4.325749363149998317e+01
3.993093760985667018e+01 4.326645049349997407e+01
3.965792197485666293e+01 4.327538139349998403e+01
3.938490547385666218e+01 4.328428634549997867e+01
3.911188812585666597e+01 4.329316535849997649e+01
3.883886994285666105e+01 4.330201843849998511e+01
3.856585094185666662e+01 4.331084558849997279e+01
3.829283113485666945e+01 4.331964680849998217e+01
3.801981053585666359e+01 4.332842209749998119e+01
3.774678915485665698e+01 4.333717144749998340e+01
3.747376700485668266e+01 4.334589485149997756e+01
3.720074409585666331e+01 4.335459229649997326e+01
3.692772043785666369e+01 4.336326376849997644e+01
3.665469603985667391e+01 4.337190924749998544e+01
3.638167091085665561e+01 4.338052871349998441e+01
3.610864505785667689e+01 4.338912214249998556e+01
3.583561848885668155e+01 4.339768950649998658e+01
3.556259121085668085e+01 4.340623077449997425e+01
3.528956322985666816e+01 4.341474591249998127e+01
3.501653455285668315e+01 4.342323488349997263e+01
3.474350518485667294e+01 4.343169764649998399e+01
3.447047513085666992e+01 4.344013415849997273e+01
3.419744439585667806e+01 4.344854437149997750e+01
3.392441298385665505e+01 4.345692823449998343e+01
3.365138089785668285e+01 4.346528569449998258e+01
3.337834814285668017e+01 4.347361669349997726e+01
3.310531472185667212e+01 4.348192117049997307e+01
3.283228074985666467e+01 4.349019905849998224e+01
3.255924598185666241e+01 4.349845029449997469e+01
3.228621055885668056e+01 4.350667480449997981e+01
3.201317448385665898e+01 4.351487251249997712e+01
3.174013775585666508e+01 4.352304333849997420e+01
3.146710037785666714e+01 4.353118719949998194e+01
3.119406234885667573e+01 4.353930400849998250e+01
3.092102367085666970e+01 4.354739367549997553e+01
3.064798434485666689e+01 4.355545610449998151e+01
3.037494436885666005e+01 4.356349119649998158e+01
3.010190374485665643e+01 4.357149884849998500e+01
2.982886247185666662e+01 4.357947895249998282e+01
2.955582054985666218e+01 4.358743139749998363e+01
2.928277797885667155e+01 4.359535606749997783e+01
2.900973475685665903e+01 4.360325284049997663e+01
2.873669088485667089e+01 4.361112159249998399e+01
2.846364636085667144e+01 4.361896219249997841e+01
2.819060118285668182e+01 4.362677450749997377e+01
2.791755535085667361e+01 4.363455839649998325e+01
2.764450886285666797e+01 4.364231371549998073e+01
2.737146171785667548e+01 4.365004031449997512e+01
2.709841391285667100e+01 4.365773803849998558e+01
2.682536544785668298e+01 4.366540672849997407e+01
2.655231631785667901e+01 4.367304621849997659e+01
2.627926652385667694e+01 4.368065633649997892e+01
2.600621605985668339e+01 4.368823690749998434e+01
2.573312166185667138e+01 4.369578894049998041e+01
2.546007188585667791e+01 4.370330979949997641e+01
2.518702135185665725e+01 4.371080054549997840e+01
2.491397005985666624e+01 4.371826097949997347e+01
2.464091800985667646e+01 4.372569089149997978e+01
2.436786520085667007e+01 4.373309006749997252e+01
2.409481163285667549e+01 4.374045828649997247e+01
2.382175730385665702e+01 4.374779531949998557e+01
2.354870221385667151e+01 4.375510093149998170e+01
2.327564635985666541e+01 4.376237487749997968e+01
2.300258974185666716e+01 4.376961690849998377e+01
2.272953235485667278e+01 4.377682676549997609e+01
2.245647419985667170e+01 4.378400417949997347e+01
2.218341527185665996e+01 4.379114887749997820e+01
2.191035556885665869e+01 4.379826057349997370e+01
2.163729508785667122e+01 4.380533897449997482e+01
2.136423382685666184e+01 4.381238377849997789e+01
2.109117177985666558e+01 4.381939467349998552e+01
2.081810894585666460e+01 4.382637133749997815e+01
2.054504531885666552e+01 4.383331343749998155e+01
2.027198089585667162e+01 4.384022063149997450e+01
1.999891567285666838e+01 4.384709256549997747e+01
1.972584964485668024e+01 4.385392887449998511e+01
1.945278280685667482e+01 4.386072918149997690e+01
1.917971515385667658e+01 4.386749309649998452e+01
1.890664668085668154e+01 4.387422021949997486e+01
1.863357738285665732e+01 4.388091013349998093e+01
1.836050725385666738e+01 4.388756241149998516e+01
1.808743628785666147e+01 4.389417661049998287e+01
1.781436447985666405e+01 4.390075227249998591e+01
1.754129182185667446e+01 4.390728892549998363e+01
1.726821830885666031e+01 4.391378607949998525e+01
1.699514393285667779e+01 4.392024323049997747e+01
1.672206868785667666e+01 4.392665985549997743e+01
1.644899256685667410e+01 4.393303541349997943e+01
1.617591556185666946e+01 4.393936934549998341e+01
1.590283766585667991e+01 4.394566107249997344e+01
1.562975886985665852e+01 4.395190999549997457e+01
1.535667916685667933e+01 4.395811549249998507e+01
1.508359854785666698e+01 4.396427692149997313e+01
1.481051700385665981e+01 4.397039361649997602e+01
1.453743452785667500e+01 4.397646488449997548e+01
1.426435110785666893e+01 4.398249001049997275e+01
1.399126673785667663e+01 4.398846825049997733e+01
1.371818140485666504e+01 4.399439883249998218e+01
1.344509510185667978e+01 4.400028095549997431e+01
1.317200781685667721e+01 4.400611378649998073e+01
1.289891954085666725e+01 4.401189646149997259e+01
1.262583026185666313e+01 4.401762807849998183e+01
1.235273996985665690e+01 4.402330770449998454e+01
1.207964865285666178e+01 4.402893436349998524e+01
1.180655629985668043e+01 4.403450704249998182e+01
1.153346289885666920e+01 4.404002468349997912e+01
1.126036843785666974e+01 4.404548618449997832e+01
1.098727290385667743e+01 4.405089039649998028e+01
1.071417628585666648e+01 4.405623612049997462e+01
1.044107856785666399e+01 4.406152210149997472e+01
1.016797974085667988e+01 4.406674703049998243e+01
9.894879789856673824e+00 4.407190953749997675e+01
9.621778698856672918e+00 4.407700818849997404e+01
9.348676456856679806e+00 4.408204148049998139e+01
9.075613301856662929e+00 4.408700711249997539e+01
8.802505356856670460e+00 4.409190495549998445e+01
8.529396408856655398e+00 4.409673247349998348e+01
8.256286434856662027e+00 4.410148784249997789e+01
7.983175415856663903e+00 4.410616914549997603e+01
7.710063329856666314e+00 4.411077436049997402e+01
7.436950155856663969e+00 4.411530136049998418e+01
7.163835872856679998e+00 4.411974789649997319e+01
6.890720459856680691e+00 4.412411159549998274e+01
6.617603893856681907e+00 4.412838994849998642e+01
6.344486155856657206e+00 4.413258029349998424e+01
6.071367223856668716e+00 4.413667981449998479e+01
5.798247075856664878e+00 4.414068551649998540e+01
5.525125692856676096e+00 4.414459421849997511e+01
5.252003054856658082e+00 4.414840252949997534e+01
4.978879140856662389e+00 4.415210683649998202e+01
4.705753828856671817e+00 4.415570327949997420e+01
4.432627336856683087e+00 4.415918772249997915e+01
4.159499512856655201e+00 4.416255573749998575e+01
3.886370343856668796e+00 4.416580256349998024e+01
3.613239817856680247e+00 4.416892307849998645e+01
3.340107926856660470e+00 4.417191175349998389e+01
3.066974664856672916e+00 4.417476261049998243e+01
2.793840029856681895e+00 4.417746916949998592e+01
2.520704025856673525e+00 4.418002438549997635e+01
2.247566662856655739e+00 4.418242057649997889e+01
1.974427954856679435e+00 4.418464934749998463e+01
1.701287930856665298e+00 4.418670148249998419e+01
1.428146627856676787e+00 4.418856683749997671e+01
1.155004095856668300e+00 4.419023420049998663e+01
8.818604078566636417e-01 4.419169112649997544e+01
6.087156538566773634e-01 4.419292374149998182e+01
3.355700538566566138e-01 4.419391649749998408e+01
6.242349185666284939e-02 4.419465188149997914e+01
-2.107236141433190824e-01 4.419511004349998018e+01
