4.430638518558680516e-01 4.862258381037599975e+01
1.836017928558248968e-01 4.862253382537599578e+01
-7.586022714417595125e-02 4.862238465237599883e+01
-3.353221791442138056e-01 4.862213744737600507e+01
-5.947840271442146332e-01 4.862179333737600473e+01
-8.542457411440409487e-01 4.862135342637600388e+01
-1.113707290144020590e+00 4.862081879337600299e+01
-1.373168643144026646e+00 4.862019049237599688e+01
-1.632629614144207153e+00 4.861946955637600354e+01
-1.892090426144022786e+00 4.861865699437599631e+01
-2.151550944144219102e+00 4.861775379337599645e+01
-2.411011140144182718e+00 4.861676092037600938e+01
-2.670470989144178020e+00 4.861567932137600678e+01
-2.929930464144035795e+00 4.861450992137599769e+01
-3.189389541144237228e+00 4.861325362737599676e+01
-3.448848196144126632e+00 4.861191132737600640e+01
-3.708306406144174616e+00 4.861048388937599896e+01
-3.967764149144159092e+00 4.860897216437599866e+01
-4.227221402144095919e+00 4.860737698737599999e+01
-4.486678146144186030e+00 4.860569917437599941e+01
-4.746134359144207338e+00 4.860393952537600626e+01
-5.005590023144122824e+00 4.860209882337599652e+01
-5.265045118144143999e+00 4.860017783837599836e+01
-5.524499625144017045e+00 4.859817732237600296e+01
-5.783953527144149120e+00 4.859609801437599685e+01
-6.043406807144037884e+00 4.859394063637600425e+01
-6.302859447144101068e+00 4.859170589937600937e+01
-6.562311432144042556e+00 4.858939449837600932e+01
-6.821762746144031553e+00 4.858700711437600717e+01
-7.081213373144237266e+00 4.858454441737600860e+01
-7.340663299144125631e+00 4.858200706337599684e+01
-7.600112511144061500e+00 4.857939569537600732e+01
-7.859560992144224656e+00 4.857671094437600345e+01
-8.119008729144070458e+00 4.857395343037600810e+01
-8.378455711144169982e+00 4.857112376037599688e+01
-8.637901923144227112e+00 4.856822253037600490e+01
-8.897347353144141380e+00 4.856525032637600248e+01
-9.156791990144029114e+00 4.856220772137599795e+01
-9.416235822144017220e+00 4.855909527937599535e+01
-9.675678837144232602e+00 4.855591355337600135e+01
-9.935121024144109469e+00 4.855266308537599684e+01
-1.019456237214421890e+01 4.854934440937600471e+01
-1.045400287214420132e+01 4.854595804837600781e+01
-1.071344251214418364e+01 4.854250451437600589e+01
-1.097288128314403366e+01 4.853898431337600528e+01
-1.123231917514408451e+01 4.853539794037600075e+01
-1.149175617914420400e+01 4.853174588037600756e+01
-1.175119228514404313e+01 4.852802861037599769e+01
-1.201062748514414125e+01 4.852424660137600654e+01
-1.227006177014413879e+01 4.852040031137600806e+01
-1.252949513114413094e+01 4.851649019437600430e+01
-1.278892756014420229e+01 4.851251669237599629e+01
-1.304835904914421008e+01 4.850848024337599895e+01
-1.330778959114422832e+01 4.850438127537600508e+01
-1.356721917714412484e+01 4.850022020837600678e+01
-1.382664779914421160e+01 4.849599745537599915e+01
-1.408607545214408674e+01 4.849171342437600174e+01
-1.434550212714407280e+01 4.848736851237600831e+01
-1.460492781714401644e+01 4.848296311137600867e+01
-1.486435251514421907e+01 4.847849760637599559e+01
-1.512377621614405143e+01 4.847397237637599687e+01
-1.538319891214405288e+01 4.846938779137600761e+01
-1.564262059614407008e+01 4.846474421737600835e+01
-1.590204126314415589e+01 4.846004201237600739e+01
-1.616146090714414640e+01 4.845528152737600180e+01
-1.642087952014412622e+01 4.845046311037600617e+01
-1.668029709814413764e+01 4.844558710037600235e+01
-1.693971363514401673e+01 4.844065383137599667e+01
-1.719912912414406492e+01 4.843566363037599842e+01
-1.745854356114409711e+01 4.843061682137600599e+01
-1.771795693914418734e+01 4.842551371937599924e+01
-1.797736925314416112e+01 4.842035463537600037e+01
-1.823678049914406074e+01 4.841513987637600280e+01
-1.849619067014418761e+01 4.840986974037599566e+01
-1.875559976214412927e+01 4.840454452337600344e+01
-1.901500776914417656e+01 4.839916451437599676e+01
-1.927441468714414441e+01 4.839372999737599912e+01
-1.953382051014409626e+01 4.838824125237600526e+01
-1.979322523414407442e+01 4.838269855237599870e+01
-2.005262885414413176e+01 4.837710216837599830e+01
-2.031203136514409380e+01 4.837145236237600443e+01
-2.057143276314423019e+01 4.836574939637600323e+01
-2.083083304214414966e+01 4.835999352437600862e+01
-2.109018762114419587e+01 4.835418599837599629e+01
-2.134958401914423121e+01 4.834832510637600933e+01
-2.160897924614414478e+01 4.834241204637599765e+01
-2.186837329714421685e+01 4.833644705637600225e+01
-2.212776616714404554e+01 4.833043036737599607e+01
-2.238715785214412790e+01 4.832436220737599797e+01
-2.264654834614407264e+01 4.831824280137600169e+01
-2.290593764414416000e+01 4.831207236837600760e+01
-2.316532574314419435e+01 4.830585112337600151e+01
-2.342471263814422855e+01 4.829957927737599732e+01
-2.368409832314409869e+01 4.829325703737600861e+01
-2.394348292214408502e+01 4.828688460437599872e+01
-2.420286618014415581e+01 4.828046218237599874e+01
-2.446224821614418943e+01 4.827398996437599976e+01
-2.472162902514423877e+01 4.826746814137599983e+01
-2.498100860114413990e+01 4.826089690037599667e+01
-2.524038694014416251e+01 4.825427642637600911e+01
-2.549976403814412151e+01 4.824760689837600580e+01
-2.575913989014406980e+01 4.824088849337600493e+01
-2.601851449214404965e+01 4.823412138237600288e+01
-2.627788783914411397e+01 4.822730573537600662e+01
-2.653725992614408824e+01 4.822044171737600493e+01
-2.679663074914401477e+01 4.821352948937600047e+01
-2.705600030414416324e+01 4.820656921137600648e+01
-2.731536858514414234e+01 4.819956103637599654e+01
-2.757473558814422177e+01 4.819250511637599743e+01
-2.783410130914421643e+01 4.818540159937600720e+01
-2.809346574214418979e+01 4.817825062837600569e+01
-2.835282888514416300e+01 4.817105234537599756e+01
-2.861219073014422065e+01 4.816380688837600133e+01
-2.887155127514415653e+01 4.815651439037600312e+01
-2.913091051414403410e+01 4.814917498337599966e+01
-2.939026844314412301e+01 4.814178879437599790e+01
-2.964962505714402141e+01 4.813435594937600115e+01
-2.990898035114423692e+01 4.812687656737600150e+01
-3.016833432014414029e+01 4.811935076637600162e+01
-3.042768696014422858e+01 4.811177866337600051e+01
-3.068703826614409991e+01 4.810416036837600018e+01
-3.094638823314403453e+01 4.809649598937599535e+01
-3.120573685514409590e+01 4.808878563337600553e+01
-3.146508412914408837e+01 4.808102940037599637e+01
-3.172443004914407538e+01 4.807322739137600820e+01
-3.198377460914412040e+01 4.806537970137600269e+01
-3.224311780614402778e+01 4.805748642337600529e+01
-3.250245963314409892e+01 4.804954764737600215e+01
-3.276180008614414874e+01 4.804156346037599690e+01
-3.302113916014423012e+01 4.803353394537600707e+01
-3.328047684914417914e+01 4.802545918237599665e+01
-3.353981314814404868e+01 4.801733925137600068e+01
-3.379914805114412957e+01 4.800917422437599669e+01
-3.405848155314401993e+01 4.800096417537599791e+01
-3.431781364914422738e+01 4.799270917137600634e+01
-3.457714433314413327e+01 4.798440927837600611e+01
-3.483647359914402841e+01 4.797606455837600947e+01
-3.509580144214419306e+01 4.796767507237599659e+01
-3.535512785614423592e+01 4.795924087537599689e+01
-3.561445283614420987e+01 4.795076202237599716e+01
-3.587377637514418893e+01 4.794223856337600864e+01
-3.613309846714423657e+01 4.793367054537600325e+01
-3.639241910614418885e+01 4.792505801537599552e+01
-3.665173828714409865e+01 4.791640101237599936e+01
-3.691105600314404001e+01 4.790769957537600021e+01
-3.717037224814407637e+01 4.789895374137600470e+01
-3.742968701514405439e+01 4.789016354337600490e+01
-3.768900029914402694e+01 4.788132900937600311e+01
-3.794831209214407863e+01 4.787245016637599804e+01
-3.820762238714405612e+01 4.786352703837600586e+01
-3.846693117914423965e+01 4.785455964637600346e+01
-3.872623846114402113e+01 4.784554800737599578e+01
-3.898554422514416729e+01 4.783649213537600531e+01
-3.924484846514405945e+01 4.782739204337600825e+01
-3.950415117314423696e+01 4.781824773837600162e+01
-3.976345234214409174e+01 4.780905922637600725e+01
-4.002275196514415256e+01 4.779982650937600397e+01
-4.028205003514403870e+01 4.779054958637600237e+01
-4.054134654414406214e+01 4.778122845337600211e+01
-4.080064148414408010e+01 4.777186310237600253e+01
-4.105993484814416661e+01 4.776245352437599934e+01
-4.131922662714418948e+01 4.775299970437600905e+01
-4.157851681414422274e+01 4.774350162737600556e+01
-4.183780540014413418e+01 4.773395927137600836e+01
-4.209709237814422522e+01 4.772437261437600853e+01
-4.235637773914413629e+01 4.771474162937600738e+01
-4.261566147414418992e+01 4.770506628637599533e+01
-4.287494357414402657e+01 4.769534655237600873e+01
-4.313422403114418557e+01 4.768558239037599833e+01
-4.339350283714406942e+01 4.767577376137600709e+01
-4.365277998014403238e+01 4.766592062037599931e+01
-4.391205545414413791e+01 4.765602292237599613e+01
-4.417132924714405817e+01 4.764608061537600747e+01
-4.443060135014411571e+01 4.763609364637599697e+01
-4.468987175414417834e+01 4.762606195837599898e+01
-4.494914044914412443e+01 4.761598548937600128e+01
-4.520840742414407032e+01 4.760586417537599857e+01
-4.546767267014411118e+01 4.759569794637600637e+01
-4.572693617514414655e+01 4.758548673237599758e+01
-4.598619793014404422e+01 4.757523045737600853e+01
-4.624545792214416906e+01 4.756492903937599692e+01
-4.650471614214416149e+01 4.755458239737600934e+01
-4.676397257814414843e+01 4.754419044237600644e+01
-4.702322721914401882e+01 4.753375308237600905e+01
-4.728248005214413752e+01 4.752327022437600590e+01
-4.754173106614416611e+01 4.751274176637599567e+01
-4.780098024914423149e+01 4.750216760537600180e+01
-4.806022758914423321e+01 4.749154763337600116e+01
-4.831947307314408135e+01 4.748088173837599868e+01
-4.857871668814414079e+01 4.747016980437599898e+01
-4.883795842114409425e+01 4.745941170837599543e+01
-4.909719825914407920e+01 4.744860732737599562e+01
-4.935643618814401634e+01 4.743775653037600648e+01
-4.961567219414405372e+01 4.742685918237600617e+01
-4.987490626414410144e+01 4.741591514537600460e+01
-5.013413838314409077e+01 4.740492427337599679e+01
-5.039336853714416975e+01 4.739388641937600255e+01
-5.065259670914406342e+01 4.738280142837599840e+01
-5.091182288614413665e+01 4.737166914237600679e+01
-5.117104705214410387e+01 4.736048939537600688e+01
-5.143026919014414489e+01 4.734926202137600626e+01
-5.168948928414420152e+01 4.733798684237599730e+01
-5.194870731914420503e+01 4.732666368137600443e+01
-5.220792327714411840e+01 4.731529235037599790e+01
-5.246713714114412141e+01 4.730387265937599750e+01
-5.272634889314417705e+01 4.729240441137599760e+01
-5.298555851514402093e+01 4.728088740437600279e+01
-5.324476599014406020e+01 4.726932142737599918e+01
-5.350397129714406219e+01 4.725770626837599764e+01
-5.376317441914420669e+01 4.724604170337600806e+01
-5.402237533614402309e+01 4.723432750637600464e+01
-5.428157402714418822e+01 4.722256344237599990e+01
-5.454077047214423146e+01 4.721074927237600605e+01
-5.479996465014414753e+01 4.719888474637599529e+01
-5.505915654114414792e+01 4.718696961037599635e+01
-5.531834612114403171e+01 4.717500360437600193e+01
-5.557753336914402098e+01 4.716298645637600373e+01
-5.583671826314412101e+01 4.715091789237600040e+01
-5.609590077814414144e+01 4.713879762637600379e+01
-5.635508089014410871e+01 4.712662536737600760e+01
-5.661425857614403867e+01 4.711440081437599758e+01
-5.687343381014420629e+01 4.710212365837600146e+01
-5.713260656714419383e+01 4.708979358337600729e+01
-5.739177682014405946e+01 4.707741026337600942e+01
-5.765094454314407812e+01 4.706497336337599791e+01
-5.791010970814409120e+01 4.705248254037600475e+01
-5.816927228714416742e+01 4.703993743937600414e+01
-5.842843225014416930e+01 4.702733769937600528e+01
-5.868758957014415500e+01 4.701468294637599854e+01
-5.894674421414401877e+01 4.700197279837600206e+01
-5.920589615214407786e+01 4.698920686037600092e+01
-5.946504535214421594e+01 4.697638472837600432e+01
-5.972419178214408930e+01 4.696350598737599569e+01
-5.998333540714406809e+01 4.695057020937599646e+01
-6.024247619414404653e+01 4.693757695737599533e+01
-6.050161410714417798e+01 4.692452577837600813e+01
-6.076074911014416102e+01 4.691141620937600010e+01
-6.101988116514417015e+01 4.689824777537600653e+01
-6.127901023514414192e+01 4.688501998537600457e+01
-6.153813628014404458e+01 4.687173233637599878e+01
-6.179725925914408435e+01 4.685838431037599605e+01
-6.205637913214422952e+01 4.684497537537600920e+01
-6.231549585514403589e+01 4.683150498437599651e+01
-6.257460938514418558e+01 4.681797257337599660e+01
-6.283371967714401762e+01 4.680437756537600080e+01
-6.309282668414402906e+01 4.679071936337599880e+01
-6.335193035814404539e+01 4.677699735337600373e+01
-6.361103065114411947e+01 4.676321090737600628e+01
-6.387012751114411913e+01 4.674935937337600933e+01
-6.412922088714412894e+01 4.673544208437600389e+01
-6.438831072414404844e+01 4.672145835137600045e+01
-6.464739696814422132e+01 4.670740746637599727e+01
-6.490647956214411352e+01 4.669328869937599791e+01
-6.516555844614413218e+01 4.667910129737600755e+01
-6.542463355914424028e+01 4.666484448637599769e+01
-6.568370484014417343e+01 4.665051746637600161e+01
-6.594277222314417486e+01 4.663611941437599739e+01
-6.620183564214403305e+01 4.662164948137599652e+01
-6.646089502714403352e+01 4.660710679037600812e+01
-6.671995030714401764e+01 4.659249043837600368e+01
-6.697900140914407530e+01 4.657779949137599829e+01
-6.723804825514412187e+01 4.656303298737600471e+01
-6.749709076814406217e+01 4.654818993137600103e+01
-6.775612886614408126e+01 4.653326929737600892e+01
-6.801516246314417913e+01 4.651827002237600084e+01
-6.827419147214413897e+01 4.650319101037599978e+01
-6.853321580314423045e+01 4.648803112637600066e+01
-6.879223536014410456e+01 4.647278919837600597e+01
-6.905125004714409442e+01 4.645746401137600401e+01
-6.931025976214414186e+01 4.644205430937600454e+01
-6.956926439914423099e+01 4.642655879137599584e+01
-6.982826385014413972e+01 4.641097610937600848e+01
-7.008725799914418531e+01 4.639530486737599801e+01
-7.034624672914401344e+01 4.637954361737600095e+01
-7.060522991714401542e+01 4.636369085637599596e+01
-7.086420743414419121e+01 4.634774502737600699e+01
-7.112317914614413894e+01 4.633170451137600310e+01
-7.138214491514418114e+01 4.631556762837600161e+01
-7.164110459514404283e+01 4.629933263137600363e+01
-7.190005803414419461e+01 4.628299770537600466e+01
-7.215900507414403364e+01 4.626656096037599752e+01
-7.241794554814418916e+01 4.625002042937600777e+01
-7.267687928414420639e+01 4.623337406437600805e+01
-7.293580610114418050e+01 4.621661973237600307e+01
-7.319472580714409560e+01 4.619975520437600380e+01
-7.345363820414422662e+01 4.618277816037600303e+01
-7.371254308314405534e+01 4.616568617337600244e+01
-7.397144022414408937e+01 4.614847670837600901e+01
-7.423032939614404313e+01 4.613114711637599896e+01
-7.448921035614421271e+01 4.611369462237600203e+01
-7.474808284914411161e+01 4.609611632137600168e+01
-7.500694660514409406e+01 4.607840916937600184e+01
-7.526580133914421822e+01 4.606056997237600115e+01
-7.552464675214423551e+01 4.604259537337600250e+01
-7.578348252414411945e+01 4.602448185037600581e+01
-7.604230832014422958e+01 4.600622569337599543e+01
-7.630112378314402122e+01 4.598782299637599635e+01
-7.655992853514408125e+01 4.596926964337600907e+01
-7.681872217414411352e+01 4.595056128837600795e+01
-7.707750427114410741e+01 4.593169334337599707e+01
-7.733627437114409986e+01 4.591266095037600792e+01
-7.759503198714423888e+01 4.589345896637600219e+01
-7.785377660014410139e+01 4.587408193837600834e+01
-7.811250765114414207e+01 4.585452407237600880e+01
-7.837122454414407002e+01 4.583477920737600186e+01
-7.862992663714408081e+01 4.581484078137600591e+01
-7.888861313914412676e+01 4.579470180037600358e+01
-7.914728352914403331e+01 4.577435476237600653e+01
-7.940593687614409646e+01 4.575379166637600292e+01
-7.966457230814421564e+01 4.573300391737599568e+01
-7.992318887714418452e+01 4.571198227837599859e+01
-8.018178555214421976e+01 4.569071679737599823e+01
-8.044036120914415733e+01 4.566919673337599761e+01
-8.069891461614406580e+01 4.564741046037600825e+01
-8.095744442114414596e+01 4.562534536537600616e+01
-8.121594913614421785e+01 4.560298772437600689e+01
-8.147442711414419136e+01 4.558032256237599711e+01
-8.173287653114402929e+01 4.555733348937600624e+01
-8.199129535414408565e+01 4.553400250237599778e+01
-8.224968130614411166e+01 4.551030975337600637e+01
-8.250803183514403827e+01 4.548623327737600164e+01
-8.276634405214417711e+01 4.546174865937599918e+01
-8.302461468014416823e+01 4.543682863437599906e+01
-8.328283997214407464e+01 4.541144259537600192e+01
-8.354101562014420779e+01 4.538555599437600563e+01
-8.379913663014417580e+01 4.535912959137600353e+01
-8.405719699614405727e+01 4.533211852337599623e+01
-8.431519011914406292e+01 4.530447104037600070e+01
-8.457310768914408072e+01 4.527612703237599590e+01
-8.483093984414404076e+01 4.524701593037600844e+01
-8.508867454214419013e+01 4.521705398537599763e+01
-8.534629687414417276e+01 4.518614053737600500e+01
-8.560378804114407103e+01 4.515415280837599710e+01
-8.586112385214414644e+01 4.512093843337599708e+01
-8.611827241114406206e+01 4.508630439637600773e+01
-8.637519038514415115e+01 4.505000000437600249e+01
-8.652226373814414728e+01 4.518856741937599963e+01
-8.658877856314416022e+01 4.543932406937599922e+01
-8.664025442014417422e+01 4.569360221537600353e+01
-8.667803721114410109e+01 4.595027910137599747e+01
-8.670341766814408402e+01 4.620848301637600741e+01
-8.671759357814403302e+01 4.646754801337600327e+01
-8.672165334214423638e+01 4.672697223037600622e+01
-8.671657283414401718e+01 4.698638117937599645e+01
-8.670322001014415036e+01 4.724549820337600181e+01
-8.668236339614418284e+01 4.750412112537600251e+01
-8.665468213414419552e+01 4.776210419537599705e+01
-8.662077621114417525e+01 4.801934428737600058e+01
-8.658117616014419582e+01 4.827577041637600530e+01
-8.653635190414411227e+01 4.853133579537600895e+01
-8.648672059714408533e+01 4.878601188937599886e+01
-8.643265352514413280e+01 4.903978376037599674e+01
-8.637448202714404033e+01 4.929264682537599640e+01
-8.631250274514422927e+01 4.954460381737600017e+01
-8.624698190214417082e+01 4.979566342937600609e+01
-8.617815921814417379e+01 5.004583834037600809e+01
-8.610625114614413178e+01 5.029514419737600406e+01
-8.603145369014418975e+01 5.054359872937600073e+01
-8.595394482214419440e+01 5.079122108437600502e+01
-8.587388633514410685e+01 5.103803205137600685e+01
-8.579142822814401370e+01 5.128404597637600659e+01
-8.570670404014413180e+01 5.152928927837599815e+01
-8.561983794414413751e+01 5.177378264937600250e+01
-8.553094694814421928e+01 5.201753892237600496e+01
-8.544013224414402430e+01 5.226058948137600169e+01
-8.534749235514414067e+01 5.250295037537600251e+01
-8.525311714014401332e+01 5.274464112137600580e+01
-8.515709006714405405e+01 5.298568034237599989e+01
-8.505948855114411344e+01 5.322608647137600713e+01
-8.496038468014421596e+01 5.346587729637600717e+01
-8.485984566614411051e+01 5.370507004837600107e+01
-8.475793427814414827e+01 5.394368140837600833e+01
-8.465470923414409299e+01 5.418172750537600280e+01
-8.455022554814422620e+01 5.441922393037600614e+01
-8.444453484414407285e+01 5.465618574837600363e+01
-8.433768563114404060e+01 5.489262750937599833e+01
-8.422972356214404499e+01 5.512856326737600909e+01
-8.412069165614411759e+01 5.536400659537599722e+01
-8.401063050714401470e+01 5.559897060337600294e+01
-8.389957846514403172e+01 5.583346795637599769e+01
-8.378757181314404079e+01 5.606751089037599911e+01
-8.367464491314422048e+01 5.630111123037600862e+01
-8.356083035214419397e+01 5.653428040837600577e+01
-8.344615906214403367e+01 5.676702947937600641e+01
-8.333066044514407622e+01 5.699936913937600025e+01
-8.321436247214410287e+01 5.723130973837599811e+01
-8.309729178814404804e+01 5.746286129937600151e+01
-8.297947379514403110e+01 5.769403353037600368e+01
-8.286093273814412896e+01 5.792483583937600145e+01
-8.274169178114402712e+01 5.815527734937600712e+01
-8.262177307814408778e+01 5.838536691037600690e+01
-8.250119783614422886e+01 5.861511311337599750e+01
-8.237998637514419897e+01 5.884452430137599777e+01
-8.225815818414412206e+01 5.907360858137600701e+01
-8.213573197414416427e+01 5.930237383637600601e+01
-8.201272572514403691e+01 5.953082773637599701e+01
-8.188915673014412278e+01 5.975897774637600435e+01
-8.176504163614413301e+01 5.998683114037599751e+01
-8.164039648714401665e+01 6.021439500837600178e+01
-8.151523675514408751e+01 6.044167626637600677e+01
-8.138957737714417817e+01 6.066868166337600599e+01
-8.126343278814420046e+01 6.089541779337599792e+01
-8.113681694814408729e+01 6.112189110237599721e+01
-8.100974337214415755e+01 6.134810789337599601e+01
-8.088222515814413782e+01 6.157407434237600796e+01
-8.075427500814407722e+01 6.179979649537600039e+01
-8.062590525814403009e+01 6.202528028337600574e+01
-8.049712789514410360e+01 6.225053152637600817e+01
-8.036795458214419341e+01 6.247555594037599747e+01
-8.023839667814422683e+01 6.270035914637600172e+01
-8.010846525614419988e+01 6.292494667437600242e+01
-7.997817112314419319e+01 6.314932397137600617e+01
-7.984752483914417098e+01 6.337349640837599907e+01
-7.971653673414402874e+01 6.359746928537600752e+01
-7.958521692214412724e+01 6.382124783937599943e+01
-7.945357532114417154e+01 6.404483724937600186e+01
-7.932162166914417867e+01 6.426824264237600914e+01
-7.918936553714411275e+01 6.449146910337600502e+01
-7.905681634614415998e+01 6.471452167737599837e+01
-7.892398337914414697e+01 6.493740537637600596e+01
-7.879087580214422815e+01 6.516012518837599998e+01
-7.865750267314410848e+01 6.538268608537600812e+01
-7.852387295914422793e+01 6.560509302237599627e+01
-7.838999555314421741e+01 6.582735095537600500e+01
-7.825587928214417843e+01 6.604946483937600021e+01
-7.812153293214419136e+01 6.627143964137600562e+01
-7.798696525514401401e+01 6.649328034437600365e+01
-7.785218498814401755e+01 6.671499195937600746e+01
-7.771720087114408670e+01 6.693657953237600111e+01
-7.758202166114415377e+01 6.715804815137600770e+01
-7.744665615014423565e+01 6.737940295737600138e+01
-7.731111318614421180e+01 6.760064915837600097e+01
-7.717540168814412027e+01 6.782179203037600246e+01
-7.703953067114412079e+01 6.804283694037600583e+01
-7.690350926414407695e+01 6.826378934937599752e+01
-7.676734673314422253e+01 6.848465482937599802e+01
-7.663105251114416205e+01 6.870543908037599579e+01
-7.649463621714403416e+01 6.892614793937600837e+01
-7.635810769214413085e+01 6.914678740337599550e+01
-7.622147702514416778e+01 6.936736364337600946e+01
-7.608475459314422551e+01 6.958788302837599815e+01
-7.594795109114420484e+01 6.980835214337599837e+01
-7.581107758214420755e+01 7.002877781637600663e+01
-7.567414553714411340e+01 7.024916714437600262e+01
-7.553716689014413532e+01 7.046952752437600509e+01
-7.540015409114403155e+01 7.068986668537600337e+01
-7.526312017214422667e+01 7.091019272637599613e+01
-7.512607882214410893e+01 7.113051415937600552e+01
-7.498904446214419295e+01 7.135083995337599561e+01
-7.485205483214417654e+01 7.157114341337600649e+01
-7.471505864014420695e+01 7.179154312837600571e+01
-7.457814059514407745e+01 7.201194126437600573e+01
-7.444129663214403081e+01 7.223238541637600463e+01
-7.430454652914409053e+01 7.245288781837599856e+01
-7.416791160414413753e+01 7.267346161937599902e+01
-7.403141493014413754e+01 7.289412101137600075e+01
-7.389508159714409885e+01 7.311488136937600757e+01
-7.375893901114409346e+01 7.333575941937600362e+01
-7.362301726314422012e+01 7.355677344237599868e+01
-7.348734956114412853e+01 7.377794350537600110e+01
-7.335197276014423551e+01 7.399929174937599896e+01
-7.321692800514415467e+01 7.422084273237599916e+01
-7.308226153014402371e+01 7.444262384837600166e+01
-7.294802564314409210e+01 7.466466584237599591e+01
-7.281428030814413432e+01 7.488700289437599622e+01
-7.268109589014420635e+01 7.510967146537599604e+01
-7.254854972414409531e+01 7.533272047837600383e+01
-7.241673495014401851e+01 7.555620241137600601e+01
-7.228576187814405785e+01 7.578017870437599868e+01
-7.215035582314408202e+01 7.599884017737599606e+01
-7.191305466014409831e+01 7.610371315937599945e+01
-7.167211082014409840e+01 7.619994059337599879e+01
-7.142847544614414801e+01 7.628914530237599934e+01
-7.118277898914402613e+01 7.637251275237599657e+01
-7.093545859514415497e+01 7.645093648037600076e+01
-7.068682875914419128e+01 7.652510784637600239e+01
-7.043712268614422101e+01 7.659557373837600380e+01
-7.018651773614419653e+01 7.666277497437600630e+01
-6.993515171614421888e+01 7.672707265937600596e+01
-6.968313369314410011e+01 7.678876677237600745e+01
-6.943055136914404102e+01 7.684810957337600712e+01
-6.917747625414403956e+01 7.690531549037599746e+01
-6.892396738114416621e+01 7.696056854037600203e+01
-6.867007400614420476e+01 7.701402798937600380e+01
-6.841583764014421831e+01 7.706583273537600576e+01
-6.816129387214414237e+01 7.711610469437600557e+01
-6.790647296814404399e+01 7.716495164337599988e+01
-6.765140069914423293e+01 7.721246942637600341e+01
-6.739609972614402977e+01 7.725874359837600025e+01
-6.714058984814414544e+01 7.730385095137600615e+01
-6.688488846414406908e+01 7.734786070637599664e+01
-6.662901093614414094e+01 7.739083551937599736e+01
-6.637297089614412471e+01 7.743283231037599990e+01
-6.611678048914404826e+01 7.747390297537600645e+01
-6.586045058114405037e+01 7.751409497337600385e+01
-6.560399093214414279e+01 7.755345184637600653e+01
-6.534741033914406216e+01 7.759201365037600340e+01
-6.509071675214408970e+01 7.762981733137600315e+01
-6.483391738414411520e+01 7.766689705437600821e+01
-6.457701879514411303e+01 7.770328448437599889e+01
-6.432002696914423723e+01 7.773900903637600379e+01
-6.406294737914413417e+01 7.777409808937599678e+01
-6.380578503814422220e+01 7.780857717837599807e+01
-6.354854455814415815e+01 7.784247016337600655e+01
-6.329123018014411173e+01 7.787579937837600141e+01
-6.303384582114404111e+01 7.790858576337599573e+01
-6.277643282614417330e+01 7.794084429437600647e+01
-6.251892228014412467e+01 7.797260253037600819e+01
-6.226135202214413766e+01 7.800387350537600639e+01
-6.200372494714406457e+01 7.803467365037600700e+01
-6.174604375614421770e+01 7.806501848237600427e+01
-6.148831096414414787e+01 7.809492267537599730e+01
-6.123052892114401402e+01 7.812440012037600923e+01
-6.097269982814418654e+01 7.815346398637599634e+01
-6.071482558214415803e+01 7.818212678537599913e+01
-6.045690839214421430e+01 7.821040035337600216e+01
-6.019894994714422864e+01 7.823829599137600610e+01
-5.994095195014415367e+01 7.826582443937600431e+01
-5.968291600514407946e+01 7.829299593137599800e+01
-5.942484362314417012e+01 7.831982022437600222e+01
-5.916673623014412442e+01 7.834630663137600948e+01
-5.890859517214403240e+01 7.837246404637599539e+01
-5.865042172014409516e+01 7.839830097337599568e+01
-5.839221708014406431e+01 7.842382554737599776e+01
-5.813398239014418323e+01 7.844904555637600652e+01
-5.787571873114416121e+01 7.847396846437600004e+01
-5.761742712814407241e+01 7.849860142337600166e+01
-5.735910855414408616e+01 7.852295130037600757e+01
-5.710076393414419726e+01 7.854702468537600168e+01
-5.684239414714420491e+01 7.857082790937600691e+01
-5.658400003014412505e+01 7.859436705837600812e+01
-5.632558238014416929e+01 7.861764798637599938e+01
-5.606714195714403104e+01 7.864067632837600286e+01
-5.580867948514423915e+01 7.866345750737600895e+01
-5.555019565614406929e+01 7.868599675237599911e+01
-5.529169112914405559e+01 7.870829910137599938e+01
-5.503316653714409767e+01 7.873036941437599978e+01
-5.477462248314418503e+01 7.875221237937600449e+01
-5.451605954314413793e+01 7.877383252337600084e+01
-5.425747827114423671e+01 7.879523422037600255e+01
-5.399887919714410600e+01 7.881642169537600751e+01
-5.374026282714407898e+01 7.883739903237599833e+01
-5.348162964614402881e+01 7.885817018237599996e+01
-5.322298012614419349e+01 7.887873896637600524e+01
-5.296431471114419764e+01 7.889910908637600073e+01
-5.270563383414423697e+01 7.891928412337600207e+01
-5.244693790614405771e+01 7.893926754937599810e+01
-5.218822732814419396e+01 7.895906272637600409e+01
-5.192950247914404827e+01 7.897867291637599862e+01
-5.167076373014401725e+01 7.899810127937600157e+01
-5.141201143414423314e+01 7.901735088437600041e+01
-5.115324593214404558e+01 7.903642470737599979e+01
-5.089446755414405743e+01 7.905532563837600435e+01
-5.063567661714409951e+01 7.907405648337599757e+01
-5.037687342714411898e+01 7.909261996837599895e+01
-5.011805827814418990e+01 7.911101874237600384e+01
-4.985923145614401619e+01 7.912925537937600495e+01
-4.960039323614410023e+01 7.914733238237600688e+01
-4.934154388514411949e+01 7.916525218637600858e+01
-4.908268365914409515e+01 7.918301715837600341e+01
-4.882381280714412242e+01 7.920062960237599725e+01
-4.856493157014415374e+01 7.921809176237600525e+01
-4.830604018214421558e+01 7.923540582037600188e+01
-4.804713886614422336e+01 7.925257390437600691e+01
-4.778822784314411365e+01 7.926959808337599611e+01
-4.752930732414415615e+01 7.928648037637600510e+01
-4.727037751714419755e+01 7.930322274837600105e+01
-4.701143862114417971e+01 7.931982711837599709e+01
-4.675249083014409734e+01 7.933629535237599839e+01
-4.649353433414421488e+01 7.935262927437599956e+01
-4.623456931714417806e+01 7.936883066037600543e+01
-4.597559595714415082e+01 7.938490124537599968e+01
-4.571661443114408030e+01 7.940084271937600136e+01
-4.545762490914421505e+01 7.941665673537600867e+01
-4.519862755814415323e+01 7.943234490237600198e+01
-4.493962254014422797e+01 7.944790879537600858e+01
-4.468061001914406916e+01 7.946334995037599924e+01
-4.442154415314416838e+01 7.947867257737600255e+01
-4.416251365214407087e+01 7.949387290237599757e+01
-4.390347585714403067e+01 7.950895489737600030e+01
-4.364443089814403720e+01 7.952391996437600596e+01
-4.338537890314410106e+01 7.953876947037599621e+01
-4.312631999414406891e+01 7.955350475137599631e+01
-4.286725429114403596e+01 7.956812711637600444e+01
-4.260818191214411854e+01 7.958263784237600191e+01
-4.234910297214423736e+01 7.959703818037600342e+01
-4.209001758114413860e+01 7.961132935137599986e+01
-4.183092585014424003e+01 7.962551255137600492e+01
-4.157182788414411334e+01 7.963958895037600882e+01
-4.131272394014422389e+01 7.965355968437600609e+01
-4.105361387114407989e+01 7.966742588637600875e+01
-4.079449789414411498e+01 7.968118864537599677e+01
-4.053537611114415995e+01 7.969484903537600928e+01
-4.027624862514403503e+01 7.970840810337600146e+01
-4.001711553914401520e+01 7.972186687737600153e+01
-3.975797695714413749e+01 7.973522636437600397e+01
-3.949883298414420096e+01 7.974848754637599768e+01
-3.923968372314402586e+01 7.976165138837600921e+01
-3.898052928414404050e+01 7.977471883437600297e+01
-3.872136977614422904e+01 7.978769080637600553e+01
-3.846220531114408914e+01 7.980056821137600309e+01
-3.820303600914417075e+01 7.981335193437600140e+01
-3.794386199014411432e+01 7.982604284137600814e+01
-3.768468338414413665e+01 7.983864178437600856e+01
-3.742550032414419547e+01 7.985114959337600737e+01
-3.716631295514412159e+01 7.986356708337599741e+01
-3.690712142514416882e+01 7.987589505337599860e+01
-3.664792589714420501e+01 7.988813428237600078e+01
-3.638872653614407682e+01 7.990028553637600339e+01
-3.612952351514422844e+01 7.991234956537600453e+01
-3.587031701314413112e+01 7.992432710337600099e+01
-3.561110719714406514e+01 7.993621886937600607e+01
-3.535189421214408867e+01 7.994802557037600366e+01
-3.509267814414420172e+01 7.995974790137600507e+01
-3.483345896714422452e+01 7.997138654937600677e+01
-3.457428202914411486e+01 7.998294016937600759e+01
-3.431507210914423922e+01 7.999441278037599545e+01
-3.405586379214423687e+01 8.000580348437600264e+01
-3.379665826514406035e+01 8.001711286437600279e+01
-3.353745617714412219e+01 8.002834151737600621e+01
-3.327821459314418462e+01 8.003949189437599898e+01
-3.301901781814422066e+01 8.005056096937600785e+01
-3.275981297414409710e+01 8.006155160137599580e+01
-3.250053231314404911e+01 8.007246719837600324e+01
-3.224110262114413672e+01 8.008331130137599985e+01
-3.198126822414405979e+01 8.009409490037600676e+01
-3.172253590914419874e+01 8.010475631137600772e+01
-3.146346707814404908e+01 8.011535567837600524e+01
-3.120426923614422776e+01 8.012588482337599771e+01
-3.094491971814409226e+01 8.013634504837600048e+01
-3.068555486014406597e+01 8.014673127837600930e+01
-3.042619559414401920e+01 8.015704315637600530e+01
-3.016684662514421689e+01 8.016728097737600933e+01
-2.990747958514407401e+01 8.017744632137599581e+01
-2.964816394214403772e+01 8.018753693437599850e+01
-2.938884933214421835e+01 8.019755524337600150e+01
-2.912953669614421415e+01 8.020750164837600948e+01
-2.887022616014405685e+01 8.021737656937600036e+01
-2.861091751414414830e+01 8.022718043437599533e+01
-2.835161034214411302e+01 8.023691366337600073e+01
-2.809230450314407790e+01 8.024657666137599676e+01
-2.783299941814402700e+01 8.025616983737600663e+01
-2.757369485214417182e+01 8.026569358037600921e+01
-2.731439052614405227e+01 8.027514826737599662e+01
-2.705508620314412838e+01 8.028453426937599602e+01
-2.679578168014404582e+01 8.029385194437600148e+01
-2.653647678514403196e+01 8.030310164037599918e+01
-2.627717137314402862e+01 8.031228369537599576e+01
-2.601786531814423142e+01 8.032139843937599721e+01
-2.575855851014421205e+01 8.033044619037600853e+01
-2.549925085214408682e+01 8.033942725937600926e+01
-2.523994225214414655e+01 8.034834194737599944e+01
-2.498063262014420616e+01 8.035719054737600686e+01
-2.472132204814420220e+01 8.036597333637600116e+01
-2.446201016914415050e+01 8.037469059837600582e+01
-2.420264894914407705e+01 8.038334419537599729e+01
-2.394336507614411858e+01 8.039193016637599953e+01
-2.368403650914410719e+01 8.040045281137599886e+01
-2.342470679714415382e+01 8.040891092137600538e+01
-2.316537579214423204e+01 8.041730473137600654e+01
-2.290604335914417788e+01 8.042563446537600669e+01
-2.264670936714423988e+01 8.043390034037599889e+01
-2.238737369314412717e+01 8.044210256337599674e+01
-2.212803621914417818e+01 8.045024133237600950e+01
-2.186869683514419194e+01 8.045831683637599951e+01
-2.160935543914411028e+01 8.046632925537599590e+01
-2.135001194114420286e+01 8.047427876037600925e+01
-2.109066626914409426e+01 8.048216551237599958e+01
-2.083131837214409643e+01 8.048998966237600428e+01
-2.057196823114418294e+01 8.049775135237599955e+01
-2.031261586714413170e+01 8.050545071137599962e+01
-2.005326135114410135e+01 8.051308786037600385e+01
-1.979390481614404962e+01 8.052066290737600696e+01
-1.953454647014405055e+01 8.052817595037599574e+01
-1.927518661314411474e+01 8.053562707337600557e+01
-1.901582565114404133e+01 8.054301634837599977e+01
-1.875650529314407322e+01 8.055034267637600465e+01
-1.849713244514418875e+01 8.055760874737600830e+01
-1.823776212714415124e+01 8.056481305437600327e+01
-1.797839610114419884e+01 8.057195559537599650e+01
-1.771898583214419887e+01 8.057903772437600765e+01
-1.745961691014417738e+01 8.058605712337600835e+01
-1.720025211414417754e+01 8.059301482637600600e+01
-1.694089223314404080e+01 8.059991081137600588e+01
-1.668153803814402636e+01 8.060674504737600898e+01
-1.642218996414408139e+01 8.061351750037600539e+01
-1.616284668214416342e+01 8.062022816737599840e+01
-1.590356022014407245e+01 8.062687567037600900e+01
-1.564428787414408362e+01 8.063346106437600724e+01
-1.538503375614413926e+01 8.063998417337600699e+01
-1.512550884114421024e+01 8.064645208337600479e+01
-1.486582998414405665e+01 8.065286161937599729e+01
-1.460645363214416648e+01 8.065920144037600892e+01
-1.434704854514416184e+01 8.066547959737600593e+01
-1.408735769414420247e+01 8.067170203737600787e+01
-1.382846168414403110e+01 8.067784287537600107e+01
-1.357051895514405260e+01 8.068389879137600929e+01
-1.331082445214406107e+01 8.068993278837599803e+01
-1.305039709814423077e+01 8.069592004837599575e+01
-1.279069766014413290e+01 8.070182672837600535e+01
-1.253129015514423372e+01 8.070766283937599894e+01
-1.227187810914415422e+01 8.071343485737600076e+01
-1.201248211514416653e+01 8.071914200037599585e+01
-1.175308486214407822e+01 8.072478430337599775e+01
-1.149368265414409507e+01 8.073036146537600644e+01
-1.123437861814409189e+01 8.073587089637599945e+01
-1.097487317714421806e+01 8.074131848637600228e+01
-1.071542670614417148e+01 8.074669824337600232e+01
-1.045604126414423263e+01 8.075200966737600083e+01
-1.019659964014408615e+01 8.075725462137600630e+01
-9.937212737144136554e+00 8.076243028437600913e+01
-9.677782450144150062e+00 8.076753800037600683e+01
-9.418361965144185888e+00 8.077257604637600252e+01
-9.158954394144075195e+00 8.077754366137600073e+01
-8.899528398144184393e+00 8.078244068637600606e+01
-8.640305505144169729e+00 8.078726220237599875e+01
-8.380670923144180051e+00 8.079201868737600023e+01
-8.121226366144128406e+00 8.079669809137600112e+01
-7.861827646144092796e+00 8.080130211637600723e+01
-7.602419421144077205e+00 8.080583068737600172e+01
-7.342959266144134745e+00 8.081028336537600865e+01
-7.083580774144138559e+00 8.081465663337600347e+01
-6.824204944144184992e+00 8.081895053037600007e+01
-6.564742546144088919e+00 8.082316506037599879e+01
-6.305296748144201047e+00 8.082729696737600023e+01
-6.045902736144171286e+00 8.083134405337600015e+01
-5.786507684144226005e+00 8.083530535737600076e+01
-5.528258711144189874e+00 8.083916198837600575e+01
-5.267580752144112921e+00 8.084296454337599869e+01
-5.008215951144165956e+00 8.084665553637600510e+01
-4.749005973144221571e+00 8.085024970937600131e+01
-4.489556759144079479e+00 8.085374972037600116e+01
-4.230027590144118221e+00 8.085715021037600536e+01
-3.970520764144112036e+00 8.086044647037600441e+01
-3.711086852144035220e+00 8.086363423737600442e+01
-3.451674726144119631e+00 8.086671012537600234e+01
-3.192223720144056642e+00 8.086967031337600531e+01
-2.932782881144021303e+00 8.087250916037599779e+01
-2.673346331144102805e+00 8.087522105937600259e+01
-2.413911818144015342e+00 8.087779962637600306e+01
-2.154453971144221214e+00 8.088023781337599871e+01
-1.894967559144106417e+00 8.088252729537600771e+01
-1.635494866144199477e+00 8.088465808837599980e+01
-1.376031672144108597e+00 8.088661909337599809e+01
-1.116574795144060772e+00 8.088839726237600303e+01
-8.571224331440134847e-01 8.088997708437599954e+01
-5.976728041441674577e-01 8.089133990037599631e+01
-3.382246811440836609e-01 8.089246291837599756e+01
-7.877664614420609723e-02 8.089331780037599628e+01
1.806707598559569306e-01 8.089386853837599745e+01
4.401176728558766627e-01 8.089406815837600107e+01
6.995638298558333190e-01 8.089387714137600938e+01
9.590089058558532997e-01 8.089333373237600711e+01
1.218453007855941905e+00 8.089248522537600650e+01
1.477895931855982781e+00 8.089136785137600327e+01
1.737337657855960060e+00 8.089001011137600017e+01
1.996778180855926621e+00 8.088843492337599628e+01
2.256217509855787284e+00 8.088666105237599879e+01
2.515655654855891044e+00 8.088470409737600164e+01
2.775092627855883620e+00 8.088257719837599780e+01
3.034528440855865483e+00 8.088029154837600743e+01
3.293963104855947677e+00 8.087785677937600326e+01
3.553396629855797073e+00 8.087528124537600149e+01
3.812829023855783817e+00 8.087257225537599936e+01
4.072260293855833879e+00 8.086973624237600689e+01
4.331690444855894384e+00 8.086677890537600888e+01
4.591119482855901879e+00 8.086370531837600595e+01
4.850547409855835213e+00 8.086052002637600822e+01
5.109974227855900608e+00 8.085722711337599833e+01
5.369399942855807240e+00 8.085383026437600051e+01
5.628824551855814207e+00 8.085033282237600361e+01
5.888248057855889783e+00 8.084673782237599937e+01
6.147630103855817651e+00 8.084304861637600936e+01
6.407056274855904121e+00 8.083926651437600697e+01
6.666480848855826480e+00 8.083539448137599948e+01
6.925903868855812107e+00 8.083143465137600003e+01
7.185325371855924459e+00 8.082738898737599698e+01
7.444745391855803973e+00 8.082325930237600176e+01
7.704163957855826084e+00 8.081904727037600367e+01
7.963580993855885026e+00 8.081475444637599992e+01
8.222996757855980832e+00 8.081038226237599531e+01
8.482411133855976004e+00 8.080593205537600454e+01
8.741824141855886410e+00 8.080140506837599901e+01
9.001235799855976438e+00 8.079680245337600297e+01
9.260646124855838934e+00 8.079212528737599541e+01
9.520055130855780590e+00 8.078737457137600586e+01
9.779462828855912448e+00 8.078255124037600865e+01
1.003886923185586966e+01 8.077765616737600851e+01
1.029827434785579499e+01 8.077269016737599827e+01
1.055767818685581005e+01 8.076765399937600876e+01
1.081704396285590519e+01 8.076254910437600643e+01
1.107644355185584573e+01 8.075737473337599681e+01
1.133584182785580197e+01 8.075213219137600618e+01
1.159523879685593784e+01 8.074682205937600088e+01
1.185463445985578801e+01 8.074144487937600445e+01
1.211402881885578608e+01 8.073600115437599811e+01
1.237342187285594264e+01 8.073049135837599977e+01
1.263281362385578177e+01 8.072491592837600649e+01
1.289220395485585868e+01 8.071927527737599917e+01
1.315159317785582971e+01 8.071356977937600163e+01
1.341098104285583759e+01 8.070779979237600799e+01
1.367036757185587703e+01 8.070196564537600636e+01
1.392975278585595333e+01 8.069606763937599681e+01
1.418913670285587614e+01 8.069010605637599554e+01
1.444851933785594156e+01 8.068408115337599895e+01
1.470790049185598036e+01 8.067799317137600212e+01
1.496728040185575992e+01 8.067184232337599781e+01
1.522665897285583014e+01 8.066562880837599891e+01
1.548603619485584204e+01 8.065935280737599555e+01
1.574541206285584849e+01 8.065301448037600096e+01
1.600478656585596582e+01 8.064661397237600227e+01
1.626415969585582388e+01 8.064015141337600312e+01
1.652353144285598319e+01 8.063362691537599858e+01
1.678290179885584621e+01 8.062704057637600386e+01
1.704227074885579896e+01 8.062039247837600442e+01
1.730163828285594718e+01 8.061368269037599532e+01
1.756100438885596304e+01 8.060691126937599904e+01
1.782036905285576722e+01 8.060007825537600468e+01
1.807973226285594137e+01 8.059318367837600761e+01
1.833909400385596200e+01 8.058622755437600915e+01
1.859845426185597717e+01 8.057920988837599907e+01
1.885781302085592870e+01 8.057213067237600512e+01
1.911717026585597523e+01 8.056498988937600814e+01
1.937652597985584180e+01 8.055778750637600183e+01
1.963588014585593555e+01 8.055052348437600074e+01
1.989523274685598153e+01 8.054319777037599692e+01
2.015458376385595329e+01 8.053581030337599600e+01
2.041393317985580325e+01 8.052836100937599895e+01
2.067328097385598085e+01 8.052084980637600609e+01
2.093262712785576696e+01 8.051327660137600617e+01
2.119197161985584899e+01 8.050564129237599786e+01
2.145131443185596254e+01 8.049794376637599669e+01
2.171065554085589611e+01 8.049018390337600692e+01
2.196999492485588235e+01 8.048236157137600344e+01
2.222933256285591597e+01 8.047447663037600307e+01
2.248866843285577488e+01 8.046652893237600779e+01
2.274800250985595085e+01 8.045851831737600435e+01
2.300733477185576703e+01 8.045044462037600397e+01
2.326666519485593199e+01 8.044230766337599903e+01
2.352599375285581118e+01 8.043410726237600272e+01
2.378532042285587522e+01 8.042584322537599917e+01
2.404464531085591261e+01 8.041751534437599958e+01
2.430396813785591803e+01 8.040912341637600491e+01
2.456328899885579631e+01 8.040066722037600755e+01
2.482260786785582241e+01 8.039214652737599920e+01
2.508192471785582711e+01 8.038356110037599933e+01
2.534123951985588974e+01 8.037491069537600197e+01
2.560055224785583050e+01 8.036619505937599683e+01
2.585986287185596666e+01 8.035741393037599778e+01
2.611917136485590163e+01 8.034856703737600014e+01
2.637847769585596325e+01 8.033965410137599861e+01
2.663778183685576550e+01 8.033067483637600503e+01
2.689708375585587419e+01 8.032162894637600914e+01
2.715633906085577109e+01 8.031251769037599786e+01
2.741563504985583677e+01 8.030333768837600417e+01
2.767492874185586516e+01 8.029409012237600507e+01
2.793422010485596729e+01 8.028477466037600152e+01
2.819350910885577832e+01 8.027539096537600471e+01
2.845279572385584288e+01 8.026593868837599643e+01
2.871207991685582783e+01 8.025641747137599680e+01
2.897136165785582307e+01 8.024682695137600774e+01
2.923064091185597135e+01 8.023716675137600873e+01
2.948991764585593955e+01 8.022743648837600006e+01
2.974919182785583871e+01 8.021763576837599885e+01
3.000846342085583274e+01 8.020776419137600044e+01
3.026773239085582645e+01 8.019782134337600610e+01
3.052699870285596262e+01 8.018780680437600950e+01
3.078626231785597156e+01 8.017772014437599637e+01
3.104552320085576866e+01 8.016756092237599773e+01
3.130478131385598317e+01 8.015732868837599767e+01
3.156403661585591180e+01 8.014702298237600075e+01
3.182328906985594585e+01 8.013664333337599999e+01
3.208253863485583679e+01 8.012618926337600556e+01
3.234178526885580141e+01 8.011566027937600154e+01
3.260102893085581854e+01 8.010505588237600705e+01
3.286026957885587763e+01 8.009437555937600450e+01
3.311950716885576185e+01 8.008361878737599682e+01
3.337874165485595768e+01 8.007278503437599682e+01
3.363797299385578299e+01 8.006187375537599848e+01
3.389720113885596220e+01 8.005088439337600903e+01
3.415642604285585548e+01 8.003981638137599930e+01
3.441564765585576424e+01 8.002866914037599599e+01
3.467486593185594757e+01 8.001744207937599640e+01
3.493408081785582908e+01 8.000613459437600739e+01
3.519329226385593756e+01 7.999474606937600640e+01
3.545250021785591343e+01 7.998327587737600197e+01
3.571170462585587302e+01 7.997172337537600129e+01
3.597090543285594322e+01 7.996008791137600724e+01
3.623010258285580676e+01 7.994836881537599993e+01
3.648929601985582849e+01 7.993656540737600835e+01
3.674848568485595024e+01 7.992467699137600334e+01
3.700767151785589704e+01 7.991270285937599738e+01
3.726685345885584866e+01 7.990064228537600854e+01
3.752603144485578923e+01 7.988849453237600073e+01
3.778520541285593026e+01 7.987625884637600393e+01
3.804437529685583286e+01 7.986393445837600780e+01
3.830354090785590415e+01 7.985152058837600464e+01
3.856270242985578989e+01 7.983901642337600890e+01
3.882185966385577558e+01 7.982642115237599967e+01
3.908101253685595111e+01 7.981373393937600724e+01
3.934016097685594104e+01 7.980095393437599682e+01
3.959930490785586699e+01 7.978808026737600301e+01
3.985844425285586112e+01 7.977511205037600917e+01
4.011757893485582827e+01 7.976204837637600065e+01
4.037670887185595348e+01 7.974888832137600048e+01
4.063583398185596707e+01 7.973563094037599797e+01
4.089495417985585846e+01 7.972227526837600919e+01
4.115406937985585500e+01 7.970882032137599538e+01
4.141317949185577163e+01 7.969526509137600101e+01
4.167228442585587800e+01 7.968160855137600151e+01
4.193138408885579338e+01 7.966784965137600238e+01
4.219047838285587204e+01 7.965398732037600382e+01
4.244956721185576498e+01 7.964002046037600735e+01
4.270865047285587934e+01 7.962594795337599862e+01
4.296772806385592958e+01 7.961176865337600361e+01
4.322679987785591038e+01 7.959748139237599673e+01
4.348586580585583761e+01 7.958308497437600693e+01
4.374492573585598620e+01 7.956857817637600760e+01
4.400397955285598073e+01 7.955395975037600920e+01
4.426302713785594278e+01 7.953922841637600527e+01
4.452206836985578775e+01 7.952438286837600856e+01
4.478110312285593864e+01 7.950942176937600436e+01
4.504013126985591953e+01 7.949434375037600375e+01
4.529915267785577271e+01 7.947914741437600128e+01
4.555816721085579957e+01 7.946383132637599545e+01
4.581717472985587847e+01 7.944839402237600723e+01
4.607617508985595123e+01 7.943283400037600472e+01
4.633516814385598082e+01 7.941714972437600295e+01
4.659415373785577685e+01 7.940133962037600668e+01
4.685313171585585224e+01 7.938540207637599622e+01
4.711210191485588439e+01 7.936933544237599847e+01
4.737106417085578869e+01 7.935313802637600133e+01
4.763001830985581364e+01 7.933680809337600692e+01
4.788896415485578473e+01 7.932034386737599618e+01
4.814790152285581826e+01 7.930374352537600657e+01
4.840683022585585604e+01 7.928700519937599722e+01
4.866575006985590335e+01 7.927012697137600128e+01
4.892470420285576438e+01 7.925310401537599603e+01
4.918360464085594685e+01 7.923594008437599712e+01
4.944249559585591669e+01 7.921863019737600098e+01
4.970137684585597526e+01 7.920117223037600240e+01
4.996024816385579470e+01 7.918356399937600543e+01
5.021910931485581386e+01 7.916580326037600912e+01
5.047796005385589524e+01 7.914788771137600065e+01
5.073680013085595419e+01 7.912981498337600783e+01
5.099562928385580562e+01 7.911158264337599633e+01
5.125444724385579320e+01 7.909318818637599691e+01
5.151325372985593276e+01 7.907462904037599571e+01
5.177204845285586998e+01 7.905590255537600797e+01
5.203083111185583221e+01 7.903700600637600360e+01
5.228960139585592515e+01 7.901793658737599912e+01
5.254835898085593726e+01 7.899869140837600412e+01
5.280710353185577333e+01 7.897926749337599972e+01
5.306583469985594093e+01 7.895966177437600209e+01
5.332455212385593768e+01 7.893987109037600192e+01
5.358325542785587459e+01 7.891989218037599585e+01
5.384194422085579390e+01 7.889972168137600761e+01
5.410061809485591766e+01 7.887935612337599878e+01
5.435927662885592326e+01 7.885879192237599966e+01
5.461791938085593756e+01 7.883802538137599925e+01
5.487654589285580187e+01 7.881705267537600434e+01
5.513515568585580695e+01 7.879586985537599730e+01
5.539374826185576239e+01 7.877447283637600606e+01
5.565232309885595896e+01 7.875285739437600796e+01
5.591087965585597885e+01 7.873101915537600348e+01
5.616941736285593834e+01 7.870895359237600530e+01
5.642793562885594838e+01 7.868665601737600923e+01
5.668643383285598247e+01 7.866412156937600741e+01
5.694491132585585547e+01 7.864134521137600586e+01
5.720336742885592685e+01 7.861832171537599834e+01
5.746180142785578937e+01 7.859504565637600138e+01
5.772021257885580781e+01 7.857151139937600703e+01
5.797860009585588159e+01 7.854771309237600008e+01
5.823696315785582556e+01 7.852364464737600258e+01
5.849530089885593043e+01 7.849929973337600586e+01
5.875361241085579422e+01 7.847467175937600814e+01
5.901189673685576054e+01 7.844975386037600629e+01
5.927015286885580281e+01 7.842453888237599813e+01
5.952837974385579400e+01 7.839901936037600194e+01
5.978657624085576572e+01 7.837318750637599862e+01
6.004474117485597162e+01 7.834703518537600075e+01
6.030287329585576117e+01 7.832055389337600104e+01
6.056097127685598025e+01 7.829373473337599876e+01
6.081903371585576679e+01 7.826656839337600502e+01
6.107705912385586089e+01 7.823904511437599751e+01
6.133504592285589752e+01 7.821115466237600344e+01
6.159299243185591877e+01 7.818288629437600434e+01
6.185089686685591914e+01 7.815422872537600085e+01
6.210875732385579795e+01 7.812517008337600544e+01
6.236657177385586692e+01 7.809569787437600041e+01
6.262433804785587199e+01 7.806579892837599743e+01
6.288205382885576000e+01 7.803545935037600145e+01
6.313971663185589023e+01 7.800466446537599552e+01
6.339732379385577588e+01 7.797339875337600290e+01
6.365487245085591894e+01 7.794164578237599983e+01
6.391235952285592248e+01 7.790938812737600472e+01
6.416978168885589184e+01 7.787660729237600776e+01
6.442713536285577902e+01 7.784328360737600860e+01
6.468441666085595898e+01 7.780939612937599748e+01
6.494162137585590244e+01 7.777492252237600212e+01
6.519874505385587327e+01 7.773983890637600780e+01
6.545578240085592370e+01 7.770411978537600817e+01
6.571272821285583632e+01 7.766773774537600161e+01
6.596957652785590653e+01 7.763066336937600909e+01
6.622632079685581630e+01 7.759286499437600071e+01
6.648295381985576569e+01 7.755430845337600942e+01
6.673946764185598113e+01 7.751495680437599844e+01
6.699585362185598569e+01 7.747476996837600893e+01
6.725214348085592064e+01 7.743369768537600351e+01
6.750824127885584858e+01 7.739170613337600457e+01
6.776417834985591071e+01 7.734873653537600546e+01
6.801994097985584631e+01 7.730473199037599841e+01
6.827551365885597079e+01 7.725962987937600701e+01
6.853087875485584846e+01 7.721336103537599627e+01
6.878601609385577831e+01 7.716584875937600430e+01
6.904090242785582632e+01 7.711700763937599845e+01
6.929551073785592052e+01 7.706674212837600635e+01
6.954980903685577687e+01 7.701494488537599636e+01
6.980375984085594609e+01 7.696149453237600824e+01
7.005729444985581722e+01 7.690625840437600402e+01
7.031038882485586328e+01 7.684907236237600614e+01
7.056299029985598281e+01 7.678975129137600675e+01
7.081502775685589768e+01 7.672808099537600413e+01
7.106641370885586184e+01 7.666380956037600924e+01
7.131703956685578305e+01 7.659663739537600691e+01
7.156676789585594634e+01 7.652620394337600374e+01
7.181542174085598162e+01 7.645206913237599622e+01
7.206276877885579779e+01 7.637368697537600326e+01
7.230849518985587565e+01 7.629036751937600513e+01
7.255216579985585668e+01 7.620121888037600399e+01
7.279315303185580888e+01 7.610505796137600498e+01
7.303050793885586245e+01 7.600026651437600833e+01
7.316734011185576492e+01 7.578310745037600782e+01
7.329837357085580152e+01 7.555914560137600233e+01
7.343024670685576893e+01 7.533567580837599564e+01
7.356284929185585497e+01 7.511263692837600559e+01
7.369608850085592167e+01 7.488997633937600540e+01
7.382986175185578759e+01 7.466768730537600618e+01
7.396414235885595190e+01 7.444566102437600819e+01
7.409885178185595578e+01 7.422389454837600908e+01
7.423393780885589877e+01 7.400235721837600522e+01
7.436935428685592342e+01 7.378102173637600458e+01
7.450506012485584506e+01 7.355986365337599864e+01
7.464101843685580207e+01 7.333886105837599700e+01
7.477721900885580908e+01 7.311795679437599915e+01
7.491358994885581524e+01 7.289720054037600505e+01
7.505012342485588306e+01 7.267654392337600200e+01
7.518679441185577161e+01 7.245597159337600601e+01
7.532357988085595935e+01 7.223546940237599756e+01
7.546045853685586735e+01 7.201502427037600285e+01
7.559741059685597975e+01 7.179462406937599894e+01
7.573441759185584488e+01 7.157425754037599575e+01
7.587146219385590484e+01 7.135391421737600126e+01
7.600852806985585630e+01 7.113358436637599880e+01
7.614559958185577671e+01 7.091325920137600747e+01
7.628266197385596570e+01 7.069293035637599587e+01
7.641970088285597740e+01 7.047259047437600543e+01
7.655670241985581015e+01 7.025223289337600363e+01
7.669365321085592768e+01 7.003185143637600163e+01
7.683054129485594785e+01 6.981143881637599691e+01
7.696733514385596209e+01 6.959102033537600107e+01
7.710407333685589037e+01 6.937050922737600445e+01
7.724072001485592409e+01 6.914993948037600546e+01
7.737728231985579441e+01 6.892927645037600826e+01
7.751371087885581801e+01 6.870857748437600776e+01
7.765018581785579954e+01 6.848752886537600659e+01
7.778640218485588775e+01 6.826660297537600286e+01
7.792243528685594356e+01 6.804565725737600701e+01
7.805834214185597375e+01 6.782457856037599697e+01
7.819406260685582311e+01 6.760344444737600611e+01
7.832962755885591832e+01 6.738218463837600325e+01
7.846496266985582224e+01 6.716090081037600612e+01
7.860013013085585953e+01 6.693947179337600062e+01
7.873510625385597450e+01 6.671791677537599696e+01
7.886984528785592374e+01 6.649629157737599883e+01
7.900440222685597291e+01 6.627448637337600701e+01
7.913873782085579478e+01 6.605254631537600574e+01
7.927286740385579833e+01 6.583042651537600420e+01
7.940676947885594927e+01 6.560814287037599968e+01
7.954041910285582162e+01 6.538571714337599872e+01
7.967381438285588047e+01 6.516313276237600860e+01
7.980695883685598346e+01 6.494036382837600740e+01
7.993980429885596095e+01 6.471747088237600565e+01
8.007236590785578301e+01 6.449440834037599757e+01
8.020463287485586079e+01 6.427117374237600700e+01
8.033659497385588111e+01 6.404776344737599914e+01
8.046824230985589566e+01 6.382417297437599757e+01
8.059956498385577106e+01 6.360039752737600338e+01
8.073055289885587626e+01 6.337643229837600245e+01
8.086119563685588219e+01 6.315227264137600116e+01
8.099147125085596599e+01 6.292793337537599996e+01
8.112140313685586079e+01 6.270335063937599784e+01
8.125095545385579499e+01 6.247856214737599601e+01
8.138011662785584122e+01 6.225356338437600812e+01
8.150887414885596627e+01 6.202835091037600534e+01
8.163714314385583748e+01 6.180304807137599710e+01
8.176510570285586255e+01 6.157730782837600714e+01
8.189263452185582537e+01 6.135132581037599664e+01
8.201972733285583672e+01 6.112507739937599638e+01
8.214633945785590186e+01 6.089861282737599879e+01
8.227247881885591596e+01 6.067188777237599595e+01
8.239813112585579802e+01 6.044489644737599576e+01
8.252328211285589532e+01 6.021763202337599807e+01
8.264791717085586242e+01 5.999008722237600466e+01
8.277202116685589317e+01 5.976225456937599745e+01
8.289557836285598569e+01 5.953412647537599867e+01
8.301857235685588421e+01 5.930569525537600839e+01
8.314098605685580878e+01 5.907695312137600752e+01
8.326278682085580840e+01 5.884792010537600504e+01
8.338398975585596418e+01 5.861852470337599641e+01
8.350455564085586957e+01 5.838879585937600325e+01
8.362446435785591348e+01 5.815872491037600867e+01
8.374369498285591362e+01 5.792830278837600133e+01
8.386222553385596257e+01 5.769752036637599701e+01
8.398003298485582491e+01 5.746636830437600452e+01
8.409709320585579917e+01 5.723483702337600221e+01
8.421338088485595108e+01 5.700291668437600379e+01
8.432886945685595492e+01 5.677059716237600639e+01
8.444353101485580737e+01 5.653786802437599590e+01
8.455733621685590151e+01 5.630471851437600606e+01
8.467025416785577363e+01 5.607113754837600084e+01
8.478225235885588518e+01 5.583711359937599639e+01
8.489329645385578260e+01 5.560263484137600187e+01
8.500335017585598507e+01 5.536768909737600097e+01
8.511237525785577418e+01 5.513226359037599877e+01
8.522033112985582193e+01 5.489634523537600330e+01
8.532717481185591168e+01 5.465992045337600302e+01
8.543286069285591111e+01 5.442297518937600387e+01
8.553734030285590961e+01 5.418549489437600641e+01
8.564056206485588518e+01 5.394746450737599730e+01
8.574247101185596875e+01 5.370886844137599780e+01
8.584300847585586780e+01 5.346969057437600270e+01
8.594211174285578636e+01 5.322991423637600406e+01
8.603971366085579575e+01 5.298952220437600147e+01
8.613574220985583452e+01 5.274849670437600935e+01
8.623012000585595160e+01 5.250681941337600733e+01
8.632276375485594144e+01 5.226447148437600276e+01
8.641358362685582506e+01 5.202143356637600391e+01
8.650248255585597690e+01 5.177768585037600246e+01
8.658935543985580807e+01 5.153320813637600395e+01
8.667408822585593953e+01 5.128797991837599568e+01
8.675655688085589645e+01 5.104198051337600361e+01
8.683662619885581080e+01 5.079518922137600612e+01
8.691414844285577601e+01 5.054758555337599546e+01
8.698894960385587183e+01 5.029919079337599896e+01
8.706086364885595685e+01 5.004995002737599918e+01
8.712970731885593523e+01 4.979980026937600712e+01
8.719525266585583267e+01 4.954876607237599728e+01
8.725726038485595382e+01 4.929683476137600451e+01
8.731546470085595502e+01 4.904399776037600134e+01
8.736956957685583802e+01 4.879025209237600791e+01
8.741924429685582254e+01 4.853560236037600362e+01
8.746411833485581155e+01 4.828006334437600344e+01
8.750377540385579778e+01 4.802366343237599722e+01
8.753774660185581524e+01 4.776644913237599610e+01
8.756550257785579561e+01 4.750849105637600189e+01
8.758644471985576274e+01 4.724989181137600269e+01
8.759989547385589503e+01 4.699079640437599892e+01
8.760508812285593194e+01 4.673140610937599604e+01
8.760115676085592895e+01 4.647199618437599611e+01
8.758712777085588641e+01 4.621293935937600850e+01
8.756191515885598164e+01 4.595473519337599555e+01
8.752432349985588189e+01 4.569804632437600844e+01
8.747306419185588311e+01 4.544374068637600317e+01
8.740679280385597849e+01 4.519293638237600419e+01
8.726292545485580376e+01 4.504934434237600271e+01
8.700602918485583359e+01 4.508568509037600336e+01
8.674889972685582507e+01 4.512034977437599537e+01
8.649158218485581529e+01 4.515359030037599553e+01
8.623410852285587680e+01 4.518560068837599886e+01
8.597650307485582744e+01 4.521653401037600872e+01
8.571878471685590739e+01 4.524651356837600247e+01
8.546096824485584875e+01 4.527564043737599775e+01
8.520306586285596495e+01 4.530399865937600623e+01
8.494508735485578654e+01 4.533165905337600066e+01
8.468704087485593845e+01 4.535868194137600540e+01
8.442893325485579226e+01 4.538511920437599656e+01
8.417077027085588270e+01 4.541101585637599669e+01
8.391255685285591426e+01 4.543641124837600387e+01
8.365429723985585042e+01 4.546134002337599611e+01
8.339599518785576038e+01 4.548583285837599988e+01
8.313765366985580840e+01 4.550991711037600851e+01
8.287927569485577806e+01 4.553361723437599551e+01
8.262090559585590199e+01 4.555695149437600833e+01
8.236247231585593909e+01 4.557994641937600022e+01
8.210401013985597274e+01 4.560261710937599844e+01
8.184552101885583397e+01 4.562497997737600031e+01
8.158700647885598300e+01 4.564705003237600067e+01
8.132846806085581193e+01 4.566884101937600349e+01
8.106990712385595543e+01 4.569036557037600232e+01
8.081132490085587960e+01 4.571163533037599791e+01
8.055272251985593357e+01 4.573266105837599582e+01
8.029410101285589008e+01 4.575345271937599989e+01
8.003546143785592903e+01 4.577401955637600395e+01
7.977680442085579671e+01 4.579437019537600406e+01
7.951813090285577346e+01 4.581451264837600945e+01
7.925944162785594926e+01 4.583445440837600415e+01
7.900073728185589061e+01 4.585420248837600354e+01
7.874201850285589899e+01 4.587376345837600411e+01
7.848328588585582111e+01 4.589314348637600460e+01
7.822453998285595844e+01 4.591234837437600902e+01
7.796578130985585631e+01 4.593138358237600016e+01
7.770701034985586375e+01 4.595025426037599914e+01
7.744822755385598612e+01 4.596896526937599958e+01
7.718943334585583216e+01 4.598752120437600865e+01
7.693062812285597829e+01 4.600592641637599911e+01
7.667181225785589049e+01 4.602418502637600284e+01
7.641298610285593895e+01 4.604230094337600576e+01
7.615414998985579587e+01 4.606027788037600601e+01
7.589530423085579969e+01 4.607811936737600433e+01
7.563644912185577596e+01 4.609582876037600840e+01
7.537758494085596794e+01 4.611340925837600935e+01
7.511871195185585748e+01 4.613086390937600356e+01
7.485983040585597337e+01 4.614819562037600065e+01
7.460094054085584503e+01 4.616540716837600655e+01
7.434204257885585321e+01 4.618250120637600276e+01
7.408313673485577056e+01 4.619948027037600014e+01
7.382422321185595138e+01 4.621634679037600790e+01
7.356530220285594623e+01 4.623310309037600518e+01
7.330637389185585562e+01 4.624975139737600216e+01
7.304743845285588577e+01 4.626629385037600173e+01
7.278854247485583073e+01 4.628272955937600841e+01
7.252959696585594429e+01 4.629906615537599635e+01
7.227064499885591431e+01 4.631530279537599881e+01
7.201168672285598404e+01 4.633144129837600644e+01
7.175272216285588911e+01 4.634748341737599731e+01
7.149375173985595211e+01 4.636343081837600266e+01
7.123477540885596682e+01 4.637928513137600817e+01
7.097579329785594382e+01 4.639504791637600079e+01
7.071680552985594659e+01 4.641072067437600879e+01
7.045781222385585352e+01 4.642630485637600657e+01
7.019881349185584440e+01 4.644180185837599595e+01
6.993980944685586110e+01 4.645721302937600683e+01
6.968080018985597235e+01 4.647253967237600136e+01
6.942178582285578159e+01 4.648778304337599820e+01
6.916276644385584405e+01 4.650294435637600543e+01
6.890374214685584775e+01 4.651802478737600666e+01
6.864471302185597779e+01 4.653302546937599971e+01
6.838567915685598564e+01 4.654794750137600090e+01
6.812664049885597706e+01 4.656279195237600277e+01
6.786759733385588333e+01 4.657755983937600774e+01
6.760854965185581023e+01 4.659225216037600603e+01
6.734949752585589522e+01 4.660686988137599940e+01
6.709044102585585279e+01 4.662141393437600811e+01
6.683138021985587329e+01 4.663588522537600056e+01
6.657231517285595146e+01 4.665028462937600295e+01
6.631324594785587578e+01 4.666461299737599688e+01
6.605417260485592124e+01 4.667887115337600790e+01
6.579509520385590804e+01 4.669305989637599907e+01
6.553601379985593667e+01 4.670718000337599562e+01
6.527692844785588022e+01 4.672123222637600293e+01
6.501783919985587090e+01 4.673521729637600686e+01
6.475874610685582411e+01 4.674913592137600915e+01
6.449964921785590377e+01 4.676298879137600295e+01
6.424054857885585079e+01 4.677677657437600089e+01
6.398144423585586082e+01 4.679049992137599645e+01
6.372233623285592330e+01 4.680415946237600622e+01
6.346322460985584257e+01 4.681775581137600284e+01
6.320410940985584602e+01 4.683128956537599663e+01
6.294499067185597596e+01 4.684476130237599989e+01
6.268586843285584109e+01 4.685817158737600607e+01
6.242674272985595962e+01 4.687152096737600004e+01
6.216761359685597199e+01 4.688480997437599740e+01
6.190848106785597338e+01 4.689803912737600911e+01
6.164934517685583160e+01 4.691120893037600581e+01
6.139020595285592208e+01 4.692431987237600310e+01
6.113106342685591699e+01 4.693737243137600501e+01
6.087191762785596438e+01 4.695036707037600365e+01
6.061276858485598495e+01 4.696330424237599743e+01
6.035361632385593111e+01 4.697618438437599764e+01
6.009446087085598265e+01 4.698900792537600068e+01
5.983530225085587517e+01 4.700177528037600894e+01
5.957614048985578847e+01 4.701448685537600625e+01
5.931697560985594464e+01 4.702714304337600026e+01
5.905780763385587306e+01 4.703974422837600855e+01
5.879863658585577468e+01 4.705229078237600504e+01
5.853946248685588216e+01 4.706478307037600928e+01
5.828028535885596284e+01 4.707722144537599718e+01
5.802110522285579464e+01 4.708960625137599720e+01
5.776192210185581644e+01 4.710193782237600146e+01
5.750273601685580616e+01 4.711421648437600140e+01
5.724354698985598588e+01 4.712644255637600565e+01
5.698435504485587444e+01 4.713861634537600764e+01
5.672516020585590013e+01 4.715073815137600377e+01
5.646596249685580915e+01 4.716280826737600762e+01
5.620676194785596635e+01 4.717482697637599642e+01
5.594751117985583733e+01 4.718679673937600683e+01
5.568830021985581880e+01 4.719871366837600135e+01
5.542908601785597966e+01 4.721058001837600671e+01
5.516986855785580701e+01 4.722239604437599780e+01
5.491064782185594595e+01 4.723416199537599880e+01
5.465142378985592586e+01 4.724587811437599782e+01
5.439219643885576261e+01 4.725754463737600020e+01
5.413296574585592680e+01 4.726916179237599636e+01
5.387373168685576275e+01 4.728072980237600120e+01
5.361449423485578336e+01 4.729224888337600419e+01
5.335525336385580886e+01 4.730371924737600864e+01
5.309600998885593981e+01 4.731514105537600301e+01
5.283676326785598576e+01 4.732651454237600319e+01
5.257751299485585150e+01 4.733783990937600095e+01
5.231825915285594419e+01 4.734911734237600456e+01
5.205900172685596772e+01 4.736034702137600050e+01
5.179974071185597495e+01 4.737152912237600333e+01
5.154047611385590244e+01 4.738266381437600216e+01
5.128120809385586654e+01 4.739375125337599570e+01
5.102193652685582492e+01 4.740479160437600115e+01
5.076266157985583050e+01 4.741578501437599868e+01
5.050338339685595201e+01 4.742673162537600717e+01
5.024410218685579821e+01 4.743763157337600944e+01
4.998482730585578793e+01 4.744848460637599885e+01
4.972557666085594974e+01 4.745929012037599648e+01
4.946632380785581518e+01 4.747004935437600182e+01
4.920706875985592887e+01 4.748076243437600397e+01
4.894781152985592598e+01 4.749142948037599865e+01
4.868855213285587524e+01 4.750205060937599910e+01
4.842929058285585597e+01 4.751262593437600401e+01
4.817002689285595807e+01 4.752315556037599720e+01
4.791076107985577437e+01 4.753363959437599817e+01
4.765149315985581779e+01 4.754407813237600067e+01
4.739222314985590856e+01 4.755447127237600569e+01
4.713295106885584573e+01 4.756481910437599936e+01
4.687367693685587255e+01 4.757512171537599954e+01
4.661440077585598374e+01 4.758537918737600592e+01
4.635512260885593605e+01 4.759559160237600395e+01
4.609584246185590928e+01 4.760575903337600323e+01
4.583656036585580296e+01 4.761588155137600609e+01
4.557727635085598195e+01 4.762595922637599699e+01
4.531799045385582758e+01 4.763599211937599875e+01
4.505870271485582634e+01 4.764598029137600577e+01
4.479941317885595709e+01 4.765592379837600845e+01
4.454012189785589726e+01 4.766582269337600053e+01
4.428082893085593241e+01 4.767567702337599655e+01
4.402153434385581932e+01 4.768548683537599686e+01
4.376223821285589111e+01 4.769525216737599749e+01
4.350294062385592042e+01 4.770497305937600174e+01
4.324364167785597601e+01 4.771464954337599806e+01
4.298434148785577236e+01 4.772428164837600661e+01
4.272504018385598101e+01 4.773386940037600823e+01
4.246573791585592517e+01 4.774341282237600126e+01
4.220643485385585336e+01 4.775291193137600487e+01
4.194713118885579206e+01 4.776236674037600949e+01
4.168782713785594751e+01 4.777177725937600883e+01
4.142852294285580683e+01 4.778114349537599992e+01
4.116921886885597814e+01 4.779046544837599697e+01
4.090991520485590627e+01 4.779974311837599998e+01
4.065061226985585563e+01 4.780897649937600136e+01
4.039131056885594262e+01 4.781816557437599613e+01
4.013203327985593205e+01 4.782730952837600569e+01
3.987275431185594243e+01 4.783640928237599610e+01
3.961347386085594735e+01 4.784546482337600537e+01
3.935419154385590446e+01 4.785447615137600508e+01
3.909490739785587721e+01 4.786344325237600117e+01
3.883562135485590261e+01 4.787236610937600290e+01
3.857633334885576915e+01 4.788124470537600530e+01
3.831704330985576235e+01 4.789007901937600309e+01
3.805775116785594037e+01 4.789886902637600485e+01
3.779845788585589617e+01 4.790761466437599836e+01
3.753922351385585898e+01 4.791631389137600650e+01
3.727997666185592607e+01 4.792496908037600178e+01
3.702071815685576439e+01 4.793358015937600669e+01
3.676144863785589223e+01 4.794214706137600501e+01
3.650216902785587081e+01 4.795066970637600434e+01
3.624291176785595781e+01 4.795914698537600884e+01
3.598357022985578624e+01 4.796758231737599942e+01
3.572426034285581409e+01 4.797597186737600339e+01
3.546494484285585713e+01 4.798431679037599906e+01
3.520566779885598407e+01 4.799261562037600015e+01
3.494634949285591574e+01 4.800087084437599572e+01
3.468702681085596851e+01 4.800908121237600312e+01
3.442769990685587800e+01 4.801724665037600914e+01
3.416836892485594035e+01 4.802536707937599658e+01
3.390903399885587532e+01 4.803344242137600872e+01
3.364969524885577812e+01 4.804147259237599599e+01
3.339035277385596601e+01 4.804945750737600463e+01
3.313100665985598425e+01 4.805739708137599564e+01
3.287165697085583815e+01 4.806529122137600041e+01
3.261230375685590843e+01 4.807313983837600802e+01
3.235294704685588840e+01 4.808094283537600688e+01
3.209358685385586796e+01 4.808870011537599964e+01
3.183422329185577837e+01 4.809641157537599554e+01
3.157485605085594216e+01 4.810407712137600811e+01
3.131548528985581470e+01 4.811169664237600330e+01
3.105607234585590959e+01 4.811927115437600833e+01
3.079670355285588812e+01 4.812679802537600438e+01
3.053732941585576555e+01 4.813427859037599887e+01
3.027794998685590144e+01 4.814171272637599941e+01
3.001856528985581463e+01 4.814910030837600630e+01
2.975917531885579592e+01 4.815644121237600928e+01
2.949978005285584004e+01 4.816373530837600470e+01
2.924037944885594698e+01 4.817098246437599585e+01
2.898097344385587348e+01 4.817818254637600717e+01
2.872156196585592625e+01 4.818533541437599865e+01
2.846214493185584615e+01 4.819244093037600862e+01
2.820272225785583942e+01 4.819949894837600368e+01
2.794329386685581085e+01 4.820650932137600364e+01
2.768385970285589792e+01 4.821347189537600286e+01
2.742441974585585740e+01 4.822038651537600629e+01
2.716497403985590608e+01 4.822725301937600761e+01
2.690552272985587479e+01 4.823407123837600352e+01
2.664606612285592746e+01 4.824084099837600093e+01
2.638660476585596371e+01 4.824756211237600212e+01
2.612713958185577212e+01 4.825423438237599782e+01
2.586761964885590714e+01 4.826085892637600239e+01
2.560815219585583691e+01 4.826743282737599827e+01
2.534875844885596052e+01 4.827395540037599631e+01
2.508936341785579316e+01 4.828042836437600727e+01
2.482996711085593233e+01 4.828685152837600469e+01
2.457056941685596030e+01 4.829322470037600112e+01
2.431117059485586651e+01 4.829954767437600083e+01
2.405177052585577258e+01 4.830582025037600147e+01
2.379236922285576838e+01 4.831204222037600005e+01
2.353296669485598613e+01 4.831821337437600050e+01
2.327356295385584417e+01 4.832433349637599918e+01
2.301415801185589771e+01 4.833040236637600628e+01
2.275475188285577133e+01 4.833641976037600330e+01
2.249534457985578229e+01 4.834238544937599613e+01
2.223593611585579310e+01 4.834829920237599765e+01
2.197652650685586195e+01 4.835416078237599891e+01
2.171715876885582475e+01 4.835996898737600702e+01
2.145774536485578210e+01 4.836572553337600766e+01
2.119833090585598256e+01 4.837142916637600365e+01
2.093891540985578104e+01 4.837707963037600223e+01
2.067949889885585435e+01 4.838267666637599973e+01
2.042008139485596985e+01 4.838822000837599546e+01
2.016066284685598475e+01 4.839370938937599931e+01
1.990124346485595197e+01 4.839914453037600595e+01
1.964182315785592436e+01 4.840452515437600312e+01
1.938240196085598654e+01 4.840985097637600632e+01
1.912297991685591114e+01 4.841512170637599866e+01
1.886355703985577748e+01 4.842033705037600555e+01
1.860413339985598213e+01 4.842549670537600548e+01
1.834470903585588530e+01 4.843060036637599808e+01
1.808528399885585713e+01 4.843564772237600380e+01
1.782585834585597695e+01 4.844063845437599980e+01
1.756643214185578472e+01 4.844557224037600918e+01
1.730700785585577250e+01 4.845044870637600809e+01
1.704759367885594656e+01 4.845526737037600640e+01
1.678817844685590899e+01 4.846002810137599681e+01
1.652876216285585542e+01 4.846473055537600771e+01
1.626934483085597094e+01 4.846937437937600635e+01
1.600992645685596472e+01 4.847395921437600919e+01
1.575050704485579445e+01 4.847848469637600033e+01
1.549108659985586200e+01 4.848295045337600584e+01
1.523166512785587656e+01 4.848735610837600518e+01
1.497224277385589630e+01 4.849170127237600525e+01
1.471281931385578901e+01 4.849598555837600600e+01
1.445339485385579792e+01 4.850020856637600275e+01
1.419396940185583844e+01 4.850436988937600802e+01
1.393454296285585770e+01 4.850846911437599829e+01
1.367511554585576050e+01 4.851250582037600623e+01
1.341568715685593816e+01 4.851647957937599642e+01
1.315625780585583016e+01 4.852038995437600022e+01
1.289682749885582780e+01 4.852423650237599873e+01
1.263739624385584648e+01 4.852801876937600412e+01
1.237796404985579102e+01 4.853173629737599981e+01
1.211853092585579361e+01 4.853538861537600724e+01
1.185909688085598646e+01 4.853897524637599759e+01
1.159966192185584077e+01 4.854249570537599823e+01
1.134022605985592236e+01 4.854594949637599655e+01
1.108078930485589808e+01 4.854933611537600768e+01
1.082135166585590014e+01 4.855265504737600679e+01
1.056191315185583335e+01 4.855590577137600405e+01
1.030247377585578761e+01 4.855908775237600139e+01
1.004303354685589511e+01 4.856220044937600733e+01
9.783592475855812154e+00 4.856524330737600792e+01
9.524150574855866580e+00 4.856821576437600640e+01
9.264707855855931484e+00 4.857111724437599776e+01
9.005264330855879962e+00 4.857394716437600835e+01
8.745820010855823057e+00 4.857670492637599580e+01
8.486374909855840087e+00 4.857938992437600234e+01
8.226929040855793573e+00 4.858200153737600147e+01
7.967482417855762833e+00 4.858453913437600136e+01
7.708035055855816609e+00 4.858700207137600557e+01
7.448586966855827995e+00 4.858938969437599553e+01
7.189138168855834010e+00 4.859170133137600089e+01
6.929688673855935122e+00 4.859393630237600803e+01
6.670238500855930397e+00 4.859609391037599835e+01
6.410787663855899154e+00 4.859817344637600911e+01
6.151336181855867835e+00 4.860017418737599826e+01
5.891884070855894606e+00 4.860209539337600404e+01
5.632431349855778535e+00 4.860393631237600687e+01
5.372978037855773437e+00 4.860569617537599640e+01
5.113524152855916327e+00 4.860737419837600726e+01
4.854069715855985123e+00 4.860896958137600166e+01
4.594614746855768317e+00 4.861048150737600793e+01
4.335159267855942744e+00 4.861190914137600316e+01
4.075703300855820999e+00 4.861325163337600941e+01
3.816246867855852543e+00 4.861450811337600442e+01
3.556789993855772991e+00 4.861567769437600361e+01
3.297332701855793857e+00 4.861675946837600293e+01
3.037875016855878130e+00 4.861775251037600754e+01
2.778416966855957071e+00 4.861865587337599948e+01
2.518958577855983094e+00 4.861946859237600904e+01
2.259499983855903338e+00 4.862018967637600042e+01
2.000040961855802379e+00 4.862081811937599696e+01
1.740581698855976356e+00 4.862135288637600183e+01
1.481122224855880631e+00 4.862179292237600237e+01
1.221662569855880065e+00 4.862213714937600173e+01
9.622027638558847684e-01 4.862238446337600806e+01
7.027428438559581991e-01 4.862253373537599543e+01
