-6.615068614814413195e+01 5.625252163760023905e-01
-6.623390136914417781e+01 5.612954313760099012e-01
-6.631711705114412325e+01 5.600970143759980147e-01
-6.640033316714402645e+01 5.589286853760029317e-01
-6.648354969314414120e+01 5.577892503760040199e-01
-6.656676660714401805e+01 5.566775933760084172e-01
-6.664998388914409588e+01 5.555926663760146766e-01
-6.673320138914414201e+01 5.545334893760127670e-01
-6.681641929014404013e+01 5.534991353760005950e-01
-6.689963749114417624e+01 5.524887363760058179e-01
-6.698285597814401626e+01 5.515014713760137965e-01
-6.706607473414419474e+01 5.505365673760138634e-01
-6.714929374614416702e+01 5.495932913759986604e-01
-6.723251300314404943e+01 5.486709503759925610e-01
-6.731573249314419627e+01 5.477688883759981309e-01
-6.739895220314406288e+01 5.468864813759921617e-01
-6.748217212514418861e+01 5.460231393759897855e-01
-6.756539225014421390e+01 5.451782993760048157e-01
-6.764861256714402771e+01 5.443514253759929034e-01
-6.773183307114413765e+01 5.435420073760042214e-01
-6.781505375214419473e+01 5.427495593760056636e-01
-6.789827460414403504e+01 5.419736183760051063e-01
-6.798149562014418734e+01 5.412137383760011744e-01
-6.806471679414403297e+01 5.404694983760123250e-01
-6.814793812114407956e+01 5.397404913759942247e-01
-6.823115959514416318e+01 5.390263293760142460e-01
-6.831438121014411990e+01 5.383266413759884017e-01
-6.839760296314420884e+01 5.376410693760078630e-01
-6.848082484914402812e+01 5.369692713759945946e-01
-6.856404686314408536e+01 5.363109193760067228e-01
-6.864726900214418492e+01 5.356656973760038909e-01
-6.873049126314413115e+01 5.350333013759893674e-01
-6.881371364014421488e+01 5.344134403759994711e-01
-6.889693613214421930e+01 5.338058323760037638e-01
-6.898015873614417615e+01 5.332102063759975863e-01
-6.906338144814412772e+01 5.326263023760020587e-01
-6.914660426614409516e+01 5.320538683760105414e-01
-6.922982718714411021e+01 5.314926613760064811e-01
-6.931305020914419401e+01 5.309424483760096791e-01
-6.939627332914415092e+01 5.304030013760154816e-01
-6.947949654714420831e+01 5.298741033760165919e-01
-6.956271985914418110e+01 5.293555413759918338e-01
-6.964594326314409045e+01 5.288471133760026532e-01
-6.972916689114413202e+01 5.283486193760040806e-01
-6.981239049214423176e+01 5.278598703760053468e-01
-6.989561418214407240e+01 5.273806803760123785e-01
-6.997883796014411928e+01 5.269108693759960715e-01
-7.006206182414416617e+01 5.264502633760059780e-01
-7.014528577414421306e+01 5.259986943759997757e-01
-7.022850980914404317e+01 5.255559993759959525e-01
-7.031173392614414297e+01 5.251220183760096916e-01
-7.039495812614404713e+01 5.246965993759999947e-01
-7.047818240814422097e+01 5.242795903760111287e-01
-7.056140677014423090e+01 5.238708483759921819e-01
-7.064463121214407693e+01 5.234702323760132003e-01
-7.072785573314422436e+01 5.230776033760093924e-01
-7.081108033214422903e+01 5.226928293760124689e-01
-7.089430501014408037e+01 5.223157813759939927e-01
-7.097752976514402690e+01 5.219463313760002166e-01
-7.106075459714406861e+01 5.215843593759927899e-01
-7.114397950514421609e+01 5.212297433760113563e-01
-7.122720449014423139e+01 5.208823683759931100e-01
-7.131042955014413565e+01 5.205421213759962029e-01
-7.139365468514415625e+01 5.202088913760007927e-01
-7.147687989614405524e+01 5.198825713760015788e-01
-7.156010518214407057e+01 5.195630563760005316e-01
-7.164333054214421281e+01 5.192502443759963171e-01
-7.172655597614402723e+01 5.189440353759948721e-01
-7.180978148514418535e+01 5.186443323759988289e-01
-7.189300706914423245e+01 5.183510403759896690e-01
-7.197623272614418966e+01 5.180640673760024129e-01
-7.205945845714404641e+01 5.177833223760046621e-01
-7.214268426314401950e+01 5.175087163759997111e-01
-7.222591014214413008e+01 5.172401653759948204e-01
-7.230913609614412962e+01 5.169775833759899797e-01
-7.239236212414402871e+01 5.167208883759997207e-01
-7.247558822614405472e+01 5.164700003759890024e-01
-7.255877014914403844e+01 5.162249693759974889e-01
-7.264199465214414886e+01 5.159854633760119214e-01
-7.272521918514416939e+01 5.157515333760045451e-01
-7.280844374614412118e+01 5.155231063760083998e-01
-7.289166833614422103e+01 5.153001103759891066e-01
-7.297489295314403535e+01 5.150824743760153979e-01
-7.305811759814423567e+01 5.148701303760105930e-01
-7.314134227014415046e+01 5.146630103760116981e-01
-7.322456696814401766e+01 5.144610483760061470e-01
-7.330779169314405408e+01 5.142641803759886443e-01
-7.339101644414404291e+01 5.140723423760107380e-01
-7.347424122114421152e+01 5.138854733760069848e-01
-7.355746602314411575e+01 5.137035113760077820e-01
-7.364069085014421034e+01 5.135263973760118006e-01
-7.372391570214404055e+01 5.133540723759892899e-01
-7.380714057914406112e+01 5.131864803759924598e-01
-7.389036547914406583e+01 5.130235643759988307e-01
-7.397359040414403353e+01 5.128652703760110398e-01
-7.405681535314420216e+01 5.127115433760138785e-01
-7.414004032514412756e+01 5.125623313759888333e-01
-7.422326532114402653e+01 5.124175823760026560e-01
-7.430649034014413701e+01 5.122772443760084116e-01
-7.438971538214423163e+01 5.121412683760127038e-01
-7.447294044614409358e+01 5.120096053759937149e-01
-7.455616553414415648e+01 5.118822063760148922e-01
-7.463939064314422467e+01 5.117590253759942698e-01
-7.472261577514404962e+01 5.116400153760025660e-01
-7.480584092814410724e+01 5.115251303760146584e-01
-7.488906610414414899e+01 5.114143263760126956e-01
-7.497229130114419604e+01 5.113075583759894016e-01
-7.505551652014423780e+01 5.112047843759910393e-01
-7.513874176114404690e+01 5.111059613759891818e-01
-7.522196702214409925e+01 5.110110473760016703e-01
-7.530519230514414630e+01 5.109200023759967735e-01
-7.538841760914419865e+01 5.108327853760101789e-01
-7.547164293314403949e+01 5.107493563760101551e-01
-7.555486827814411299e+01 5.106696773760006636e-01
-7.563809364414419179e+01 5.105937093759962409e-01
-7.572131903114404849e+01 5.105214143760008483e-01
-7.580454443814414844e+01 5.104527563759972963e-01
-7.588776986514403688e+01 5.103876993759968173e-01
-7.597099531214416857e+01 5.103262053760033723e-01
-7.605422077914408874e+01 5.102682403760070429e-01
-7.613744626614402478e+01 5.102137703759979104e-01
-7.622067177414419348e+01 5.101627603760050533e-01
-7.630389730014417182e+01 5.101151773760079777e-01
-7.638712284714415546e+01 5.100709863760073404e-01
-7.647034841314416553e+01 5.100301573760077645e-01
-7.655357399814420205e+01 5.099926573759887560e-01
-7.663679960314402706e+01 5.099584543760045108e-01
-7.672002522714410588e+01 5.099275173760133839e-01
-7.680325087014421115e+01 5.098998163759915769e-01
-7.688647653314410491e+01 5.098753203760111319e-01
-7.696970221414403568e+01 5.098539993759914069e-01
-7.705292791414422027e+01 5.098358253760011394e-01
-7.713615363314420392e+01 5.098207693760059556e-01
-7.721937937014422459e+01 5.098088023759999032e-01
-7.730260512614404433e+01 5.097998963759948765e-01
-7.738583090114411789e+01 5.097940233760027695e-01
-7.746905669414422846e+01 5.097911573760143256e-01
-7.755228250514414867e+01 5.097912713760024417e-01
-7.763550833414410590e+01 5.097943373760074337e-01
-7.771873418114410015e+01 5.098003313759988941e-01
-7.780196004614413141e+01 5.098092263760065634e-01
-7.788518593014418911e+01 5.098209973760106095e-01
-7.796841183014407761e+01 5.098356183760017757e-01
-7.805163774914421992e+01 5.098530673760137688e-01
-7.813486368414419303e+01 5.098733173759910642e-01
-7.821808963714420315e+01 5.098963453760063658e-01
-7.830131560814402292e+01 5.099221283759902690e-01
-7.838454159514412822e+01 5.099506413760082069e-01
-7.846776760014404317e+01 5.099818633759980457e-01
-7.855099362114401629e+01 5.100157703760146433e-01
-7.863421965914403700e+01 5.100523403760064411e-01
-7.871744571314411587e+01 5.100915503759892999e-01
-7.880067178414401496e+01 5.101333793760147728e-01
-7.888389787114419960e+01 5.101778053760028797e-01
-7.896712397214423618e+01 5.102248073760051739e-01
-7.905035009014409297e+01 5.102743643760163650e-01
-7.913357622414423531e+01 5.103264553760027411e-01
-7.921680237314421902e+01 5.103810603760052800e-01
-7.930002853814403352e+01 5.104381583759902696e-01
-7.938325471814414414e+01 5.104977293759986878e-01
-7.946648091214410670e+01 5.105597543760040935e-01
-7.954970712114413800e+01 5.106242123760011964e-01
-7.963293334414402125e+01 5.106910863759992480e-01
-7.971615958114421119e+01 5.107603553759929582e-01
-7.979938583214402570e+01 5.108320003760127292e-01
-7.988261209714414690e+01 5.109060043760109693e-01
-7.996583837414414120e+01 5.109823483759896590e-01
-8.004906466514421481e+01 5.110610133760076224e-01
-8.013229096814416152e+01 5.111419823759888459e-01
-8.021551728414419813e+01 5.112252373760099999e-01
-8.029874361214410783e+01 5.113107593760162217e-01
-8.038196995114412857e+01 5.113985333759956120e-01
-8.046519630114403299e+01 5.114885413759964194e-01
-8.054842266314403787e+01 5.115807653760100493e-01
-8.063164903414417495e+01 5.116751903759961806e-01
-8.071487541614419570e+01 5.117717973760136374e-01
-8.079810180814411069e+01 5.118705723760115234e-01
-8.088132820914415788e+01 5.119714983759990901e-01
-8.096455461814412047e+01 5.120745583760140107e-01
-8.104778103614421525e+01 5.121797363759981181e-01
-8.113100746114423600e+01 5.122870183760142027e-01
-8.121423389414417215e+01 5.123963883760040972e-01
-8.129746033314404485e+01 5.125078293760054748e-01
-8.138068677814408147e+01 5.126213273759958611e-01
-8.146391322914405464e+01 5.127368673759917783e-01
-8.154713968414421288e+01 5.128544333759919027e-01
-8.163036614414409087e+01 5.129740123759916059e-01
-8.171359260614417508e+01 5.130955883759895642e-01
-8.179681907214421699e+01 5.132191473759917244e-01
-8.188004554014423775e+01 5.133446743760146092e-01
-8.196327200814403113e+01 5.134721563759967466e-01
-8.204649847714404132e+01 5.136015783760115028e-01
-8.212972494614405150e+01 5.137329263760079812e-01
-8.221295128514407224e+01 5.138661873760099752e-01
-8.229617773514405599e+01 5.140013473759950102e-01
-8.237940418114408203e+01 5.141383923759974550e-01
-8.246263062014418210e+01 5.142773093760126812e-01
-8.254585705314411825e+01 5.144180843759897925e-01
-8.262908347714414958e+01 5.145607053759988503e-01
-8.271230989114405929e+01 5.147051583759889581e-01
-8.279558075214413293e+01 5.148515093760011041e-01
-8.287880841314404279e+01 5.149995923760002370e-01
-8.296203609714416416e+01 5.151494683759949567e-01
-8.304526380514403172e+01 5.153011263760163274e-01
-8.312849153614411080e+01 5.154545533760028775e-01
-8.321171929114416344e+01 5.156097373759962466e-01
-8.329494706914420021e+01 5.157666643760023817e-01
-8.337817486914423171e+01 5.159253243760133500e-01
-8.346140269214401997e+01 5.160857043759961016e-01
-8.354463053714403031e+01 5.162477913760028514e-01
-8.362785840414403538e+01 5.164115753759972449e-01
-8.371108629214404573e+01 5.165770433760030755e-01
-8.379431420114406137e+01 5.167441843759945641e-01
-8.387754213114408230e+01 5.169129863760133503e-01
-8.396077008114411910e+01 5.170834373760158087e-01
-8.404399805114417177e+01 5.172555263760045818e-01
-8.412722604014402350e+01 5.174292423760107340e-01
-8.421045404814412905e+01 5.176045743760084861e-01
-8.429368207414404424e+01 5.177815093759932097e-01
-8.437691011814422382e+01 5.179600383760032400e-01
-8.446013817914422361e+01 5.181401493759949517e-01
-8.454336625714404363e+01 5.183218313759994089e-01
-8.462659435014415976e+01 5.185050733759908326e-01
-8.470982245814411726e+01 5.186898653759897115e-01
-8.479305058114414351e+01 5.188761953760092638e-01
-8.487627871714403227e+01 5.190640543760025594e-01
-8.495950686614423830e+01 5.192534293759933917e-01
-8.504273502614410063e+01 5.194443123760095204e-01
-8.512596319814406343e+01 5.196366913760073203e-01
-8.520919138014414784e+01 5.198305563760072801e-01
-8.529241957114413708e+01 5.200258973760014669e-01
-8.537564776914405229e+01 5.202227033759925234e-01
-8.545887597514411027e+01 5.204209643760009385e-01
-8.554210418614411537e+01 5.206206713760082039e-01
-8.562533240114407818e+01 5.208218113760096912e-01
-8.570856062014422605e+01 5.210243773759941632e-01
-8.579178884014413597e+01 5.212283573760032596e-01
-8.587501706114403532e+01 5.214337423759900503e-01
-8.595824528114417262e+01 5.216405223760034460e-01
-8.604147349914410370e+01 5.218486873760070921e-01
-8.612470171214408765e+01 5.220582263760036312e-01
-8.620792991914413506e+01 5.222691313759924014e-01
-8.629115812014401854e+01 5.224813913760044670e-01
-8.637438631114423515e+01 5.226949983760107443e-01
-8.645761449114411334e+01 5.229099403759960296e-01
-8.654084265914411844e+01 5.231262083759986581e-01
-8.662407081214405480e+01 5.233437943759895461e-01
-8.670729895014414979e+01 5.235626863760103333e-01
-8.679052706914421833e+01 5.237828763760035145e-01
-8.687375516914403306e+01 5.240043553760074246e-01
-8.695698324814406988e+01 5.242271123759962848e-01
-8.704021130414412255e+01 5.244511383760084300e-01
-8.712343933714419109e+01 5.246764233760075058e-01
-8.720666734514406926e+01 5.249029603760106966e-01
-8.728989532714422239e+01 5.251307363760133740e-01
-8.737312328414418516e+01 5.253597453759937252e-01
-8.745635121714417437e+01 5.255899753759933901e-01
-8.753957912614419001e+01 5.258214193760011312e-01
-8.762280701414420037e+01 5.260540653760017449e-01
-8.770603488614415255e+01 5.262879063760124154e-01
-8.778926274714422107e+01 5.265229323759967883e-01
-8.787249060414410451e+01 5.267591333760037742e-01
-8.795571847014412015e+01 5.269965003760148647e-01
-8.803894635914411992e+01 5.272350243760115518e-01
-8.812217429114411971e+01 5.274746963760037488e-01
-8.820540229314406133e+01 5.277155063760119447e-01
-8.828863040014402941e+01 5.279574463760070557e-01
-8.837185865714423016e+01 5.282005053759917246e-01
-8.845508712514401850e+01 5.284446763760115573e-01
-8.853826687614423463e+01 5.286898033760110138e-01
-8.862148958214402228e+01 5.289361483760046667e-01
-8.870471176614410069e+01 5.291835743759918387e-01
-8.878793338714422134e+01 5.294320713759930186e-01
-8.887115440814409340e+01 5.296816293760002736e-01
-8.895437479914403411e+01 5.299322393759950955e-01
-8.903759453514408051e+01 5.301838913759979732e-01
-8.912081361014406866e+01 5.304365763759903984e-01
-8.920403204214403559e+01 5.306902843759928601e-01
-8.928725011814412937e+01 5.309450073760046962e-01
-8.937046772914413850e+01 5.312007353759895523e-01
-8.945368530214409475e+01 5.314574583759963389e-01
-8.953690337814418854e+01 5.317151713759926679e-01
-8.962012285014407098e+01 5.319738643759990282e-01
-8.970334515414401722e+01 5.322335343759903026e-01
-8.978657239114409094e+01 5.324941763759909463e-01
-8.986980651714407031e+01 5.327557883759936885e-01
-8.995303974514422407e+01 5.330183363759886106e-01
-9.003626155414417553e+01 5.332817753759968582e-01
-9.011948351914406885e+01 5.335461323759886909e-01
-9.020270670914419497e+01 5.338114003760097148e-01
-9.028593158414423669e+01 5.340775713760024246e-01
-9.036915806914407767e+01 5.343446343759978845e-01
-9.045238596414401400e+01 5.346125783759987371e-01
-9.053561504014419370e+01 5.348813923760076250e-01
-9.061884507614422546e+01 5.351510653759987690e-01
-9.070207587114418857e+01 5.354215853760138089e-01
-9.078530725214409358e+01 5.356929423760163900e-01
-9.086853907114414142e+01 5.359651233760018840e-01
-9.095177120414405181e+01 5.362381173760013553e-01
-9.103500342914412613e+01 5.365119123759996000e-01
-9.111823596114413704e+01 5.367864993760065317e-01
-9.120146851614413208e+01 5.370618633760102512e-01
-9.128470105114411126e+01 5.373379953759922500e-01
-9.136793352414406399e+01 5.376148823760047435e-01
-9.145116590414409075e+01 5.378925113760146814e-01
-9.153439816214404345e+01 5.381708723760141311e-01
-9.161763027614415478e+01 5.384499513760090394e-01
-9.170086222314421320e+01 5.387297363760126245e-01
-9.178409399214410769e+01 5.390102153760096826e-01
-9.186732556914421366e+01 5.392913743760061607e-01
-9.195055694514417155e+01 5.395732023760047014e-01
-9.203378811514403424e+01 5.398556843759934054e-01
-9.211701907314409254e+01 5.401388073759960662e-01
-9.220024981714414025e+01 5.404225583760080553e-01
-9.228348034514419851e+01 5.407069223759890519e-01
-9.236671065714403994e+01 5.409918863759912711e-01
-9.244994075514409815e+01 5.412774353760028134e-01
-9.253321318514417726e+01 5.415637013759919682e-01
-9.261643928914418211e+01 5.418503643759891020e-01
-9.269966547614421870e+01 5.421375673759882829e-01
-9.278289172514405436e+01 5.424252973760133045e-01
-9.286611801614412798e+01 5.427135353760093039e-01
-9.294934433414414343e+01 5.430022673760106500e-01
-9.303257066414403198e+01 5.432914743759909015e-01
-9.311579699514413733e+01 5.435811403760055782e-01
-9.319902331614412105e+01 5.438712483760070882e-01
-9.328224961714408892e+01 5.441617793759974120e-01
-9.336547589114411494e+01 5.444527153759963767e-01
-9.344870213214403520e+01 5.447440373760059629e-01
-9.353192833414414054e+01 5.450357263759997295e-01
-9.361515449214402906e+01 5.453277603760113834e-01
-9.369838060214419784e+01 5.456201213760039082e-01
-9.378160666114422384e+01 5.459127863759931643e-01
-9.386483266614413878e+01 5.462057343760022832e-01
-9.394805861514419121e+01 5.464989423759902820e-01
-9.403128450514418546e+01 5.467923883759908676e-01
-9.411451033614412154e+01 5.470860463759947834e-01
-9.419773610714423739e+01 5.473798933759894680e-01
-9.428096181714408885e+01 5.476739033759940867e-01
-9.436418746614413067e+01 5.479680503759993826e-01
-9.444741305214415661e+01 5.482623063759888282e-01
-9.453063857814413495e+01 5.485566433760027394e-01
-9.461386404114409743e+01 5.488510313759888959e-01
-9.469708944414423968e+01 5.491454403760087644e-01
-9.478031478714410696e+01 5.494398383760028537e-01
-9.486354006914416459e+01 5.497341923760075133e-01
-9.494676529314415347e+01 5.500284693760022492e-01
-9.502999045814408419e+01 5.503226323760088690e-01
-9.511321556614416295e+01 5.506166433760029122e-01
-9.519644061914414124e+01 5.509104653760061865e-01
-9.527966561614402963e+01 5.512040573759975359e-01
-9.536289055914403434e+01 5.514973763760053771e-01
-9.544611545014413423e+01 5.517903773759940123e-01
-9.552929749214422372e+01 5.520828643759898569e-01
-9.561252576914421297e+01 5.523751013760147544e-01
-9.569575378414401712e+01 5.526668743760012603e-01
-9.577898154914419138e+01 5.529581273760015847e-01
-9.586220907314418582e+01 5.532488053760005187e-01
-9.594543636814410092e+01 5.535388473759894623e-01
-9.602866344014410060e+01 5.538281903760093883e-01
-9.611189030014406853e+01 5.541167683759908869e-01
-9.619511695814412633e+01 5.544045093760132659e-01
-9.627834342314417881e+01 5.546913383759886074e-01
-9.636156970314414139e+01 5.549771763760134036e-01
-9.644479580714414624e+01 5.552619373760023791e-01
-9.652802174314410877e+01 5.555455323760156716e-01
-9.661124763214411360e+01 5.558278643759990700e-01
-9.669447321614416069e+01 5.561088283760113882e-01
-9.677769866714402269e+01 5.563883163760010575e-01
-9.686092399314406975e+01 5.566662073759971463e-01
-9.694414919814403220e+01 5.569423753759963347e-01
-9.702737428714408452e+01 5.572166803760012499e-01
-9.711059926714415269e+01 5.574889753760032818e-01
-9.719382414114420499e+01 5.577590963760030718e-01
-9.727704891714415680e+01 5.580268693759933285e-01
-9.736027359914419321e+01 5.582921013759971629e-01
-9.744349819314402339e+01 5.585545843759973650e-01
-9.752672270414404920e+01 5.588140863760031607e-01
-9.760994713914419663e+01 5.590703553760079103e-01
-9.769317150214419598e+01 5.593231103759990219e-01
-9.777639580114419005e+01 5.595720413760147949e-01
-9.785962004014413651e+01 5.598168003760122247e-01
-9.794284422714417815e+01 5.600569993760018406e-01
-9.802606853714405588e+01 5.602922013760007758e-01
-9.810929268914424028e+01 5.605219083759891419e-01
-9.819251681414402810e+01 5.607455553760019029e-01
-9.827574092114423365e+01 5.609624903759993231e-01
-9.835896501514412194e+01 5.611719623759938713e-01
-9.844218910414406309e+01 5.613730883760013057e-01
-9.852541313214419461e+01 5.615648303759996907e-01
-9.860863727914420451e+01 5.617459463759928440e-01
-9.869186141414411395e+01 5.619149313760090081e-01
-9.877508557914416087e+01 5.620699373760089657e-01
-9.885831163414422917e+01 5.622086523760003729e-01
-9.894153767314423931e+01 5.623281073760040272e-01
-9.902476365314419127e+01 5.624244023759956690e-01
-9.910798972414409036e+01 5.624922333759911908e-01
-9.919121575714416394e+01 5.625240653760101850e-01
-9.927444131614402067e+01 5.627519713760023023e-01
-9.935766192314417822e+01 5.636854463760130329e-01
-9.944087182214411769e+01 5.653155103759957001e-01
-9.952406588014423505e+01 5.676168733760107443e-01
-9.960723949714406444e+01 5.705664763760012193e-01
-9.969038852114408655e+01 5.741432493759930367e-01
-9.977350918514412115e+01 5.783279063759891869e-01
-9.985659804914416782e+01 5.831027603759935118e-01
-9.993965195314422090e+01 5.884515683760014326e-01
-1.000226679801442060e+02 5.943593923759920017e-01
-1.001056434141441969e+02 6.008124833759893590e-01
-1.001885757201441720e+02 6.077981673759893511e-01
-1.002714625111441364e+02 6.153047573760090927e-01
-1.003543015311440740e+02 6.233214693760089631e-01
-1.004370484011442386e+02 6.318338753760031068e-01
-1.005197846001440212e+02 6.408413683760159074e-01
-1.006024668461441252e+02 6.503313353759949678e-01
-1.006850932321440268e+02 6.602959363760021461e-01
-1.007676619041442336e+02 6.707279363760108026e-01
-1.008501710581440420e+02 6.816206643759983308e-01
-1.009326189191440335e+02 6.929679703760029952e-01
-1.010150037481441814e+02 7.047641953760148681e-01
-1.010973238201440836e+02 7.170041383760121789e-01
-1.011795774251440889e+02 7.296830283760016300e-01
-1.012617628621442236e+02 7.427965003760164109e-01
-1.013438784321440380e+02 7.563405693759932547e-01
-1.014259224331440237e+02 7.703116123759912170e-01
-1.015078931541440852e+02 7.847063473760158558e-01
-1.015897888721440268e+02 7.995218173759894853e-01
-1.016716078491440385e+02 8.147553743760056477e-01
-1.017533483241440990e+02 8.304046623759973045e-01
-1.018350085151441817e+02 8.464676093759919695e-01
-1.019165866071441542e+02 8.629424113759966986e-01
-1.019980807591441589e+02 8.798275213760007318e-01
-1.020794890901440795e+02 8.971216423759926784e-01
-1.021608096831441799e+02 9.148237163759915802e-01
-1.022420405791440317e+02 9.329329183759966782e-01
-1.023231797731441475e+02 9.514486433760112050e-01
-1.024042252131441728e+02 9.703705063760139637e-01
-1.024851747931440968e+02 9.896983333759976631e-01
-1.025660263551442313e+02 1.009432155376003948e+00
-1.026467776801441687e+02 1.029572202376016321e+00
-1.027274264891441362e+02 1.050118903375988566e+00
-1.028079704361441600e+02 1.071072878376014614e+00
-1.028884071091440546e+02 1.092434934376001365e+00
-1.029687340211442006e+02 1.114206066375999171e+00
-1.030489486091441904e+02 1.136387451376009494e+00
-1.031290482341441930e+02 1.158980446376006057e+00
-1.032090301671441921e+02 1.181986586376012838e+00
-1.032888915991441081e+02 1.205407587376015499e+00
-1.033686296221442262e+02 1.229245335375992454e+00
-1.034482412361442130e+02 1.253501893376011367e+00
-1.035277233381441420e+02 1.278179499375994510e+00
-1.036070727201440604e+02 1.303280562375988438e+00
-1.036862860641440420e+02 1.328807664376000730e+00
-1.037653599351440334e+02 1.354763563375996682e+00
-1.038442907791441030e+02 1.381151186376001760e+00
-1.039230749131440916e+02 1.407973636375999149e+00
-1.040017085241440782e+02 1.435234190376007746e+00
-1.040801876591440305e+02 1.462936298376007471e+00
-1.041585082201440855e+02 1.491083589375989504e+00
-1.042366659571441687e+02 1.519679867375998583e+00
-1.043146564621440575e+02 1.548729115376005439e+00
-1.043924751611441479e+02 1.578235496376009905e+00
-1.044701173051441856e+02 1.608203354376001926e+00
-1.045475779641442386e+02 1.638637218376004512e+00
-1.046248520161441320e+02 1.669541801375999057e+00
-1.047019341391442140e+02 1.700922002375989450e+00
-1.047788188041440662e+02 1.732782912375995465e+00
-1.048555002611440159e+02 1.765129812375988649e+00
-1.049319725311440834e+02 1.797968176376002702e+00
-1.050082293931441200e+02 1.831303674376016488e+00
-1.050842643741441407e+02 1.865142176375996996e+00
-1.051600707391442029e+02 1.899489751375995183e+00
-1.052356414721441524e+02 1.934352670376000560e+00
-1.053109692701441418e+02 1.969737411376002001e+00
-1.053860465221441700e+02 2.005650658375998319e+00
-1.054608652971442098e+02 2.042099302376016112e+00
-1.055354173311441173e+02 2.079090449375996741e+00
-1.056096940061440819e+02 2.116631414376001885e+00
-1.056836863341441131e+02 2.154729728375997411e+00
-1.057573849401442203e+02 2.193393136375988206e+00
-1.058307800431441592e+02 2.232629600376014878e+00
-1.059038614341441189e+02 2.272447297376004371e+00
-1.059766184551440347e+02 2.312854621376004616e+00
-1.060490399801440162e+02 2.353860180375988875e+00
-1.061211143881441785e+02 2.395472797376015706e+00
-1.061928295421441817e+02 2.437701506376015459e+00
-1.062641727611442093e+02 2.480555551375999812e+00
-1.063351307941441064e+02 2.524044379375993685e+00
-1.064056897961440882e+02 2.568177638375999550e+00
-1.064758352951441793e+02 2.612965169375996766e+00
-1.065455521621440766e+02 2.658416996375990493e+00
-1.066148245841441167e+02 2.704543320375989879e+00
-1.066836360291440542e+02 2.751354507375992853e+00
-1.067519691221441462e+02 2.798861009375997355e+00
-1.068198060201441422e+02 2.847073633375998725e+00
-1.068871276961440344e+02 2.896003050376009469e+00
-1.069539144061441220e+02 2.945660126375997834e+00
-1.070201455191440800e+02 2.996055796375998170e+00
-1.070857994721441173e+02 3.047201039376005838e+00
-1.071508537421441360e+02 3.099106850375989097e+00
-1.072152848051441651e+02 3.151784197376002794e+00
-1.072790680991440695e+02 3.205243990376004604e+00
-1.073421779951440840e+02 3.259497030375996474e+00
-1.074045877601440679e+02 3.314553962376010077e+00
-1.074662695251440709e+02 3.370425217376009641e+00
-1.075271942591441530e+02 3.427120956376001004e+00
-1.075873317451441835e+02 3.484650995376000537e+00
-1.076466505541441165e+02 3.543024736375997463e+00
-1.077051180361440856e+02 3.602251084376007384e+00
-1.077627003071440868e+02 3.662338359376008157e+00
-1.078193622481442162e+02 3.723294199375999369e+00
-1.078750675131441312e+02 3.785125459375990431e+00
-1.079297785461442345e+02 3.847838096375994610e+00
-1.079834566081440244e+02 3.911437060376016461e+00
-1.080360618221441200e+02 3.975926160375991003e+00
-1.080875532261441094e+02 4.041307944376001160e+00
-1.081378888501442361e+02 4.107583556375999478e+00
-1.081870258031440244e+02 4.174752599376006401e+00
-1.082349203841440612e+02 4.242813000376003174e+00
-1.082815282151441352e+02 4.311760860376011806e+00
-1.083268043881441827e+02 4.381590317376009125e+00
-1.083707036451442036e+02 4.452293410376000793e+00
-1.084131805741442349e+02 4.523859948376014017e+00
-1.084541898261441020e+02 4.596277394375988479e+00
-1.084936863661441748e+02 4.669530754376012283e+00
-1.085316257251440675e+02 4.743602489376002040e+00
-1.085679643501441660e+02 4.818472566376016175e+00
-1.086026596921440159e+02 4.894117990376003036e+00
-1.086356707981440195e+02 4.970513351376013134e+00
-1.086669584611440769e+02 5.047630497375990899e+00
-1.086964855791441096e+02 5.125438656375990831e+00
-1.087242174791440448e+02 5.203904511376009623e+00
-1.087501222251441959e+02 5.282992321376013933e+00
-1.087741709171441471e+02 5.362664070376013115e+00
-1.087963379641441861e+02 5.442879651375989170e+00
-1.088166013291440777e+02 5.523597085375996585e+00
-1.088349427441442003e+02 5.604772771375991169e+00
-1.088513478841441611e+02 5.686361761375991364e+00
-1.088658064911442125e+02 5.768318051376013500e+00
-1.088783124621440948e+02 5.850594896376009046e+00
-1.088888638811440615e+02 5.933145128375997501e+00
-1.088974630051441181e+02 6.015921474376000333e+00
-1.089041161981440382e+02 6.098876880375996734e+00
-1.089093878991441215e+02 6.181933646375995295e+00
-1.089145685041441993e+02 6.264996246376000499e+00
-1.089197007791440228e+02 6.348061845376008705e+00
-1.089247779831441676e+02 6.431130699376012672e+00
-1.089297947071440831e+02 6.514203269375997252e+00
-1.089347465201440173e+02 6.597279719375990226e+00
-1.089396297591440543e+02 6.680360218375994918e+00
-1.089444413681442256e+02 6.763444890376007379e+00
-1.089491787631441184e+02 6.846533824375995891e+00
-1.089538397451440233e+02 6.929627082376015323e+00
-1.089584224241441461e+02 7.012724700375997600e+00
-1.089629251621440744e+02 7.095826699376004854e+00
-1.089673465321441199e+02 7.178933078375990817e+00
-1.089716852761441714e+02 7.262043829376011672e+00
-1.089759402831441548e+02 7.345158928376008589e+00
-1.089801105611441017e+02 7.428278344375996767e+00
-1.089841952241440595e+02 7.511402167375990757e+00
-1.089881934581442238e+02 7.594530123375989206e+00
-1.089921045351441080e+02 7.677662261376013930e+00
-1.089959277841442145e+02 7.760798523375996183e+00
-1.089996625881440195e+02 7.843938847375994783e+00
-1.090033083711441577e+02 7.927083077376011033e+00
-1.090068646091440314e+02 8.010231351376006614e+00
-1.090103307931440213e+02 8.093383468376003975e+00
-1.090137064531440956e+02 8.176539352376011038e+00
-1.090169911391442383e+02 8.259698925376000034e+00
-1.090201844241441904e+02 8.342862107375992764e+00
-1.090232858991441844e+02 8.426028815376014336e+00
-1.090262951681440882e+02 8.509198964375997321e+00
-1.090292118411441606e+02 8.592372181375992568e+00
-1.090320355481442220e+02 8.675548440375990822e+00
-1.090347659341441613e+02 8.758727812376008615e+00
-1.090374026451440841e+02 8.841910207376002973e+00
-1.090399453321440433e+02 8.925095532375991070e+00
-1.090423936541442345e+02 9.008283693376000656e+00
-1.090447472711441605e+02 9.091474594375995366e+00
-1.090470058471441916e+02 9.174668141376002950e+00
-1.090491690451440263e+02 9.257864077376012801e+00
-1.090512365381441668e+02 9.341062556376016346e+00
-1.090532079941440315e+02 9.424263369376006949e+00
-1.090550830801441862e+02 9.507466413375993852e+00
-1.090568614661440279e+02 9.590671584375996872e+00
-1.090585428201441118e+02 9.673878776376000133e+00
-1.090601268081441049e+02 9.757087885375995029e+00
-1.090616130951441392e+02 9.840298801376007987e+00
-1.090630013441441406e+02 9.923511418375994708e+00
-1.090642912181440352e+02 1.000672562537599219e+01
-1.090654823731440501e+02 1.008994131137600903e+01
-1.090665744671441644e+02 1.017315836537599694e+01
-1.090675671511442033e+02 1.025637667337599623e+01
-1.090684600761442198e+02 1.033959612137599038e+01
-1.090692528871441027e+02 1.042281659437600183e+01
-1.090699452271442169e+02 1.050603797337601009e+01
-1.090705367351440600e+02 1.058926014337600918e+01
-1.090710270461440814e+02 1.067248298137599249e+01
-1.090714157901441013e+02 1.075570636937601421e+01
-1.090717025931442095e+02 1.083893018437601086e+01
-1.090718870791440622e+02 1.092215430337600424e+01
-1.090719688651440720e+02 1.100537860037599103e+01
-1.090719475641442386e+02 1.108860294937599633e+01
-1.090718227841441603e+02 1.117182722337599898e+01
-1.090715941301441489e+02 1.125505129337599897e+01
-1.090712612001441357e+02 1.133827502737599957e+01
-1.090708235881440942e+02 1.142149829337600409e+01
-1.090702808831440507e+02 1.150472095837599795e+01
-1.090696326711440634e+02 1.158794276137601287e+01
-1.090688785281440687e+02 1.167116382337599134e+01
-1.090680180281440244e+02 1.175438387237599613e+01
-1.090670507391441788e+02 1.183760276737601203e+01
-1.090659762241441513e+02 1.192082036737599537e+01
-1.090647940401440792e+02 1.200403652737600169e+01
-1.090635037391441529e+02 1.208725110137601177e+01
-1.090621048681441607e+02 1.217046394337600645e+01
-1.090605969661442032e+02 1.225367490237599100e+01
-1.090589795681441956e+02 1.233688382637600967e+01
-1.090572522031441167e+02 1.242009056437601089e+01
-1.090554143941442362e+02 1.250329495937600655e+01
-1.090534656591441944e+02 1.258649685337599067e+01
-1.090514055081441711e+02 1.266969608737599629e+01
-1.090492334471441609e+02 1.275289250037599231e+01
-1.090469489751442325e+02 1.283608592737598997e+01
-1.090445515851440632e+02 1.291927620337600047e+01
-1.090420407631440867e+02 1.300246315837600264e+01
-1.090394159901441071e+02 1.308564662337599316e+01
-1.090366767401442303e+02 1.316882642437599316e+01
-1.090338224811441705e+02 1.325200238637600592e+01
-1.090308526741441710e+02 1.333517433037599176e+01
-1.090277667741440837e+02 1.341834207637600684e+01
-1.090245642291440618e+02 1.350150544137599695e+01
-1.090212444801441052e+02 1.358466424037601428e+01
-1.090178069621440500e+02 1.366781828437601121e+01
-1.090142511031440336e+02 1.375096738237598970e+01
-1.090105763251440294e+02 1.383411133937599402e+01
-1.090067820411441062e+02 1.391724996137600101e+01
-1.090028676601441475e+02 1.400038304637601527e+01
-1.089988325811441428e+02 1.408351039237601299e+01
-1.089946761971441447e+02 1.416663179437600206e+01
-1.089903978941440528e+02 1.424974704337600429e+01
-1.089859970521440573e+02 1.433285592837600575e+01
-1.089814730411442270e+02 1.441595823337598858e+01
-1.089768252251442391e+02 1.449905374037601291e+01
-1.089720529611440725e+02 1.458214222737601062e+01
-1.089671555991442347e+02 1.466522347037599161e+01
-1.089621324781442127e+02 1.474829724137600806e+01
-1.089569829341442073e+02 1.483136330737599451e+01
-1.089517062911440917e+02 1.491442143237600249e+01
-1.089463018681440190e+02 1.499747137837599098e+01
-1.089407689741440208e+02 1.508051290137601086e+01
-1.089351069131441818e+02 1.516354575537599203e+01
-1.089293149771440312e+02 1.524656968937600254e+01
-1.089233924531440607e+02 1.532958444937600007e+01
-1.089173386181441856e+02 1.541258977537600572e+01
-1.089111527401441890e+02 1.549558540437601550e+01
-1.089048340821441343e+02 1.557857107037600031e+01
-1.088983818941442223e+02 1.566154650137599447e+01
-1.088917954211440247e+02 1.574451142237600720e+01
-1.088850738961441493e+02 1.582746555137600808e+01
-1.088782165461441309e+02 1.591040860437601623e+01
-1.088712225881440645e+02 1.599334029237598997e+01
-1.088640950851440721e+02 1.607621591637601455e+01
-1.088568257291440204e+02 1.615912252737601307e+01
-1.088494173701442378e+02 1.624201684337600682e+01
-1.088418691871440842e+02 1.632489855737600237e+01
-1.088341803511441412e+02 1.640776735337601622e+01
-1.088263500261441550e+02 1.649062291037600403e+01
-1.088183773611440301e+02 1.657346490537599948e+01
-1.088102615011441685e+02 1.665629300537599988e+01
-1.088020015761442210e+02 1.673910687537599529e+01
-1.087935967091441398e+02 1.682190617337599292e+01
-1.087850460121442211e+02 1.690469055037598878e+01
-1.087763485891441633e+02 1.698745965337599273e+01
-1.087675035291440508e+02 1.707021312237600341e+01
-1.087585099151440318e+02 1.715295059037600822e+01
-1.087493668181441535e+02 1.723567168537599059e+01
-1.087400732971441357e+02 1.731837602837600798e+01
-1.087306284031442374e+02 1.740106323437601077e+01
-1.087210311721441940e+02 1.748373290937601610e+01
-1.087112806331440424e+02 1.756638465637601598e+01
-1.087013758021441845e+02 1.764901806737600509e+01
-1.086913156841442287e+02 1.773163273037599197e+01
-1.086810992721441380e+02 1.781422822537601292e+01
-1.086707255481442189e+02 1.789680412237601104e+01
-1.086601934821442228e+02 1.797935998737600016e+01
-1.086495020331440173e+02 1.806189537537599676e+01
-1.086386501461440730e+02 1.814440983537599550e+01
-1.086276367571440460e+02 1.822690290737600094e+01
-1.086164607861442164e+02 1.830937412537599585e+01
-1.086051211441440500e+02 1.839182301137600462e+01
-1.085936167271440809e+02 1.847424908037601199e+01
-1.085819464191440602e+02 1.855665183937600204e+01
-1.085701090931440831e+02 1.863903078537600777e+01
-1.085581036051441970e+02 1.872138540637601523e+01
-1.085459288031440792e+02 1.880371518137599196e+01
-1.085335835161440627e+02 1.888601957837599343e+01
-1.085210665641441210e+02 1.896829805737598917e+01
-1.085083767521441587e+02 1.905055006737600820e+01
-1.084955128691440223e+02 1.913277504837600418e+01
-1.084824736941441188e+02 1.921497242637599356e+01
-1.084692579891441255e+02 1.929714162137599942e+01
-1.084558645031440847e+02 1.937928204037601176e+01
-1.084422919691442075e+02 1.946139307737601598e+01
-1.084285391071441609e+02 1.954347411837599680e+01
-1.084146046221442248e+02 1.962552453537600172e+01
-1.084004872031441664e+02 1.970754369037601350e+01
-1.083861855241441390e+02 1.978953093037600297e+01
-1.083716982451442163e+02 1.987148559337600773e+01
-1.083570240101441868e+02 1.995340700137600720e+01
-1.083421614461440186e+02 2.003529446537601189e+01
-1.083271091651440656e+02 2.011714728437598865e+01
-1.083118657631441693e+02 2.019896474037599887e+01
-1.082964298211441019e+02 2.028074610437599290e+01
-1.082807999011440643e+02 2.036249063237599444e+01
-1.082649745491441990e+02 2.044419756437599744e+01
-1.082489522971441147e+02 2.052586612837600910e+01
-1.082327316561440966e+02 2.060749553637600684e+01
-1.082163111221441341e+02 2.068908498237601634e+01
-1.081996891741441686e+02 2.077063364937600909e+01
-1.081828642731441050e+02 2.085214069937600811e+01
-1.081658348611440488e+02 2.093360528037601398e+01
-1.081485993641440473e+02 2.101502652337600807e+01
-1.081311561881441321e+02 2.109640354337599888e+01
-1.081135037221440598e+02 2.117773543337600017e+01
-1.080956403361440152e+02 2.125902127337599268e+01
-1.080775643811441569e+02 2.134026012337599809e+01
-1.080592741901441514e+02 2.142145102137601498e+01
-1.080407680761441043e+02 2.150259299137599101e+01
-1.080220443321441053e+02 2.158368503237599612e+01
-1.080031012341441965e+02 2.166472612837600309e+01
-1.079839370361441979e+02 2.174571523837599329e+01
-1.079645499721441411e+02 2.182665130337599635e+01
-1.079449382571440310e+02 2.190753324137600089e+01
-1.079251000871440738e+02 2.198835994737601141e+01
-1.079050336341440470e+02 2.206913029537599868e+01
-1.078847370521441462e+02 2.214984313737599564e+01
-1.078642084731441173e+02 2.223049729937599750e+01
-1.078434460101441346e+02 2.231109158337599752e+01
-1.078224477511441819e+02 2.239162476937599422e+01
-1.078012117671441956e+02 2.247209560937599804e+01
-1.077797361031441596e+02 2.255250283037599957e+01
-1.077580187871442376e+02 2.263284513337600856e+01
-1.077360578201441967e+02 2.271312119237600768e+01
-1.077138511851442217e+02 2.279332965437600933e+01
-1.076913968421440586e+02 2.287346913637600210e+01
-1.076686927271441618e+02 2.295353822737601490e+01
-1.076457367541440817e+02 2.303353548737601386e+01
-1.076225268151440559e+02 2.311345944637599814e+01
-1.075990607791441107e+02 2.319330860137600325e+01
-1.075753364921440607e+02 2.327308142137599134e+01
-1.075513517771441911e+02 2.335277634037601047e+01
-1.075271044341441211e+02 2.343239175937600294e+01
-1.075025922391441782e+02 2.351192604737599368e+01
-1.074778129451440236e+02 2.359137753637600099e+01
-1.074527642821440168e+02 2.367074452537599427e+01
-1.074274439551440992e+02 2.375002527637599314e+01
-1.074018496481442071e+02 2.382921801337599277e+01
-1.073759790181441076e+02 2.390832092437599954e+01
-1.073498297021442340e+02 2.398733215837600596e+01
-1.073233993091441789e+02 2.406624982437600124e+01
-1.072966854281442011e+02 2.414507199137599969e+01
-1.072696856231441416e+02 2.422379668637600503e+01
-1.072423974341440953e+02 2.430242189437601041e+01
-1.072148183761441942e+02 2.438094555937601626e+01
-1.071869459441440995e+02 2.445936557837600844e+01
-1.071587776051442233e+02 2.453767980537600124e+01
-1.071303108061440525e+02 2.461588604637600497e+01
-1.071015429691440204e+02 2.469398206337601209e+01
-1.070724714931441213e+02 2.477196556837600383e+01
-1.070430937541441381e+02 2.484983422437599643e+01
-1.070134071071440758e+02 2.492758564437599489e+01
-1.069834088801442249e+02 2.500521738937601413e+01
-1.069530963821441674e+02 2.508272697137599039e+01
-1.069224669001441725e+02 2.516011184437599013e+01
-1.068915176971440815e+02 2.523736941237601172e+01
-1.068602460161441741e+02 2.531449702037599536e+01
-1.068286490791440428e+02 2.539149195837600814e+01
-1.067967240861441951e+02 2.546835145737600214e+01
-1.067644682191441916e+02 2.554507268937601339e+01
-1.067318786381440532e+02 2.562165276837600913e+01
-1.066989524841442289e+02 2.569808874337599036e+01
-1.066656868801442215e+02 2.577437760337599570e+01
-1.066320789311441786e+02 2.585051627137599439e+01
-1.065981257241442108e+02 2.592650160737599663e+01
-1.065638243311441329e+02 2.600233040237600335e+01
-1.065291718041441982e+02 2.607799938237600657e+01
-1.064941651851440838e+02 2.615350520237599596e+01
-1.064588014981441120e+02 2.622884444837600881e+01
-1.064230777551440497e+02 2.630401363537600901e+01
-1.063869909561440181e+02 2.637900920337600041e+01
-1.063505380341441651e+02 2.645382763137600080e+01
-1.063137160821440830e+02 2.652846497937599679e+01
-1.062765220091441734e+02 2.660291758437600151e+01
-1.062389527761440604e+02 2.667718158637600823e+01
-1.062010053401440928e+02 2.675125304237600687e+01
-1.061626766501440216e+02 2.682512793337599533e+01
-1.061239636521440843e+02 2.689880215537600350e+01
-1.060848632911440745e+02 2.697227152437599784e+01
-1.060453725131442297e+02 2.704553177137600528e+01
-1.060054882621441266e+02 2.711857854337600315e+01
-1.059652074881441877e+02 2.719140739937600415e+01
-1.059245271461441007e+02 2.726401381437599980e+01
-1.058834441981441614e+02 2.733639317337599550e+01
-1.058419556141441262e+02 2.740854077137599631e+01
-1.058000583771440688e+02 2.748045181637600365e+01
-1.057577494841441421e+02 2.755212142337600767e+01
-1.057150259481441026e+02 2.762354461537600514e+01
-1.056718847991442090e+02 2.769471632337599942e+01
-1.056283230931442176e+02 2.776563138537599684e+01
-1.055843379041441494e+02 2.783628454537600305e+01
-1.055399263391441309e+02 2.790667045237600519e+01
-1.054950855301440242e+02 2.797678366237600756e+01
-1.054498126451442204e+02 2.804661863337599925e+01
-1.054041048871440580e+02 2.811616973037600076e+01
-1.053579594991440445e+02 2.818543122037600313e+01
-1.053113737661440155e+02 2.825439727637599674e+01
-1.052643450221441981e+02 2.832306197537600667e+01
-1.052168706471441055e+02 2.839141929737600378e+01
-1.051689480771440230e+02 2.845946313037600817e+01
-1.051205748071440667e+02 2.852718726337600685e+01
-1.050717483901441938e+02 2.859458539537600075e+01
-1.050224664491440763e+02 2.866165112937599702e+01
-1.049727266731440523e+02 2.872837797837600249e+01
-1.049225268271441109e+02 2.879475936237599853e+01
-1.048718647541440987e+02 2.886078861337600188e+01
-1.048207383811441105e+02 2.892645897237599684e+01
-1.047691457211440138e+02 2.899176359637600342e+01
-1.047170848811440464e+02 2.905669555637599899e+01
-1.046645540621441342e+02 2.912124784337599692e+01
-1.046115515701442291e+02 2.918541336437600364e+01
-1.045580758151440932e+02 2.924918495337600177e+01
-1.045041253191441228e+02 2.931255536637600301e+01
-1.044496987221441486e+02 2.937551728937600615e+01
-1.043947947831441070e+02 2.943806334137600800e+01
-1.043394123881441828e+02 2.950018607537600701e+01
-1.042835505541440853e+02 2.956187798537600031e+01
-1.042272084361441102e+02 2.962313150937600881e+01
-1.041703853281442207e+02 2.968393903137599921e+01
-1.041130806701441998e+02 2.974429289137600563e+01
-1.040552940551440315e+02 2.980418538537600170e+01
-1.039970252311441072e+02 2.986360877337600073e+01
-1.039382741061440356e+02 2.992255528637599582e+01
-1.038790407531441815e+02 2.998101712637600258e+01
-1.038193254151440215e+02 3.003898648037599628e+01
-1.037591285101441372e+02 3.009645552037599714e+01
-1.036984506341441374e+02 3.015341641337600720e+01
-1.036372925631442286e+02 3.020986132837600735e+01
-1.035756552631441991e+02 3.026578244237600757e+01
-1.035135398871441339e+02 3.032117194837600493e+01
-1.034461889471440372e+02 3.036011043437599710e+01
-1.033637228361442340e+02 3.034889937637599644e+01
-1.032812579801441188e+02 3.033767965637599673e+01
-1.031987944521440568e+02 3.032645070437600054e+01
-1.031163323291441429e+02 3.031521196437600452e+01
-1.030338716841440601e+02 3.030396289337599569e+01
-1.029514125891441836e+02 3.029270295637600441e+01
-1.028689551151442174e+02 3.028143163237599822e+01
-1.027864992601441827e+02 3.027014840037600152e+01
-1.027040450731440160e+02 3.025885275537599739e+01
-1.026215926501440663e+02 3.024754420937600230e+01
-1.025391420581440798e+02 3.023622227937600826e+01
-1.024566933641440301e+02 3.022488649337600464e+01
-1.023742466311441603e+02 3.021353638337599534e+01
-1.022918019241442380e+02 3.020217149437600312e+01
-1.022093593061440515e+02 3.019079137737600149e+01
-1.021269189851441297e+02 3.017939560837599799e+01
-1.020444807851440601e+02 3.016798372337599687e+01
-1.019620448711441441e+02 3.015655530737599577e+01
-1.018796113041441913e+02 3.014510994037600256e+01
-1.017971801441440221e+02 3.013364720837600430e+01
-1.017147514511441386e+02 3.012216670437599930e+01
-1.016323252861441233e+02 3.011066802537600040e+01
-1.015499017071440448e+02 3.009915077637600689e+01
-1.014674807731441888e+02 3.008761456637600418e+01
-1.013850625421441691e+02 3.007605901037599949e+01
-1.013026470711440652e+02 3.006448372837600402e+01
-1.012202344181441731e+02 3.005288834537600451e+01
-1.011378246371441492e+02 3.004127249137600586e+01
-1.010554177901440198e+02 3.002963580137600275e+01
-1.009730139291441446e+02 3.001797791137600768e+01
-1.008906131101441588e+02 3.000629846737599848e+01
-1.008082153901441416e+02 2.999459711337600254e+01
-1.007258208231442040e+02 2.998287350237600890e+01
-1.006434294641442193e+02 2.997112728837599605e+01
-1.005610413691440499e+02 2.995935812937599962e+01
-1.004786565921440342e+02 2.994756568737599878e+01
-1.003962751871440560e+02 2.993574962637600834e+01
-1.003138972061440199e+02 2.992390961537600447e+01
-1.002315227071442223e+02 2.991204532637600266e+01
-1.001491517431441025e+02 2.990015643137600421e+01
-1.000667843661440202e+02 2.988824261037599683e+01
-9.998442063214406517e+01 2.987630354037600000e+01
-9.990206059314414233e+01 2.986433890637600541e+01
-9.981970430414412476e+01 2.985234839037600807e+01
-9.973735181714414466e+01 2.984033168237600364e+01
-9.965500318614408570e+01 2.982828847037600895e+01
-9.957265846514405894e+01 2.981621844637599850e+01
-9.949031770814417541e+01 2.980412130437599671e+01
-9.940798096714411258e+01 2.979199674037600687e+01
-9.932564829714419830e+01 2.977984445237599687e+01
-9.924331975114409943e+01 2.976766414037599873e+01
-9.916099538314415440e+01 2.975545550437600184e+01
-9.907867524614403010e+01 2.974321824837599593e+01
-9.899635939514405436e+01 2.973095207637599913e+01
-9.891404788214413202e+01 2.971865669537599786e+01
-9.883174076314412559e+01 2.970633181237600695e+01
-9.874943809114415672e+01 2.969397713637600589e+01
-9.866713992114409848e+01 2.968159237837599562e+01
-9.858484630714406194e+01 2.966917724837600190e+01
-9.850255730314415814e+01 2.965673145937600452e+01
-9.842027296514402224e+01 2.964425472637600478e+01
-9.833799334814420945e+01 2.963174676237599670e+01
-9.825571837614415927e+01 2.961920726337599774e+01
-9.817344835014409909e+01 2.960663598437599831e+01
-9.809118321014420872e+01 2.959403262337600893e+01
-9.800892301114413385e+01 2.958139689937600281e+01
-9.792666780914419178e+01 2.956872853137599577e+01
-9.784441766014401765e+01 2.955602723837600365e+01
-9.776217262014415610e+01 2.954329274037600328e+01
-9.767993274714422114e+01 2.953052475837600355e+01
-9.759769809714407529e+01 2.951772301237599549e+01
-9.751546872814401468e+01 2.950488722437600586e+01
-9.743324469814410804e+01 2.949201711737600817e+01
-9.735102606314421791e+01 2.947911241137600769e+01
-9.726881288314416452e+01 2.946617283037599577e+01
-9.718660521514402717e+01 2.945319809737600281e+01
-9.710440312014407027e+01 2.944018793337600925e+01
-9.702220665514414577e+01 2.942714206337599592e+01
-9.694001588214405274e+01 2.941406020937600374e+01
-9.685783085814409787e+01 2.940094209437600625e+01
-9.677565164614406967e+01 2.938778744237600904e+01
-9.669347830514402631e+01 2.937459597537599620e+01
-9.661131089814421102e+01 2.936136741737600175e+01
-9.652914948414422724e+01 2.934810149037599558e+01
-9.644699412714408027e+01 2.933479791737600806e+01
-9.636484488914402391e+01 2.932145642037600908e+01
-9.628270183314407404e+01 2.930807672337600422e+01
-9.620056502114402974e+01 2.929465854637599875e+01
-9.611843451814411310e+01 2.928120161137600519e+01
-9.603631038814410203e+01 2.926770563937600400e+01
-9.595419269614421864e+01 2.925417035237600771e+01
-9.587208150714423027e+01 2.924059546837600010e+01
-9.578997688614413164e+01 2.922698070937600789e+01
-9.570787890014412369e+01 2.921332579337600066e+01
-9.562578761514419057e+01 2.919963044037599786e+01
-9.554370310014405732e+01 2.918589436637600443e+01
-9.546162542114416283e+01 2.917211728937600412e+01
-9.537955464814422157e+01 2.915829892737600915e+01
-9.529749084814420712e+01 2.914443899537600657e+01
-9.521543409214405074e+01 2.913053720937600133e+01
-9.513338445114413844e+01 2.911659328237600164e+01
-9.505138536614413169e+01 2.910261433437599976e+01
-9.496935153314416311e+01 2.908858552437600054e+01
-9.488732505514417426e+01 2.907451371837599652e+01
-9.480530600614406467e+01 2.906039862737600288e+01
-9.472329445914419921e+01 2.904623996237600636e+01
-9.464129048914423947e+01 2.903203743137599702e+01
-9.455929416914409558e+01 2.901779074237600753e+01
-9.447730557714407951e+01 2.900349960237599589e+01
-9.439532478714409081e+01 2.898916371637599809e+01
-9.431335187814420351e+01 2.897478279037599691e+01
-9.423138692614406864e+01 2.896035652637600322e+01
-9.414943001014421498e+01 2.894588462737600310e+01
-9.406748120914403444e+01 2.893136679337600015e+01
-9.398554060314404524e+01 2.891680272437599797e+01
-9.390360827314407288e+01 2.890219211937599653e+01
-9.382168429914418084e+01 2.888753467337599545e+01
-9.373976876514416290e+01 2.887283008437600529e+01
-9.365786175414405079e+01 2.885807804437600055e+01
-9.357596334914410363e+01 2.884327824737600565e+01
-9.349407363414411520e+01 2.882843038237599842e+01
-9.341219269714406437e+01 2.881353414137599600e+01
-9.333032062214419966e+01 2.879858921037600794e+01
-9.324845749714404519e+01 2.878359527737600843e+01
-9.316660341114402399e+01 2.876855202537599610e+01
-9.308475845314410435e+01 2.875345913837600165e+01
-9.300292271214402717e+01 2.873831629737600224e+01
-9.292109628014418377e+01 2.872312318237599982e+01
-9.283927924914405594e+01 2.870787947037599963e+01
-9.275747171114403500e+01 2.869258483737600329e+01
-9.267567376014403635e+01 2.867723895737600515e+01
-9.259388549214418163e+01 2.866184150237600647e+01
-9.251210700214414828e+01 2.864639214337600492e+01
-9.243033838714404737e+01 2.863089054837600145e+01
-9.234857974614419618e+01 2.861533638337600394e+01
-9.226683117714401305e+01 2.859972931137600938e+01
-9.218509278014403208e+01 2.858406899637600418e+01
-9.210336465814407347e+01 2.856835509737599921e+01
-9.202164691114421657e+01 2.855258727137599806e+01
-9.193993964514402251e+01 2.853676517537600432e+01
-9.185824296314422099e+01 2.852088846137600342e+01
-9.177655697114414579e+01 2.850495678137600919e+01
-9.169488177814423580e+01 2.848896978337600672e+01
-9.161321749014405214e+01 2.847292711437600587e+01
-9.153156421714402313e+01 2.845682841737600199e+01
-9.144992207214409063e+01 2.844067333537600462e+01
-9.136829116414423879e+01 2.842446150537600147e+01
-9.128667160914415035e+01 2.840819256537599813e+01
-9.120506352014422191e+01 2.839186614837599620e+01
-9.112346701414412564e+01 2.837548188637600788e+01
-9.104188220814421584e+01 2.835903940737600237e+01
-9.096030922214413295e+01 2.834253833737599848e+01
-9.087874817514421011e+01 2.832597830037600772e+01
-9.079719918914406662e+01 2.830935891637599866e+01
-9.071566238714422070e+01 2.829267980137599636e+01
-9.063413789514402197e+01 2.827594057237600111e+01
-9.055262583714420543e+01 2.825914083937600196e+01
-9.047112634314407842e+01 2.824228021237600217e+01
-9.038963954114410626e+01 2.822535829737600466e+01
-9.030816556214404045e+01 2.820837469537600839e+01
-9.022670453914406608e+01 2.819132900737599812e+01
-9.014525660614413027e+01 2.817422082937599725e+01
-9.006382189814416961e+01 2.815704975437600410e+01
-8.998240055314408892e+01 2.813981537237600605e+01
-8.990099271114422663e+01 2.812251727137599744e+01
-8.981959851214423907e+01 2.810515503237600399e+01
-8.973821809914420555e+01 2.808772823737599822e+01
-8.965685161714418427e+01 2.807023646137599826e+01
-8.957549921214422284e+01 2.805267927737600075e+01
-8.949416103314410975e+01 2.803505625637600929e+01
-8.941283723114406712e+01 2.801736696237600199e+01
-8.933152795614410024e+01 2.799961095737600658e+01
-8.925023336414415098e+01 2.798178780037599722e+01
-8.916895361014417176e+01 2.796389704537600096e+01
-8.908768885214408328e+01 2.794593824337600552e+01
-8.900643925214421870e+01 2.792791094137599828e+01
-8.892520497114423961e+01 2.790981468137600530e+01
-8.884398617414422006e+01 2.789164900237599909e+01
-8.876278302814421295e+01 2.787341343937600868e+01
-8.868159570314423945e+01 2.785510752237600229e+01
-8.860042436914409336e+01 2.783673077837600829e+01
-8.851926919914421887e+01 2.781828272937600843e+01
-8.843813037114409781e+01 2.779976289137600531e+01
-8.835700806314412148e+01 2.778117077937599788e+01
-8.827590245414421588e+01 2.776250590237600591e+01
-8.819481373014423298e+01 2.774376776337599892e+01
-8.811374207514404588e+01 2.772495586137600299e+01
-8.803268767814415696e+01 2.770606969337600844e+01
-8.795165073014413792e+01 2.768710874937600863e+01
-8.787063142414422146e+01 2.766807251237599985e+01
-8.778962995814413262e+01 2.764896046537600682e+01
-8.770864653114404064e+01 2.762977208337599677e+01
-8.762768134414409360e+01 2.761050683537600037e+01
-8.754673460214416991e+01 2.759116418837599838e+01
-8.746580651414410568e+01 2.757174360237600297e+01
-8.738489729014418117e+01 2.755224453137600449e+01
-8.730400714414417962e+01 2.753266642437600353e+01
-8.722313629314407990e+01 2.751300872737600400e+01
-8.714228495714405653e+01 2.749327087737600550e+01
-8.706145336014401437e+01 2.747345230737600730e+01
-8.698064172714407505e+01 2.745355244537600470e+01
-8.689985029014405882e+01 2.743357071337599962e+01
-8.681907928014402387e+01 2.741350652437600388e+01
-8.673832893614417117e+01 2.739335929037599726e+01
-8.665759949614403013e+01 2.737312841437599786e+01
-8.657689120614418243e+01 2.735281329337600198e+01
-8.649620431214407290e+01 2.733241331937600194e+01
-8.641553906714420918e+01 2.731192787537599997e+01
-8.633489572414418944e+01 2.729135634237600527e+01
-8.625427454414420936e+01 2.727069808937599760e+01
-8.617367578814423723e+01 2.724995248437599571e+01
-8.609309972414416734e+01 2.722911888437600680e+01
-8.601254662214410018e+01 2.720819664137600569e+01
-8.593201675914406223e+01 2.718718509937600913e+01
-8.585151041414405881e+01 2.716608359737600153e+01
-8.577102787014405294e+01 2.714489146437600198e+01
-8.569056941614417156e+01 2.712360802537600080e+01
-8.561013534414405513e+01 2.710223259337600155e+01
-8.552972595314417958e+01 2.708076447937600051e+01
-8.544934154314410080e+01 2.705920298337599661e+01
-8.536898242414417837e+01 2.703754739637599869e+01
-8.528864890514410035e+01 2.701579700537600104e+01
-8.520834130514413118e+01 2.699395108737600424e+01
-8.512805994514405938e+01 2.697200890937600093e+01
-8.504780515214406478e+01 2.694996973437599763e+01
-8.496757726014402579e+01 2.692783281237599624e+01
-8.488737660614401648e+01 2.690559738837600889e+01
-8.480720353314404747e+01 2.688326269637600774e+01
-8.472705839214404477e+01 2.686082796337599632e+01
-8.464694153714413005e+01 2.683829240637599867e+01
-8.456685332914412356e+01 2.681565523237600246e+01
-8.448679413514423686e+01 2.679291564237600198e+01
-8.440676432914415273e+01 2.677007282337599747e+01
-8.432676428914419375e+01 2.674712595737599941e+01
-8.424679440314412204e+01 2.672407421237599578e+01
-8.416685506114413329e+01 2.670091675137599907e+01
-8.408694666414407948e+01 2.667765272237599561e+01
-8.400706961714422505e+01 2.665428126537599951e+01
-8.392722433314406771e+01 2.663080151137600637e+01
-8.384741123414414687e+01 2.660721257937599660e+01
-8.376763074514406071e+01 2.658351357637600643e+01
-8.368788330314418999e+01 2.655970360137600039e+01
-8.360816934914419107e+01 2.653578174037600945e+01
-8.352848933514405871e+01 2.651174706737600673e+01
-8.344884384414422129e+01 2.648759868537599971e+01
-8.336923309914413949e+01 2.646333557237599621e+01
-8.328965769414412534e+01 2.643895680337600140e+01
-8.321011811114408374e+01 2.641446140737599535e+01
-8.313061484414402003e+01 2.638984840037599611e+01
-8.305114839414409289e+01 2.636511678437599926e+01
-8.297171927114413847e+01 2.634026555137600667e+01
-8.289232799514411454e+01 2.631529367837600830e+01
-8.281297509414412161e+01 2.629020013037600734e+01
-8.273366110814413332e+01 2.626498385837599869e+01
-8.265438658714401754e+01 2.623964380037600108e+01
-8.257515208814402285e+01 2.621417887937600710e+01
-8.249595818314423923e+01 2.618858800537600473e+01
-8.241680545214421727e+01 2.616287007337599846e+01
-8.233769448614407338e+01 2.613702396537600237e+01
-8.225862588814402443e+01 2.611104854637599715e+01
-8.217960027214417096e+01 2.608494266837600151e+01
-8.210061826514402128e+01 2.605870516537599713e+01
-8.202168050514410425e+01 2.603233485737600006e+01
-8.194278764214413968e+01 2.600583054937601446e+01
-8.186394034114414353e+01 2.597919102937601110e+01
-8.178513927614403656e+01 2.595241506737599479e+01
-8.170638513814401449e+01 2.592550141937599051e+01
-8.162767863014414615e+01 2.589844882137600734e+01
-8.154902047014411437e+01 2.587125599437601409e+01
-8.147041138914414660e+01 2.584392163937599207e+01
-8.139185213314408429e+01 2.581644444337601385e+01
-8.131334346414405445e+01 2.578882306937600788e+01
-8.123488616014401487e+01 2.576105616737601167e+01
-8.115648101114402380e+01 2.573314236337600391e+01
-8.107812882814414479e+01 2.570508026737599039e+01
-8.099983043714405540e+01 2.567686846937598943e+01
-8.092158667914418402e+01 2.564850553637600683e+01
-8.084339841614405486e+01 2.561999001837600076e+01
-8.076526652614415980e+01 2.559132044337599154e+01
-8.068719190614410763e+01 2.556249531737600478e+01
-8.060917547114422632e+01 2.553351312537600393e+01
-8.053121815614417756e+01 2.550437233037601459e+01
-8.045332091814407249e+01 2.547507137337601080e+01
-8.037548473114406988e+01 2.544560867137599303e+01
-8.029771059414406409e+01 2.541598261937599545e+01
-8.021999952314422444e+01 2.538619158737600401e+01
-8.014235256114420736e+01 2.535623392237599205e+01
-8.006477077014415045e+01 2.532610794737601623e+01
-7.998725523814414373e+01 2.529581195837599239e+01
-7.990980707514404457e+01 2.526534422637601551e+01
-7.983242741914409635e+01 2.523470299837600805e+01
-7.975511743014408239e+01 2.520388649237600021e+01
-7.967787839214406631e+01 2.517289293937599837e+01
-7.960071174914423864e+01 2.514172059737600762e+01
-7.952361841314404955e+01 2.511036747237599798e+01
-7.944659965314417605e+01 2.507883167037599037e+01
-7.936965676914405776e+01 2.504711127137599647e+01
-7.929279108714422364e+01 2.501520432237600744e+01
-7.921600396614417150e+01 2.498310884237599794e+01
-7.913929679614420820e+01 2.495082281937601465e+01
-7.906267100114405366e+01 2.491834420837599851e+01
-7.898612803814421568e+01 2.488567093537599817e+01
-7.890966939714417094e+01 2.485280089137600612e+01
-7.883329660514414172e+01 2.481973193437599434e+01
-7.875701122614418637e+01 2.478646188937599959e+01
-7.868081486014420989e+01 2.475298854637600243e+01
-7.860470914814413845e+01 2.471930966237599137e+01
-7.852869577014416791e+01 2.468542295537599784e+01
-7.845277644614407109e+01 2.465132610937601498e+01
-7.837695294114405442e+01 2.461701677137600086e+01
-7.830122706014412870e+01 2.458249254737600609e+01
-7.822560065814423069e+01 2.454775101037600393e+01
-7.815007551714415968e+01 2.451278963537600930e+01
-7.807465382614418559e+01 2.447760602837601596e+01
-7.799933745114412886e+01 2.444219757837601037e+01
-7.792412844114414838e+01 2.440656169537601272e+01
-7.784902889314412278e+01 2.437069574737600419e+01
-7.777404096014402057e+01 2.433459705937599438e+01
-7.769916685214411700e+01 2.429826291137601402e+01
-7.762440883414410564e+01 2.426169054037600858e+01
-7.754976923114418241e+01 2.422487713837600154e+01
-7.747525043014411494e+01 2.418781985137599122e+01
-7.740085488014415205e+01 2.415051577937600769e+01
-7.732658509614407194e+01 2.411296197337600233e+01
-7.725244365914409173e+01 2.407515543837601513e+01
-7.717843322114413240e+01 2.403709312837600010e+01
-7.710455650314406739e+01 2.399877195037601041e+01
-7.703081630114411382e+01 2.396018875637599876e+01
-7.695721548914411869e+01 2.392134035237600642e+01
-7.688375701714403476e+01 2.388222348937600259e+01
-7.681044391814407390e+01 2.384283486537600538e+01
-7.673727930714403556e+01 2.380317112637601440e+01
-7.666426638914413161e+01 2.376322886237599619e+01
-7.659140845514411922e+01 2.372300460937600519e+01
-7.651870889014412569e+01 2.368249484837599539e+01
-7.644617117514417259e+01 2.364169600137600469e+01
-7.637379888814416518e+01 2.360060443537599895e+01
-7.630159571114404571e+01 2.355921645837599954e+01
-7.622956543114423766e+01 2.351752832137600535e+01
-7.615771194214403295e+01 2.347553621437600668e+01
-7.608603925114402955e+01 2.343323626837599249e+01
-7.601455148514423854e+01 2.339062455637599669e+01
-7.594325288614413694e+01 2.334769708637600161e+01
-7.587214782214414299e+01 2.330444981037601337e+01
-7.580124079114420965e+01 2.326087861537601498e+01
-7.573053642114405193e+01 2.321697932737600922e+01
-7.566003947914418859e+01 2.317274771037600090e+01
-7.558975487314410202e+01 2.312817946837600402e+01
-7.551968765714423171e+01 2.308327024137599892e+01
-7.544984303714409180e+01 2.303801560637600687e+01
-7.538022637514404778e+01 2.299241108037600156e+01
-7.531084319414412676e+01 2.294645211737599766e+01
-7.524169918614416019e+01 2.290013411037600122e+01
-7.517280021314422811e+01 2.285345239337598855e+01
-7.510415231614410914e+01 2.280640223637601594e+01
-7.503576172114412657e+01 2.275897885437601076e+01
-7.496763484414418599e+01 2.271117740037601607e+01
-7.489977829614417715e+01 2.266299297237600285e+01
-7.483219889114411671e+01 2.261442061337601217e+01
-7.476490365514405312e+01 2.256545531037599517e+01
-7.469789982514407711e+01 2.251609199937601602e+01
-7.463119486714413142e+01 2.246632556737600339e+01
-7.456479647014407419e+01 2.241615085137598840e+01
-7.449871256514416018e+01 2.236556264537600214e+01
-7.443295132514413126e+01 2.231455570337601557e+01
-7.436752117614423696e+01 2.226312473737598907e+01
-7.430243080114405529e+01 2.221126442837601189e+01
-7.423768915414416369e+01 2.215896942537600012e+01
-7.417330545814411380e+01 2.210623435337600995e+01
-7.410928922414404951e+01 2.205305381637600703e+01
-7.404565024914404603e+01 2.199942240537600924e+01
-7.398239863014418916e+01 2.194533470037600864e+01
-7.391954477114404654e+01 2.189078528237601518e+01
-7.385709938614422754e+01 2.183576873837600374e+01
-7.379507351514416769e+01 2.178027966737599286e+01
-7.373347852314418560e+01 2.172431269337599247e+01
-7.367232611614417692e+01 2.166786247237601515e+01
-7.361162833914409021e+01 2.161092370137600938e+01
-7.355139759214421247e+01 2.155349113137600625e+01
-7.349164663014403232e+01 2.149555958137599987e+01
-7.343238850414422814e+01 2.143712387737599556e+01
-7.337363686314415645e+01 2.137817916437600729e+01
-7.331540547214422077e+01 2.131872044137600142e+01
-7.325770857614406850e+01 2.125874292337599059e+01
-7.320056080114409269e+01 2.119824196537601324e+01
-7.314397716114422110e+01 2.113721308037600011e+01
-7.308797305614416473e+01 2.107565195237600619e+01
-7.303256427714404708e+01 2.101355446537598937e+01
-7.297776706414401815e+01 2.095091678437600535e+01
-7.292359799914402174e+01 2.088773526737600150e+01
-7.287007393614408102e+01 2.082400639637600648e+01
-7.281720114514405395e+01 2.075973607637601503e+01
-7.276483222114416094e+01 2.069505430837600102e+01
-7.271291662114413157e+01 2.063000808837600175e+01
-7.266145271614414014e+01 2.056460387237601140e+01
-7.261043876614417059e+01 2.049884805937600163e+01
-7.255987292914414866e+01 2.043274699237599634e+01
-7.250975326414413757e+01 2.036630695137600355e+01
-7.246007773514406836e+01 2.029953415237599756e+01
-7.241084421514415226e+01 2.023243474537599695e+01
-7.236205049014415636e+01 2.016501481337598989e+01
-7.231369426314404336e+01 2.009728036737601542e+01
-7.226577315814415670e+01 2.002923734637599296e+01
-7.221828472514403074e+01 1.996089161637598863e+01
-7.217122643914422042e+01 1.989224896837600909e+01
-7.212459571414410675e+01 1.982331511837600146e+01
-7.207838989414403841e+01 1.975409570237599155e+01
-7.203260626514406795e+01 1.968459627937599521e+01
-7.198724205714415803e+01 1.961482232737600384e+01
-7.194229444614416025e+01 1.954477924637600950e+01
-7.189776055814422762e+01 1.947447235537600818e+01
-7.185363747114411126e+01 1.940390689237599986e+01
-7.180992222114423384e+01 1.933308801437598845e+01
-7.176661180414407681e+01 1.926202079437601355e+01
-7.172370317714421617e+01 1.919071022737600174e+01
-7.168119326314422324e+01 1.911916122537598994e+01
-7.163907895314423513e+01 1.904737861737601179e+01
-7.159735710914401352e+01 1.897536715337599844e+01
-7.155602456714404980e+01 1.890313150037599144e+01
-7.151507813714420081e+01 1.883067624637601511e+01
-7.147451461014406959e+01 1.875800589637600524e+01
-7.143433075714415281e+01 1.868512487837600133e+01
-7.139452333014423857e+01 1.861203753937599004e+01
-7.135508906914401450e+01 1.853874814837601548e+01
-7.131602469914423637e+01 1.846526089537599091e+01
-7.127732693514417406e+01 1.839157989437600804e+01
-7.123900561014420418e+01 1.831773462537600494e+01
-7.120103151114403772e+01 1.824367913337599134e+01
-7.116341411914413584e+01 1.816944179837599904e+01
-7.112615012614423904e+01 1.809502643237601660e+01
-7.108923621814415128e+01 1.802043677437600877e+01
-7.105266908314411012e+01 1.794567649037600177e+01
-7.101644540814413631e+01 1.787074917437601584e+01
-7.098056188314421888e+01 1.779565835137600516e+01
-7.094501520214407719e+01 1.772040747637601044e+01
-7.090980206314407042e+01 1.764499993437598846e+01
-7.087491916914405010e+01 1.756943904537601497e+01
-7.084036323014402114e+01 1.749372806137600378e+01
-7.080613096714409949e+01 1.741787017037600549e+01
-7.077221910414414197e+01 1.734186849337601188e+01
-7.073862437914408474e+01 1.726572609137599557e+01
-7.070534353914422354e+01 1.718944596037599126e+01
-7.067237334414403449e+01 1.711303103637601453e+01
-7.063971056314403540e+01 1.703648419637599432e+01
-7.060735198114412015e+01 1.695980825637599310e+01
-7.057529439514405567e+01 1.688300597437600459e+01
-7.054353461514415358e+01 1.680608005437599672e+01
-7.051206946614411208e+01 1.672903314037600353e+01
-7.048089579014413175e+01 1.665186782437601209e+01
-7.045001044314403771e+01 1.657458664337599430e+01
-7.041941029514418915e+01 1.649719208137599935e+01
-7.038909223614405164e+01 1.641968657037600110e+01
-7.035905317114406898e+01 1.634207249337600842e+01
-7.032929002014407160e+01 1.626435218237600111e+01
-7.029979972414412259e+01 1.618652791937600455e+01
-7.027057923814413698e+01 1.610860194037599058e+01
-7.024162553714404567e+01 1.603057643237599450e+01
-7.021293561214406509e+01 1.595245354037601260e+01
-7.018450647514418961e+01 1.587423535937600150e+01
-7.015633515314402757e+01 1.579592394437599978e+01
-7.012841869214412327e+01 1.571752130437599249e+01
-7.010075415714413793e+01 1.563902940937600761e+01
-7.007333863114422456e+01 1.556045018437600902e+01
-7.004616921614410785e+01 1.548178551637599298e+01
-7.001924303214423162e+01 1.540303725137599145e+01
-6.999255721614417780e+01 1.532420719737601189e+01
-6.996610892614421573e+01 1.524529712537599835e+01
-6.993989533614421816e+01 1.516630876737599465e+01
-6.991391363914408430e+01 1.508724381937599901e+01
-6.988816104614420510e+01 1.500810394337599973e+01
-6.986263478714408848e+01 1.492889076637601420e+01
-6.983733210914419942e+01 1.484960587937601417e+01
-6.981225027614414103e+01 1.477025084237601504e+01
-6.978738657114422494e+01 1.469082718137599386e+01
-6.976273829414412830e+01 1.461133639237598913e+01
-6.973830276114404114e+01 1.453177993837599047e+01
-6.971407730714417994e+01 1.445215925437599935e+01
-6.969005928314413723e+01 1.437247574337601463e+01
-6.966624605714423524e+01 1.429273078037599021e+01
-6.964263501114419341e+01 1.421292571337599497e+01
-6.961922354714420180e+01 1.413306186037598877e+01
-6.959600908114407503e+01 1.405314051437599687e+01
-6.957298904414415119e+01 1.397316294037599960e+01
-6.955016088314414446e+01 1.389313037837601428e+01
-6.952751084914416424e+01 1.381300420337601054e+01
-6.950505886014411772e+01 1.373286499537599070e+01
-6.948279114614410901e+01 1.365267425237601628e+01
-6.946070524414403735e+01 1.357243323537599622e+01
-6.943879867514419857e+01 1.349214306337600533e+01
-6.941706897114409003e+01 1.341180483437599946e+01
-6.939551367914418734e+01 1.333141962437599659e+01
-6.937413035914414650e+01 1.325098848637600213e+01
-6.935291658114419988e+01 1.317051245637600232e+01
-6.933186993114418328e+01 1.308999254537599199e+01
-6.931098800414406469e+01 1.300942974937601093e+01
-6.929026840814412935e+01 1.292882504237599051e+01
-6.926970876014411260e+01 1.284817937937600618e+01
-6.924930669214404588e+01 1.276749369837600057e+01
-6.922905984214412456e+01 1.268676891737601409e+01
-6.920896586014418972e+01 1.260600594037600786e+01
-6.918902240614420407e+01 1.252520565137601238e+01
-6.916922714714405629e+01 1.244436891937598944e+01
-6.914957776214419027e+01 1.236349659637599530e+01
-6.913007193514408755e+01 1.228258951937598908e+01
-6.911070736014403337e+01 1.220164851037600329e+01
-6.909148173914422841e+01 1.212067437437599438e+01
-6.907239277814414891e+01 1.203966790437598888e+01
-6.905343819314407483e+01 1.195862987837600144e+01
-6.903461570514423329e+01 1.187756106137601364e+01
-6.901592304014411638e+01 1.179646220337599516e+01
-6.899735792914407284e+01 1.171533404237601417e+01
-6.897891811014414998e+01 1.163417730437600994e+01
-6.896060132214415717e+01 1.155299270337599182e+01
-6.894240531114405712e+01 1.147178093937600352e+01
-6.892432782314403994e+01 1.139054270337601338e+01
-6.890636661014423225e+01 1.130927867337601356e+01
-6.888851942514406801e+01 1.122798951837600612e+01
-6.887078402114411801e+01 1.114667589537600634e+01
-6.885315815514422866e+01 1.106533845237601099e+01
-6.883563958214404011e+01 1.098397782637599107e+01
-6.881822606014407029e+01 1.090259464637600217e+01
-6.880091534314419732e+01 1.082118953237599612e+01
-6.878370518714405080e+01 1.073976309337601265e+01
-6.876659334414421210e+01 1.065831593237601282e+01
-6.874957756714411516e+01 1.057684864237600664e+01
-6.873265560214417746e+01 1.049536181137600011e+01
-6.871582519414414492e+01 1.041385601637600189e+01
-6.869908408314404369e+01 1.033233182937598826e+01
-6.868243000514416963e+01 1.025078981637599895e+01
-6.866586069014419991e+01 1.016923053437599833e+01
-6.864937386214410253e+01 1.008765453537600365e+01
-6.863296723714415748e+01 1.000606236737598920e+01
-6.861663852514402606e+01 9.924454568376006591e+00
-6.860038542714414689e+01 9.842831676375993766e+00
-6.858420563514414425e+01 9.761194222375991103e+00
-6.856809683114420295e+01 9.679542730375999326e+00
-6.855205668614416936e+01 9.597877723376001313e+00
-6.853608286014423356e+01 9.516199720375993820e+00
-6.852017300114403042e+01 9.434509235375998060e+00
-6.850432474314402498e+01 9.352806779376010127e+00
-6.848853570614414821e+01 9.271092861375990424e+00
-6.847280349614402439e+01 9.189367988376005769e+00
-6.845712570314412915e+01 9.107632663375994753e+00
-6.844149989714424009e+01 9.025887389376009651e+00
-6.842592363514404497e+01 8.944132666375992358e+00
-6.841039445214414627e+01 8.862368996376005725e+00
-6.839490986314422116e+01 8.780596876375994952e+00
-6.837946736414414772e+01 8.698816806376015620e+00
-6.836406442514407900e+01 8.617029286376009622e+00
-6.834869849714414158e+01 8.535234816376004119e+00
-6.833336700414406550e+01 8.453433897376015693e+00
-6.831806734414408311e+01 8.371627031375993511e+00
-6.830279688914401959e+01 8.289814724376014965e+00
-6.828755298214423419e+01 8.207997481375997495e+00
-6.827233293614403919e+01 8.126175813375994039e+00
-6.825713403314421157e+01 8.044350235376015235e+00
-6.824195352214405830e+01 7.962521262376014874e+00
-6.822678861814415541e+01 7.880689417376004258e+00
-6.821163649914410598e+01 7.798855226375991379e+00
-6.819649430814411062e+01 7.717019224376002740e+00
-6.818135914614413196e+01 7.635181947375997424e+00
-6.816622807414410090e+01 7.553343943376006564e+00
-6.815109811114416516e+01 7.471505765376008412e+00
-6.813596622914405998e+01 7.389667974376010307e+00
-6.812082935514422388e+01 7.307831141375999096e+00
-6.810568436614403254e+01 7.225995847375997982e+00
-6.809052808814408309e+01 7.144162682375991835e+00
-6.807535729514415834e+01 7.062332249375998572e+00
-6.806016870114422090e+01 6.980505163375994471e+00
-6.804495896714411174e+01 6.898682051375999436e+00
-6.802972468914413184e+01 6.816863556376006272e+00
-6.801446240114410102e+01 6.735050336375991265e+00
-6.799916857114408231e+01 6.653243061376002743e+00
-6.798383959714419689e+01 6.571442425376005758e+00
-6.796847180314421166e+01 6.489649136376016259e+00
-6.795306143914422137e+01 6.407863925376005909e+00
-6.793760467514402990e+01 6.326087541376011814e+00
-6.792209760014407038e+01 6.244320757376016218e+00
-6.790653612914411497e+01 6.162563932376002640e+00
-6.789091616614405211e+01 6.080817853376004223e+00
-6.787523360414411400e+01 5.999083782376004592e+00
-6.785948415914413090e+01 5.917362594376015750e+00
-6.784366344414411287e+01 5.835655195376006077e+00
-6.782776696214409640e+01 5.753962524375992871e+00
-6.781179010414416553e+01 5.672285555375992772e+00
-6.779572814114408175e+01 5.590625302375997308e+00
-6.777957622214421463e+01 5.508982815376015196e+00
-6.776332936414405594e+01 5.427359188376016164e+00
-6.774698244714409157e+01 5.345755563376002328e+00
-6.773053021114401417e+01 5.264173128376000932e+00
-6.771396724214423557e+01 5.182613122376011461e+00
-6.769729257114408938e+01 5.101099231375997078e+00
-6.768049096614413429e+01 5.019586396376013226e+00
-6.766356143114421684e+01 4.938100132376007423e+00
-6.764649787914413537e+01 4.856641922376013554e+00
-6.762929402914414823e+01 4.775213322376004044e+00
-6.761194340014412774e+01 4.693815963376010814e+00
-6.759443930314409954e+01 4.612451560376001680e+00
-6.757677482314420558e+01 4.531121914376001314e+00
-6.755894281414407487e+01 4.449828924375992756e+00
-6.754093588514410840e+01 4.368574586376013258e+00
-6.752274638414405672e+01 4.287361008375995652e+00
-6.750436638614405638e+01 4.206190412376002996e+00
-6.748578768114407467e+01 4.125065148375995250e+00
-6.746700175214414230e+01 4.043987697375996504e+00
-6.744799976614422121e+01 3.962960688376000462e+00
-6.742877254714403534e+01 3.881986904375992253e+00
-6.740931056514409647e+01 3.801069297375988754e+00
-6.738960391014416018e+01 3.720211001376014792e+00
-6.736964227414409834e+01 3.639415343376015244e+00
-6.734941492314419520e+01 3.558685865375991852e+00
-6.732891067714422206e+01 3.478026335376000588e+00
-6.730811788014420927e+01 3.397440769376004255e+00
-6.728702437214406018e+01 3.316933454375998735e+00
-6.726561746014408527e+01 3.236508965376003744e+00
-6.724388388114402915e+01 3.156172195376001355e+00
-6.722180977014409109e+01 3.075928379375994837e+00
-6.719938062214419006e+01 2.995783130375997416e+00
-6.717658124914419204e+01 2.915742466376002540e+00
-6.715339570514402112e+01 2.835812742375992457e+00
-6.712980737514408247e+01 2.756001146376007682e+00
-6.710579871114418893e+01 2.676315028375995553e+00
-6.708135132714414794e+01 2.596762454376005280e+00
-6.705644590014412643e+01 2.517352129376007497e+00
-6.703106211114413782e+01 2.438093457375998696e+00
-6.700517857114414255e+01 2.358996618376011156e+00
-6.697877275714404277e+01 2.280072639376015786e+00
-6.695182092814411590e+01 2.201333484375993521e+00
-6.692429804414405226e+01 2.122792153375996804e+00
-6.689617767914410251e+01 2.044462790376002204e+00
-6.686743192514404655e+01 1.966360807375991726e+00
-6.683803129014404476e+01 1.888503020375992492e+00
-6.680794459314415690e+01 1.810907807375997436e+00
-6.677713885014418338e+01 1.733595283375990448e+00
-6.674557915514401429e+01 1.656587494375997949e+00
-6.671322855714402067e+01 1.579908645376008280e+00
-6.668004793314412382e+01 1.503585348375992226e+00
-6.664599585414407557e+01 1.427646901375993593e+00
-6.661102845614414036e+01 1.352125619376010945e+00
-6.657509931014419635e+01 1.277057185376008874e+00
-6.653815929914412663e+01 1.202481062375994725e+00
-6.650015650814407309e+01 1.128440951376006751e+00
-6.646103613114405562e+01 1.054985303376014372e+00
-6.642074040814418368e+01 9.821678973760015197e-01
-6.637920860114422794e+01 9.100484793760017510e-01
-6.633637698714414910e+01 8.386933963760156985e-01
-6.629217918014410316e+01 7.681767283760052578e-01
-6.624654597914422993e+01 6.985805193760086240e-01
-6.619940600614404502e+01 6.299961653760135505e-01
