1.472628488990089011e+02 -1.359884777925502135e+02
1.469019317670899341e+02 -1.359815810185942553e+02
1.465410146351709955e+02 -1.359746842446382686e+02
1.461800975032520284e+02 -1.359677874706823104e+02
1.458191803713330614e+02 -1.359608906967263522e+02
1.454582632394140944e+02 -1.359539939227703655e+02
1.450973460334787148e+02 -1.359470971488144073e+02
1.447364289015597762e+02 -1.359402004488748332e+02
1.443755117696408092e+02 -1.359333036749188466e+02
1.440145946377218422e+02 -1.359264069009628884e+02
1.436536775058028752e+02 -1.359195101270069301e+02
1.432927603738839082e+02 -1.359126133530509435e+02
1.429318431679485570e+02 -1.359057165790949568e+02
1.425709260360295900e+02 -1.358988198051389986e+02
1.422100089041106230e+02 -1.358919230311830404e+02
1.418490917721916560e+02 -1.358850263312434663e+02
1.414881746402726890e+02 -1.358781295572874797e+02
1.411272575083537220e+02 -1.358712327833315214e+02
1.407663403764347549e+02 -1.358643360093755632e+02
1.404054231704994038e+02 -1.358574392354195766e+02
1.400445060385804368e+02 -1.358505424614636183e+02
1.396835889066614698e+02 -1.358436456875076317e+02
1.393226717747425027e+02 -1.358367489875680576e+02
1.389617546428235357e+02 -1.358298522136120994e+02
1.386008375109045971e+02 -1.358229554396561127e+02
1.382399203049692176e+02 -1.358160586657001545e+02
1.378790031730502506e+02 -1.358091618917441679e+02
1.375180860411312835e+02 -1.358022651177882096e+02
1.371571689092122028e+02 -1.357953683438322514e+02
1.367962517772932358e+02 -1.357884715698762648e+02
1.364353346453742688e+02 -1.357815748699366907e+02
1.360744174394388892e+02 -1.357746780959807325e+02
1.357135003075199506e+02 -1.357677813220247458e+02
1.353525831756009836e+02 -1.357608845480687876e+02
1.349916660436820166e+02 -1.357539877741128009e+02
1.346307489117630496e+02 -1.357470910001568427e+02
1.342698317798440826e+02 -1.357401942262008561e+02
1.339089146479251156e+02 -1.357332974522448978e+02
1.335479974419897644e+02 -1.357264007523053237e+02
1.331870803100707974e+02 -1.357195039783493371e+02
1.328261631781518304e+02 -1.357126072043933789e+02
1.324652460462328634e+02 -1.357057104304374207e+02
1.321043289143138963e+02 -1.356988136564814340e+02
1.317434117823949293e+02 -1.356919168825254758e+02
1.313824945764595782e+02 -1.356850201085695176e+02
1.310215774445406112e+02 -1.356781233346135309e+02
1.306606603126216442e+02 -1.356712266346739568e+02
1.302997431807026771e+02 -1.356643298607179986e+02
1.299388260487837101e+02 -1.356574330867620120e+02
1.295779089168647431e+02 -1.356505363128060253e+02
1.292169917849458045e+02 -1.356436395388500671e+02
1.288560745790104249e+02 -1.356367427648941089e+02
1.284951574470914579e+02 -1.356298459909381222e+02
1.281342403151724909e+02 -1.356229492169821640e+02
1.277733231832535381e+02 -1.356160525170425899e+02
1.274124060513345711e+02 -1.356091557430866317e+02
1.270514889194156041e+02 -1.356022589691306450e+02
1.266905717134802387e+02 -1.355953621951746868e+02
1.263296545815612859e+02 -1.355884654212187002e+02
1.259687374496423189e+02 -1.355815686472627135e+02
1.256078203177233519e+02 -1.355746718733067553e+02
1.252469031858043849e+02 -1.355677751733672096e+02
1.248859860538854321e+02 -1.355608783994112230e+02
1.245250688479500667e+02 -1.355539816254552363e+02
1.241641517160310997e+02 -1.355470848514992781e+02
1.238032345841121327e+02 -1.355401880775433199e+02
1.234423174521931656e+02 -1.355332913035873332e+02
1.230814003202742128e+02 -1.355263945296313750e+02
1.227204715677807059e+02 -1.355203225944155179e+02
1.223595033645470522e+02 -1.355170494412599567e+02
1.219985351613133986e+02 -1.355137762881044239e+02
1.216375669580797592e+02 -1.355105030609324501e+02
1.212765987548461055e+02 -1.355072299077769173e+02
1.209156305516125798e+02 -1.355039567546213561e+02
1.205546624223953387e+02 -1.355006835274494108e+02
1.201936942191616851e+02 -1.354974103742938780e+02
1.198327260159280314e+02 -1.354941372211383168e+02
1.194717578126943778e+02 -1.354908639939663715e+02
1.191107896094607241e+02 -1.354875908408108387e+02
1.187498214062270847e+02 -1.354843176876552775e+02
1.183888532029934311e+02 -1.354810444604833322e+02
1.180278850737761758e+02 -1.354777713073277710e+02
1.176669168705426642e+02 -1.354744981541722382e+02
1.173059486673090106e+02 -1.354712249270002928e+02
1.169449804640753570e+02 -1.354679517738447316e+02
1.165840122608417033e+02 -1.354646786206891989e+02
1.162230440576080497e+02 -1.354614053935172535e+02
1.158620758543744103e+02 -1.354581322403616923e+02
1.155011077251571550e+02 -1.354548590872061595e+02
1.151401395219235013e+02 -1.354515858600341858e+02
1.147791713186898477e+02 -1.354483127068786530e+02
1.144182031154562083e+02 -1.354450395537230918e+02
1.140572349122226825e+02 -1.354417664005675590e+02
1.136962667089890289e+02 -1.354384931733955852e+02
1.133352985057553752e+02 -1.354352200202400525e+02
1.129743303765381341e+02 -1.354319468670844913e+02
1.126133621733044805e+02 -1.354286736399125459e+02
1.122523939700708269e+02 -1.354254004867569847e+02
1.118914257668371732e+02 -1.354221273336014519e+02
1.115304575636035338e+02 -1.354188541064295066e+02
1.111694893603698802e+02 -1.354155809532739454e+02
1.108085211571363544e+02 -1.354123078001183842e+02
1.104475530279191133e+02 -1.354090345729464389e+02
1.100865848246854597e+02 -1.354057614197909061e+02
1.097256166214518061e+02 -1.354024882666353449e+02
1.093646484182181524e+02 -1.353992150394633995e+02
1.090036802149844988e+02 -1.353959418863078668e+02
1.086427120117508593e+02 -1.353926687331523055e+02
1.082817438085172057e+02 -1.353893955059803602e+02
1.079207756792999504e+02 -1.353861223528248274e+02
1.075598074760663110e+02 -1.353828491996692662e+02
1.071988392728327852e+02 -1.353795759724973209e+02
1.068378710695991316e+02 -1.353763028193417881e+02
1.064769028663654780e+02 -1.353730296661862269e+02
1.061159346631318243e+02 -1.353697564390142816e+02
1.057549664598981849e+02 -1.353664832858587204e+02
1.053939983306809296e+02 -1.353632101327031876e+02
1.050330301274472760e+02 -1.353599369055312422e+02
1.046720619242136365e+02 -1.353566637523756810e+02
1.043110937209799829e+02 -1.353533905992201198e+02
1.039501255177464571e+02 -1.353501173720481745e+02
1.035891573145128035e+02 -1.353468442188926417e+02
1.032281891112791499e+02 -1.353435710657370805e+02
1.028672209820619088e+02 -1.353402978385651352e+02
1.025062527788282551e+02 -1.353370246854095740e+02
1.021452845755946015e+02 -1.353337515322540412e+02
1.017843163723609621e+02 -1.353304783790984800e+02
1.014233481691273084e+02 -1.353272051519265347e+02
1.010623799658936548e+02 -1.353239319987709735e+02
1.007014117626601291e+02 -1.353206588456154407e+02
1.003404436334428880e+02 -1.353173856184434953e+02
9.997947543020923433e+01 -1.353141124652879341e+02
9.961850722697558069e+01 -1.353108393121324013e+02
9.925753902374192705e+01 -1.353075660849604560e+02
9.889657082050828762e+01 -1.353042929318048948e+02
9.853560261727463399e+01 -1.353010197786493620e+02
9.817463441404098035e+01 -1.352977465514774167e+02
9.781366628482372505e+01 -1.352944733983218555e+02
9.745269808159008562e+01 -1.352912002451662943e+02
9.709172987835655988e+01 -1.352879270179943774e+02
9.673076167512290624e+01 -1.352846538648388162e+02
9.636979347188925260e+01 -1.352813807116832550e+02
9.600882526865561317e+01 -1.352781074845113096e+02
9.564784374247025767e+01 -1.352773038144610496e+02
9.528686125407190843e+01 -1.352766660151588383e+02
9.492587876567343130e+01 -1.352760282898730395e+02
9.456489627727495417e+01 -1.352753904905708850e+02
9.420391386289287539e+01 -1.352747526912686737e+02
9.384293137449439826e+01 -1.352741149659829034e+02
9.348194888609592113e+01 -1.352734771666806921e+02
9.312096639769744399e+01 -1.352728394413948934e+02
9.275998398331536521e+01 -1.352722016420927389e+02
9.239900149491688808e+01 -1.352715638427905276e+02
9.203801900651841095e+01 -1.352709261175047573e+02
9.167703659213634637e+01 -1.352702883182025744e+02
9.131605410373799714e+01 -1.352696505929167472e+02
9.095507161533952001e+01 -1.352690127936145927e+02
9.059408912694104288e+01 -1.352683749943123814e+02
9.023310671255896409e+01 -1.352677372690266111e+02
8.987212422416048696e+01 -1.352670994697244282e+02
8.951114173576200983e+01 -1.352664617444386295e+02
8.915015924736353270e+01 -1.352658239451364466e+02
8.878917683298145391e+01 -1.352651861458342353e+02
8.842819434458297678e+01 -1.352645484205484649e+02
8.806721185618449965e+01 -1.352639106212462821e+02
8.770622936778602252e+01 -1.352632728219440708e+02
8.734524695340394373e+01 -1.352626350966583004e+02
8.698426446500560871e+01 -1.352619972973560891e+02
8.662328197660713158e+01 -1.352613595720703188e+02
8.626229948820865445e+01 -1.352607217727681359e+02
8.590131707382657567e+01 -1.352600839734659246e+02
8.554033458542809853e+01 -1.352594462481801543e+02
8.517935209702962140e+01 -1.352588084488779430e+02
8.481836960863114427e+01 -1.352581707235921726e+02
8.445738719424906549e+01 -1.352575329242899898e+02
8.409640470585058836e+01 -1.352568951249878069e+02
8.373542221745211123e+01 -1.352562573997020081e+02
8.337443972905376199e+01 -1.352556196003997968e+02
8.301345731467169742e+01 -1.352549818751140265e+02
8.265247482627322029e+01 -1.352543440758118436e+02
8.229149233787472895e+01 -1.352537062765096607e+02
8.193050992349266437e+01 -1.352530685512238620e+02
8.156952743509418724e+01 -1.352524307519216507e+02
8.120854494669571011e+01 -1.352517929526194962e+02
8.084756245829723298e+01 -1.352511552273336974e+02
8.048658004391515419e+01 -1.352505174280315146e+02
8.012559755551667706e+01 -1.352498797027457158e+02
7.976461506711819993e+01 -1.352492419034435045e+02
7.940363257871985070e+01 -1.352486041041413216e+02
7.904265016433778612e+01 -1.352479663788555513e+02
7.868166767593929478e+01 -1.352473285795533684e+02
7.832068518754081765e+01 -1.352466908542675696e+02
7.795970269914234052e+01 -1.352460530549653583e+02
7.759872028476027594e+01 -1.352454152556631755e+02
7.723773779636179881e+01 -1.352447775303774051e+02
7.687675530796332168e+01 -1.352441397310752222e+02
7.651577281956484455e+01 -1.352435020057894235e+02
7.615479040518276577e+01 -1.352428642064872122e+02
7.579380791678428864e+01 -1.352422264071850293e+02
7.543282542838593940e+01 -1.352415886818992590e+02
7.507184293998746227e+01 -1.352409508825970761e+02
7.471086052560538349e+01 -1.352403130832948932e+02
7.434987803720690636e+01 -1.352396753580090945e+02
7.398889554880842923e+01 -1.352390375587068831e+02
7.362791306040995210e+01 -1.352383998334211128e+02
7.326693064602788752e+01 -1.352377620341189299e+02
7.290594815762941039e+01 -1.352371242348167470e+02
7.254496566923093326e+01 -1.352364865095309483e+02
7.218398325484885447e+01 -1.352358487102287370e+02
7.182300076645037734e+01 -1.352352109849429667e+02
7.146201827805190021e+01 -1.352345731856407838e+02
7.110103578965355098e+01 -1.352339353863386009e+02
7.074005337527147219e+01 -1.352332976610528021e+02
7.037907088687299506e+01 -1.352326598617505908e+02
7.001808839847451793e+01 -1.352320221364648205e+02
6.965710591007604080e+01 -1.352313843371626376e+02
6.929612349569397622e+01 -1.352307465378604547e+02
6.893514100729548488e+01 -1.352301088125746560e+02
6.857415851889700775e+01 -1.352294710132724447e+02
6.821317603049853062e+01 -1.352288332139702618e+02
6.785219361611646605e+01 -1.352281954886844915e+02
6.749121112771798892e+01 -1.352275576893823086e+02
6.713023056374588293e+01 -1.352288483873318796e+02
6.676925007379018950e+01 -1.352302051819249300e+02
6.640826958383449607e+01 -1.352315619025015963e+02
6.604728909387880265e+01 -1.352329186970946751e+02
6.568630860392309501e+01 -1.352342754916877254e+02
6.532532818798381413e+01 -1.352356322122643917e+02
6.496434769802797859e+01 -1.352369890068574705e+02
6.460336720807228517e+01 -1.352383457274341083e+02
6.424238671811659174e+01 -1.352397025220271871e+02
6.388140622816089120e+01 -1.352410592426038249e+02
6.352042573820519777e+01 -1.352424160371969037e+02
6.315944524824950435e+01 -1.352437727577735700e+02
6.279846475829367591e+01 -1.352451295523666488e+02
6.243748426833797538e+01 -1.352464863469596992e+02
6.207650377838228195e+01 -1.352478430675363654e+02
6.171552336244298687e+01 -1.352491998621294158e+02
6.135454287248729344e+01 -1.352505565827060821e+02
6.099356238253160001e+01 -1.352519133772991324e+02
6.063258189257577158e+01 -1.352532700978757987e+02
6.027160140262007104e+01 -1.352546268924688775e+02
5.991062091266437761e+01 -1.352559836870619279e+02
5.954964042270868418e+01 -1.352573404076385941e+02
5.918865993275298365e+01 -1.352586972022316445e+02
5.882767944279729022e+01 -1.352600539228083107e+02
5.846669895284159679e+01 -1.352614107174013895e+02
5.810571853690217381e+01 -1.352627674379780274e+02
5.774473804694647328e+01 -1.352641242325711062e+02
5.738375755699077985e+01 -1.352654810271641566e+02
5.702277706703507931e+01 -1.352668377477408512e+02
5.666179657707938588e+01 -1.352681945423339016e+02
5.630081608712369245e+01 -1.352695512629105394e+02
5.593983559716786402e+01 -1.352709080575036182e+02
5.557885510721216349e+01 -1.352722647780802845e+02
5.521787461725647006e+01 -1.352736215726733349e+02
5.485689412730077663e+01 -1.352749783672664137e+02
5.449591363734507610e+01 -1.352763350878430799e+02
5.413493322140578812e+01 -1.352776918824361303e+02
5.377395273144995969e+01 -1.352790486030127965e+02
5.341297224149426626e+01 -1.352804053976058469e+02
5.305199175153856572e+01 -1.352817621181825132e+02
5.269101126158287229e+01 -1.352831189127755920e+02
5.233003077162717886e+01 -1.352844756333522582e+02
5.196905028167147833e+01 -1.352858324279453086e+02
5.160806979171578490e+01 -1.352871892225383874e+02
5.124708930175995647e+01 -1.352885459431150537e+02
5.088610881180426304e+01 -1.352899027377081040e+02
5.052512839586496796e+01 -1.352912594582847419e+02
5.016414790590927453e+01 -1.352926162528778207e+02
4.980316741595357399e+01 -1.352939729734544869e+02
4.944218692599788056e+01 -1.352953297680475373e+02
4.908120643604205213e+01 -1.352966865626406161e+02
4.872022594608635870e+01 -1.352980432832172824e+02
4.835924545613065817e+01 -1.352994000778103327e+02
4.799826496617496474e+01 -1.353007567983869990e+02
4.763728447621927131e+01 -1.353021135929800494e+02
4.727630398626357078e+01 -1.353034703135567156e+02
4.691532349630774235e+01 -1.353048271081497660e+02
4.655434308036845437e+01 -1.353061839027428448e+02
4.619336259041275383e+01 -1.353075406233195110e+02
4.583238210045706040e+01 -1.353088974179125898e+02
4.547140161050136697e+01 -1.353102541384892277e+02
4.511042112054566644e+01 -1.353116109330823065e+02
4.474944063058984511e+01 -1.353129676536589443e+02
4.438846014063414458e+01 -1.353143244482520231e+02
4.402747965067845115e+01 -1.353156812428450735e+02
4.366649916072275062e+01 -1.353170379634217397e+02
4.330551867076705719e+01 -1.353183947580148185e+02
4.294453825482776921e+01 -1.353197514785914848e+02
4.258355776487206867e+01 -1.353211082731845352e+02
4.222257727491624024e+01 -1.353224649937612014e+02
4.186159678496054681e+01 -1.353238217883542518e+02
4.150061629500485338e+01 -1.353251785089309180e+02
4.113963580504915285e+01 -1.353265353035239968e+02
4.077865531509345942e+01 -1.353278920981170472e+02
4.041767482513775889e+01 -1.353292488186937135e+02
4.005669433518193756e+01 -1.353306056132867923e+02
3.969571384522623703e+01 -1.353319623338634301e+02
3.933473335527054360e+01 -1.353333191284564805e+02
3.897375293933124851e+01 -1.353346758490331467e+02
3.861277244937555508e+01 -1.353360326436262255e+02
3.825179195941986166e+01 -1.353373894382192759e+02
3.789081294979211378e+01 -1.353389927074179298e+02
3.752984163786975103e+01 -1.353419021439933374e+02
3.716887032594738827e+01 -1.353448116545851576e+02
3.680789901402501840e+01 -1.353477210911605937e+02
3.644692770210265564e+01 -1.353506305277360298e+02
3.608595639018029289e+01 -1.353535400383278215e+02
3.572498507825793013e+01 -1.353564494749032576e+02
3.536401376633556026e+01 -1.353593589114786653e+02
3.500304245441319750e+01 -1.353622683480541014e+02
3.464207114249083475e+01 -1.353651778586459216e+02
3.428109983056847199e+01 -1.353680872952213576e+02
3.392012851864610212e+01 -1.353709967317967653e+02
3.355915720672373936e+01 -1.353739061683721729e+02
3.319818589480137661e+01 -1.353768156789640216e+02
3.283721458287901385e+01 -1.353797251155394292e+02
3.247624327095677899e+01 -1.353826345521148653e+02
3.211527195903441623e+01 -1.353855440627066855e+02
3.175430072112845181e+01 -1.353884534992820932e+02
3.139332940920608905e+01 -1.353913629358575292e+02
3.103235809728372274e+01 -1.353942723724329369e+02
3.067138678536135998e+01 -1.353971818830247571e+02
3.031041547343899367e+01 -1.354000913196001932e+02
2.994944416151663091e+01 -1.354030007561756008e+02
2.958847284959426460e+01 -1.354059101927510369e+02
2.922750153767190184e+01 -1.354088197033428571e+02
2.886653022574953553e+01 -1.354117291399182932e+02
2.850555891382717277e+01 -1.354146385764937008e+02
2.814458760190480646e+01 -1.354175480870855210e+02
2.778361628998244370e+01 -1.354204575236609571e+02
2.742264497806007739e+01 -1.354233669602363648e+02
2.706167366613784608e+01 -1.354262763968118009e+02
2.670070235421547977e+01 -1.354291859074036211e+02
2.633973104229311701e+01 -1.354320953439790287e+02
2.597875973037075070e+01 -1.354350047805544364e+02
2.561778849246479339e+01 -1.354379142171298724e+02
2.525681718054242708e+01 -1.354408237277216926e+02
2.489584586862006432e+01 -1.354437331642971287e+02
2.453487455669769801e+01 -1.354466426008725364e+02
2.417390324477533525e+01 -1.354495521114643566e+02
2.381293193285296894e+01 -1.354524615480397927e+02
2.345196062093060618e+01 -1.354553709846152003e+02
2.309098930900823987e+01 -1.354582804211906364e+02
2.273001799708587711e+01 -1.354611899317824566e+02
2.236904668516351080e+01 -1.354640993683578643e+02
2.200807537324114804e+01 -1.354670088049333003e+02
2.164710406131891318e+01 -1.354699182415087364e+02
2.128613274939655042e+01 -1.354728277521005566e+02
2.092516143747418411e+01 -1.354757371886759643e+02
2.056419012555181780e+01 -1.354786466252513719e+02
2.020321881362945504e+01 -1.354815561358432205e+02
1.984224750170708873e+01 -1.354844655724186282e+02
1.948127626380113142e+01 -1.354873750089940643e+02
1.912030495187876511e+01 -1.354902844455694719e+02
1.875933363995640235e+01 -1.354931939561612921e+02
1.839836232803403604e+01 -1.354961033927366998e+02
1.803739101611167328e+01 -1.354990128293121359e+02
1.767641970418930697e+01 -1.355019222658875719e+02
1.731544839226694421e+01 -1.355048317764793921e+02
1.695447708034457790e+01 -1.355077412130547998e+02
1.659350576842221514e+01 -1.355106506496302359e+02
1.623253445649998028e+01 -1.355135601602220561e+02
1.587156314457761574e+01 -1.355164695967974637e+02
1.551059183265525121e+01 -1.355193790333728998e+02
1.514962052073288667e+01 -1.355222884699483075e+02
1.478864920881052214e+01 -1.355251979805401277e+02
1.442767789688815760e+01 -1.355281074171155637e+02
1.406670658496579307e+01 -1.355310168536909998e+02
1.370573527304342853e+01 -1.355339262902664075e+02
1.334476403513746767e+01 -1.355368358008582277e+02
1.298379272321510314e+01 -1.355397452374336353e+02
1.262282141129273860e+01 -1.355426546740090714e+02
1.226185009937037407e+01 -1.355455641846008916e+02
1.190087878744800953e+01 -1.355484736211763277e+02
1.153990747552564500e+01 -1.355513830577517354e+02
1.117893616360328046e+01 -1.355542924943271430e+02
1.081796485168104738e+01 -1.355572020049189632e+02
1.045699353975868284e+01 -1.355601114414943993e+02
1.009602222783631831e+01 -1.355630208780698354e+02
9.735050915913953773e+00 -1.355659303886616271e+02
9.374079603991589238e+00 -1.355688398252370632e+02
9.013108292069224703e+00 -1.355717492618124993e+02
8.652136980146860168e+00 -1.355746586983879070e+02
8.291165668224495633e+00 -1.355775682089797272e+02
7.930198649253180854e+00 -1.355809163407465121e+02
7.569239402003780093e+00 -1.355850575582186650e+02
7.208280154754246993e+00 -1.355891987756907895e+02
6.847320833488442560e+00 -1.355933399931629424e+02
6.486361586238909460e+00 -1.355974812106350953e+02
6.125402264973105027e+00 -1.356016224281072482e+02
5.764443017723572815e+00 -1.356057636455793727e+02
5.403483696457767493e+00 -1.356099049370679097e+02
5.042524449208235282e+00 -1.356140461545400342e+02
4.681565201958833633e+00 -1.356181873720121871e+02
4.320605880692897749e+00 -1.356223285894843400e+02
3.959646633443496544e+00 -1.356264698069564929e+02
3.598687312177560216e+00 -1.356306110244286174e+02
3.237728064928159011e+00 -1.356347522419007419e+02
2.876768817678626800e+00 -1.356388934593728948e+02
2.515809496412821478e+00 -1.356430346768450192e+02
2.154850249163289266e+00 -1.356471759683335563e+02
1.793890927897484167e+00 -1.356513171858057092e+02
1.432931680647951733e+00 -1.356554584032778621e+02
1.071972433398550972e+00 -1.356595996207499866e+02
7.110131121326143111e-01 -1.356637408382221395e+02
3.500538648832133837e-01 -1.356678820556942640e+02
-1.090545638272318388e-02 -1.356720232731664169e+02
-3.718647036321240940e-01 -1.356761644906385698e+02
-7.328240248980606442e-01 -1.356803057081106942e+02
-1.093783272147461627e+00 -1.356844469995992313e+02
-1.454742519396993838e+00 -1.356885882170713558e+02
-1.815701840662798938e+00 -1.356927294345435087e+02
-2.176661087912331372e+00 -1.356968706520156616e+02
-2.537620409178136693e+00 -1.357010118694877860e+02
-2.898579656427668905e+00 -1.357051530869599389e+02
-3.259538903677069666e+00 -1.357092943044320634e+02
-3.620498224943006438e+00 -1.357134355219042163e+02
-3.981457472192407199e+00 -1.357175767393763408e+02
-4.342416793458343527e+00 -1.357217179568484937e+02
-4.703376040707745176e+00 -1.357258592483370307e+02
-5.064335287957277387e+00 -1.357300004658091837e+02
-5.425294609223081821e+00 -1.357341416832813081e+02
-5.786253856472614920e+00 -1.357382829007534610e+02
-6.147213177738419354e+00 -1.357424241182255855e+02
-6.508172424987952454e+00 -1.357465653356977384e+02
-6.869131672237353214e+00 -1.357507065531698913e+02
-7.230090993503289987e+00 -1.357548477706420158e+02
-7.591050240752690748e+00 -1.357589889881141403e+02
-7.952009562018626632e+00 -1.357631302796027057e+02
-8.312968809268028281e+00 -1.357672714970748302e+02
-8.673928130533964165e+00 -1.357714127145469831e+02
-9.034887377783364926e+00 -1.357755539320191076e+02
-9.395846625032897137e+00 -1.357796951494912605e+02
-9.756805946298703347e+00 -1.357838363669633850e+02
-1.011776519354823556e+01 -1.357879775844355379e+02
-1.047872451481403999e+01 -1.357921188019076624e+02
-1.083968376206357220e+01 -1.357962600193798153e+02
-1.120064300931297296e+01 -1.358004013108683523e+02
-1.156160233057891062e+01 -1.358045425283405052e+02
-1.192256157782831139e+01 -1.358086837458126297e+02
-1.228352089909424727e+01 -1.358128249632847826e+02
-1.264448014634364803e+01 -1.358169661807569071e+02
-1.300543939359318024e+01 -1.358211073982290600e+02
-1.336639871485898645e+01 -1.358252486157011845e+02
-1.372735796210851866e+01 -1.358293898331733374e+02
-1.408831728337432310e+01 -1.358335310506454618e+02
-1.444927653062385531e+01 -1.358376723421340273e+02
-1.481023577787325607e+01 -1.358418135596061518e+02
-1.517119509913919373e+01 -1.358459547770782763e+02
-1.553215434638859449e+01 -1.358500959945504292e+02
-1.589311366765453037e+01 -1.358542372120225821e+02
-1.625407291490393291e+01 -1.358583784294947066e+02
-1.661503223616986702e+01 -1.358625196469668595e+02
-1.697599148341926778e+01 -1.358666608644389839e+02
-1.733695073066879999e+01 -1.358708020819111368e+02
-1.769791005193460620e+01 -1.358749433733996739e+02
-1.805886929918413841e+01 -1.358790845908718268e+02
-1.841982862044994462e+01 -1.358832258083439513e+02
-1.878078786769947683e+01 -1.358873670258161042e+02
-1.914174711494887759e+01 -1.358915082432882286e+02
-1.950270643621481526e+01 -1.358956494607603815e+02
-1.986366568346421602e+01 -1.358997906782325060e+02
-2.022462500473015012e+01 -1.359039318957046589e+02
-2.058558425197955088e+01 -1.359080731131767834e+02
-2.094654349922908310e+01 -1.359122144046653489e+02
-2.130750282049488931e+01 -1.359163556221374733e+02
-2.166845696061292870e+01 -1.359208947517656441e+02
-2.202940362507479932e+01 -1.359260225338076964e+02
-2.239035021552013305e+01 -1.359311503158497487e+02
-2.275129680596559822e+01 -1.359362781719081852e+02
-2.311224339641093550e+01 -1.359414059539502375e+02
-2.347319006087280613e+01 -1.359465337359922898e+02
-2.383413665131813985e+01 -1.359516615180343138e+02
-2.419508324176360858e+01 -1.359567893000763661e+02
-2.455602983220894231e+01 -1.359619170821184184e+02
-2.491697649667068148e+01 -1.359670448641604423e+02
-2.527792308711615021e+01 -1.359721726462024947e+02
-2.563886967756148394e+01 -1.359773004282445470e+02
-2.599981626800694912e+01 -1.359824282102865993e+02
-2.636076293246868829e+01 -1.359875559923286232e+02
-2.672170952291415702e+01 -1.359926837743706756e+02
-2.708265611335949075e+01 -1.359978115564127279e+02
-2.744360277782136137e+01 -1.360029393384547518e+02
-2.780454936826669865e+01 -1.360080671204968041e+02
-2.816549595871216383e+01 -1.360131949025388565e+02
-2.852644254915750111e+01 -1.360183226845809088e+02
-2.888738921361937173e+01 -1.360234504666229611e+02
-2.924833580406470546e+01 -1.360285782486649850e+02
-2.960928239451017063e+01 -1.360337060307070374e+02
-2.997022898495550791e+01 -1.360388338127490613e+02
-3.033117564941737854e+01 -1.360439615947911136e+02
-3.069212223986271226e+01 -1.360490893768331659e+02
-3.105306883030818099e+01 -1.360542171588752183e+02
-3.141401549476992017e+01 -1.360593449409172706e+02
-3.177496208521525389e+01 -1.360644727229593229e+02
-3.213590867566072262e+01 -1.360696005050013468e+02
-3.249685526610605280e+01 -1.360747282870433992e+02
-3.285780193056793053e+01 -1.360798560690854231e+02
-3.321874852101326070e+01 -1.360849838511274754e+02
-3.357969511145872588e+01 -1.360901116331695277e+02
-3.394064170190406315e+01 -1.360952394152115801e+02
-3.430158836636593378e+01 -1.361003671972536324e+02
-3.466253495681127106e+01 -1.361054949792956563e+02
-3.502348154725673623e+01 -1.361106227613377087e+02
-3.538442821171847896e+01 -1.361157505433797610e+02
-3.574537480216394414e+01 -1.361208783254217849e+02
-3.610632139260927431e+01 -1.361260061074638372e+02
-3.646726798305474659e+01 -1.361311338895058896e+02
-3.682821464751648222e+01 -1.361362616715479419e+02
-3.718916123796194739e+01 -1.361413894535899658e+02
-3.755010782840728467e+01 -1.361465172356320181e+02
-3.791105441885274985e+01 -1.361516450176740705e+02
-3.827200108331449258e+01 -1.361567727997160944e+02
-3.863294767375995775e+01 -1.361619006557745593e+02
-3.899389426420529503e+01 -1.361670284378165832e+02
-3.935484092866703065e+01 -1.361721562198586355e+02
-3.971578751911249583e+01 -1.361772840019006878e+02
-4.007673410955783311e+01 -1.361824117839427402e+02
-4.043768070000329828e+01 -1.361875395659847925e+02
-4.079862736446504101e+01 -1.361926673480268164e+02
-4.115957395491050619e+01 -1.361977951300688687e+02
-4.152052054535584347e+01 -1.362029229121109211e+02
-4.188146713580130864e+01 -1.362080506941529450e+02
-4.224241380026305137e+01 -1.362131784761949973e+02
-4.260336039070851655e+01 -1.362183062582370496e+02
-4.296430698115384672e+01 -1.362234340402791020e+02
-4.332525364561572445e+01 -1.362285618223211259e+02
-4.368620023606105462e+01 -1.362336896043631782e+02
-4.404714682650651980e+01 -1.362388173864052305e+02
-4.440809341695185708e+01 -1.362439451684472829e+02
-4.476904008141372771e+01 -1.362490729504893068e+02
-4.512998667185906498e+01 -1.362542007325313591e+02
-4.549093326230453016e+01 -1.362593285145734114e+02
-4.585187985274986744e+01 -1.362644562966154353e+02
-4.621282651721160306e+01 -1.362695840786574877e+02
-4.657377310765706824e+01 -1.362747118606995400e+02
-4.693471969810240552e+01 -1.362798396427415923e+02
-4.729566636256427614e+01 -1.362849674247836447e+02
-4.765661295300961342e+01 -1.362900952068256686e+02
-4.801755954345507860e+01 -1.362952229888677209e+02
-4.837850613390041588e+01 -1.363003507709097732e+02
-4.873945279836228650e+01 -1.363054785529518256e+02
-4.910039938880762378e+01 -1.363106063349938495e+02
-4.946134597925308896e+01 -1.363157341170359018e+02
-4.982229256969841913e+01 -1.363208618990779541e+02
-5.018323745776672240e+01 -1.363261044805533970e+02
-5.054417198353922913e+01 -1.363320201671529333e+02
-5.090510658332813421e+01 -1.363379359277688536e+02
-5.126604110910063383e+01 -1.363438516143683614e+02
-5.162697570888954601e+01 -1.363497673749842818e+02
-5.198791023466204564e+01 -1.363556830615838180e+02
-5.234884476043455237e+01 -1.363615988221997384e+02
-5.270977936022345745e+01 -1.363675145087992462e+02
-5.307071388599595707e+01 -1.363734302694151665e+02
-5.343164848578486925e+01 -1.363793459560147028e+02
-5.379258301155736888e+01 -1.363852617166306231e+02
-5.415351761134628106e+01 -1.363911774032301594e+02
-5.451445213711891569e+01 -1.363970931638460797e+02
-5.487538666289141531e+01 -1.364030088504455875e+02
-5.523632126268032039e+01 -1.364089246110615079e+02
-5.559725578845282712e+01 -1.364148402976610441e+02
-5.595819038824173219e+01 -1.364207560582769645e+02
-5.631912491401423893e+01 -1.364266717448764723e+02
-5.668005943978673855e+01 -1.364325875054924211e+02
-5.704099403957564363e+01 -1.364385031920919289e+02
-5.740192856534815036e+01 -1.364444189527078493e+02
-5.776286316513705543e+01 -1.364503346393073571e+02
-5.812379769090956216e+01 -1.364562503999233058e+02
-5.848473221668206179e+01 -1.364621660865228137e+02
-5.884566681647096686e+01 -1.364680817731223499e+02
-5.920660134224347360e+01 -1.364739975337382702e+02
-5.956753594203237867e+01 -1.364799132203377781e+02
-5.992847046780488540e+01 -1.364858289809536984e+02
-6.028940506759391837e+01 -1.364917446675532346e+02
-6.065033959336642511e+01 -1.364976604281691550e+02
-6.101127411913892473e+01 -1.365035761147686628e+02
-6.137220871892783691e+01 -1.365094918753846116e+02
-6.173314324470033654e+01 -1.365154075619841194e+02
-6.209407784448924161e+01 -1.365213233226000398e+02
-6.245501237026174834e+01 -1.365272390091995476e+02
-6.281594689603424797e+01 -1.365331547698154964e+02
-6.317688149582316015e+01 -1.365390704564150042e+02
-6.353781602159565978e+01 -1.365449862170309530e+02
-6.389875062138456485e+01 -1.365509019036304608e+02
-6.425968514715707158e+01 -1.365568176642463811e+02
-6.462061974694597666e+01 -1.365627333508458889e+02
-6.498155427271848339e+01 -1.365686491114618377e+02
-6.534248879849099012e+01 -1.365745647980613455e+02
-6.570342339827989520e+01 -1.365804805586772659e+02
-6.606435792405245877e+01 -1.365863962452768021e+02
-6.642529252384136385e+01 -1.365923120058927225e+02
-6.678622704961387058e+01 -1.365982276924922303e+02
-6.714716157538637731e+01 -1.366041434531081507e+02
-6.750809617517528238e+01 -1.366100591397076869e+02
-6.786903070094784596e+01 -1.366159749003236072e+02
-6.822996530073675103e+01 -1.366218905869231435e+02
-6.859089982650925776e+01 -1.366278063475390354e+02
-6.895183442629816284e+01 -1.366337220341385716e+02
-6.931276895207066957e+01 -1.366396377947544920e+02
-6.967370347784317630e+01 -1.366455534813540282e+02
-7.003463807763208138e+01 -1.366514692419699486e+02
-7.039557260340464495e+01 -1.366573849285694848e+02
-7.075650720319355003e+01 -1.366633006891853768e+02
-7.111744172896605676e+01 -1.366692163757849130e+02
-7.147837625473856349e+01 -1.366751321364008334e+02
-7.183931085452746856e+01 -1.366810478230003696e+02
-7.220024538029997530e+01 -1.366869635836162615e+02
-7.256117998008888037e+01 -1.366928792702157978e+02
-7.292211450586138710e+01 -1.366987950308317181e+02
-7.328304903163395068e+01 -1.367047107174312544e+02
-7.364398363142285575e+01 -1.367106264780471747e+02
-7.400491815719536248e+01 -1.367165421646466825e+02
-7.436585275698426756e+01 -1.367224579252626029e+02
-7.472678728275677429e+01 -1.367283736118621391e+02
-7.508772188254567936e+01 -1.367342893724780595e+02
-7.544865640831818610e+01 -1.367402050590775673e+02
-7.580959093409067862e+01 -1.367461208196935161e+02
-7.617052553387959790e+01 -1.367520365062930239e+02
-7.653146005965216148e+01 -1.367579522669089442e+02
-7.689239465944106655e+01 -1.367638679535084520e+02
-7.725332467021324589e+01 -1.367700466203703513e+02
-7.761424861164086053e+01 -1.367765759769262957e+02
-7.797517262708483088e+01 -1.367831052594658274e+02
-7.833609656851244551e+01 -1.367896346160217718e+02
-7.869702058395641586e+01 -1.367961638985613035e+02
-7.905794452538403050e+01 -1.368026932551172479e+02
-7.941886854082800085e+01 -1.368092225376568081e+02
-7.977979248225561548e+01 -1.368157518942127240e+02
-8.014071649769958583e+01 -1.368222812507686683e+02
-8.050164043912714362e+01 -1.368288105333082001e+02
-8.086256445457117081e+01 -1.368353398898641728e+02
-8.122348839599872861e+01 -1.368418691724037046e+02
-8.158441241144275580e+01 -1.368483985289596490e+02
-8.194533635287031359e+01 -1.368549278855155933e+02
-8.230626036831434078e+01 -1.368614571680551251e+02
-8.266718430974189857e+01 -1.368679865246110694e+02
-8.302810832518585471e+01 -1.368745158071506012e+02
-8.338903226661348356e+01 -1.368810451637065455e+02
-8.374995628205743969e+01 -1.368875744462460773e+02
-8.411088022348506854e+01 -1.368941038028020216e+02
-8.447180423892902468e+01 -1.369006331593579660e+02
-8.483272818035665352e+01 -1.369071624418974977e+02
-8.519365219580060966e+01 -1.369136917984534705e+02
-8.555457613722823851e+01 -1.369202210809929738e+02
-8.591550015267219464e+01 -1.369267504375489466e+02
-8.627642409409975244e+01 -1.369332797941048625e+02
-8.663734810954377963e+01 -1.369398090766444227e+02
-8.699827205097133742e+01 -1.369463384332003670e+02
-8.735919606641536461e+01 -1.369528677157398988e+02
-8.772012000784292240e+01 -1.369593970722958431e+02
-8.808104402328694960e+01 -1.369659263548353749e+02
-8.844196796471450739e+01 -1.369724557113913193e+02
-8.880289198015847774e+01 -1.369789850679472636e+02
-8.916381592158609237e+01 -1.369855143504867954e+02
-8.952473986301365017e+01 -1.369920437070427397e+02
-8.988566387845767736e+01 -1.369985729895822715e+02
-9.024658781988523515e+01 -1.370051023461382442e+02
-9.060751183532926234e+01 -1.370116316286777760e+02
-9.096843577675682013e+01 -1.370181609852337203e+02
-9.132935979220084732e+01 -1.370246903417896362e+02
-9.169028373362840512e+01 -1.370312196243291964e+02
-9.205120774907237546e+01 -1.370377489808851408e+02
-9.241213169049999010e+01 -1.370442782634246726e+02
-9.277305570594396045e+01 -1.370508076199806169e+02
-9.313397964737157508e+01 -1.370573369765365612e+02
-9.349490366281554543e+01 -1.370638662590760930e+02
-9.385582760424316007e+01 -1.370703956156320373e+02
-9.421675161968713041e+01 -1.370769248981715691e+02
-9.457767556111467400e+01 -1.370834542547275134e+02
-9.493859957655871540e+01 -1.370899835372670452e+02
-9.529952351798625898e+01 -1.370965128938230180e+02
-9.566044753343030038e+01 -1.371030422503789339e+02
-9.602137147485784396e+01 -1.371095715329184941e+02
-9.638229549030188537e+01 -1.371161008894744384e+02
-9.674321943172942895e+01 -1.371226301720139702e+02
-9.710414344717339930e+01 -1.371291595285699145e+02
-9.746506738860101393e+01 -1.371356888851258304e+02
-9.782599140404498428e+01 -1.371422181676653906e+02
-9.818691534547259891e+01 -1.371487475242213350e+02
-9.854783936091656926e+01 -1.371552768067608667e+02
-9.890876330234418390e+01 -1.371618061633168111e+02
-9.926968731778815425e+01 -1.371683354458563429e+02
-9.963061125921576888e+01 -1.371748648024122872e+02
-9.999153527465973923e+01 -1.371813941589682315e+02
-1.003524592160872970e+02 -1.371879234415077917e+02
-1.007133832315313242e+02 -1.371944527980637076e+02
-1.010743071729588820e+02 -1.372009820806032678e+02
-1.014352311884029092e+02 -1.372075114371592122e+02
-1.017961543156500852e+02 -1.372140838712588220e+02
-1.021570701152739105e+02 -1.372210534773504946e+02
-1.025179858408813232e+02 -1.372280230094257547e+02
-1.028789015664887359e+02 -1.372349926155174273e+02
-1.032398172920960775e+02 -1.372419621475927158e+02
-1.036007330917199027e+02 -1.372489317536843885e+02
-1.039616488173273154e+02 -1.372559013597760611e+02
-1.043225645429347281e+02 -1.372628708918513496e+02
-1.046834802685421408e+02 -1.372698404979430222e+02
-1.050443960681658950e+02 -1.372768101040346949e+02
-1.054053117937733077e+02 -1.372837796361099549e+02
-1.057662275193807346e+02 -1.372907492422016276e+02
-1.061271432449881473e+02 -1.372977188482933002e+02
-1.064880590446119584e+02 -1.373046883803685887e+02
-1.068489747702193142e+02 -1.373116579864602613e+02
-1.072098904958267269e+02 -1.373186275185355498e+02
-1.075708062214341396e+02 -1.373255971246272225e+02
-1.079317220210579649e+02 -1.373325667307188951e+02
-1.082926377466653776e+02 -1.373395362627941552e+02
-1.086535534722727192e+02 -1.373465058688858278e+02
-1.090144691978801461e+02 -1.373534754749775004e+02
-1.093753849975039572e+02 -1.373604450070527889e+02
-1.097363007231113698e+02 -1.373674146131444616e+02
-1.100972164487187825e+02 -1.373743841452197501e+02
-1.104581321743261384e+02 -1.373813537513114227e+02
-1.108190479739499636e+02 -1.373883233574030669e+02
-1.111799636995573763e+02 -1.373952928894783554e+02
-1.115408794251647890e+02 -1.374022624955700280e+02
-1.119017952247886001e+02 -1.374092321016617007e+02
-1.122627109503959559e+02 -1.374162016337369892e+02
-1.126236266760033686e+02 -1.374231712398286618e+02
-1.129845424016107813e+02 -1.374301408459203344e+02
-1.133454582012346066e+02 -1.374371103779955945e+02
-1.137063739268420193e+02 -1.374440799840872671e+02
-1.140672896524493609e+02 -1.374510495161625556e+02
-1.144282053780567878e+02 -1.374580191222542283e+02
-1.147891211776805989e+02 -1.374649887283459009e+02
-1.151500369032880116e+02 -1.374719582604211894e+02
-1.155109526288954385e+02 -1.374789278665128620e+02
-1.158718683545027801e+02 -1.374858974726045346e+02
-1.162327841541266054e+02 -1.374928670046797947e+02
-1.165936998797340181e+02 -1.374998366107714673e+02
-1.169546156053414308e+02 -1.375068062168631400e+02
-1.173155313309488434e+02 -1.375137757489384285e+02
-1.176764471305725976e+02 -1.375207453550301011e+02
-1.180373628561800103e+02 -1.375277148871053612e+02
-1.183982785817874230e+02 -1.375346844931970622e+02
-1.187591943073948357e+02 -1.375416540992887349e+02
-1.191201101070185899e+02 -1.375486236313639949e+02
-1.194810258326260168e+02 -1.375555932374556676e+02
-1.198419415582334295e+02 -1.375625628435473402e+02
-1.202028572838408422e+02 -1.375695323756226287e+02
-1.205637730834646533e+02 -1.375765019817143013e+02
-1.209246888090720802e+02 -1.375834715878059740e+02
-1.212856045346794218e+02 -1.375904411198812340e+02
-1.216465202602868345e+02 -1.375974107259729067e+02
-1.220074360599106598e+02 -1.376043802580481952e+02
-1.223683517855180725e+02 -1.376113498641398678e+02
-1.227292675111254852e+02 -1.376183194702315404e+02
-1.230901833107492394e+02 -1.376252890023068289e+02
-1.234510990363566521e+02 -1.376322586083985016e+02
-1.230901252818931511e+02 -1.376348448893799059e+02
-1.227291514534133086e+02 -1.376374310963449545e+02
-1.223681776989497934e+02 -1.376400173773264157e+02
-1.220072039444862924e+02 -1.376426035842914359e+02
-1.216462301900227914e+02 -1.376451898652728687e+02
-1.212852564355592762e+02 -1.376477761462543299e+02
-1.209242826810958462e+02 -1.376503623532193785e+02
-1.205633088526159327e+02 -1.376529486342007829e+02
-1.202023350981524317e+02 -1.376555348411658315e+02
-1.198413613436889165e+02 -1.376581211221472927e+02
-1.194803875892254865e+02 -1.376607073291123129e+02
-1.191194138347619713e+02 -1.376632936100937457e+02
-1.187584400062820578e+02 -1.376658798910752068e+02
-1.183974662518185568e+02 -1.376684660980402555e+02
-1.180364924973551126e+02 -1.376710523790216882e+02
-1.176755187428916116e+02 -1.376736385859867369e+02
-1.173145449884281106e+02 -1.376762248669681696e+02
-1.169535712339645954e+02 -1.376788111479496024e+02
-1.165925974054847529e+02 -1.376813973549146510e+02
-1.162316236510212519e+02 -1.376839836358960838e+02
-1.158706498965577509e+02 -1.376865698428611324e+02
-1.155096761420942357e+02 -1.376891561238425652e+02
-1.151487023876307347e+02 -1.376917424048239980e+02
-1.147877285591508922e+02 -1.376943286117890466e+02
-1.144267548046873770e+02 -1.376969148927704794e+02
-1.140657810502238760e+02 -1.376995010997355280e+02
-1.137048072957603750e+02 -1.377020873807169608e+02
-1.133438335412969309e+02 -1.377046736616983935e+02
-1.129828597868334299e+02 -1.377072598686634421e+02
-1.126218859583535163e+02 -1.377098461496449033e+02
-1.122609122038900153e+02 -1.377124323566099235e+02
-1.118999384494265001e+02 -1.377150186375913563e+02
-1.115389646949630702e+02 -1.377176048445564049e+02
-1.111779909404995550e+02 -1.377201911255378661e+02
-1.108170171120196414e+02 -1.377227774065192705e+02
-1.104560433575561404e+02 -1.377253636134843191e+02
-1.100950696030926963e+02 -1.377279498944657803e+02
-1.097340958486291953e+02 -1.377305361014308005e+02
-1.093731220941656943e+02 -1.377331223824122333e+02
-1.090121483397021791e+02 -1.377357086633936945e+02
-1.086511745112223366e+02 -1.377382948703587431e+02
-1.082902007567588356e+02 -1.377408811513401474e+02
-1.079292270022953346e+02 -1.377434673583051961e+02
-1.075682532478318194e+02 -1.377460536392866572e+02
-1.072072794933683184e+02 -1.377486399202680900e+02
-1.068463056648884759e+02 -1.377512261272331102e+02
-1.064853319104249607e+02 -1.377538124082145714e+02
-1.061243581559614597e+02 -1.377563986151796200e+02
-1.057633844014979587e+02 -1.377589848961610244e+02
-1.054024106470345146e+02 -1.377615711771424856e+02
-1.050414368925710136e+02 -1.377641573841075342e+02
-1.046804630640911000e+02 -1.377667436650889670e+02
-1.043194893096275990e+02 -1.377693298720540156e+02
-1.039585155551641549e+02 -1.377719161530354484e+02
-1.035975418007006539e+02 -1.377745023600004970e+02
-1.032365680462371387e+02 -1.377770886409819298e+02
-1.028755942177572393e+02 -1.377796749219633625e+02
-1.025146204632937241e+02 -1.377822611289284112e+02
-1.021536467088302800e+02 -1.377848474099098439e+02
-1.017926729543667790e+02 -1.377874336168748926e+02
-1.014316966093293217e+02 -1.377896227258642625e+02
-1.010707198942099154e+02 -1.377917686092771987e+02
-1.007097432531069074e+02 -1.377939145667064906e+02
-1.003487666120038995e+02 -1.377960604501193984e+02
-9.998778997090089149e+01 -1.377982064075487187e+02
-9.962681332979788351e+01 -1.378003523649780107e+02
-9.926583661467847719e+01 -1.378024982483909184e+02
-9.890485997357541237e+01 -1.378046442058202103e+02
-9.854388333247240439e+01 -1.378067901632495307e+02
-9.818290669136939641e+01 -1.378089360466624669e+02
-9.782193005026638843e+01 -1.378110820040917588e+02
-9.746095340916338046e+01 -1.378132278875046666e+02
-9.709997669404397413e+01 -1.378153738449339869e+02
-9.673900005294096616e+01 -1.378175198023632788e+02
-9.637802341183788712e+01 -1.378196656857761866e+02
-9.601704677073487915e+01 -1.378218116432054785e+02
-9.565607012963187117e+01 -1.378239575266184147e+02
-9.529509348852887740e+01 -1.378261034840477350e+02
-9.493411677340945687e+01 -1.378282494414770269e+02
-9.457314013230644889e+01 -1.378303953248899347e+02
-9.421216349120344091e+01 -1.378325412823192551e+02
-9.385118685010037609e+01 -1.378346872397485470e+02
-9.349021020899736811e+01 -1.378368331231614548e+02
-9.312923349387796179e+01 -1.378389790805907467e+02
-9.276825685277495381e+01 -1.378411249640036829e+02
-9.240728021167194584e+01 -1.378432709214330032e+02
-9.204630357056893786e+01 -1.378454168788622951e+02
-9.168532692946592988e+01 -1.378475627622752029e+02
-9.132435028836292190e+01 -1.378497087197045232e+02
-9.096337357324344453e+01 -1.378518546771338151e+02
-9.060239693214043655e+01 -1.378540005605467229e+02
-9.024142029103742857e+01 -1.378561465179760148e+02
-8.988044364993443480e+01 -1.378582924013889510e+02
-8.951946700883142682e+01 -1.378604383588182429e+02
-8.915849036772841885e+01 -1.378625843162475633e+02
-8.879751365260899831e+01 -1.378647301996604710e+02
-8.843653701150593349e+01 -1.378668761570897914e+02
-8.807556037040292551e+01 -1.378690221145190833e+02
-8.771458372929991754e+01 -1.378711679979319911e+02
-8.735360708819690956e+01 -1.378733139553612830e+02
-8.699263037307750324e+01 -1.378754598387742192e+02
-8.663165373197449526e+01 -1.378776057962035111e+02
-8.627067709087148728e+01 -1.378797517536328314e+02
-8.590970044976842246e+01 -1.378818976370457392e+02
-8.554872380866541448e+01 -1.378840435944750595e+02
-8.518774716756240650e+01 -1.378861895519043514e+02
-8.482677045244300018e+01 -1.378883354353172592e+02
-8.446579381133999220e+01 -1.378904813927465511e+02
-8.410481717023698423e+01 -1.378926272761594873e+02
-8.374384052913397625e+01 -1.378947732335887792e+02
-8.338286388803089721e+01 -1.378969191910180996e+02
-8.302188724692788924e+01 -1.378990650744310074e+02
-8.266091053180848292e+01 -1.379012110318603277e+02
-8.229993389070547494e+01 -1.379033569892896196e+02
-8.193895724960246696e+01 -1.379055028727025274e+02
-8.157798060849945898e+01 -1.379076488301318193e+02
-8.121700396739646521e+01 -1.379097947135447555e+02
-8.085602732629345724e+01 -1.379119406709740474e+02
-8.049505061117397986e+01 -1.379140866284033677e+02
-8.013407397007097188e+01 -1.379162325118162755e+02
-7.977309732896796390e+01 -1.379183784692455959e+02
-7.941212068786495593e+01 -1.379205244266748878e+02
-7.905114404676194795e+01 -1.379226703100877955e+02
-7.869016733164254163e+01 -1.379248162675170875e+02
-7.832919069053953365e+01 -1.379269621509300237e+02
-7.796821404943645462e+01 -1.379291081083593156e+02
-7.760723740833344664e+01 -1.379312540657886359e+02
-7.724626076723045287e+01 -1.379333999492015437e+02
-7.688528227571747209e+01 -1.379351952169367621e+02
-7.652430252592574789e+01 -1.379367274303932618e+02
-7.616332277613402368e+01 -1.379382596438497615e+02
-7.580234295232590114e+01 -1.379397919313226453e+02
-7.544136320253412009e+01 -1.379413241447791449e+02
-7.508038337872599755e+01 -1.379428564322520288e+02
-7.471940362893427334e+01 -1.379443886457085284e+02
-7.435842387914254914e+01 -1.379459208591650281e+02
-7.399744405533442659e+01 -1.379474531466379119e+02
-7.363646430554264555e+01 -1.379489853600944116e+02
-7.327548448173452300e+01 -1.379505176475672954e+02
-7.291450473194279880e+01 -1.379520498610237951e+02
-7.255352490813467625e+01 -1.379535821484966789e+02
-7.219254515834295205e+01 -1.379551143619531786e+02
-7.183156540855117100e+01 -1.379566465754096782e+02
-7.147058558474304846e+01 -1.379581788628825620e+02
-7.110960583495132425e+01 -1.379597110763390617e+02
-7.074862601114320171e+01 -1.379612433638119455e+02
-7.038764626135147751e+01 -1.379627755772684452e+02
-7.002666651155969646e+01 -1.379643077907249165e+02
-6.966568668775157391e+01 -1.379658400781978287e+02
-6.930470693795984971e+01 -1.379673722916542999e+02
-6.894372711415172716e+01 -1.379689045791272122e+02
-6.858274736436001717e+01 -1.379704367925836834e+02
-6.822176754055182357e+01 -1.379719690060402115e+02
-6.786078779076009937e+01 -1.379735012935130669e+02
-6.749980804096837517e+01 -1.379750335069695950e+02
-6.713882821716025262e+01 -1.379765657944424504e+02
-6.677784846736854263e+01 -1.379780980078989785e+02
-6.641686864356034903e+01 -1.379796302213554497e+02
-6.605588889376862483e+01 -1.379811625088283620e+02
-6.569490914397684378e+01 -1.379826947222848332e+02
-6.533392932016877808e+01 -1.379842270097577455e+02
-6.497294957037699703e+01 -1.379857592232142167e+02
-6.461196974656894554e+01 -1.379872915106871289e+02
-6.425098999677715028e+01 -1.379888237241436002e+02
-6.389001017296909879e+01 -1.379903559376000999e+02
-6.352903042317731064e+01 -1.379918882250729837e+02
-6.316805067338552959e+01 -1.379934204385294834e+02
-6.280707084957747099e+01 -1.379949527260023672e+02
-6.244609109978568284e+01 -1.379964849394588668e+02
-6.208511127597762425e+01 -1.379980171529153381e+02
-6.172413152618583609e+01 -1.379995494403882503e+02
-6.136315170237764960e+01 -1.380010816538447216e+02
-6.100217195258599645e+01 -1.380026139413176338e+02
-6.064119220279420830e+01 -1.380041461547741051e+02
-6.028021237898602180e+01 -1.380056783682306047e+02
-5.991923262919436866e+01 -1.380072106557034886e+02
-5.955825280538617505e+01 -1.380087428691599882e+02
-5.919727305559452191e+01 -1.380102751566328720e+02
-5.883629330580273376e+01 -1.380118073700893717e+02
-5.847531348199454726e+01 -1.380133396575622555e+02
-5.811433373220289411e+01 -1.380148718710187552e+02
-5.775335390839470051e+01 -1.380164040844752549e+02
-5.739237415860304736e+01 -1.380179363719481387e+02
-5.703139433479486087e+01 -1.380194685854046384e+02
-5.667041458500307272e+01 -1.380210008728775222e+02
-5.630943483521141957e+01 -1.380225330863340218e+02
-5.594845501140322597e+01 -1.380240652997905215e+02
-5.558747526161157282e+01 -1.380255975872634053e+02
-5.522649543780338632e+01 -1.380271298007199050e+02
-5.486551568801159817e+01 -1.380286620881927888e+02
-5.450453593821994502e+01 -1.380301943016492885e+02
-5.414355611441175853e+01 -1.380317265151057882e+02
-5.378257636462010538e+01 -1.380332588025786720e+02
-5.342159654081191178e+01 -1.380347910160351717e+02
-5.306061679102012363e+01 -1.380363233035080555e+02
-5.269963696721207214e+01 -1.380378555169645551e+02
-5.233865721742028398e+01 -1.380393877304210264e+02
-5.197767746762863084e+01 -1.380409200178939386e+02
-5.161669764382043724e+01 -1.380424522313504099e+02
-5.125571789402865619e+01 -1.380439845188233221e+02
-5.089473807022059759e+01 -1.380455167322798218e+02
-5.053375832042880944e+01 -1.380470490197527056e+02
-5.017277857063715629e+01 -1.380485812332092053e+02
-4.981179660035337520e+01 -1.380494401935088149e+02
-4.945081433400411441e+01 -1.380501844283914181e+02
-4.908983206765484653e+01 -1.380509286632740498e+02
-4.872884987532198409e+01 -1.380516728981566814e+02
-4.836786760897271620e+01 -1.380524170590228721e+02
-4.800688534262345541e+01 -1.380531612939055037e+02
-4.764590307627418753e+01 -1.380539055287881354e+02
-4.728492080992492674e+01 -1.380546497636707386e+02
-4.692393854357565885e+01 -1.380553939245369577e+02
-4.656295627722639097e+01 -1.380561381594195609e+02
-4.620197401087713018e+01 -1.380568823943021926e+02
-4.584099174452786229e+01 -1.380576266291847958e+02
-4.548000947817859441e+01 -1.380583707900510149e+02
-4.511902721182933362e+01 -1.380591150249336465e+02
-4.475804494548006573e+01 -1.380598592598162497e+02
-4.439706267913080495e+01 -1.380606034946988530e+02
-4.403608041278153706e+01 -1.380613476555650720e+02
-4.367509814643226917e+01 -1.380620918904477037e+02
-4.331411588008300839e+01 -1.380628361253303069e+02
-4.295313361373374050e+01 -1.380635803602129386e+02
-4.259215134738447261e+01 -1.380643245210791576e+02
-4.223116908103521183e+01 -1.380650687559617609e+02
-4.187018681468594394e+01 -1.380658129908443925e+02
-4.150920454833667605e+01 -1.380665572257269957e+02
-4.114822228198728027e+01 -1.380673013865932148e+02
-4.078724001563801949e+01 -1.380680456214758465e+02
-4.042625774928875160e+01 -1.380687898563584497e+02
-4.006527548293948371e+01 -1.380695340912410529e+02
-3.970429321659022293e+01 -1.380702782521073004e+02
-3.934331095024095504e+01 -1.380710224869899037e+02
-3.898232868389169425e+01 -1.380717667218725069e+02
-3.862134641754242637e+01 -1.380725109567551385e+02
-3.826036415119315848e+01 -1.380732551176213576e+02
-3.789938188484389769e+01 -1.380739993525039608e+02
-3.753839961849462981e+01 -1.380747435873865925e+02
-3.717741735214536192e+01 -1.380754878222691957e+02
-3.681643508579610113e+01 -1.380762319831354148e+02
-3.645545281944683325e+01 -1.380769762180180180e+02
-3.609447055309757246e+01 -1.380777204529006497e+02
-3.573348828674830457e+01 -1.380784646877832813e+02
-3.537250602039903669e+01 -1.380792088486494720e+02
-3.501152375404977590e+01 -1.380799530835321036e+02
-3.465054148770050801e+01 -1.380806973184147353e+02
-3.428955922135124013e+01 -1.380814415532973385e+02
-3.392857695500197934e+01 -1.380821857141635292e+02
-3.356759468865271145e+01 -1.380829299490461608e+02
-3.320661242230345067e+01 -1.380836741839287924e+02
-3.284563015595418278e+01 -1.380844184188113957e+02
-3.248464788960491489e+01 -1.380851625796776148e+02
-3.212366562325565411e+01 -1.380859068145602464e+02
-3.176268335690638622e+01 -1.380866510494428496e+02
-3.140170109055699044e+01 -1.380873952103090687e+02
-3.104071882420772255e+01 -1.380881394451916719e+02
-3.067973655785845821e+01 -1.380888836800743036e+02
-3.031875429150919388e+01 -1.380896279149569068e+02
-2.995777202515992954e+01 -1.380903720758231259e+02
-2.959678975881066165e+01 -1.380911163107057575e+02
-2.923580749246139732e+01 -1.380918605455883608e+02
-2.887482522611213298e+01 -1.380926047804709640e+02
-2.851384295976286865e+01 -1.380933489413371831e+02
-2.815286069341360076e+01 -1.380940931762198147e+02
-2.779187842706433642e+01 -1.380948374111024179e+02
-2.743089616071507209e+01 -1.380955816459850496e+02
-2.706991389436580775e+01 -1.380963258068512687e+02
-2.670893162801653986e+01 -1.380970700417338719e+02
-2.634794936166727553e+01 -1.380978142766165035e+02
-2.598696709531801119e+01 -1.380985585114991068e+02
-2.562598482896874685e+01 -1.380993026723653259e+02
-2.526500256261947897e+01 -1.381000469072479575e+02
-2.490402029627021463e+01 -1.381007911421305607e+02
-2.454303802992095029e+01 -1.381015353770131640e+02
-2.418205576357168596e+01 -1.381022795378794115e+02
-2.382107349722241807e+01 -1.381030237727620147e+02
-2.346009123087315373e+01 -1.381037680076446179e+02
-2.309910896452388940e+01 -1.381045122425272496e+02
-2.273812669817462506e+01 -1.381052564033934686e+02
-2.237714443182535717e+01 -1.381060006382760719e+02
-2.201616216547609284e+01 -1.381067448731587035e+02
-2.165517989912669705e+01 -1.381074891080413067e+02
-2.129419726269554047e+01 -1.381076446905100568e+02
-2.093321433019863775e+01 -1.381074022127899639e+02
-2.057223132368532958e+01 -1.381071598090862835e+02
-2.021124839118855832e+01 -1.381069174053826032e+02
-1.985026545869165560e+01 -1.381066750016789229e+02
-1.948928252619488433e+01 -1.381064325239588300e+02
-1.912829951968157616e+01 -1.381061901202551496e+02
-1.876731658718467344e+01 -1.381059477165514693e+02
-1.840633365468790217e+01 -1.381057053128477605e+02
-1.804535072219099945e+01 -1.381054628351276961e+02
-1.768436771567782628e+01 -1.381052204314239873e+02
-1.732338478318092001e+01 -1.381049780277203070e+02
-1.696240185068401729e+01 -1.381047355500002141e+02
-1.660141891818724602e+01 -1.381044931462965621e+02
-1.624043591167394140e+01 -1.381042507425928534e+02
-1.587945297917716836e+01 -1.381040083388891730e+02
-1.551847004668026564e+01 -1.381037658611690802e+02
-1.515748711418336292e+01 -1.381035234574653998e+02
-1.479650410767018620e+01 -1.381032810537617195e+02
-1.443552117517328348e+01 -1.381030386500580391e+02
-1.407453824267651221e+01 -1.381027961723379462e+02
-1.371355531017960949e+01 -1.381025537686342659e+02
-1.335257230366630132e+01 -1.381023113649305856e+02
-1.299158937116953005e+01 -1.381020689612268768e+02
-1.263060643867262733e+01 -1.381018264835068123e+02
-1.226962350617572461e+01 -1.381015840798031036e+02
-1.190864049966254790e+01 -1.381013416760994232e+02
-1.154765756716564518e+01 -1.381010992723957429e+02
-1.118667463466887391e+01 -1.381008567946756500e+02
-1.082569170217197119e+01 -1.381006143909719697e+02
-1.046470869565866302e+01 -1.381003719872682893e+02
-1.010372576316189175e+01 -1.381001295835646090e+02
-9.742742830664989029e+00 -1.380998871058445161e+02
-9.381759898168217759e+00 -1.380996447021408358e+02
-9.020776891654909591e+00 -1.380994022984371270e+02
-8.659793959158006871e+00 -1.380991598207170625e+02
-8.298811026661235601e+00 -1.380989174170133538e+02
-7.937828094164332882e+00 -1.380986750133096734e+02
-7.576845087651157051e+00 -1.380984326096059931e+02
-7.215862155154253443e+00 -1.380981901318859286e+02
-6.854879222657350724e+00 -1.380979477281822199e+02
-6.493896290160579454e+00 -1.380977053244785395e+02
-6.132913283647272173e+00 -1.380974629207748592e+02
-5.771930351150500904e+00 -1.380972204430547663e+02
-5.410947418653597296e+00 -1.380969780393510860e+02
-5.049964486156694576e+00 -1.380967356356473772e+02
-4.688981479643518746e+00 -1.380964932319436969e+02
-4.327998547146616026e+00 -1.380962507542236040e+02
-3.967015614649844313e+00 -1.380960083505199520e+02
-3.606032682152941149e+00 -1.380957659468162433e+02
-3.245049675639633868e+00 -1.380955235431125629e+02
-2.884066743142862599e+00 -1.380952810653924701e+02
-2.523083810645959435e+00 -1.380950386616887897e+02
-2.162100878149187722e+00 -1.380947962579851094e+02
-1.801117871635880663e+00 -1.380945538542814290e+02
-1.440134939138977499e+00 -1.380943113765613361e+02
-1.079152006642206008e+00 -1.380940689728576558e+02
-7.181690741453030657e-01 -1.380938265691539755e+02
-3.571860676321272909e-01 -1.380935840914338826e+02
3.796864864775738920e-03 -1.380933416877302022e+02
3.647797973616787592e-01 -1.380930992840264935e+02
7.257627298584502507e-01 -1.380928568803228131e+02
1.086745736371757420e+00 -1.380926144026027202e+02
1.447728668868660584e+00 -1.380923719988990399e+02
1.808711601365432076e+00 -1.380921295951953596e+02
2.169694533862335017e+00 -1.380918871914916792e+02
2.530677540375510848e+00 -1.380916447137715863e+02
2.891660472872414012e+00 -1.380914023100679060e+02
3.252643405369316731e+00 -1.380911599063642257e+02
3.613626411882492562e+00 -1.380909175026605169e+02
3.974609344379395726e+00 -1.380906750249404524e+02
4.335592276876167439e+00 -1.380904326212367437e+02
4.696575209373070159e+00 -1.380901902175330633e+02
5.057558215886377440e+00 -1.380899478138293830e+02
5.418541148383148709e+00 -1.380897053361093185e+02
5.779524080880052317e+00 -1.380894629324056098e+02
6.140507013376823586e+00 -1.380892205287019294e+02
6.501490019890130867e+00 -1.380889781249982491e+02
6.862472952387033587e+00 -1.380887356472781562e+02
7.223455884883804856e+00 -1.380884932435744759e+02
7.584438817380708464e+00 -1.380882508398707671e+02
7.945421823893884294e+00 -1.380880083621507026e+02
8.306402831964408762e+00 -1.380869728727416543e+02
8.667382877821811604e+00 -1.380854986141248730e+02
9.028362923679082996e+00 -1.380840243555080633e+02
9.389342895520080390e+00 -1.380825500968912536e+02
9.750322941377351782e+00 -1.380810758382744439e+02
1.011130298723462317e+01 -1.380796016536740467e+02
1.047228295907562057e+01 -1.380781273950572654e+02
1.083326300493289196e+01 -1.380766531364404557e+02
1.119424305079029303e+01 -1.380751788778236460e+02
1.155522302263116075e+01 -1.380737046192068362e+02
1.191620306848856181e+01 -1.380722303605900549e+02
1.227718311434583320e+01 -1.380707561759896578e+02
1.263816308618683237e+01 -1.380692819173728481e+02
1.299914313204410199e+01 -1.380678076587560383e+02
1.336012317790150483e+01 -1.380663334001392286e+02
1.372110322375877622e+01 -1.380648591415224189e+02
1.408208319559964217e+01 -1.380633848829056376e+02
1.444306324145704501e+01 -1.380619106242888279e+02
1.480404328731431463e+01 -1.380604364396884023e+02
1.516502325915531380e+01 -1.380589621810716210e+02
1.552600330501258519e+01 -1.380574879224548113e+02
1.588698335086998625e+01 -1.380560136638380300e+02
1.624796332271085220e+01 -1.380545394052212202e+02
1.660894336856825504e+01 -1.380530651466044105e+02
1.696992341442552643e+01 -1.380515909620039849e+02
1.733090338626639237e+01 -1.380501167033872036e+02
1.769188343212379522e+01 -1.380486424447703939e+02
1.805286347798106661e+01 -1.380471681861535842e+02
1.841384344982206400e+01 -1.380456939275367745e+02
1.877482349567933539e+01 -1.380442196689199932e+02
1.913580354153673824e+01 -1.380427454843195960e+02
1.949678351337760418e+01 -1.380412712257027863e+02
1.985776355923500702e+01 -1.380397969670859766e+02
2.021874360509227841e+01 -1.380383227084691669e+02
2.057972357693327581e+01 -1.380368484498523856e+02
2.094070362279054720e+01 -1.380353741912355758e+02
2.130168366864781859e+01 -1.380338999326187661e+02
2.166266364048881599e+01 -1.380324257480183689e+02
2.202364368634608738e+01 -1.380309514894015592e+02
2.238462373220349022e+01 -1.380294772307847495e+02
2.274560377806075806e+01 -1.380280029721679682e+02
2.310658374990175901e+01 -1.380265287135511585e+02
2.346756379575902685e+01 -1.380250544549343488e+02
2.382854384161642969e+01 -1.380235802703339516e+02
2.418952381345729563e+01 -1.380221060117171419e+02
2.455050385931456702e+01 -1.380206317531003606e+02
2.491148390517196987e+01 -1.380191574944835509e+02
2.527246387701283581e+01 -1.380176832358667411e+02
2.563344392287023865e+01 -1.380162089772499314e+02
2.599442396872751004e+01 -1.380147347926495343e+02
2.635540394056850744e+01 -1.380132605340327530e+02
2.671638398642577883e+01 -1.380117862754159432e+02
2.707736403228318167e+01 -1.380103120167991335e+02
2.743834400412404761e+01 -1.380088377581823238e+02
2.779932404998131901e+01 -1.380073634995655425e+02
2.816030409583872185e+01 -1.380058892409487328e+02
2.852128406767958779e+01 -1.380044150563483072e+02
2.888226411353699064e+01 -1.380029407977314975e+02
2.924324415939426203e+01 -1.380014665391147162e+02
2.960422413123525942e+01 -1.379999922804979064e+02
2.996520417709253081e+01 -1.379985180218811252e+02
3.032618422294993366e+01 -1.379970437632643154e+02
3.068716419479079960e+01 -1.379955695786638898e+02
3.104814424064820244e+01 -1.379940953200470801e+02
3.140912428650547383e+01 -1.379926210614302988e+02
3.177010433236274167e+01 -1.379911468028134891e+02
3.213108430420373907e+01 -1.379896725441966794e+02
3.249206435006101401e+01 -1.379881982855798697e+02
3.285304439591841685e+01 -1.379867241009794725e+02
3.321402436775927924e+01 -1.379852498423626912e+02
3.357500441361668209e+01 -1.379837755837458815e+02
3.393598445947395703e+01 -1.379823013251290718e+02
3.429696443131495442e+01 -1.379808270665122620e+02
3.465794447717222226e+01 -1.379793528078954807e+02
3.501892452302949721e+01 -1.379778785492786710e+02
3.537990449487049460e+01 -1.379764043646782739e+02
3.574088454072776244e+01 -1.379749301060614641e+02
3.610186458658516528e+01 -1.379734558474446544e+02
3.646284455842603478e+01 -1.379719815888278731e+02
3.682382460428343762e+01 -1.379705073302110634e+02
3.718480465014070546e+01 -1.379690330715942537e+02
3.754578462198170286e+01 -1.379675588869938565e+02
3.790676466783897069e+01 -1.379660846283770468e+02
3.826773657189256994e+01 -1.379633042023834832e+02
3.862870692160168318e+01 -1.379602773017842878e+02
3.898967727131092431e+01 -1.379572503271687651e+02
3.935064754700363210e+01 -1.379542234265695697e+02
3.971161789671287323e+01 -1.379511964519540186e+02
4.007258824642197936e+01 -1.379481695513548516e+02
4.043355859613122050e+01 -1.379451425767393005e+02
4.079452894584033373e+01 -1.379421156761401335e+02
4.115549929554957487e+01 -1.379390887015245823e+02
4.151646964525881600e+01 -1.379360618009253869e+02
4.187743999496792213e+01 -1.379330348263098358e+02
4.223841034467717037e+01 -1.379300079257106688e+02
4.259938062036987105e+01 -1.379269809510951177e+02
4.296035097007911219e+01 -1.379239540504959507e+02
4.332132131978822542e+01 -1.379209270758803996e+02
4.368229166949746656e+01 -1.379179001752812326e+02
4.404326201920657269e+01 -1.379148732006656815e+02
4.440423236891581382e+01 -1.379118463000665145e+02
4.476520271862492706e+01 -1.379088193254509349e+02
4.512617306833416819e+01 -1.379057924248517963e+02
4.548714341804328143e+01 -1.379027654502362168e+02
4.584811369373611711e+01 -1.378997385496370498e+02
4.620908404344535825e+01 -1.378967115750214987e+02
4.657005439315446438e+01 -1.378936846744223317e+02
4.693102474286370551e+01 -1.378906576998067806e+02
4.729199509257281875e+01 -1.378876307992076136e+02
4.765296544228205988e+01 -1.378846038245920340e+02
4.801393579199117312e+01 -1.378815768499764829e+02
4.837490614170041425e+01 -1.378785499493773159e+02
4.873587649140952038e+01 -1.378755229747617648e+02
4.909684676710235607e+01 -1.378724960741625978e+02
4.945781711681146930e+01 -1.378694690995470467e+02
4.981878746652071044e+01 -1.378664421989478797e+02
5.017975781622995157e+01 -1.378634152243323285e+02
5.054072816593906481e+01 -1.378603883237331615e+02
5.090169851564830594e+01 -1.378573613491175820e+02
5.126266886535741207e+01 -1.378543344485184150e+02
5.162363921506665321e+01 -1.378513074739028639e+02
5.198460956477576644e+01 -1.378482805733036969e+02
5.234557984046860213e+01 -1.378452535986881458e+02
5.270655019017771536e+01 -1.378422266980889788e+02
5.306752053988695650e+01 -1.378391997234734276e+02
5.342849088959606263e+01 -1.378361728228742606e+02
5.378946123930530376e+01 -1.378331458482586811e+02
5.415043158901441700e+01 -1.378301189476595425e+02
5.451140193872365813e+01 -1.378270919730439630e+02
5.487237228843289927e+01 -1.378240650724448244e+02
5.523334263814200540e+01 -1.378210380978292449e+02
5.559431291383484819e+01 -1.378180111972300779e+02
5.595528326354395432e+01 -1.378149842226145267e+02
5.631625361325319545e+01 -1.378119573220153598e+02
5.667722396296230869e+01 -1.378089303473997802e+02
5.703819431267154982e+01 -1.378059034468006416e+02
5.739916466238065595e+01 -1.378028764721850621e+02
5.776013501208989709e+01 -1.377998495715859235e+02
5.812110536179901032e+01 -1.377968225969703440e+02
5.848207571150825146e+01 -1.377937956963711770e+02
5.884304598720108714e+01 -1.377907687217556258e+02
5.920401633691020038e+01 -1.377877418211564589e+02
5.956498668661944151e+01 -1.377847148465409077e+02
5.992595703632854764e+01 -1.377816879459417407e+02
6.028692738603778878e+01 -1.377786609713261896e+02
6.064789773574690201e+01 -1.377756340707270226e+02
6.100886808545614315e+01 -1.377726070961114431e+02
6.136983843516525639e+01 -1.377695801955122761e+02
6.173080878487449752e+01 -1.377665532208967250e+02
6.209177906056719820e+01 -1.377635263202975580e+02
6.245274941027643933e+01 -1.377604993456820068e+02
6.281371975998555257e+01 -1.377574724450828398e+02
6.317469010969479370e+01 -1.377544454704672887e+02
6.353566045940403484e+01 -1.377514185698681217e+02
6.389663080911314808e+01 -1.377483915952525706e+02
6.425760115882238210e+01 -1.377453646946533752e+02
6.461857150853150245e+01 -1.377423377200378241e+02
6.497954185824073647e+01 -1.377393108194386571e+02
6.534051213393344426e+01 -1.377362838448231059e+02
6.570148248364267829e+01 -1.377332569442239389e+02
6.606245283335179863e+01 -1.377302299696083878e+02
6.642342318306103266e+01 -1.377272030690092208e+02
6.678439353277015300e+01 -1.377241760943936697e+02
6.714536388247938703e+01 -1.377211491937944743e+02
6.750633349202458078e+01 -1.377180561965518564e+02
6.786728156279801283e+01 -1.377130347760738402e+02
6.822822970758770111e+01 -1.377080134296122083e+02
6.858917777836111895e+01 -1.377029920831506047e+02
6.895012592315080724e+01 -1.376979707366889727e+02
6.931107399392422508e+01 -1.376929493902273691e+02
6.967202213871391336e+01 -1.376879280437657371e+02
7.003297020948734541e+01 -1.376829066973041336e+02
7.039391835427703370e+01 -1.376778853508425300e+02
7.075486642505045154e+01 -1.376728640043808980e+02
7.111581456984013982e+01 -1.376678426579192944e+02
7.147676264061355766e+01 -1.376628213114576624e+02
7.183771078540324595e+01 -1.376577999649960589e+02
7.219865885617667800e+01 -1.376527786185344269e+02
7.255960700096636629e+01 -1.376477572720728233e+02
7.292055507173978413e+01 -1.376427359256111913e+02
7.328150321652947241e+01 -1.376377145791495877e+02
7.364245128730289025e+01 -1.376326932326879842e+02
7.400339943209272064e+01 -1.376276718862263522e+02
7.436434750286601059e+01 -1.376226505397647486e+02
7.472529564765582677e+01 -1.376176291933031166e+02
7.508624371842911671e+01 -1.376126078468415130e+02
7.544719186321893289e+01 -1.376075865003798810e+02
7.580813993399222284e+01 -1.376025651539182491e+02
7.616908807878205323e+01 -1.375975438074566455e+02
7.653003614955534317e+01 -1.375925224609950135e+02
7.689098429434515936e+01 -1.375875011145334099e+02
7.725193236511844930e+01 -1.375824797680717779e+02
7.761288050990826548e+01 -1.375774584216101744e+02
7.797382858068155542e+01 -1.375724370751485424e+02
7.833477665145497326e+01 -1.375674157286869388e+02
7.869572479624467576e+01 -1.375623943822253068e+02
7.905667286701809360e+01 -1.375573730357637032e+02
7.941762101180790978e+01 -1.375523516893020712e+02
7.977856908258119972e+01 -1.375473303428404677e+02
8.013951722737103012e+01 -1.375423089963788641e+02
8.050046529814430585e+01 -1.375372876499172321e+02
8.086141344293413624e+01 -1.375322663034556285e+02
8.122236151370742618e+01 -1.375272449569939965e+02
8.158330965849724237e+01 -1.375222236105323930e+02
8.194425772927053231e+01 -1.375172022640707610e+02
8.230520587406036270e+01 -1.375121808435927448e+02
8.266615394483363843e+01 -1.375071594971311413e+02
8.302710208962346883e+01 -1.375021381506695093e+02
8.338805016039675877e+01 -1.374971168042079057e+02
8.374899830518657495e+01 -1.374920954577463021e+02
8.410994637595999279e+01 -1.374870741112846702e+02
8.447089452074969529e+01 -1.374820527648230666e+02
8.483184259152311313e+01 -1.374770314183614346e+02
8.519279073631280141e+01 -1.374720100718998310e+02
8.555373880708621925e+01 -1.374669887254381990e+02
8.591468695187590754e+01 -1.374619673789765955e+02
8.627563502264932538e+01 -1.374569460325149635e+02
8.663658316743902787e+01 -1.374519246860533599e+02
8.699753123821244571e+01 -1.374469033395917563e+02
8.735847938300213400e+01 -1.374418819931301243e+02
8.771942745377555184e+01 -1.374368606466685208e+02
8.808037559856524013e+01 -1.374318393002068888e+02
8.844132366933865796e+01 -1.374268179537452852e+02
8.880227181412836046e+01 -1.374217966072836532e+02
8.916321988490177830e+01 -1.374167752608220496e+02
8.952416802969146659e+01 -1.374117539143604176e+02
8.988511610046488443e+01 -1.374067325678988141e+02
9.024606424525470061e+01 -1.374017112214371821e+02
9.060701231602799055e+01 -1.373966898749755501e+02
9.096796046081782094e+01 -1.373916685285139465e+02
9.132890853159111089e+01 -1.373866471820523145e+02
9.168985667638092707e+01 -1.373816258355907109e+02
9.205080474715421701e+01 -1.373766044891290790e+02
9.241175289194403319e+01 -1.373715831426674754e+02
9.277270096271732314e+01 -1.373665617962058434e+02
9.313364903349074098e+01 -1.373615404497442398e+02
9.349459717828044347e+01 -1.373565191032826363e+02
9.385554524905386131e+01 -1.373514977568210043e+02
9.421649339384354960e+01 -1.373464764103594007e+02
9.457744146461696744e+01 -1.373414550638977687e+02
9.493838960940679783e+01 -1.373364337174361651e+02
9.529933768018007356e+01 -1.373314123709745616e+02
9.566028582496990396e+01 -1.373263910245129296e+02
9.602123100910368692e+01 -1.373212037332868363e+02
9.638213281962829626e+01 -1.373135473290374478e+02
9.674303470416917605e+01 -1.373058909988044718e+02
9.710393651469378540e+01 -1.372982345945550833e+02
9.746483832521839474e+01 -1.372905781903056948e+02
9.782574013574287619e+01 -1.372829217860563062e+02
9.818664194626748554e+01 -1.372752653818069177e+02
9.854754383080849323e+01 -1.372676090515739418e+02
9.890844564133297467e+01 -1.372599526473245533e+02
9.926934745185758402e+01 -1.372522962430751647e+02
9.963024926238219336e+01 -1.372446398388257762e+02
9.999115114692307316e+01 -1.372369835085928003e+02
1.003520529574476825e+02 -1.372293271043433833e+02
1.007129547679721639e+02 -1.372216707000940232e+02
1.010738565784967733e+02 -1.372140142958446063e+02
1.014347584630377810e+02 -1.372063579656116588e+02
1.017956602735622624e+02 -1.371987015613622418e+02
1.021565620840868718e+02 -1.371910451571128817e+02
1.025174638946114811e+02 -1.371833887528634648e+02
1.028783657791523609e+02 -1.371757323486141047e+02
1.032392675896769703e+02 -1.371680760183811003e+02
1.036001694002015796e+02 -1.371604196141317118e+02
1.039610712107260611e+02 -1.371527632098823233e+02
1.043219730952670687e+02 -1.371451068056329632e+02
1.046828749057916781e+02 -1.371374504753999588e+02
1.050437767163161595e+02 -1.371297940711505703e+02
1.054046785268407689e+02 -1.371221376669011818e+02
1.057655803373653782e+02 -1.371144812626517933e+02
1.061264822219062580e+02 -1.371068249324188173e+02
1.064873840324308674e+02 -1.370991685281694288e+02
1.068482858429554767e+02 -1.370915121239200403e+02
1.072091876534799582e+02 -1.370838557196706518e+02
1.075700895380209801e+02 -1.370761993154212917e+02
1.079309913485455894e+02 -1.370685429851882873e+02
1.082918931590700566e+02 -1.370608865809388988e+02
1.086527949695946660e+02 -1.370532301766895102e+02
1.090136968541356879e+02 -1.370455737724401217e+02
1.093745986646601551e+02 -1.370379174422071458e+02
1.097355004751847645e+02 -1.370302610379577573e+02
1.100964022857093738e+02 -1.370226046337083687e+02
1.104573041702502678e+02 -1.370149482294589802e+02
1.108182059807748772e+02 -1.370072918992260043e+02
1.111791077912994865e+02 -1.369996354949766157e+02
1.115400096018239537e+02 -1.369919790907272272e+02
1.119009114863649756e+02 -1.369843226864778387e+02
1.122618132968895850e+02 -1.369766662822284502e+02
1.126227151074140522e+02 -1.369690099519954742e+02
1.129836169179386616e+02 -1.369613535477460857e+02
1.133445187284632709e+02 -1.369536971434966972e+02
1.137054206130041649e+02 -1.369460407392473087e+02
1.140663224235287743e+02 -1.369383844090143327e+02
1.144272242340532415e+02 -1.369307280047649442e+02
1.147881260445778508e+02 -1.369230716005155557e+02
1.151490279291188727e+02 -1.369154151962661672e+02
1.155099297396433400e+02 -1.369077588660331628e+02
1.158708315501679493e+02 -1.369001024617838027e+02
1.162317333606925587e+02 -1.368924460575344142e+02
1.165926352452334527e+02 -1.368847896532850257e+02
1.169535370557580620e+02 -1.368771332490356087e+02
1.173144388662826714e+02 -1.368694769188026612e+02
1.176753406768071386e+02 -1.368618205145532443e+02
1.180362425613481605e+02 -1.368541641103038842e+02
1.183971443718727699e+02 -1.368465077060544672e+02
1.187580461823972371e+02 -1.368388513758215197e+02
1.191189479929218464e+02 -1.368311949715721028e+02
1.194798498774628683e+02 -1.368235385673227427e+02
1.198407516879873498e+02 -1.368158821630733257e+02
1.202016534985119591e+02 -1.368082258328403498e+02
1.205625553090365685e+02 -1.368005694285909613e+02
1.209234571195610357e+02 -1.367929130243415727e+02
1.212843590041020576e+02 -1.367852566200921842e+02
1.216452608146266670e+02 -1.367776002158428241e+02
1.220061626251511342e+02 -1.367699438856098197e+02
1.223670644356757435e+02 -1.367622874813604312e+02
1.227279663202167654e+02 -1.367546310771110427e+02
1.230887947064743315e+02 -1.367441766309653417e+02
1.234496014799438370e+02 -1.367328975681286920e+02
1.238104082534132147e+02 -1.367216184312756866e+02
1.241712150268827202e+02 -1.367103393684390369e+02
1.245320218003520978e+02 -1.366990603056024156e+02
1.248928285738216175e+02 -1.366877811687493818e+02
1.252536354213073935e+02 -1.366765021059127605e+02
1.256144421947768990e+02 -1.366652230430761108e+02
1.259752489682462908e+02 -1.366539439062230770e+02
1.263360557417157963e+02 -1.366426648433864557e+02
1.266968625151851739e+02 -1.366313857805498344e+02
1.270576692886546795e+02 -1.366201066436968006e+02
1.274184760621240571e+02 -1.366088275808601793e+02
1.277792828355935768e+02 -1.365975485180235296e+02
1.281400896090629544e+02 -1.365862693811704958e+02
1.285008963825324599e+02 -1.365749903183338461e+02
1.288617031560018518e+02 -1.365637112554972248e+02
1.292225099294712152e+02 -1.365524321186442194e+02
1.295833167029407207e+02 -1.365411530558075697e+02
1.299441235504264966e+02 -1.365298739929709484e+02
1.303049303238960306e+02 -1.365185948561179146e+02
1.306657370973653940e+02 -1.365073157932812649e+02
1.310265438708348995e+02 -1.364960367304446436e+02
1.313873506443042913e+02 -1.364847575935916097e+02
1.317481574177737969e+02 -1.364734785307549885e+02
1.321089641912431603e+02 -1.364621994679183672e+02
1.324697709647126942e+02 -1.364509203310653334e+02
1.328305777381820576e+02 -1.364396412682286837e+02
1.331913845116515631e+02 -1.364283622053920624e+02
1.335521912851209549e+02 -1.364170830685390285e+02
1.339129980585904605e+02 -1.364058040057023788e+02
1.342738048320598523e+02 -1.363945249428657576e+02
1.346346116795456282e+02 -1.363832458060127237e+02
1.349954184530151338e+02 -1.363719667431761025e+02
1.353562252264844972e+02 -1.363606876803394812e+02
1.357170319999540311e+02 -1.363494085434864473e+02
1.360778387734233945e+02 -1.363381294806497976e+02
1.364386455468929000e+02 -1.363268504178131764e+02
1.367994523203622919e+02 -1.363155712809601425e+02
1.371602590938317974e+02 -1.363042922181235213e+02
1.375210658673011892e+02 -1.362930131552869000e+02
1.378818726407706947e+02 -1.362817340184338377e+02
1.382426794142400581e+02 -1.362704549555972164e+02
1.386034861877095636e+02 -1.362591758927605667e+02
1.389642930351953680e+02 -1.362478967559075613e+02
1.393250998086648735e+02 -1.362366176930709116e+02
1.396859065821342369e+02 -1.362253386302342903e+02
1.400467133556037425e+02 -1.362140594933812565e+02
1.404075201290731343e+02 -1.362027804305446352e+02
1.407683269025426398e+02 -1.361915013677079855e+02
1.411291336760120316e+02 -1.361802222308549517e+02
1.414899404494813950e+02 -1.361689431680183304e+02
1.418507472229509006e+02 -1.361576641051817091e+02
1.422115539964202924e+02 -1.361463849683286753e+02
1.425723607698897979e+02 -1.361351059054920256e+02
1.429331675433591897e+02 -1.361238268426554043e+02
1.432939743168286952e+02 -1.361125477058023705e+02
1.436547811643144712e+02 -1.361012686429657492e+02
1.440155879377839767e+02 -1.360899895801290995e+02
1.443763947112533685e+02 -1.360787104432760657e+02
1.447372014847228741e+02 -1.360674313804394444e+02
1.450980082581922375e+02 -1.360561523176028231e+02
1.454588150316617430e+02 -1.360448731807497893e+02
1.458196218051311348e+02 -1.360335941179131396e+02
1.461804285786006403e+02 -1.360223150550765183e+02
1.465412353520700321e+02 -1.360110359182234845e+02
1.469020421255395377e+02 -1.359997568553868632e+02
