2.800522762867931306e+02 -1.092729784958070525e+02
2.798811463775646189e+02 -1.092063696588539301e+02
2.797100164683362209e+02 -1.091397608219007651e+02
2.795388865591077092e+02 -1.090731519849476285e+02
2.793677566498791975e+02 -1.090065430739780794e+02
2.791966267406508564e+02 -1.089399342370249286e+02
2.790254967574059037e+02 -1.088733254000718063e+02
2.788543668481775626e+02 -1.088067165631186413e+02
2.786832369389490509e+02 -1.087401077261655047e+02
2.785121070297206529e+02 -1.086734988892123539e+02
2.783409771204921412e+02 -1.086068900522592031e+02
2.781698472112638001e+02 -1.085402812153060665e+02
2.779987173020352884e+02 -1.084736723783529158e+02
2.778275873928068904e+02 -1.084070635413997650e+02
2.776564574835783787e+02 -1.083404547044466284e+02
2.774853275743498671e+02 -1.082738457934770793e+02
2.773141976651214691e+02 -1.082072369565239285e+02
2.771430676818765733e+02 -1.081406281195707919e+02
2.769719377726481753e+02 -1.080740192826176269e+02
2.768008078634196636e+02 -1.080074104456645046e+02
2.766296779541913224e+02 -1.079408016087113538e+02
2.764585480449628108e+02 -1.078741927717582030e+02
2.762874181357344128e+02 -1.078075839348050664e+02
2.761162882265059011e+02 -1.077409750978519014e+02
2.759451583172773894e+02 -1.076743662608987648e+02
2.757740284080489914e+02 -1.076077573499292157e+02
2.756028984988205366e+02 -1.075411485129760791e+02
2.754317685895921386e+02 -1.074745396760229426e+02
2.752606386063472428e+02 -1.074079308390697776e+02
2.750895086971188448e+02 -1.073413220021166410e+02
2.749183787878903331e+02 -1.072747131651634902e+02
2.747472488786619351e+02 -1.072081043282103394e+02
2.745761189694334234e+02 -1.071414954912572171e+02
2.744049890602049118e+02 -1.070748866543040521e+02
2.742337943126118489e+02 -1.070084966838400078e+02
2.740539840562830705e+02 -1.069712079626552139e+02
2.738741737259379079e+02 -1.069339193154868042e+02
2.736943634696091294e+02 -1.068966306683184229e+02
2.735145532132804078e+02 -1.068593419471336006e+02
2.733347428829351884e+02 -1.068220532999652050e+02
2.731549326266064668e+02 -1.067847645787804112e+02
2.729751222962612474e+02 -1.067474759316119872e+02
2.727953120399325257e+02 -1.067101872104272076e+02
2.726155017095873063e+02 -1.066728985632587978e+02
2.724356914532585279e+02 -1.066356098420740182e+02
2.722558811229133653e+02 -1.065983211949055942e+02
2.720760708665845868e+02 -1.065610324737208003e+02
2.718962605362394243e+02 -1.065237438265524048e+02
2.717164502799106458e+02 -1.064864551793839951e+02
2.715366399495654832e+02 -1.064491664581992012e+02
2.713568296932367048e+02 -1.064118778110307915e+02
2.711770194369079832e+02 -1.063745890898459976e+02
2.709972091065627637e+02 -1.063373004426776021e+02
2.708173988502340421e+02 -1.063000117214927798e+02
2.706375885198888227e+02 -1.062627230743243985e+02
2.704577782635600443e+02 -1.062254343531395904e+02
2.702779679332148817e+02 -1.061881457059711806e+02
2.700981576768861032e+02 -1.061508569847863868e+02
2.699183473465409406e+02 -1.061135683376179770e+02
2.697385370902121622e+02 -1.060762796904495957e+02
2.695587267598669996e+02 -1.060389909692647734e+02
2.693789165035382211e+02 -1.060017023220963779e+02
2.691991061731930586e+02 -1.059644136009115840e+02
2.690192959168642801e+02 -1.059271249537431743e+02
2.688394856605355585e+02 -1.058898362325583804e+02
2.686596753301903391e+02 -1.058525475853899707e+02
2.684798650738615606e+02 -1.058152588642051910e+02
2.683000547435165686e+02 -1.057779702170367813e+02
2.681201948221846578e+02 -1.057410570550557907e+02
2.679368719696524863e+02 -1.057303364459426120e+02
2.677535491911368695e+02 -1.057196157628130351e+02
2.675702263386047548e+02 -1.057088951536998565e+02
2.673869035600891380e+02 -1.056981745445866778e+02
2.672035807815734074e+02 -1.056874538614571009e+02
2.670202579290413496e+02 -1.056767332523439364e+02
2.668369351505256191e+02 -1.056660126432307578e+02
2.666536122979936181e+02 -1.056552919601011808e+02
2.664702895194778876e+02 -1.056445713509880022e+02
2.662869666669457160e+02 -1.056338507418748236e+02
2.661036438884300992e+02 -1.056231300587452466e+02
2.659203210358979845e+02 -1.056124094496320680e+02
2.657369982573823677e+02 -1.056016888405188894e+02
2.655536754048501962e+02 -1.055909681573893124e+02
2.653703526263345793e+02 -1.055802475482761338e+02
2.651870297738024647e+02 -1.055695269391629552e+02
2.650037069952868478e+02 -1.055588062560333924e+02
2.648203841427546763e+02 -1.055480856469202138e+02
2.646370613642390595e+02 -1.055373650378070352e+02
2.644537385117069448e+02 -1.055266444286938565e+02
2.642704157331913279e+02 -1.055159237455642938e+02
2.640870928806591564e+02 -1.055052031364511151e+02
2.639037701021434259e+02 -1.054944825273379365e+02
2.637204472496114249e+02 -1.054837618442083453e+02
2.635371244710956944e+02 -1.054730412350951809e+02
2.633538016185636934e+02 -1.054623206259820023e+02
2.631704788400479060e+02 -1.054515999428524111e+02
2.629871559875159051e+02 -1.054408793337392325e+02
2.628038332090001745e+02 -1.054301587246260539e+02
2.626205103564681735e+02 -1.054194380414964911e+02
2.624371875779524430e+02 -1.054087174323833125e+02
2.622538647254203852e+02 -1.053979968232701339e+02
2.620705419469046547e+02 -1.053872761401405711e+02
2.618872190943726537e+02 -1.053765555310273925e+02
2.617038963158569231e+02 -1.053658349219142139e+02
2.615205768680791039e+02 -1.053714159803780461e+02
2.613372584565309467e+02 -1.053822117161352736e+02
2.611539400449827895e+02 -1.053930073778760885e+02
2.609706216334344617e+02 -1.054038031136333160e+02
2.607873032218863045e+02 -1.054145988493905435e+02
2.606039848103381473e+02 -1.054253945111313584e+02
2.604206663987899901e+02 -1.054361902468885859e+02
2.602373479872417192e+02 -1.054469859826457991e+02
2.600540295756935620e+02 -1.054577816443866141e+02
2.598707111641454048e+02 -1.054685773801438415e+02
2.596873927525971339e+02 -1.054793731159010406e+02
2.595040743410489767e+02 -1.054901687776418839e+02
2.593207559295008195e+02 -1.055009645133990972e+02
2.591374375179524918e+02 -1.055117602491563105e+02
2.589541191064043346e+02 -1.055225559108971396e+02
2.587708006948561774e+02 -1.055333516466543671e+02
2.585874822833080202e+02 -1.055441473824115803e+02
2.584041638717597493e+02 -1.055549430441524095e+02
2.582208454602115921e+02 -1.055657387799096369e+02
2.580375270486634349e+02 -1.055765345156668502e+02
2.578542086371151640e+02 -1.055873301774076793e+02
2.576708902255670068e+02 -1.055981259131649068e+02
2.574875718140188496e+02 -1.056089216489221059e+02
2.573042534764869629e+02 -1.056197173106629492e+02
2.571209350649388057e+02 -1.056305130464201625e+02
2.569376166533906485e+02 -1.056413087821773757e+02
2.567542982418423776e+02 -1.056521044439182049e+02
2.565709798302942204e+02 -1.056629001796754039e+02
2.563876614187460632e+02 -1.056736959154326314e+02
2.562043430071977355e+02 -1.056844915771734605e+02
2.560210245956495783e+02 -1.056952873129306738e+02
2.558377061841014211e+02 -1.057060829746715029e+02
2.556543877725532639e+02 -1.057168787104287304e+02
2.554710693610049930e+02 -1.057276744461859437e+02
2.552877509494568358e+02 -1.057384701079267728e+02
2.551044325379086786e+02 -1.057492658436840003e+02
2.549211141263603793e+02 -1.057600615794412136e+02
2.547382583913166059e+02 -1.057753534412993304e+02
2.545565827737236191e+02 -1.058021145141207313e+02
2.543749070821142482e+02 -1.058288755129257339e+02
2.541932314645212898e+02 -1.058556365857471206e+02
2.540115558469281893e+02 -1.058823975845521232e+02
2.538298802293352310e+02 -1.059091586573735100e+02
2.536482046117422442e+02 -1.059359196561785126e+02
2.534665289941492858e+02 -1.059626807289999135e+02
2.532848533765562991e+02 -1.059894417278049161e+02
2.531031777589633407e+02 -1.060162028006263171e+02
2.529215020673539698e+02 -1.060429637994313197e+02
2.527398264497610114e+02 -1.060697248722527064e+02
2.525581508321680246e+02 -1.060964858710577090e+02
2.523764752145749242e+02 -1.061232469438790957e+02
2.521947995969819658e+02 -1.061500080167004967e+02
2.520131239793889790e+02 -1.061767690155054993e+02
2.518314483617960207e+02 -1.062035300883269002e+02
2.516497727442030623e+02 -1.062302910871319028e+02
2.514680971266100755e+02 -1.062570521599532896e+02
2.512864214350007046e+02 -1.062838131587582922e+02
2.511047458174077462e+02 -1.063105742315796789e+02
2.509230701998147879e+02 -1.063373352303846815e+02
2.507413945822216874e+02 -1.063640963032060824e+02
2.505597189646287006e+02 -1.063908573020110850e+02
2.503780433470357423e+02 -1.064176183748324860e+02
2.501963677294427555e+02 -1.064443793736374886e+02
2.500146921118497971e+02 -1.064711404464588753e+02
2.498330164942568388e+02 -1.064979014452638779e+02
2.496513408026474679e+02 -1.065246625180852647e+02
2.494696651850544811e+02 -1.065514235909066656e+02
2.492879895674613806e+02 -1.065781845897116682e+02
2.491063139498684222e+02 -1.066049456625330691e+02
2.489246383322754355e+02 -1.066317066613380717e+02
2.487429627146824771e+02 -1.066584677341594585e+02
2.485612870970895187e+02 -1.066852287329644611e+02
2.483796114794965320e+02 -1.067119898057858478e+02
2.481979357878871610e+02 -1.067387508045908362e+02
2.480162601702942027e+02 -1.067655118774122514e+02
2.478345845527012443e+02 -1.067922728762172540e+02
2.476529089351081439e+02 -1.068190339490386549e+02
2.474712333175151571e+02 -1.068457949478436575e+02
2.472913622197072812e+02 -1.068826667346581161e+02
2.471116456681384648e+02 -1.069204048093955919e+02
2.469319291905860609e+02 -1.069581428841330961e+02
2.467522126390172446e+02 -1.069958809588706004e+02
2.465724961614648123e+02 -1.070336191076244887e+02
2.463927796839124085e+02 -1.070713571823619787e+02
2.462130631323435921e+02 -1.071090952570994830e+02
2.460333466547911883e+02 -1.071468334058533713e+02
2.458536301772387844e+02 -1.071845714805908756e+02
2.456739136256699680e+02 -1.072223095553283798e+02
2.454941971481175642e+02 -1.072600476300658556e+02
2.453144805965487478e+02 -1.072977857788197582e+02
2.451347641189963440e+02 -1.073355238535572624e+02
2.449550476414439117e+02 -1.073732619282947525e+02
2.447753310898750954e+02 -1.074110000030322425e+02
2.445956146123226915e+02 -1.074487381517861593e+02
2.444158980607538751e+02 -1.074864762265236351e+02
2.442361815832014713e+02 -1.075242143012611393e+02
2.440564651056490675e+02 -1.075619523759986436e+02
2.438767485540802511e+02 -1.075996905247525319e+02
2.436970320765278473e+02 -1.076374285994900220e+02
2.435173155989754434e+02 -1.076751666742275262e+02
2.433375990474066271e+02 -1.077129048229814146e+02
2.431578825698541948e+02 -1.077506428977189046e+02
2.429781660182854068e+02 -1.077883809724564230e+02
2.427984495407329746e+02 -1.078261190471938988e+02
2.426187330631805708e+02 -1.078638571959477872e+02
2.424390165116117544e+02 -1.079015952706853056e+02
2.422593000340593505e+02 -1.079393333454227957e+02
2.420795835565069467e+02 -1.079770714201602999e+02
2.418998670049381303e+02 -1.080148095689141883e+02
2.417201505273857265e+02 -1.080525476436516783e+02
2.415404339758169101e+02 -1.080902857183891683e+02
2.413607174982645063e+02 -1.081280237931266868e+02
2.411810010207120740e+02 -1.081657619418805751e+02
2.410012844691432576e+02 -1.082035000166180509e+02
2.408215679915908538e+02 -1.082412380913555694e+02
2.406418514400220374e+02 -1.082789762401094578e+02
2.404621349624696336e+02 -1.083167143148469478e+02
2.402824184849172298e+02 -1.083544523895844520e+02
2.401027019333484134e+02 -1.083921904643219420e+02
2.399229854557960095e+02 -1.084299286130758304e+02
2.397432689782435773e+02 -1.084676666878133346e+02
2.395639272457146092e+02 -1.085070336414232202e+02
2.393857930907201421e+02 -1.085516473214268416e+02
2.392076588617094046e+02 -1.085962610754468471e+02
2.390295246326985534e+02 -1.086408747554504544e+02
2.388513904036877022e+02 -1.086854885094704741e+02
2.386732561746768511e+02 -1.087301022634904797e+02
2.384951219456661136e+02 -1.087747159434941011e+02
2.383169877166552624e+02 -1.088193296975141209e+02
2.381388534876444112e+02 -1.088639433775177423e+02
2.379607192586335316e+02 -1.089085571315377621e+02
2.377825850296228225e+02 -1.089531708855577818e+02
2.376044508006119713e+02 -1.089977845655614033e+02
2.374263165716010917e+02 -1.090423983195814230e+02
2.372481823425903826e+02 -1.090870119995850445e+02
2.370700481135795314e+02 -1.091316257536050642e+02
2.368919138845686518e+02 -1.091762394336086857e+02
2.367137796555578007e+02 -1.092208531876286912e+02
2.365356455005634757e+02 -1.092654669416487110e+02
2.363575112715526245e+02 -1.093100806216523182e+02
2.361793770425417733e+02 -1.093546943756723238e+02
2.360012428135308937e+02 -1.093993080556759452e+02
2.358231085845201846e+02 -1.094439218096959650e+02
2.356449743555093335e+02 -1.094885355637159847e+02
2.354668401264984539e+02 -1.095331492437196061e+02
2.352887058974877448e+02 -1.095777629977396259e+02
2.351105716684768936e+02 -1.096223766777432473e+02
2.349324374394660140e+02 -1.096669904317632671e+02
2.347543032104551628e+02 -1.097116041857832869e+02
2.345761689814444253e+02 -1.097562178657869083e+02
2.343980347524335741e+02 -1.098008316198069139e+02
2.342199005234227229e+02 -1.098454452998105353e+02
2.340417662944119854e+02 -1.098900590538305551e+02
2.338636320654011342e+02 -1.099346728078505606e+02
2.336854979104066956e+02 -1.099792864878541678e+02
2.335073636813958160e+02 -1.100239002418741876e+02
2.333292294523851069e+02 -1.100685139218778090e+02
2.331510952233742273e+02 -1.101131276758978288e+02
2.329729609943633761e+02 -1.101577413559014502e+02
2.327948267653525249e+02 -1.102023551099214700e+02
2.326166925363417874e+02 -1.102469688639414898e+02
2.324385583073309363e+02 -1.102915825439451112e+02
2.322604240783200851e+02 -1.103361962979651310e+02
2.320822898493093476e+02 -1.103808099779687524e+02
2.319041556202984964e+02 -1.104254237319887579e+02
2.317260213912876452e+02 -1.104700374860087777e+02
2.315478871622767940e+02 -1.105146511660123991e+02
2.313697529332660565e+02 -1.105592649200324047e+02
2.311916187042552053e+02 -1.106038786000360261e+02
2.310143739302999393e+02 -1.106518965162361781e+02
2.308371834843810291e+02 -1.107001224185149226e+02
2.306599930384619768e+02 -1.107483482467772546e+02
2.304828026665593370e+02 -1.107965741490559992e+02
2.303056122206403984e+02 -1.108447999773183312e+02
2.301284217747213745e+02 -1.108930258055806775e+02
2.299512313288024359e+02 -1.109412517078594220e+02
2.297740408828833836e+02 -1.109894775361217398e+02
2.295968504369643597e+02 -1.110377034384004844e+02
2.294196599910454211e+02 -1.110859292666628164e+02
2.292424695451263688e+02 -1.111341551689415610e+02
2.290652790992073164e+02 -1.111823809972039072e+02
2.288880886532884062e+02 -1.112306068994826234e+02
2.287108982073693539e+02 -1.112788327277449838e+02
2.285337077614503016e+02 -1.113270586300237142e+02
2.283565173155313914e+02 -1.113752844582860462e+02
2.281793268696123391e+02 -1.114235102865483924e+02
2.280021364236932868e+02 -1.114717361888271085e+02
2.278249459777743766e+02 -1.115199620170894690e+02
2.276477555318553243e+02 -1.115681879193681993e+02
2.274705651599526846e+02 -1.116164137476305456e+02
2.272933747140337744e+02 -1.116646396499092759e+02
2.271161842681147220e+02 -1.117128654781716079e+02
2.269389938221956697e+02 -1.117610913804503525e+02
2.267618033762767595e+02 -1.118093172087126845e+02
2.265846129303577072e+02 -1.118575431109914433e+02
2.264074224844386549e+02 -1.119057689392537611e+02
2.262302320385197447e+02 -1.119539947675161216e+02
2.260530415926006924e+02 -1.120022206697948377e+02
2.258758511466817822e+02 -1.120504464980571839e+02
2.256986607007627299e+02 -1.120986724003359285e+02
2.255214702548436776e+02 -1.121468982285982463e+02
2.253442798089247674e+02 -1.121951241308770051e+02
2.251670893630057151e+02 -1.122433499591393229e+02
2.249898989170866628e+02 -1.122915758614180675e+02
2.248127084711677526e+02 -1.123398016896804137e+02
2.246355180992650844e+02 -1.123880275919591298e+02
2.244583276533460605e+02 -1.124362534202214903e+02
2.242811372074271219e+02 -1.124844793225002206e+02
2.241039467615080696e+02 -1.125327051507625526e+02
2.239267563155890457e+02 -1.125809309790248989e+02
2.237495658696701071e+02 -1.126291568813036292e+02
2.235723754237510548e+02 -1.126773827095659755e+02
2.233951849778320025e+02 -1.127256086118447058e+02
2.232179945319130923e+02 -1.127738344401070520e+02
2.230408040859940400e+02 -1.128220603423857824e+02
2.228636136400749876e+02 -1.128702861706481144e+02
2.226864231941560774e+02 -1.129185120729268590e+02
2.225092327482370251e+02 -1.129667379011892052e+02
2.223320423023181149e+02 -1.130149638034679498e+02
2.221548518563990626e+02 -1.130631896317302676e+02
2.219778994472162026e+02 -1.131122799715220992e+02
2.218009915959050886e+02 -1.131615325552584892e+02
2.216240838186102735e+02 -1.132107851389948934e+02
2.214471760413155721e+02 -1.132600377227312833e+02
2.212702682640207570e+02 -1.133092903804840716e+02
2.210933604867260556e+02 -1.133585429642204758e+02
2.209164526354148279e+02 -1.134077955479568658e+02
2.207395448581201265e+02 -1.134570482057096683e+02
2.205626370808253114e+02 -1.135063007894460725e+02
2.203857293035306100e+02 -1.135555533731824625e+02
2.202088214522193823e+02 -1.136048059569188666e+02
2.200319136749246809e+02 -1.136540586146716549e+02
2.198550058976298374e+02 -1.137033111984080449e+02
2.196780981203351644e+02 -1.137525637821444349e+02
2.195011903430403208e+02 -1.138018163658808248e+02
2.193242824917292353e+02 -1.138510690236336274e+02
2.191473747144343918e+02 -1.139003216073700315e+02
2.189704669371397188e+02 -1.139495741911064215e+02
2.187935591598448752e+02 -1.139988268488592240e+02
2.186166513825500601e+02 -1.140480794325956282e+02
2.184397435312389462e+02 -1.140973320163320039e+02
2.182628357539441311e+02 -1.141465846000684081e+02
2.180859279766494296e+02 -1.141958372578211964e+02
2.179090201993546145e+02 -1.142450898415575864e+02
2.177321123480435006e+02 -1.142943424252939906e+02
2.175552045707486855e+02 -1.143435950090303947e+02
2.173782967934539840e+02 -1.143928476667831973e+02
2.172013890161591689e+02 -1.144421002505195872e+02
2.170244812388644675e+02 -1.144913528342559914e+02
2.168475733875532399e+02 -1.145406054920087797e+02
2.166706656102585384e+02 -1.145898580757451697e+02
2.164937578329637233e+02 -1.146391106594815739e+02
2.163168500556690219e+02 -1.146883632432179638e+02
2.161399422783742068e+02 -1.147376159009707521e+02
2.159630344270630928e+02 -1.147868684847071563e+02
2.157861266497682777e+02 -1.148361210684435463e+02
2.156092188724735763e+02 -1.148853736521799505e+02
2.154323110951787328e+02 -1.149346263099327530e+02
2.152554032438676472e+02 -1.149838788936691429e+02
2.150784954665728321e+02 -1.150331314774055471e+02
2.149015876892781307e+02 -1.150823841351583354e+02
2.147246799119832872e+02 -1.151316367188947254e+02
2.145477721346884721e+02 -1.151808893026311154e+02
2.143708642833773865e+02 -1.152301418863675053e+02
2.141939565060825430e+02 -1.152793945441203078e+02
2.140170487287878416e+02 -1.153286471278567120e+02
2.138401409514930265e+02 -1.153778997115931162e+02
2.136632331741983251e+02 -1.154271522953295062e+02
2.134863253228870974e+02 -1.154764049530823087e+02
2.133094175455923960e+02 -1.155256575368186986e+02
2.131325097682975809e+02 -1.155749101205550886e+02
2.129556019910028795e+02 -1.156241627783078769e+02
2.127786941396916518e+02 -1.156734153620442811e+02
2.126017863623969504e+02 -1.157226679457806711e+02
2.124248785851021353e+02 -1.157719205295170752e+02
2.122477466861540734e+02 -1.158203588588582846e+02
2.120705532795791157e+02 -1.158685738807265011e+02
2.118933598730041581e+02 -1.159167889025947176e+02
2.117161664664292005e+02 -1.159650039244629482e+02
2.115389730598543849e+02 -1.160132189463311647e+02
2.113617797272958398e+02 -1.160614339681993670e+02
2.111845863207208822e+02 -1.161096490640840102e+02
2.110073929141459246e+02 -1.161578640859522125e+02
2.108301995075709669e+02 -1.162060791078204289e+02
2.106530061750125640e+02 -1.162542941296886596e+02
2.104758127684376063e+02 -1.163025091515568761e+02
2.102986193618626487e+02 -1.163507241734250925e+02
2.101214259552876911e+02 -1.163989391952933232e+02
2.099442326227291460e+02 -1.164471542911779380e+02
2.097670392161543305e+02 -1.164953693130461545e+02
2.095898458095793728e+02 -1.165435843349143852e+02
2.094126524030044152e+02 -1.165917993567826159e+02
2.092354590704458701e+02 -1.166400143786508181e+02
2.090582656638709125e+02 -1.166882294005190346e+02
2.088810722572960970e+02 -1.167364444223872653e+02
2.087038788507211393e+02 -1.167846595182718659e+02
2.085266855181625942e+02 -1.168328745401400965e+02
2.083494921115876366e+02 -1.168810895620083272e+02
2.081722987050126790e+02 -1.169293045838765437e+02
2.079951052984378634e+02 -1.169775196057447459e+02
2.078179119658792899e+02 -1.170257346276129766e+02
2.076407185593043607e+02 -1.170739496494811931e+02
2.074635251527294031e+02 -1.171221647453658079e+02
2.072863317461544455e+02 -1.171703797672340386e+02
2.071091384135960141e+02 -1.172185947891022550e+02
2.069319450070210564e+02 -1.172668098109704715e+02
2.067547516004461272e+02 -1.173150248328387022e+02
2.065775581938711696e+02 -1.173632398547069329e+02
2.064003648613126245e+02 -1.174114548765751209e+02
2.062231714547377806e+02 -1.174596699724597642e+02
2.060459780481628229e+02 -1.175078849943279806e+02
2.058687846415878937e+02 -1.175561000161961829e+02
2.056915913090293202e+02 -1.176043150380644136e+02
2.055143979024543910e+02 -1.176525300599326442e+02
2.053372044958795470e+02 -1.177007450818008607e+02
2.051600110893045894e+02 -1.177489601036690772e+02
2.049828177567460443e+02 -1.177971751995536920e+02
2.048056243501710867e+02 -1.178453902214219084e+02
2.046284309435962712e+02 -1.178936052432901391e+02
2.044512375370213135e+02 -1.179418202651583698e+02
2.042740442044627684e+02 -1.179900352870265721e+02
2.040968507978878108e+02 -1.180382503088947885e+02
2.039196573913128532e+02 -1.180864653307630192e+02
2.037424639847380377e+02 -1.181346804266476340e+02
2.035652706521794926e+02 -1.181828954485158505e+02
2.033880772456045349e+02 -1.182311104703840812e+02
2.032108838390295773e+02 -1.182793254922522976e+02
2.030336904324546197e+02 -1.183275405141205141e+02
2.028564970998962167e+02 -1.183757555359887306e+02
2.026793036933212591e+02 -1.184239706318733596e+02
2.025021102867463014e+02 -1.184721856537415619e+02
2.023249168801713438e+02 -1.185204006756097925e+02
2.021477234735963862e+02 -1.185686156974780090e+02
2.019705301410379832e+02 -1.186168307193462255e+02
2.017905956111768262e+02 -1.186521062685198729e+02
2.016090724673638590e+02 -1.186798826242736169e+02
2.014275492495345077e+02 -1.187076589800273752e+02
2.012460261057215689e+02 -1.187354353357811192e+02
2.010645029619086301e+02 -1.187632116915348917e+02
2.008829797440791367e+02 -1.187909880472886357e+02
2.007014566002661979e+02 -1.188187644030423940e+02
2.005199334564532592e+02 -1.188465407587961380e+02
2.003384102386239078e+02 -1.188743171145498962e+02
2.001568870948109691e+02 -1.189020934703036403e+02
1.999753639509980019e+02 -1.189298698260574128e+02
1.997938407331686506e+02 -1.189576461818111568e+02
1.996123175893557118e+02 -1.189854225375649008e+02
1.994307944455427730e+02 -1.190131988933186733e+02
1.992492712277134217e+02 -1.190409753230888157e+02
1.990681804136816027e+02 -1.190710844536606032e+02
1.988887587434426791e+02 -1.191102004176646147e+02
1.987093371472202534e+02 -1.191493163816686263e+02
1.985299154769813015e+02 -1.191884323456726378e+02
1.983504938067424916e+02 -1.192275483096766493e+02
1.981710722105199238e+02 -1.192666642736806608e+02
1.979916505402811140e+02 -1.193057802376846581e+02
1.978122288700421620e+02 -1.193448962016886696e+02
1.976328072738196227e+02 -1.193840121656926812e+02
1.974533856035807844e+02 -1.194231281296966927e+02
1.972739639333418324e+02 -1.194622440937007042e+02
1.970945423371194352e+02 -1.195013600577047157e+02
1.969151206668804832e+02 -1.195404760217087130e+02
1.967356989966416734e+02 -1.195795919857127245e+02
1.965562773264027214e+02 -1.196187079497167360e+02
1.963768557301802957e+02 -1.196578239137207476e+02
1.961974340599413438e+02 -1.196969398777247449e+02
1.960180123897025339e+02 -1.197360558417287564e+02
1.958385907934799661e+02 -1.197751718057327679e+02
1.956591691232410142e+02 -1.198142877697367794e+02
1.954811570953035016e+02 -1.198593004721423938e+02
1.953034424652533119e+02 -1.199055573901996326e+02
1.951257278352031506e+02 -1.199518143082568429e+02
1.949480132051529608e+02 -1.199980712263140674e+02
1.947702986491193258e+02 -1.200443281443712920e+02
1.945925840190691360e+02 -1.200905849884121039e+02
1.944148693890189747e+02 -1.201368419064693143e+02
1.942371547589687850e+02 -1.201830988245265530e+02
1.940594401289187374e+02 -1.202293557425837633e+02
1.938817254988685477e+02 -1.202756126606409737e+02
1.937040109428347705e+02 -1.203218695786982124e+02
1.935262963127846092e+02 -1.203681264227390386e+02
1.933485816827344195e+02 -1.204143833407962489e+02
1.931708670526843719e+02 -1.204606402588534593e+02
1.929931524226341821e+02 -1.205068971769106980e+02
1.928154378666004334e+02 -1.205531540949679083e+02
1.926377232365502437e+02 -1.205994110130251187e+02
1.924600086065000539e+02 -1.206456678570659449e+02
1.922822939764500063e+02 -1.206919247751231552e+02
1.921045793463998450e+02 -1.207381816931803797e+02
1.919268647163496553e+02 -1.207844386112376043e+02
1.917491501603158781e+02 -1.208306955292948146e+02
1.915714355302656884e+02 -1.208769524473520391e+02
1.913945683879734929e+02 -1.209262903719954210e+02
1.912181981177616308e+02 -1.209774342967517526e+02
1.910418278475496265e+02 -1.210285782955244827e+02
1.908654575773376507e+02 -1.210797222942972127e+02
1.906890872331092339e+02 -1.211308662930699569e+02
1.905127169628972581e+02 -1.211820102918426869e+02
1.903363466926853960e+02 -1.212331542906154311e+02
1.901599764224733917e+02 -1.212842982893881469e+02
1.899836060782450033e+02 -1.213354422881608912e+02
1.898072358080329991e+02 -1.213865862129172228e+02
1.896308655378211370e+02 -1.214377302116899671e+02
1.894544952676091611e+02 -1.214888742104626829e+02
1.892781249233807728e+02 -1.215400182092354271e+02
1.891017546531687685e+02 -1.215911622080081571e+02
1.889253843829567643e+02 -1.216423062067809013e+02
1.887490141127449021e+02 -1.216934502055536171e+02
1.885726437685165138e+02 -1.217445942043263614e+02
1.883962734983045380e+02 -1.217957381290826930e+02
1.882199032280925337e+02 -1.218468821278554373e+02
1.880435329578806716e+02 -1.218980261266281531e+02
1.878671626876686673e+02 -1.219491701254008973e+02
1.876907923434402790e+02 -1.220003141241736273e+02
1.875144220732283031e+02 -1.220514581229463715e+02
1.873380518030164410e+02 -1.221026021217191158e+02
1.871616815328044368e+02 -1.221537461204918316e+02
1.869853111885760484e+02 -1.222048900452481632e+02
1.868089409183640441e+02 -1.222560340440209075e+02
1.866334050350075415e+02 -1.223099505490326351e+02
1.864581020072394324e+02 -1.223646410435189864e+02
1.862827990534875937e+02 -1.224193316120217503e+02
1.861074960997358971e+02 -1.224740221065081158e+02
1.859321931459841721e+02 -1.225287126750108797e+02
1.857568901182159493e+02 -1.225834032435136436e+02
1.855815871644642243e+02 -1.226380937380000091e+02
1.854062842107124141e+02 -1.226927843065027730e+02
1.852309812569606891e+02 -1.227474748009891385e+02
1.850556782291924662e+02 -1.228021653694919024e+02
1.848803752754407412e+02 -1.228568559379946521e+02
1.847050723216889310e+02 -1.229115464324810318e+02
1.845297693679372060e+02 -1.229662370009837815e+02
1.843544664141855094e+02 -1.230209274954701471e+02
1.841791633864172582e+02 -1.230756180639728967e+02
1.840038604326655616e+02 -1.231303085584592765e+02
1.838285574789137229e+02 -1.231849991269620261e+02
1.836532545251620263e+02 -1.232396896954647900e+02
1.834779514973937751e+02 -1.232943801899511556e+02
1.833026485436420785e+02 -1.233490707584539194e+02
1.831273455898903819e+02 -1.234037612529402850e+02
1.829520426361385432e+02 -1.234584518214430489e+02
1.827767396823868467e+02 -1.235131423159294002e+02
1.826014366546185954e+02 -1.235678328844321641e+02
1.824261337008668988e+02 -1.236225234529349279e+02
1.822508307471150601e+02 -1.236772139474212935e+02
1.820755277933633636e+02 -1.237319045159240574e+02
1.819002247655951123e+02 -1.237865950104104229e+02
1.817249218118434158e+02 -1.238412855789131868e+02
1.815496188580917192e+02 -1.238959760733995523e+02
1.813747061928068547e+02 -1.239518845817325854e+02
1.812002643458303055e+02 -1.240092625376165643e+02
1.810258224988537563e+02 -1.240666404935005289e+02
1.808513806518770934e+02 -1.241240184493844936e+02
1.806769388049005443e+02 -1.241813964052684582e+02
1.805024969579239951e+02 -1.242387742871360246e+02
1.803280551109473322e+02 -1.242961522430200034e+02
1.801536132639707830e+02 -1.243535301989039681e+02
1.799791714169942338e+02 -1.244109081547879470e+02
1.798047295700175425e+02 -1.244682861106718974e+02
1.796302877230410218e+02 -1.245256640665558621e+02
1.794558458760644726e+02 -1.245830419484234426e+02
1.792814040290877813e+02 -1.246404199043073930e+02
1.791069621821112321e+02 -1.246977978601913719e+02
1.789325203351347113e+02 -1.247551758160753366e+02
1.787580784881580200e+02 -1.248125537719593154e+02
1.785836366411814708e+02 -1.248699316538268675e+02
1.784091947942049217e+02 -1.249273096097108322e+02
1.782347529472282588e+02 -1.249846875655948111e+02
1.780603111002517096e+02 -1.250420655214787757e+02
1.778858692532751604e+02 -1.250994434773627546e+02
1.777114274062984975e+02 -1.251568214332467193e+02
1.775369855593219484e+02 -1.252141993151142856e+02
1.773625437123452571e+02 -1.252715772709982502e+02
1.771881018653687079e+02 -1.253289552268822149e+02
1.770136600183921587e+02 -1.253863331827661938e+02
1.768392181714154958e+02 -1.254437111386501584e+02
1.766647763244389466e+02 -1.255010890205177247e+02
1.764903344774623974e+02 -1.255584669764016894e+02
1.763158926304857346e+02 -1.256158449322856683e+02
1.761414507835091854e+02 -1.256732228881696329e+02
1.759670089365326362e+02 -1.257306008440535834e+02
1.757925670895559733e+02 -1.257879787999375623e+02
1.756181252425794241e+02 -1.258453566818051428e+02
1.754442658306392389e+02 -1.259044701001747057e+02
1.752705304701822513e+02 -1.259639529343870379e+02
1.750967950357088228e+02 -1.260234356945830001e+02
1.749230596752518352e+02 -1.260829184547789339e+02
1.747493243147948476e+02 -1.261424012149748819e+02
1.745755888803215612e+02 -1.262018840491872425e+02
1.744018535198645736e+02 -1.262613668093831905e+02
1.742281181594075576e+02 -1.263208495695791385e+02
1.740543827249341575e+02 -1.263803323297750723e+02
1.738806473644771700e+02 -1.264398151639874186e+02
1.737069119300037698e+02 -1.264992979241833666e+02
1.735331765695467539e+02 -1.265587806843793146e+02
1.733594412090897663e+02 -1.266182634445752626e+02
1.731857057746163662e+02 -1.266777462787876090e+02
1.730119704141593502e+02 -1.267372290389835570e+02
1.728382350537023626e+02 -1.267967117991795050e+02
1.726644996192289625e+02 -1.268561946333918513e+02
1.724907642587719465e+02 -1.269156773935877993e+02
1.723170288242985464e+02 -1.269751601537837331e+02
1.721432934638416725e+02 -1.270346429139796811e+02
1.719695581033846850e+02 -1.270941257481920417e+02
1.717958226689112848e+02 -1.271536085083879897e+02
1.716220873084542689e+02 -1.272130912685839377e+02
1.714483519479972813e+02 -1.272725740287798715e+02
1.712746165135238812e+02 -1.273320568629922178e+02
1.711008811530668652e+02 -1.273915396231881658e+02
1.709271457185934651e+02 -1.274510223833841280e+02
1.707534103581364775e+02 -1.275105051435800760e+02
1.705796749976794615e+02 -1.275699879777924082e+02
1.704059395632060614e+02 -1.276294707379883562e+02
1.702322042027490738e+02 -1.276889534981843042e+02
1.700584688422920578e+02 -1.277484363323966505e+02
1.698847334078187998e+02 -1.278079190925926127e+02
1.697109980473617838e+02 -1.278674018527885323e+02
1.695372626128883837e+02 -1.279268846129845087e+02
1.693635272524313962e+02 -1.279863674471968409e+02
1.691898383002560138e+02 -1.280459835849421211e+02
1.690166914441799975e+02 -1.281071584340143943e+02
1.688435445881041232e+02 -1.281683332830866675e+02
1.686703977320282206e+02 -1.282295081321589407e+02
1.684972509499686169e+02 -1.282906829072148298e+02
1.683241040938927426e+02 -1.283518577562871030e+02
1.681509572378168684e+02 -1.284130326053593762e+02
1.679778104557573783e+02 -1.284742074544316495e+02
1.678046635996813620e+02 -1.285353823035039227e+02
1.676315167436054878e+02 -1.285965571525761959e+02
1.674583699615459977e+02 -1.286577319276320850e+02
1.672852231054700098e+02 -1.287189067767043582e+02
1.671120762493941072e+02 -1.287800816257766314e+02
1.669389294673346456e+02 -1.288412564748489046e+02
1.667657826112586292e+02 -1.289024313239211779e+02
1.665926357551827550e+02 -1.289636061729934795e+02
1.664194889731232649e+02 -1.290247809480493402e+02
1.662463421170472486e+02 -1.290859557971216134e+02
1.660731952609713744e+02 -1.291471306461938866e+02
1.659000484789118843e+02 -1.292083054952661598e+02
1.657269016228360101e+02 -1.292694803443384330e+02
1.655537547667599938e+02 -1.293306551193943221e+02
1.653806079106841196e+02 -1.293918299684665953e+02
1.652074611286246295e+02 -1.294530048175388686e+02
1.650343142725486132e+02 -1.295141796666111418e+02
1.648611674164727390e+02 -1.295753545156834150e+02
1.646880206344132773e+02 -1.296365293647557166e+02
1.645148737783372610e+02 -1.296977041398115773e+02
1.643417269222613584e+02 -1.297588789888838505e+02
1.641685801402018967e+02 -1.298200538379561237e+02
1.639954332841260225e+02 -1.298812286870283970e+02
1.638222864280500062e+02 -1.299424035361006702e+02
1.636491396459905161e+02 -1.300035783851729434e+02
1.634759927899146419e+02 -1.300647531602288325e+02
1.633028459338386256e+02 -1.301259280093011057e+02
1.631296991517791355e+02 -1.301871028583734073e+02
1.629565522957032613e+02 -1.302482777074456806e+02
1.627834054396272450e+02 -1.303094525565179538e+02
1.626102586575677833e+02 -1.303706274055902270e+02
1.624371118014918807e+02 -1.304318021806461161e+02
1.622641645676415578e+02 -1.304935348172942611e+02
1.620915148056951125e+02 -1.305560987321091488e+02
1.619188650437486672e+02 -1.306186627209404492e+02
1.617462152818021934e+02 -1.306812266357553369e+02
1.615735655198556344e+02 -1.307437905505702247e+02
1.614009157579091607e+02 -1.308063545394015250e+02
1.612282659959627154e+02 -1.308689184542164412e+02
1.610556162340162700e+02 -1.309314823690313290e+02
1.608829664720698247e+02 -1.309940463578626009e+02
1.607103167101233510e+02 -1.310566102726775171e+02
1.605376669481769056e+02 -1.311191742615088174e+02
1.603650171862304603e+02 -1.311817381763237051e+02
1.601923674242840150e+02 -1.312443020911385929e+02
1.600197176623374276e+02 -1.313068660799698932e+02
1.598470679003909822e+02 -1.313694299947848094e+02
1.596744181384445085e+02 -1.314319939095996972e+02
1.595017683764980632e+02 -1.314945578984309975e+02
1.593291186145516178e+02 -1.315571218132458853e+02
1.591564688526051725e+02 -1.316196858020771856e+02
1.589838190906586988e+02 -1.316822497168920734e+02
1.588111693287122534e+02 -1.317448136317069896e+02
1.586385195667658081e+02 -1.318073776205382899e+02
1.584658698788356332e+02 -1.318699415353531776e+02
1.582932201168891879e+02 -1.319325054501680654e+02
1.581205703549427142e+02 -1.319950694389993657e+02
1.579479205929962689e+02 -1.320576333538142819e+02
1.577752708310498235e+02 -1.321201973426455822e+02
1.576026210691033782e+02 -1.321827612574604416e+02
1.574299713071569045e+02 -1.322453251722753578e+02
1.572573215452104591e+02 -1.323078891611066581e+02
1.570846717832638717e+02 -1.323704530759215459e+02
1.569120220213174264e+02 -1.324330170647528462e+02
1.567393722593709811e+02 -1.324955809795677339e+02
1.565667224974245357e+02 -1.325581448943826217e+02
1.563940727354780620e+02 -1.326207088832139220e+02
1.562214229735316167e+02 -1.326832727980288382e+02
1.560487732115851713e+02 -1.327458367128437260e+02
1.558761234496387260e+02 -1.328084007016750263e+02
1.557034736876922523e+02 -1.328709646164899141e+02
1.555308239257456648e+02 -1.329335286053212144e+02
1.553581741637992195e+02 -1.329960925201361306e+02
1.551855244018527742e+02 -1.330586564349510184e+02
1.550128746399063289e+02 -1.331212204237822903e+02
1.548406409981498086e+02 -1.331849206383404010e+02
1.546684160903283498e+02 -1.332486448342114898e+02
1.544961912565231330e+02 -1.333123691040989627e+02
1.543239663487016742e+02 -1.333760932999700515e+02
1.541517414408800732e+02 -1.334398174958411118e+02
1.539795166070749985e+02 -1.335035416917122006e+02
1.538072916992533976e+02 -1.335672659615996736e+02
1.536350667914319388e+02 -1.336309901574707339e+02
1.534628419576267504e+02 -1.336947143533418227e+02
1.532906170498052632e+02 -1.337584386232292957e+02
1.531183921419836622e+02 -1.338221628191003845e+02
1.529461673081786159e+02 -1.338858870149714448e+02
1.527739424003569866e+02 -1.339496112108425336e+02
1.526017174925355278e+02 -1.340133354807300066e+02
1.524294926587303394e+02 -1.340770596766010954e+02
1.522572677509088521e+02 -1.341407838724721557e+02
1.520850428430872512e+02 -1.342045081423596287e+02
1.519128180092822049e+02 -1.342682323382307175e+02
1.517405931014606040e+02 -1.343319565341017778e+02
1.515683681936391167e+02 -1.343956807299728666e+02
1.513961433598339283e+02 -1.344594049998603396e+02
1.512239184520124695e+02 -1.345231291957314284e+02
1.510516935441908686e+02 -1.345868533916024887e+02
1.508794687103857939e+02 -1.346505775874735775e+02
1.507072438025641929e+02 -1.347143018573610505e+02
1.505350188947427057e+02 -1.347780260532321392e+02
1.503627940609375173e+02 -1.348417502491031996e+02
1.501905691531160585e+02 -1.349054745189906725e+02
1.500183442452945712e+02 -1.349691987148617613e+02
1.498461194114893829e+02 -1.350329229107328501e+02
1.496738945036679240e+02 -1.350966471066039105e+02
1.495016695958463231e+02 -1.351603713764913834e+02
1.493294446880248358e+02 -1.352240955723624722e+02
1.491572198542196475e+02 -1.352878197682335326e+02
1.489849949463981602e+02 -1.353515440381210340e+02
1.488127700385765593e+02 -1.354152682339920943e+02
1.486405452047715130e+02 -1.354789924298631831e+02
1.484683202969499121e+02 -1.355427166257342435e+02
1.482960953891284248e+02 -1.356064408956217164e+02
1.481238705553232364e+02 -1.356701650914928052e+02
1.479516456475017776e+02 -1.357338892873638940e+02
1.477794207396801767e+02 -1.357976134832349544e+02
1.476071959058751020e+02 -1.358613377531224273e+02
1.474349709980535010e+02 -1.359250619489935161e+02
1.472627460902320138e+02 -1.359887861448646049e+02
1.474462148290846244e+02 -1.359809486965055214e+02
1.476296834939209361e+02 -1.359731112481464663e+02
1.478131521587572479e+02 -1.359652737997873828e+02
1.479966208976099722e+02 -1.359574363514283277e+02
1.481800895624461702e+02 -1.359495989030692442e+02
1.483635583012988661e+02 -1.359417614547101607e+02
1.485470269661352063e+02 -1.359339239323346931e+02
1.487304956309715180e+02 -1.359260864839756380e+02
1.489139643698241002e+02 -1.359182490356165545e+02
1.490974330346604120e+02 -1.359104115872574994e+02
1.492809016994967237e+02 -1.359025741388984159e+02
1.494643704383494480e+02 -1.358947366905393608e+02
1.496478391031856461e+02 -1.358868992421802773e+02
1.498313077680219578e+02 -1.358790617938212222e+02
1.500147765068746821e+02 -1.358712242714457261e+02
1.501982451717108518e+02 -1.358633868230866710e+02
1.503817138365471919e+02 -1.358555493747275875e+02
1.505651825753998878e+02 -1.358477119263685324e+02
1.507486512402362280e+02 -1.358398744780094489e+02
1.509321199050723976e+02 -1.358320370296503938e+02
1.511155886439251219e+02 -1.358241995812913103e+02
1.512990573087614337e+02 -1.358163621329322552e+02
1.514825260476141580e+02 -1.358085246105567592e+02
1.516659947124503560e+02 -1.358006871621977041e+02
1.518494633772866678e+02 -1.357928497138386206e+02
1.520329321161393921e+02 -1.357850122654795655e+02
1.522164007809757038e+02 -1.357771748171204820e+02
1.523998694458118734e+02 -1.357693373687614269e+02
1.525833381846645977e+02 -1.357614999204023434e+02
1.527668068495009379e+02 -1.357536623980269042e+02
1.529502755143371076e+02 -1.357458249496678206e+02
1.531337442531898319e+02 -1.357379875013087371e+02
1.533172129180261436e+02 -1.357301500529496820e+02
1.535006815828624553e+02 -1.357223126045905985e+02
1.536841503217150660e+02 -1.357144751562315435e+02
1.538676189865513777e+02 -1.357066377078724599e+02
1.540510876513876894e+02 -1.356988002595134049e+02
1.542345563902404137e+02 -1.356909627371379372e+02
1.544180250550765834e+02 -1.356831252887788537e+02
1.546014937939293077e+02 -1.356752878404197702e+02
1.547849624587656194e+02 -1.356674503920607151e+02
1.549684311236019596e+02 -1.356596129437016316e+02
1.551518998624545418e+02 -1.356517754953425765e+02
1.553353685272908535e+02 -1.356439380469834930e+02
1.555188360078648486e+02 -1.356360750629670804e+02
1.557022478281073461e+02 -1.356270033171537932e+02
1.558856596483499573e+02 -1.356179314973240650e+02
1.560690714685924547e+02 -1.356088597515107210e+02
1.562524832148186817e+02 -1.355997880056974054e+02
1.564358950350611792e+02 -1.355907162598840898e+02
1.566193068553037904e+02 -1.355816444400543617e+02
1.568027186755462878e+02 -1.355725726942410461e+02
1.569861304217725149e+02 -1.355635009484277305e+02
1.571695422420150123e+02 -1.355544291285980023e+02
1.573529540622576519e+02 -1.355453573827846583e+02
1.575363658825001494e+02 -1.355362856369713427e+02
1.577197777027427605e+02 -1.355272138911580271e+02
1.579031894489688455e+02 -1.355181420713282989e+02
1.580866012692114850e+02 -1.355090703255149833e+02
1.582700130894541246e+02 -1.354999985797016677e+02
1.584534249096965937e+02 -1.354909267598719396e+02
1.586368366559228207e+02 -1.354818550140586240e+02
1.588202484761653182e+02 -1.354727832682453084e+02
1.590036602964079577e+02 -1.354637115224319928e+02
1.591870721166504552e+02 -1.354546397026022646e+02
1.593704838628766822e+02 -1.354455679567889206e+02
1.595538956831191797e+02 -1.354364962109756050e+02
1.597373075033617909e+02 -1.354274243911458768e+02
1.599207193236042883e+02 -1.354183526453325612e+02
1.601041310698305153e+02 -1.354092808995192456e+02
1.602875428900730128e+02 -1.354002091537059300e+02
1.604709547103156240e+02 -1.353911373338762019e+02
1.606543665305581214e+02 -1.353820655880628578e+02
1.608377782767843485e+02 -1.353729938422495707e+02
1.610211900970269880e+02 -1.353639220964362266e+02
1.612046019172694855e+02 -1.353548502766065269e+02
1.613880137375120967e+02 -1.353457785307931829e+02
1.615714254837382100e+02 -1.353367067849798673e+02
1.617548373039808212e+02 -1.353276349651501391e+02
1.619382491242233186e+02 -1.353185632193368235e+02
1.621216609444659582e+02 -1.353094914735235079e+02
1.623050727647084557e+02 -1.353004197277101639e+02
1.624884845109346543e+02 -1.352913479078804642e+02
1.626718963311771518e+02 -1.352822761620671201e+02
1.628553081514197913e+02 -1.352732044162538045e+02
1.630387199716622888e+02 -1.352641325964240764e+02
1.632221317178885158e+02 -1.352550608506107892e+02
1.634054963896854815e+02 -1.352451073474472309e+02
1.635888293824640698e+02 -1.352345623792466540e+02
1.637721623752426865e+02 -1.352240173370297214e+02
1.639554953680214169e+02 -1.352134722948127603e+02
1.641388283608000052e+02 -1.352029272525957992e+02
1.643221613535786219e+02 -1.351923822843952507e+02
1.645054943463572101e+02 -1.351818372421783181e+02
1.646888274131522110e+02 -1.351712921999613570e+02
1.648721604059308277e+02 -1.351607471577443960e+02
1.650554933987094159e+02 -1.351502021895438475e+02
1.652388263914880042e+02 -1.351396571473269148e+02
1.654221593842667630e+02 -1.351291121051099537e+02
1.656054923770453513e+02 -1.351185670628929927e+02
1.657888253698239396e+02 -1.351080220946924442e+02
1.659721583626025563e+02 -1.350974770524755115e+02
1.661554913553811446e+02 -1.350869320102585505e+02
1.663388243481597613e+02 -1.350763869680415894e+02
1.665221573409383495e+02 -1.350658419258246283e+02
1.667054904077333504e+02 -1.350552969576240798e+02
1.668888234005120808e+02 -1.350447519154071472e+02
1.670721563932906975e+02 -1.350342068731902145e+02
1.672554893860692857e+02 -1.350236618309732535e+02
1.674388223788479024e+02 -1.350131168627727050e+02
1.676221553716264907e+02 -1.350025718205557439e+02
1.678054883644050790e+02 -1.349920267783387828e+02
1.679888213571836957e+02 -1.349814817361218502e+02
1.681721543499622840e+02 -1.349709367679213017e+02
1.683554873427410143e+02 -1.349603917257043406e+02
1.685388203355196310e+02 -1.349498466834873796e+02
1.687221534023146319e+02 -1.349393016412704469e+02
1.689054863950932202e+02 -1.349287566730698984e+02
1.690888193878718369e+02 -1.349182116308529373e+02
1.692721523806504251e+02 -1.349076665886360047e+02
1.694554853734290418e+02 -1.348971215464190436e+02
1.696388183662076301e+02 -1.348865765782184951e+02
1.698221513589863605e+02 -1.348760315360015341e+02
1.700054843517649772e+02 -1.348654864937846014e+02
1.701888173445435655e+02 -1.348549414515676403e+02
1.703721503373221822e+02 -1.348443964093506793e+02
1.705554833301007704e+02 -1.348338514411501308e+02
1.707387135881188840e+02 -1.348216593120268953e+02
1.709219349641691679e+02 -1.348093263296981092e+02
1.711051563402195654e+02 -1.347969932733529106e+02
1.712883777902862619e+02 -1.347846602170077404e+02
1.714715991663365173e+02 -1.347723271606625701e+02
1.716548206164033559e+02 -1.347599941043173715e+02
1.718380419924536113e+02 -1.347476611219886138e+02
1.720212633685038952e+02 -1.347353280656434151e+02
1.722044848185707053e+02 -1.347229950092982449e+02
1.723877061946209892e+02 -1.347106619529530462e+02
1.725709275706712731e+02 -1.346983289706242601e+02
1.727541490207380832e+02 -1.346859959142790899e+02
1.729373703967883387e+02 -1.346736628579339197e+02
1.731205917728387647e+02 -1.346613298015887494e+02
1.733038132229054327e+02 -1.346489967452435508e+02
1.734870345989557165e+02 -1.346366637629147647e+02
1.736702559750061141e+02 -1.346243307065695944e+02
1.738534774250728105e+02 -1.346119976502243958e+02
1.740366988011230660e+02 -1.345996645938792255e+02
1.742199202511898761e+02 -1.345873316115504394e+02
1.744031416272401600e+02 -1.345749985552052692e+02
1.745863630032904439e+02 -1.345626654988600706e+02
1.747695844533572540e+02 -1.345503324425149003e+02
1.749528058294075379e+02 -1.345379993861697301e+02
1.751360272054577933e+02 -1.345256664038409440e+02
1.753192486555246035e+02 -1.345133333474957738e+02
1.755024700315748873e+02 -1.345010002911505751e+02
1.756856914076251712e+02 -1.344886672348054049e+02
1.758689128576919813e+02 -1.344763342524766188e+02
1.760521342337422652e+02 -1.344640011961314201e+02
1.762353556097926628e+02 -1.344516681397862499e+02
1.764185770598593308e+02 -1.344393350834410796e+02
1.766017984359096147e+02 -1.344270020270959094e+02
1.767850198859764248e+02 -1.344146690447670949e+02
1.769682412620267087e+02 -1.344023359884219246e+02
1.771514626380769926e+02 -1.343900029320767544e+02
1.773346555178141273e+02 -1.343772813636580850e+02
1.775177144278706294e+02 -1.343627340327481932e+02
1.777007733379272167e+02 -1.343481867018382729e+02
1.778838322479836904e+02 -1.343336393709283527e+02
1.780668911580403062e+02 -1.343190920400184609e+02
1.782499500680969220e+02 -1.343045447831249533e+02
1.784330089781533957e+02 -1.342899974522150330e+02
1.786160678882100115e+02 -1.342754501213051412e+02
1.787991267982664851e+02 -1.342609027903952210e+02
1.789821856343066884e+02 -1.342463554594853008e+02
1.791652445443632757e+02 -1.342318082025917931e+02
1.793483034544197494e+02 -1.342172608716818729e+02
1.795313623644763652e+02 -1.342027135407719811e+02
1.797144212745329810e+02 -1.341881662098620609e+02
1.798974801845894547e+02 -1.341736188789521407e+02
1.800805390946460705e+02 -1.341590716220586614e+02
1.802635980047025441e+02 -1.341445242911487412e+02
1.804466569147591315e+02 -1.341299769602388210e+02
1.806297158248157473e+02 -1.341154296293289292e+02
1.808127747348722210e+02 -1.341008822984190090e+02
1.809958335709124242e+02 -1.340863350415255013e+02
1.811788924809690400e+02 -1.340717877106155811e+02
1.813619513910255137e+02 -1.340572403797056893e+02
1.815450103010821294e+02 -1.340426930487957691e+02
1.817280692111386031e+02 -1.340281457178858773e+02
1.819111281211951905e+02 -1.340135984609923412e+02
1.820941870312518063e+02 -1.339990511300824494e+02
1.822772459413082800e+02 -1.339845037991725292e+02
1.824603048513648957e+02 -1.339699564682626374e+02
1.826433637614213694e+02 -1.339554091373527172e+02
1.828264225974615726e+02 -1.339408618804592095e+02
1.830094815075181884e+02 -1.339263145495492893e+02
1.831925404175746621e+02 -1.339117672186393975e+02
1.833755993276312779e+02 -1.338972198877294773e+02
1.835585241939909054e+02 -1.338811353842644110e+02
1.837413379617370879e+02 -1.338637767625229458e+02
1.839241516554668294e+02 -1.338464180667650396e+02
1.841069654232129835e+02 -1.338290594450235460e+02
1.842897791169426114e+02 -1.338117008232820808e+02
1.844725928846887655e+02 -1.337943421275241747e+02
1.846554066524349196e+02 -1.337769835057826810e+02
1.848382203461646611e+02 -1.337596248840412159e+02
1.850210341139108152e+02 -1.337422661882833097e+02
1.852038478816569977e+02 -1.337249075665418161e+02
1.853866615753867393e+02 -1.337075489448003509e+02
1.855694753431328934e+02 -1.336901902490424447e+02
1.857522890368626349e+02 -1.336728316273009796e+02
1.859351028046088175e+02 -1.336554730055594860e+02
1.861179165723548294e+02 -1.336381143098015798e+02
1.863007302660845710e+02 -1.336207556880601146e+02
1.864835440338307535e+02 -1.336033970663186210e+02
1.866663578015769076e+02 -1.335860383705607148e+02
1.868491714953066491e+02 -1.335686797488192497e+02
1.870319852630528032e+02 -1.335513211270777560e+02
1.872147990307989573e+02 -1.335339624313198783e+02
1.873976127245287273e+02 -1.335166038095783847e+02
1.875804264922748814e+02 -1.334992451878368911e+02
1.877632401860044808e+02 -1.334818864920790134e+02
1.879460539537506634e+02 -1.334645278703375197e+02
1.881288677214968175e+02 -1.334471692485960261e+02
1.883116814152265590e+02 -1.334298105528381484e+02
1.884944951829727131e+02 -1.334124519310966548e+02
1.886773089507188672e+02 -1.333950933093551896e+02
1.888601226444486372e+02 -1.333777346135972834e+02
1.890428518854681670e+02 -1.333595720997563205e+02
1.892252783254032522e+02 -1.333385300519647956e+02
1.894077048393545795e+02 -1.333174880781896263e+02
1.895901312792896647e+02 -1.332964460303981014e+02
1.897725577932410204e+02 -1.332754039826065195e+02
1.899549842331761056e+02 -1.332543620088313787e+02
1.901374107471275750e+02 -1.332333199610398253e+02
1.903198371870625181e+02 -1.332122779872646845e+02
1.905022637010140159e+02 -1.331912359394731311e+02
1.906846902149653715e+02 -1.331701939656979619e+02
1.908671166549004283e+02 -1.331491519179064369e+02
1.910495431688519261e+02 -1.331281099441312676e+02
1.912319696087868692e+02 -1.331070678963397143e+02
1.914143961227383670e+02 -1.330860259225645450e+02
1.915968225626733101e+02 -1.330649838747730200e+02
1.917792490766247795e+02 -1.330439419009978508e+02
1.919616755165598647e+02 -1.330228998532063258e+02
1.921441020305112204e+02 -1.330018578054147440e+02
1.923265284704462772e+02 -1.329808158316396032e+02
1.925089549843976329e+02 -1.329597737838480498e+02
1.926913814243327181e+02 -1.329387318100728805e+02
1.928738079382842159e+02 -1.329176897622813556e+02
1.930562343782191590e+02 -1.328966477885061863e+02
1.932386608921706284e+02 -1.328756057407146614e+02
1.934210873321055715e+02 -1.328545637669394921e+02
1.936035138460570693e+02 -1.328335217191479387e+02
1.937859402859921545e+02 -1.328124797453727695e+02
1.939681264686989266e+02 -1.327895800340224071e+02
1.941499027485933198e+02 -1.327635113105885978e+02
1.943316790284877129e+02 -1.327374425131383475e+02
1.945134552343656935e+02 -1.327113737897045382e+02
1.946952315142600867e+02 -1.326853050662707005e+02
1.948770077941543377e+02 -1.326592363428368628e+02
1.950587840000323467e+02 -1.326331675453866410e+02
1.952405602799267399e+02 -1.326070988219528317e+02
1.954223365598211331e+02 -1.325810300985189656e+02
1.956041127656989715e+02 -1.325549613750851563e+02
1.957858890455933647e+02 -1.325288925776349345e+02
1.959676653254877579e+02 -1.325028238542010968e+02
1.961494415313657669e+02 -1.324767551307672591e+02
1.963312178112601600e+02 -1.324506863333170372e+02
1.965129940911544111e+02 -1.324246176098831995e+02
1.966947702970323917e+02 -1.323985488864493618e+02
1.968765465769267848e+02 -1.323724801630155525e+02
1.970583228568211780e+02 -1.323464113655653307e+02
1.972400990626991586e+02 -1.323203426421314930e+02
1.974218753425934381e+02 -1.322942739186976553e+02
1.976036516224878312e+02 -1.322682051952638460e+02
1.977854278283658118e+02 -1.322421363978135957e+02
1.979672041082602050e+02 -1.322160676743797865e+02
1.981487734383055681e+02 -1.321887365272604313e+02
1.983293623471420517e+02 -1.321554222646029189e+02
1.985099512559785353e+02 -1.321221080019453780e+02
1.986905401648150189e+02 -1.320887938133042780e+02
1.988711290736515309e+02 -1.320554795506467656e+02
1.990517179084716020e+02 -1.320221652879892531e+02
1.992323068173080856e+02 -1.319888510993481248e+02
1.994128957261445976e+02 -1.319555368366906123e+02
1.995934846349810812e+02 -1.319222225740330998e+02
1.997740734698011522e+02 -1.318889083853919715e+02
1.999546623786376358e+02 -1.318555941227344590e+02
2.001352512874741478e+02 -1.318222799340933307e+02
2.003158401963106314e+02 -1.317889656714358182e+02
2.004964291051471150e+02 -1.317556514087783057e+02
2.006770179399672145e+02 -1.317223372201372058e+02
2.008576068488036981e+02 -1.316890229574796933e+02
2.010381957576401817e+02 -1.316557086948221524e+02
2.012187846664766653e+02 -1.316223945061810241e+02
2.013993735012967647e+02 -1.315890802435235116e+02
2.015799624101332483e+02 -1.315557660548823833e+02
2.017586075003235351e+02 -1.315135002490420391e+02
2.019367490569577512e+02 -1.314689159535484464e+02
2.021148906876083799e+02 -1.314243317320712663e+02
2.022930322442425961e+02 -1.313797474365776736e+02
2.024711738748931964e+02 -1.313351631410841094e+02
2.026493155055438251e+02 -1.312905788455905167e+02
2.028274570621780413e+02 -1.312459946241133366e+02
2.030055986928287837e+02 -1.312014103286197440e+02
2.031837402494629998e+02 -1.311568260331261797e+02
2.033618818801136285e+02 -1.311122417376325870e+02
2.035400234367478447e+02 -1.310676575161553785e+02
2.037181650673984734e+02 -1.310230732206618143e+02
2.038963066240326896e+02 -1.309784889251682216e+02
2.040744482546833183e+02 -1.309339046296746289e+02
2.042525898113175344e+02 -1.308893204081974488e+02
2.044321665459103770e+02 -1.308522661709617410e+02
2.046142193510679590e+02 -1.308282047722436232e+02
2.047962721562255695e+02 -1.308041433735255339e+02
2.049783250353994219e+02 -1.307800819748074161e+02
2.051603778405570324e+02 -1.307560205760892984e+02
2.053424307197310270e+02 -1.307319591773711807e+02
2.055244835248886091e+02 -1.307078977786530629e+02
2.057065364040624900e+02 -1.306838363799349736e+02
2.058885892092200720e+02 -1.306597749812168558e+02
2.060706420883940666e+02 -1.306357135824987381e+02
2.062526948935515350e+02 -1.306116522577970329e+02
2.064347476987091170e+02 -1.305875908590789152e+02
2.066168005778831116e+02 -1.305635294603607974e+02
2.067988533830407221e+02 -1.305394680616427081e+02
2.069809062622145746e+02 -1.305154066629245904e+02
2.071629590673721566e+02 -1.304913452642064726e+02
2.073450119465461796e+02 -1.304672838654883549e+02
2.075270647517037617e+02 -1.304432224667702371e+02
2.077091175568612300e+02 -1.304191610680521478e+02
2.078911704360352246e+02 -1.303950996693340301e+02
2.080732232411928067e+02 -1.303710382706159123e+02
2.082552761203668013e+02 -1.303469768718978230e+02
2.084373289255242696e+02 -1.303229154731797053e+02
2.086193818046982642e+02 -1.302988540744615875e+02
2.088014346098558747e+02 -1.302747926757434698e+02
2.089834874150134567e+02 -1.302507312770253805e+02
2.091655402941873092e+02 -1.302266698783072343e+02
2.093475930993449197e+02 -1.302026084795891450e+02
2.095296459785189143e+02 -1.301785470808710272e+02
2.097116987836763826e+02 -1.301544856821529095e+02
2.098937516628503772e+02 -1.301304242834347917e+02
2.100758044680079593e+02 -1.301063628847167024e+02
2.102578572731655413e+02 -1.300823014859985847e+02
2.104399101523394222e+02 -1.300582400872804669e+02
2.106219629574970043e+02 -1.300341786885623776e+02
2.108040158366709989e+02 -1.300101172898442599e+02
2.109860686418286093e+02 -1.299860558911261421e+02
2.111681215210024618e+02 -1.299619944924080244e+02
2.113501743261600723e+02 -1.299379330936899066e+02
2.115322271313176543e+02 -1.299138716949718173e+02
2.117142800104916489e+02 -1.298898102962536996e+02
2.118963328156491173e+02 -1.298657488975355818e+02
2.120783856948231119e+02 -1.298416874988174641e+02
2.122604384999806939e+02 -1.298176261000993748e+02
2.124424913791545748e+02 -1.297935647013812570e+02
2.126245441843121569e+02 -1.297695033026631393e+02
2.128065969894697673e+02 -1.297454419779614341e+02
2.129886498686437619e+02 -1.297213805792433163e+02
2.131707026738012019e+02 -1.296973191805252270e+02
2.133527555529751965e+02 -1.296732577818070808e+02
2.135348083581328069e+02 -1.296491963830889915e+02
2.137168612373068015e+02 -1.296251349843708738e+02
2.138989140424642699e+02 -1.296010735856527560e+02
2.140809668476218519e+02 -1.295770121869346383e+02
2.142630197267958465e+02 -1.295529507882165490e+02
2.144450725319534570e+02 -1.295288893894984312e+02
2.146271254111273095e+02 -1.295048279907803135e+02
2.148091782162848915e+02 -1.294807665920622242e+02
2.149912310954588861e+02 -1.294567051933441064e+02
2.151733135811920761e+02 -1.294328733934927982e+02
2.153555042788992466e+02 -1.294098793112349028e+02
2.155376949766064172e+02 -1.293868852289769791e+02
2.157198857483300003e+02 -1.293638910727026712e+02
2.159020764460371709e+02 -1.293408969904447758e+02
2.160842671437443414e+02 -1.293179029081868521e+02
2.162664578414515120e+02 -1.292949088259289567e+02
2.164486486131750951e+02 -1.292719146696546488e+02
2.166308393108822656e+02 -1.292489205873967535e+02
2.168130300085894362e+02 -1.292259265051388297e+02
2.169952207062966067e+02 -1.292029323488645218e+02
2.171774114780200478e+02 -1.291799382666065981e+02
2.173596021757272183e+02 -1.291569441843487027e+02
2.175417928734343889e+02 -1.291339500280743664e+02
2.177239835711415594e+02 -1.291109559458164711e+02
2.179061743428651425e+02 -1.290879618635585757e+02
2.180883650405723131e+02 -1.290649677072842678e+02
2.182705557382794836e+02 -1.290419736250263441e+02
2.184527465100030668e+02 -1.290189795427684487e+02
2.186349372077102373e+02 -1.289959853864941408e+02
2.188171279054174079e+02 -1.289729913042362170e+02
2.189993186031245784e+02 -1.289499972219783217e+02
2.191815093748481615e+02 -1.289270030657040138e+02
2.193637000725553321e+02 -1.289040089834460900e+02
2.195458907702625027e+02 -1.288810149011881663e+02
2.197280814679696732e+02 -1.288580207449138868e+02
2.199102722396932563e+02 -1.288350266626559630e+02
2.200924629374004269e+02 -1.288120325803980393e+02
2.202746536351075974e+02 -1.287890384241237314e+02
2.204568443328147680e+02 -1.287660443418658360e+02
2.206390351045383511e+02 -1.287430502596079123e+02
2.208212258022455217e+02 -1.287200561033336044e+02
2.210034164999526922e+02 -1.286970620210757090e+02
2.211856071976598628e+02 -1.286740679388178137e+02
2.213677979693834459e+02 -1.286510737825434774e+02
2.215499886670906164e+02 -1.286280797002855820e+02
2.217321793647977870e+02 -1.286050856180276867e+02
2.219143700625049576e+02 -1.285820914617533504e+02
2.220965608342285122e+02 -1.285590973794954550e+02
2.222787515319356828e+02 -1.285361032972375597e+02
2.224609422296428818e+02 -1.285131091409632518e+02
2.226431329273499102e+02 -1.284901150587053280e+02
2.228253236990734933e+02 -1.284671209764474327e+02
2.230075143967806639e+02 -1.284441268201731248e+02
2.231897050944878345e+02 -1.284211327379152010e+02
2.233718958662114176e+02 -1.283981386556573057e+02
2.235540865639185881e+02 -1.283751444993829978e+02
2.237362772616257587e+02 -1.283521504171250740e+02
2.239184679593329292e+02 -1.283291563348671787e+02
2.241006587310564839e+02 -1.283061621785928708e+02
2.242828494287636829e+02 -1.282831680963349470e+02
2.244650401264708535e+02 -1.282601740140770232e+02
2.246472308241780240e+02 -1.282371798578027438e+02
2.248294215959015787e+02 -1.282141857755448200e+02
2.250116122936087493e+02 -1.281911916932868962e+02
2.251937814525441581e+02 -1.281680306300349628e+02
2.253758357380295649e+02 -1.281439803337765397e+02
2.255578900235151139e+02 -1.281199301115345577e+02
2.257399443830170753e+02 -1.280958798152761347e+02
2.259219986685025958e+02 -1.280718295190177400e+02
2.261040529539881447e+02 -1.280477792967757296e+02
2.262861073134899641e+02 -1.280237290005173350e+02
2.264681615989755130e+02 -1.279996787782753387e+02
2.266502158844610619e+02 -1.279756284820169299e+02
2.268322701699466108e+02 -1.279515781857585495e+02
2.270143245294485439e+02 -1.279275279635165248e+02
2.271963788149339791e+02 -1.279034776672581444e+02
2.273784331004195280e+02 -1.278794273709997356e+02
2.275604874599214611e+02 -1.278553771487577393e+02
2.277425417454070100e+02 -1.278313268524993305e+02
2.279245960308925589e+02 -1.278072765562409216e+02
2.281066503903943783e+02 -1.277832263339989254e+02
2.282887046758799272e+02 -1.277591760377405166e+02
2.284707589613654761e+02 -1.277351257414821362e+02
2.286528132468509966e+02 -1.277110755192401399e+02
2.288348676063529581e+02 -1.276870252229817311e+02
2.290169218918385070e+02 -1.276629749267233223e+02
2.291989761773239138e+02 -1.276389247044813260e+02
2.293810305368258753e+02 -1.276148744082229172e+02
2.295630848223114242e+02 -1.275908241859809209e+02
2.297451391077969731e+02 -1.275667738897225405e+02
2.299271933932824936e+02 -1.275427235934641317e+02
2.301092477527843130e+02 -1.275186733712221354e+02
2.302913020382698619e+02 -1.274946230749637266e+02
2.304733563237554108e+02 -1.274705727787053178e+02
2.306554106832573723e+02 -1.274465225564633215e+02
2.308374649687429212e+02 -1.274224722602049127e+02
2.310195192542283280e+02 -1.273984219639465323e+02
2.312015736137302611e+02 -1.273743717417045076e+02
2.313836278992158100e+02 -1.273503214454461272e+02
2.315656821847013589e+02 -1.273262711491877184e+02
2.317477364701869078e+02 -1.273022209269457221e+02
2.319297908296888693e+02 -1.272781706306873133e+02
2.321118451151742761e+02 -1.272541204084453170e+02
2.322938994006598250e+02 -1.272300701121869082e+02
2.324759537601617581e+02 -1.272060198159284994e+02
2.326580080456473070e+02 -1.271819695936865031e+02
2.328400623311328559e+02 -1.271579192974281085e+02
2.330221166166182627e+02 -1.271338690011697139e+02
2.332041709761202242e+02 -1.271098187789277034e+02
2.333862252616057731e+02 -1.270857684826693088e+02
2.335682795470913220e+02 -1.270617181864109000e+02
2.337503339065932551e+02 -1.270376679641689037e+02
2.339323881920786619e+02 -1.270136176679104949e+02
2.341144424775642108e+02 -1.269895673716521003e+02
2.342964968370661722e+02 -1.269655171494100898e+02
2.344785207758284855e+02 -1.269412540560072387e+02
2.346600485826745057e+02 -1.269135077509110943e+02
2.348415763155041134e+02 -1.268857613717985657e+02
2.350231040483337210e+02 -1.268580149926860372e+02
2.352046317811634708e+02 -1.268302686875899070e+02
2.353861595880094910e+02 -1.268025223084773785e+02
2.355676873208390987e+02 -1.267747759293648215e+02
2.357492150536687063e+02 -1.267470296242687056e+02
2.359307428605147265e+02 -1.267192832451561628e+02
2.361122705933443342e+02 -1.266915369400600184e+02
2.362937983261740840e+02 -1.266637905609474899e+02
2.364753261330201042e+02 -1.266360441818349614e+02
2.366568538658497118e+02 -1.266082978767388170e+02
2.368383815986793195e+02 -1.265805514976263026e+02
2.370199094055253397e+02 -1.265528051925301583e+02
2.372014371383549474e+02 -1.265250588134176155e+02
2.373829648711846971e+02 -1.264973124343050870e+02
2.375644926780307173e+02 -1.264695661292089426e+02
2.377460204108603250e+02 -1.264418197500964141e+02
2.379275481436899327e+02 -1.264140733709838855e+02
2.381090759505359529e+02 -1.263863270658877411e+02
2.382906036833655605e+02 -1.263585806867751984e+02
2.384721314161953103e+02 -1.263308343816790682e+02
2.386536591490249180e+02 -1.263030880025665397e+02
2.388351869558709382e+02 -1.262753416234540111e+02
2.390167146887005458e+02 -1.262475953183578667e+02
2.391982424215301819e+02 -1.262198489392453382e+02
2.393797702283761737e+02 -1.261921025601327955e+02
2.395612979612059235e+02 -1.261643562550366511e+02
2.397428256940355311e+02 -1.261366098759241225e+02
2.399243535008815513e+02 -1.261088635708279924e+02
2.401058812337111590e+02 -1.260811171917154638e+02
2.402874089665407951e+02 -1.260533708126029353e+02
2.404689367733867869e+02 -1.260256245075067909e+02
2.406504645062165366e+02 -1.259978781283942482e+02
2.408319922390461443e+02 -1.259701318232981322e+02
2.410135200458921645e+02 -1.259423854441855752e+02
2.411950477787217721e+02 -1.259146390650730467e+02
2.413765755115514082e+02 -1.258868927599769165e+02
2.415581033183975421e+02 -1.258591463808643738e+02
2.417396310512271498e+02 -1.258314000017518595e+02
2.419211587840567574e+02 -1.258036536966557151e+02
2.421026865168863935e+02 -1.257759073175431723e+02
2.422842143237323853e+02 -1.257481610124470279e+02
2.424657420565620214e+02 -1.257204146333344994e+02
2.426472697893917427e+02 -1.256926682542219709e+02
2.428287975962377629e+02 -1.256649219491258407e+02
2.430103253290673706e+02 -1.256371755700132979e+02
2.431909375530692330e+02 -1.256041236954869618e+02
2.433712654800860662e+02 -1.255694248080706927e+02
2.435515934071030699e+02 -1.255347258466380396e+02
2.437319214081363157e+02 -1.255000269592217848e+02
2.439122493351531773e+02 -1.254653279977891316e+02
2.440925772621700389e+02 -1.254306290363564784e+02
2.442729052632033131e+02 -1.253959301489402378e+02
2.444532331902202884e+02 -1.253612311875075847e+02
2.446335611172371500e+02 -1.253265323000913156e+02
2.448138891182703958e+02 -1.252918333386586767e+02
2.449942170452872574e+02 -1.252571343772260235e+02
2.451745449723042611e+02 -1.252224354898097829e+02
2.453548729733375069e+02 -1.251877365283771155e+02
2.455352009003543685e+02 -1.251530376409608607e+02
2.457155288273712301e+02 -1.251183386795282075e+02
2.458958568284044759e+02 -1.250836397921119669e+02
2.460761847554214796e+02 -1.250489408306793138e+02
2.462565126824383128e+02 -1.250142418692466606e+02
2.464368406834715870e+02 -1.249795429818304058e+02
2.466171686104884486e+02 -1.249448440203977526e+02
2.467974965375053102e+02 -1.249101451329815120e+02
2.469778245385386981e+02 -1.248754461715488588e+02
2.471581524655555597e+02 -1.248407472101162057e+02
2.473384804665888055e+02 -1.248060483226999366e+02
2.475188083936056671e+02 -1.247713493612672977e+02
2.476991363206225287e+02 -1.247366504738510287e+02
2.478794643216559166e+02 -1.247019515124184039e+02
2.480597922486727782e+02 -1.246672526250021349e+02
2.482401201756896114e+02 -1.246325536635694817e+02
2.484204481767228856e+02 -1.245978547021368286e+02
2.486007761037397472e+02 -1.245631558147205737e+02
2.487811040307567225e+02 -1.245284568532879206e+02
2.489614320317899967e+02 -1.244937579658716800e+02
2.491417599588068583e+02 -1.244590590044390268e+02
2.493220878858236915e+02 -1.244243601170227720e+02
2.495024158868571078e+02 -1.243896611555901188e+02
2.496827438138739410e+02 -1.243549621941574657e+02
2.498630717408908026e+02 -1.243202633067412251e+02
2.500433997419240768e+02 -1.242855643453085719e+02
2.502237276689409100e+02 -1.242508654578923029e+02
2.504040555959579137e+02 -1.242161664964596497e+02
2.505843835969911595e+02 -1.241814675350270107e+02
2.507647115240080211e+02 -1.241467686476107417e+02
2.509448470083898712e+02 -1.241112109479276597e+02
2.511227366132051202e+02 -1.240656314279456041e+02
2.513006261440039566e+02 -1.240200518339471500e+02
2.514785156748026509e+02 -1.239744723139650802e+02
2.516564052056014873e+02 -1.239288927199666261e+02
2.518342947364003237e+02 -1.238833131259681721e+02
2.520121842671991601e+02 -1.238377336059861022e+02
2.521900738720142670e+02 -1.237921540119876198e+02
2.523679634028131034e+02 -1.237465744920055783e+02
2.525458529336119113e+02 -1.237009948980071101e+02
2.527237424644106341e+02 -1.236554153780250402e+02
2.529016319952094420e+02 -1.236098357840265862e+02
2.530795216000246910e+02 -1.235642562640445163e+02
2.532574111308233853e+02 -1.235186766700460623e+02
2.534353006616222217e+02 -1.234730971500639924e+02
2.536131901924210581e+02 -1.234275175560655384e+02
2.537910797232198945e+02 -1.233819380360834828e+02
2.539689692540185888e+02 -1.233363584420850145e+02
2.541468588588338378e+02 -1.232907789221029446e+02
2.543247483896326742e+02 -1.232451993281044906e+02
2.545026379204313685e+02 -1.231996198081224350e+02
2.546805274512302049e+02 -1.231540402141239667e+02
2.548584169820290413e+02 -1.231084606201254985e+02
2.550363065868441481e+02 -1.230628811001434570e+02
2.552141961176429561e+02 -1.230173015061449746e+02
2.553920856484417925e+02 -1.229717219861629047e+02
2.555699751792406289e+02 -1.229261423921644507e+02
2.557478647100393232e+02 -1.228805628721823950e+02
2.559257543148545722e+02 -1.228349832781839268e+02
2.561036438456533801e+02 -1.227894037582018711e+02
2.562815333764521029e+02 -1.227438241642034171e+02
2.564594229072509393e+02 -1.226982446442213472e+02
2.566373124380497757e+02 -1.226526650502228790e+02
2.568152019688486121e+02 -1.226070855302408233e+02
2.569930915736637189e+02 -1.225615059362423693e+02
2.571709811044625553e+02 -1.225159264162602994e+02
2.573488706352613917e+02 -1.224703468222618454e+02
2.575267601660600576e+02 -1.224247672282633914e+02
2.577046496968588940e+02 -1.223791877082813215e+02
2.578825393016741145e+02 -1.223336081142828675e+02
2.580604288324728373e+02 -1.222880285943007976e+02
2.582349712677344087e+02 -1.222314158199401106e+02
2.584082016143073588e+02 -1.221704778233416562e+02
2.585814318868639816e+02 -1.221095398267432017e+02
2.587546622334369317e+02 -1.220486018301447615e+02
2.589278925800099387e+02 -1.219876637595299087e+02
2.591011228525663341e+02 -1.219267257629314685e+02
2.592743531991393411e+02 -1.218657877663330282e+02
2.594475835457122912e+02 -1.218048497697345738e+02
2.596208138922852982e+02 -1.217439117731361478e+02
2.597940441648417504e+02 -1.216829737025212808e+02
2.599672745114147006e+02 -1.216220357059228547e+02
2.601405048579877075e+02 -1.215610977093244003e+02
2.603137351305442735e+02 -1.215001597127259458e+02
2.604869654771171099e+02 -1.214392217161275198e+02
2.606601958236901169e+02 -1.213782836455126812e+02
2.608334260962466828e+02 -1.213173456489142268e+02
2.610066564428196330e+02 -1.212564076523157723e+02
2.611798867893924694e+02 -1.211954696557173463e+02
2.613531170619490922e+02 -1.211345316591188919e+02
2.615263474085220423e+02 -1.210735935885040533e+02
2.616995777550950493e+02 -1.210126555919055988e+02
2.618728080276516152e+02 -1.209517175953071586e+02
2.620460383742244517e+02 -1.208907795987087184e+02
2.622192687207974018e+02 -1.208298415280938514e+02
2.623924990673704087e+02 -1.207689035314954253e+02
2.625657293399269747e+02 -1.207079655348969709e+02
2.627389596864998111e+02 -1.206470275382985307e+02
2.629121900330728181e+02 -1.205860895417000904e+02
2.630854203056293841e+02 -1.205251514710852518e+02
2.632586506522023342e+02 -1.204642134744867974e+02
2.634318809987752275e+02 -1.204032754778883429e+02
2.636051112713317934e+02 -1.203423374812899169e+02
2.637783416179047435e+02 -1.202813994846914625e+02
2.639515719644777505e+02 -1.202204614140766239e+02
2.641248022370341459e+02 -1.201595234174781694e+02
2.642980325836071529e+02 -1.200985854208797292e+02
2.644712629301801030e+02 -1.200376474242812890e+02
2.646424775881843630e+02 -1.199719000641853057e+02
2.648073910821879622e+02 -1.198911181232308962e+02
2.649723045761914477e+02 -1.198103361082601026e+02
2.651372180701950469e+02 -1.197295540932893090e+02
2.653021315641985325e+02 -1.196487721523348995e+02
2.654670449841857476e+02 -1.195679901373640917e+02
2.656319584781894036e+02 -1.194872081964096964e+02
2.657968719721928892e+02 -1.194064261814389027e+02
2.659617854661964884e+02 -1.193256441664680949e+02
2.661266989601999740e+02 -1.192448622255136996e+02
2.662916124542035732e+02 -1.191640802105429060e+02
2.664565259482071156e+02 -1.190832982695884965e+02
2.666214393681942738e+02 -1.190025162546176887e+02
2.667863528621979299e+02 -1.189217342396469093e+02
2.669512663562014154e+02 -1.188409522986924998e+02
2.671161798502050146e+02 -1.187601702837216919e+02
2.672810933442085002e+02 -1.186793883427672966e+02
2.674460068382121563e+02 -1.185986063277965030e+02
2.676109203322156418e+02 -1.185178243128256952e+02
2.677758338262192410e+02 -1.184370423718712857e+02
2.679407472462064561e+02 -1.183562603569004921e+02
2.681056607402099417e+02 -1.182754784159460968e+02
2.682705742342135409e+02 -1.181946964009752890e+02
2.684354877282170264e+02 -1.181139144600208795e+02
2.686004012222206825e+02 -1.180331324450501000e+02
2.687653147162241680e+02 -1.179523504300792922e+02
2.689302282102277672e+02 -1.178715684891248827e+02
2.690951416302149823e+02 -1.177907864741540891e+02
2.692600551242184679e+02 -1.177100045331996938e+02
2.694249686182220671e+02 -1.176292225182289002e+02
2.695898821122255526e+02 -1.175484405032580923e+02
2.697547956062292087e+02 -1.174676585623036971e+02
2.699197091002326943e+02 -1.173868765473328892e+02
2.700846225942362935e+02 -1.173060946063784797e+02
2.702495360882397790e+02 -1.172253125914076861e+02
2.704144495082269941e+02 -1.171445305764368925e+02
2.705660402726268217e+02 -1.170409331547931231e+02
2.707174400007030499e+02 -1.169370086546862950e+02
2.708688397287793919e+02 -1.168330841545794385e+02
2.710202394568557338e+02 -1.167291595804561837e+02
2.711716391849321326e+02 -1.166252350803493556e+02
2.713230389130084745e+02 -1.165213105062261150e+02
2.714744386410848165e+02 -1.164173860061192585e+02
2.716258383691610447e+02 -1.163134614319960178e+02
2.717772380972373867e+02 -1.162095369318891755e+02
2.719286378253137855e+02 -1.161056124317823333e+02
2.720800375533901274e+02 -1.160016878576591068e+02
2.722314372814664694e+02 -1.158977633575522503e+02
2.723828370095426976e+02 -1.157938387834289955e+02
2.725342367376190964e+02 -1.156899142833221674e+02
2.726856364656954383e+02 -1.155859897832153251e+02
2.728370361937717803e+02 -1.154820652090920703e+02
2.729884359218481222e+02 -1.153781407089852280e+02
2.731398356499243505e+02 -1.152742161348619874e+02
2.732912353780007493e+02 -1.151702916347551451e+02
2.734426351060770912e+02 -1.150663671346483028e+02
2.735940349081698741e+02 -1.149624425605250622e+02
2.737454346362462161e+02 -1.148585180604182057e+02
2.738968343643224443e+02 -1.147545934862949650e+02
2.740482340923987863e+02 -1.146506689861881370e+02
2.741996338204751282e+02 -1.145467444120648963e+02
2.743510335485515270e+02 -1.144428199119580256e+02
2.745024332766278690e+02 -1.143388954118511975e+02
2.746538330047040972e+02 -1.142349708377279569e+02
2.748052327327804392e+02 -1.141310463376211146e+02
2.749566324608568380e+02 -1.140271217634978740e+02
2.751080321889331799e+02 -1.139231972633910175e+02
2.752594319170095218e+02 -1.138192727632841894e+02
2.754108316450857501e+02 -1.137153481891609488e+02
2.755622313731620920e+02 -1.136114236890540923e+02
2.756944316916768685e+02 -1.134839939494442547e+02
2.758264876041990306e+02 -1.133563873846594134e+02
2.759585434427048085e+02 -1.132287808938909848e+02
2.760905993552269706e+02 -1.131011743291061578e+02
2.762226552677491327e+02 -1.129735678383377149e+02
2.763547111802712948e+02 -1.128459612735528736e+02
2.764867670927934569e+02 -1.127183547827844450e+02
2.766188229312992348e+02 -1.125907482179996038e+02
2.767508788438213969e+02 -1.124631417272311609e+02
2.768829347563435590e+02 -1.123355351624463339e+02
2.770149906688655506e+02 -1.122079286716778910e+02
2.771470465073713285e+02 -1.120803221068930497e+02
2.772791024198934906e+02 -1.119527156161246211e+02
2.774111583324156527e+02 -1.118251090513397799e+02
2.775432142449378148e+02 -1.116975025605713370e+02
2.776752701574599769e+02 -1.115698959957865100e+02
2.778073259959657548e+02 -1.114422895050180813e+02
2.779393819084879169e+02 -1.113146829402332401e+02
2.780714378210100790e+02 -1.111870764494648114e+02
2.782034937335322411e+02 -1.110594698846799702e+02
2.783355496460544032e+02 -1.109318633939115273e+02
2.784676054845601243e+02 -1.108042568291267003e+02
2.785996613970822864e+02 -1.106766503383582716e+02
2.787317173096044485e+02 -1.105490437735734162e+02
2.788637732221264969e+02 -1.104214372828049733e+02
2.789958291346486590e+02 -1.102938307180201605e+02
2.791278849731543801e+02 -1.101662241532353050e+02
2.792599408856765422e+02 -1.100386176624668906e+02
2.793919967981987043e+02 -1.099110110976820494e+02
2.795240527107208663e+02 -1.097834046069136065e+02
2.796561086232430284e+02 -1.096557980421287795e+02
2.797881644617488064e+02 -1.095281915513603508e+02
2.799202203742709685e+02 -1.094005849865754953e+02
